# X_0;X_1;X_2;R_0;S_0;G_0;I_0
0.23;11.57;44.70;3576.11;1940.42;-1635.68;0.00
0.25;8.20;36.63;2930.48;1917.71;-1012.77;0.00
0.28;9.04;44.44;3555.33;2103.56;-1451.77;0.00
0.25;9.22;46.12;3689.80;1930.47;-1759.33;0.00
0.30;10.09;42.18;3374.72;2284.00;-1090.72;0.00
0.24;10.43;47.22;3777.73;1957.51;-1820.22;0.00
0.24;10.28;47.48;3798.49;1955.56;-1842.94;0.00
0.25;10.27;36.85;2947.67;2014.50;-933.17;0.00
0.21;10.56;33.54;2682.94;1816.71;-866.23;0.00
0.30;10.13;37.35;2988.27;2297.46;-690.80;0.00
0.22;10.86;46.21;3696.81;1885.61;-1811.20;0.00
0.23;7.76;35.73;2858.66;1784.66;-1074.00;0.00
0.24;9.99;47.13;3770.12;1945.25;-1824.87;0.00
0.19;10.83;43.35;3468.23;1674.74;-1793.49;0.00
0.27;11.13;44.96;3596.82;2189.03;-1407.79;0.00
0.25;9.67;37.68;3014.66;2002.75;-1011.91;0.00
0.30;10.45;25.89;2071.17;2289.03;217.86;1.00
0.20;11.85;44.91;3592.61;1830.02;-1762.60;0.00
0.26;9.01;41.22;3297.25;2008.20;-1289.05;0.00
0.28;8.93;35.48;2838.50;2140.62;-697.88;0.00
0.24;10.85;48.91;3912.67;1960.28;-1952.39;0.00
0.28;9.57;39.56;3164.79;2123.17;-1041.62;0.00
0.23;8.74;38.78;3102.13;1835.12;-1267.01;0.00
0.24;8.50;37.91;3032.73;1863.05;-1169.68;0.00
0.26;10.34;39.05;3123.60;2102.31;-1021.30;0.00
0.19;10.16;43.03;3442.41;1668.95;-1773.45;0.00
0.28;9.51;38.91;3112.72;2166.95;-945.78;0.00
0.20;10.92;40.61;3248.57;1765.57;-1483.01;0.00
0.26;10.91;43.40;3471.97;2132.87;-1339.10;0.00
0.23;10.87;50.06;4004.50;1910.01;-2094.49;0.00
0.25;10.44;42.04;3363.28;2009.47;-1353.81;0.00
0.28;13.32;41.95;3356.03;2326.79;-1029.24;0.00
0.25;9.29;39.67;3173.72;1987.90;-1185.82;0.00
0.24;10.49;43.81;3504.44;1993.79;-1510.64;0.00
0.29;7.55;36.80;2943.72;2088.64;-855.08;0.00
0.27;10.80;44.51;3560.59;2136.33;-1424.26;0.00
0.24;8.84;34.54;2762.81;1903.41;-859.40;0.00
0.28;11.41;41.67;3333.82;2252.31;-1081.51;0.00
0.28;8.76;44.21;3536.81;2098.59;-1438.22;0.00
0.25;10.12;35.67;2853.89;2008.33;-845.55;0.00
0.21;10.00;40.33;3226.19;1785.48;-1440.71;0.00
0.25;8.91;43.16;3452.53;1955.38;-1497.15;0.00
0.24;11.61;41.53;3322.08;2054.77;-1267.31;0.00
0.27;11.01;40.95;3276.29;2185.12;-1091.18;0.00
0.25;10.19;41.96;3356.63;1984.07;-1372.55;0.00
0.24;9.07;45.48;3638.33;1912.22;-1726.12;0.00
0.26;9.75;40.13;3210.01;2024.03;-1185.98;0.00
0.22;11.24;41.16;3292.50;1881.92;-1410.57;0.00
0.27;10.69;37.12;2969.89;2156.97;-812.92;0.00
0.25;8.92;36.74;2938.94;1918.75;-1020.18;0.00
0.24;11.86;40.30;3223.61;2030.32;-1193.29;0.00
0.24;10.54;38.58;3086.12;1969.05;-1117.07;0.00
0.26;9.96;37.25;2980.08;2058.45;-921.63;0.00
0.23;10.53;37.12;2969.56;1920.39;-1049.16;0.00
0.26;9.08;31.83;2546.71;2009.48;-537.23;0.00
0.25;8.33;42.37;3389.39;1892.84;-1496.55;0.00
0.25;10.56;38.39;3071.29;2030.58;-1040.70;0.00
0.26;9.55;30.51;2441.17;2015.04;-426.13;0.00
0.21;11.53;42.22;3377.55;1822.07;-1555.48;0.00
0.22;11.08;40.27;3221.61;1883.10;-1338.51;0.00
0.26;8.17;40.30;3224.04;1980.76;-1243.29;0.00
0.25;11.24;43.85;3507.97;2075.53;-1432.44;0.00
0.26;10.35;51.11;4088.94;2076.09;-2012.85;0.00
0.25;9.85;42.52;3401.81;1997.33;-1404.47;0.00
0.22;11.93;40.16;3212.46;1947.25;-1265.21;0.00
0.21;10.49;32.75;2620.04;1786.42;-833.62;0.00
0.22;10.63;39.75;3179.64;1877.45;-1302.19;0.00
0.25;11.69;45.09;3606.90;2064.33;-1542.57;0.00
0.26;9.64;37.45;2996.31;2044.45;-951.85;0.00
0.26;11.36;37.71;3016.73;2157.06;-859.67;0.00
0.25;10.13;51.97;4157.71;1999.61;-2158.10;0.00
0.24;9.23;40.52;3241.75;1884.79;-1356.95;0.00
0.28;9.43;37.97;3037.31;2130.75;-906.56;0.00
0.21;9.79;36.70;2936.25;1768.09;-1168.16;0.00
0.25;11.96;41.65;3332.31;2082.78;-1249.53;0.00
0.26;8.38;39.02;3121.40;1942.90;-1178.50;0.00
0.24;11.76;44.07;3525.55;2042.20;-1483.34;0.00
0.24;10.17;40.13;3210.60;1966.03;-1244.57;0.00
0.25;10.89;41.82;3345.37;2028.14;-1317.23;0.00
0.25;9.35;44.93;3594.37;1942.36;-1652.01;0.00
0.27;9.26;35.19;2814.85;2051.32;-763.52;0.00
0.23;10.35;35.02;2801.45;1873.87;-927.58;0.00
0.23;9.07;35.70;2856.27;1817.36;-1038.91;0.00
0.20;8.34;32.93;2634.24;1631.39;-1002.85;0.00
0.23;7.61;36.63;2930.10;1742.40;-1187.70;0.00
0.25;11.07;49.11;3928.52;2054.18;-1874.33;0.00
0.22;9.57;43.64;3491.44;1819.00;-1672.44;0.00
0.24;9.23;43.35;3468.17;1918.45;-1549.72;0.00
0.25;10.74;38.16;3053.04;2010.63;-1042.41;0.00
0.25;10.36;39.81;3185.13;2024.66;-1160.47;0.00
0.28;9.92;48.13;3850.79;2141.63;-1709.16;0.00
0.29;10.21;38.44;3075.38;2265.12;-810.26;0.00
0.24;11.55;36.47;2917.58;1999.39;-918.19;0.00
0.29;11.38;31.91;2552.60;2277.68;-274.92;0.00
0.23;9.96;40.74;3259.54;1882.65;-1376.89;0.00
0.28;11.58;46.45;3715.63;2262.39;-1453.25;0.00
0.23;11.37;37.66;3012.46;1965.85;-1046.61;0.00
0.23;12.58;31.91;2553.17;1993.19;-559.98;0.00
0.24;9.30;45.02;3601.33;1900.57;-1700.76;0.00
0.27;11.20;43.24;3459.54;2200.31;-1259.23;0.00
0.20;9.78;40.70;3256.36;1720.43;-1535.93;0.00
0.30;11.02;38.60;3088.15;2355.09;-733.06;0.00
0.22;8.78;36.32;2905.85;1752.48;-1153.37;0.00
0.27;12.36;33.88;2710.57;2216.76;-493.81;0.00
0.26;11.66;37.82;3025.37;2144.58;-880.78;0.00
0.24;10.50;41.01;3280.68;1987.86;-1292.81;0.00
0.27;11.01;38.12;3049.52;2153.02;-896.51;0.00
0.30;11.21;51.46;4116.87;2358.03;-1758.84;0.00
0.26;10.26;41.63;3330.19;2094.36;-1235.84;0.00
0.22;10.60;36.02;2881.73;1850.08;-1031.65;0.00
0.29;12.25;43.37;3469.21;2364.34;-1104.87;0.00
0.25;9.99;41.81;3345.06;2003.18;-1341.88;0.00
0.23;9.41;35.30;2823.63;1858.05;-965.58;0.00
0.29;9.84;46.38;3710.31;2233.85;-1476.45;0.00
0.28;9.93;40.31;3224.43;2140.11;-1084.31;0.00
0.24;10.95;36.51;2920.71;2018.36;-902.35;0.00
0.23;9.83;42.57;3405.91;1861.79;-1544.12;0.00
0.27;10.99;47.41;3792.51;2145.59;-1646.92;0.00
0.23;10.76;42.91;3432.43;1918.40;-1514.02;0.00
0.19;9.12;38.34;3067.09;1591.44;-1475.64;0.00
0.23;9.21;38.60;3088.17;1826.63;-1261.55;0.00
0.24;12.18;36.01;2881.05;2079.78;-801.27;0.00
0.22;10.58;42.22;3377.84;1876.91;-1500.93;0.00
0.27;11.15;31.55;2524.33;2163.28;-361.05;0.00
0.27;11.78;39.22;3137.39;2209.25;-928.14;0.00
0.30;12.10;32.80;2623.90;2400.89;-223.01;0.00
0.28;9.76;37.61;3008.95;2186.68;-822.27;0.00
0.26;10.39;35.65;2852.29;2073.41;-778.88;0.00
0.22;9.15;33.25;2659.66;1757.32;-902.34;0.00
0.27;13.08;33.84;2707.04;2258.66;-448.38;0.00
0.23;9.85;42.00;3359.99;1874.36;-1485.63;0.00
0.23;10.56;40.99;3279.04;1888.57;-1390.48;0.00
0.25;9.96;39.27;3141.26;1994.44;-1146.82;0.00
0.23;9.15;45.10;3607.70;1854.91;-1752.79;0.00
0.26;8.33;38.44;3074.86;1985.69;-1089.16;0.00
0.26;8.29;34.72;2777.73;1942.50;-835.23;0.00
0.31;8.16;44.21;3537.02;2228.80;-1308.22;0.00
0.24;11.88;39.01;3120.56;2027.79;-1092.76;0.00
0.25;10.06;30.98;2478.33;1996.72;-481.62;0.00
0.26;8.42;36.12;2889.37;1945.60;-943.77;0.00
0.24;10.23;39.71;3177.14;1938.32;-1238.82;0.00
0.21;8.98;38.38;3070.20;1699.99;-1370.21;0.00
0.23;9.92;46.30;3703.95;1893.44;-1810.51;0.00
0.26;9.78;38.33;3066.49;2017.04;-1049.45;0.00
0.25;8.82;41.32;3305.28;1943.62;-1361.66;0.00
0.29;11.42;47.43;3794.53;2301.77;-1492.76;0.00
0.26;9.75;45.76;3660.82;2069.81;-1591.00;0.00
0.27;10.69;47.79;3823.51;2162.86;-1660.65;0.00
0.24;9.67;38.93;3114.02;1912.29;-1201.73;0.00
0.20;10.05;43.86;3509.09;1711.95;-1797.13;0.00
0.26;10.76;34.51;2761.03;2122.58;-638.45;0.00
0.23;9.67;40.49;3239.51;1845.49;-1394.03;0.00
0.27;7.54;38.19;3054.85;1985.57;-1069.27;0.00
0.21;10.95;40.13;3210.56;1841.33;-1369.23;0.00
0.27;10.06;35.41;2833.08;2090.50;-742.58;0.00
0.28;9.46;39.39;3151.41;2141.71;-1009.69;0.00
0.25;9.91;41.48;3318.71;2001.22;-1317.50;0.00
0.20;11.50;46.95;3756.09;1778.17;-1977.92;0.00
0.26;10.84;34.17;2733.60;2081.79;-651.81;0.00
0.27;9.87;34.47;2757.27;2086.36;-670.91;0.00
0.28;10.89;43.97;3517.80;2249.03;-1268.77;0.00
0.26;9.88;37.94;3034.85;2055.09;-979.76;0.00
0.28;10.27;41.93;3354.14;2187.78;-1166.36;0.00
0.22;7.81;44.31;3544.50;1714.73;-1829.77;0.00
0.26;9.69;46.06;3684.80;2038.83;-1645.97;0.00
0.23;10.66;40.46;3237.19;1890.56;-1346.63;0.00
0.25;10.78;33.75;2699.69;2021.57;-678.12;0.00
0.23;10.68;40.57;3245.88;1929.11;-1316.77;0.00
0.27;9.78;39.25;3139.88;2091.54;-1048.33;0.00
0.23;11.60;35.51;2840.98;1951.52;-889.46;0.00
0.28;9.75;41.88;3350.38;2131.30;-1219.09;0.00
0.23;9.81;42.71;3417.00;1843.48;-1573.53;0.00
0.29;9.64;44.58;3566.54;2193.99;-1372.54;0.00
0.25;9.47;36.31;2904.65;1945.41;-959.24;0.00
0.20;8.80;34.97;2797.55;1617.76;-1179.78;0.00
0.23;10.32;40.08;3206.00;1917.66;-1288.34;0.00
0.27;9.65;40.48;3238.05;2076.60;-1161.46;0.00
0.24;9.20;37.00;2959.84;1872.18;-1087.66;0.00
0.19;10.82;40.98;3278.79;1666.99;-1611.80;0.00
0.23;9.59;35.95;2875.84;1831.68;-1044.16;0.00
0.25;9.81;44.12;3529.26;1994.23;-1535.03;0.00
0.26;9.15;37.03;2962.52;2033.12;-929.40;0.00
0.24;9.68;40.25;3219.63;1930.21;-1289.42;0.00
0.24;9.95;45.62;3649.82;1948.30;-1701.52;0.00
0.24;10.07;49.43;3954.10;1951.31;-2002.80;0.00
0.25;11.54;43.05;3444.01;2062.87;-1381.13;0.00
0.24;9.07;33.61;2689.07;1906.96;-782.11;0.00
0.25;10.50;31.97;2557.22;2014.22;-543.00;0.00
0.25;10.93;46.44;3715.35;2075.27;-1640.08;0.00
0.24;9.66;32.84;2627.36;1941.93;-685.43;0.00
0.24;10.61;40.68;3254.47;1977.82;-1276.65;0.00
0.22;10.63;41.70;3335.72;1851.34;-1484.38;0.00
0.23;9.88;47.55;3803.80;1880.44;-1923.36;0.00
0.24;8.36;36.54;2922.97;1857.49;-1065.48;0.00
0.27;9.59;36.46;2916.58;2117.42;-799.16;0.00
0.27;9.41;35.74;2859.19;2073.27;-785.92;0.00
0.28;11.30;38.24;3059.27;2264.15;-795.12;0.00
0.26;12.39;39.44;3154.94;2156.20;-998.74;0.00
0.26;9.64;38.33;3066.71;2062.61;-1004.10;0.00
0.24;11.79;44.56;3564.90;2042.10;-1522.80;0.00
0.20;10.70;37.26;2980.55;1760.68;-1219.87;0.00
0.26;8.59;43.79;3503.19;1958.24;-1544.95;0.00
0.20;10.39;43.53;3482.07;1753.60;-1728.47;0.00
0.25;9.95;41.11;3288.79;1992.16;-1296.62;0.00
0.21;10.91;37.04;2963.11;1832.74;-1130.37;0.00
0.26;11.66;51.26;4100.49;2148.25;-1952.24;0.00
0.27;9.56;39.87;3189.85;2119.68;-1070.16;0.00
0.20;8.82;33.78;2702.72;1659.61;-1043.11;0.00
0.24;10.05;38.19;3055.04;1913.30;-1141.74;0.00
0.26;9.11;43.00;3440.18;1999.54;-1440.64;0.00
0.26;12.61;52.92;4233.69;2215.57;-2018.12;0.00
0.21;9.37;34.80;2784.38;1701.94;-1082.43;0.00
0.24;12.67;39.34;3147.02;2070.22;-1076.80;0.00
0.23;11.81;35.11;2808.87;1988.80;-820.06;0.00
0.23;11.01;43.71;3496.92;1922.87;-1574.05;0.00
0.28;10.01;35.42;2833.72;2165.25;-668.47;0.00
0.23;9.95;37.05;2963.79;1857.66;-1106.13;0.00
0.22;9.64;38.03;3042.14;1816.92;-1225.22;0.00
0.27;9.28;41.24;3299.33;2104.45;-1194.88;0.00
0.24;10.01;38.93;3114.45;1959.79;-1154.67;0.00
0.21;8.56;40.66;3252.60;1659.12;-1593.49;0.00
0.24;9.32;35.02;2801.81;1915.74;-886.08;0.00
0.27;10.37;41.58;3326.73;2153.45;-1173.28;0.00
0.25;10.20;38.29;3063.47;2017.27;-1046.20;0.00
0.28;9.14;45.27;3621.70;2120.20;-1501.50;0.00
0.29;12.97;37.81;3024.89;2383.09;-641.80;0.00
0.28;11.15;46.60;3727.72;2231.71;-1496.00;0.00
0.26;9.68;41.60;3327.88;2040.21;-1287.67;0.00
0.23;11.40;43.06;3444.67;1956.59;-1488.09;0.00
0.21;8.27;33.71;2696.84;1689.39;-1007.45;0.00
0.28;9.85;37.97;3037.98;2179.83;-858.16;0.00
0.27;9.75;38.70;3095.63;2073.08;-1022.54;0.00
0.24;9.99;41.27;3301.96;1928.63;-1373.33;0.00
0.24;11.06;42.22;3377.22;1990.85;-1386.37;0.00
0.25;11.97;43.42;3473.49;2123.60;-1349.90;0.00
0.24;8.67;35.51;2841.18;1889.65;-951.53;0.00
0.24;10.80;42.58;3406.77;1990.58;-1416.20;0.00
0.23;9.61;38.56;3084.52;1851.92;-1232.60;0.00
0.22;9.45;41.40;3312.04;1791.93;-1520.11;0.00
0.29;9.59;43.20;3455.97;2188.80;-1267.17;0.00
0.23;8.16;40.77;3261.74;1760.37;-1501.37;0.00
0.25;10.13;35.95;2875.97;2023.61;-852.35;0.00
0.28;12.03;32.37;2589.23;2288.92;-300.31;0.00
0.23;9.77;34.04;2723.10;1880.31;-842.79;0.00
0.24;10.34;32.95;2636.24;1948.90;-687.34;0.00
0.27;8.43;36.14;2891.59;2045.54;-846.05;0.00
0.27;9.50;36.93;2954.18;2062.50;-891.68;0.00
0.27;10.13;44.26;3541.14;2147.41;-1393.73;0.00
0.22;9.11;37.09;2967.21;1774.78;-1192.43;0.00
0.26;9.60;40.55;3244.06;2033.53;-1210.53;0.00
0.23;9.14;42.33;3386.33;1854.29;-1532.03;0.00
0.24;10.62;31.77;2541.90;1970.67;-571.24;0.00
0.26;9.75;38.97;3117.27;2029.67;-1087.60;0.00
0.22;9.18;35.92;2873.93;1789.42;-1084.51;0.00
0.30;8.58;43.20;3455.79;2190.99;-1264.80;0.00
0.23;12.78;40.94;3275.58;2004.83;-1270.74;0.00
0.26;10.75;46.07;3685.40;2116.70;-1568.70;0.00
0.21;10.42;48.39;3871.55;1810.40;-2061.15;0.00
0.21;10.11;39.22;3137.63;1790.96;-1346.67;0.00
0.23;10.61;40.79;3263.53;1893.08;-1370.45;0.00
0.28;8.91;37.27;2981.79;2128.21;-853.58;0.00
0.25;10.11;38.56;3085.18;2029.81;-1055.37;0.00
0.25;8.22;41.82;3345.26;1892.47;-1452.79;0.00
0.27;13.65;44.31;3544.63;2305.99;-1238.64;0.00
0.25;10.69;41.02;3281.41;2055.73;-1225.68;0.00
0.26;9.56;41.24;3299.45;2009.47;-1289.98;0.00
0.31;12.72;38.31;3064.81;2506.58;-558.23;0.00
0.21;10.05;31.81;2544.43;1743.56;-800.87;0.00
0.29;9.58;39.86;3188.56;2204.58;-983.98;0.00
0.20;10.38;40.60;3248.24;1733.38;-1514.86;0.00
0.23;10.28;36.82;2945.37;1911.19;-1034.17;0.00
0.25;10.46;33.98;2718.42;2042.41;-676.01;0.00
0.27;9.16;42.63;3410.05;2046.01;-1364.04;0.00
0.20;10.34;33.19;2655.20;1719.90;-935.31;0.00
0.26;9.37;50.98;4078.51;2018.01;-2060.50;0.00
0.25;10.53;39.98;3198.44;2000.92;-1197.52;0.00
0.25;9.00;37.39;2991.14;1934.14;-1057.00;0.00
0.28;9.57;39.44;3154.95;2127.45;-1027.50;0.00
0.24;9.61;40.92;3273.27;1903.75;-1369.52;0.00
0.25;10.68;39.49;3158.94;2035.68;-1123.25;0.00
0.27;9.13;37.62;3009.42;2055.90;-953.52;0.00
0.22;8.97;37.37;2989.50;1739.15;-1250.35;0.00
0.26;11.16;40.37;3229.42;2143.49;-1085.93;0.00
0.23;10.26;36.56;2925.05;1888.36;-1036.69;0.00
0.24;9.40;42.55;3404.28;1903.48;-1500.80;0.00
0.28;11.19;35.03;2802.12;2209.40;-592.72;0.00
0.29;8.14;32.88;2630.09;2105.16;-524.93;0.00
0.28;10.76;34.92;2793.57;2200.36;-593.21;0.00
0.26;9.15;40.38;3230.46;2013.45;-1217.01;0.00
0.27;10.99;40.51;3240.62;2147.99;-1092.63;0.00
0.28;11.04;39.70;3176.39;2232.24;-944.15;0.00
0.32;8.87;40.96;3276.57;2340.14;-936.43;0.00
0.26;7.99;29.89;2390.95;1923.45;-467.50;0.00
0.20;10.61;40.58;3246.11;1712.25;-1533.87;0.00
0.26;12.62;44.74;3579.30;2200.87;-1378.43;0.00
0.27;9.60;40.50;3239.90;2073.13;-1166.77;0.00
0.24;10.02;44.71;3576.93;1912.78;-1664.15;0.00
0.19;9.94;35.92;2873.63;1658.65;-1214.98;0.00
0.23;8.37;45.76;3660.46;1765.45;-1895.01;0.00
0.27;11.05;40.50;3239.60;2195.55;-1044.05;0.00
0.22;11.28;45.58;3646.36;1915.32;-1731.05;0.00
0.27;8.70;37.08;2966.10;2019.01;-947.09;0.00
0.24;10.60;39.72;3177.27;1973.74;-1203.52;0.00
0.25;10.27;43.16;3452.51;1987.14;-1465.36;0.00
0.22;9.14;31.15;2491.74;1747.76;-743.98;0.00
0.26;9.49;34.36;2748.73;2004.47;-744.26;0.00
0.26;11.63;35.28;2822.19;2150.91;-671.29;0.00
0.25;11.58;44.94;3594.82;2099.68;-1495.14;0.00
0.29;10.28;44.37;3549.48;2242.09;-1307.40;0.00
0.28;11.94;38.61;3088.79;2263.85;-824.94;0.00
0.25;11.45;48.50;3879.92;2055.72;-1824.21;0.00
0.25;11.10;33.97;2717.75;2050.53;-667.22;0.00
0.26;8.88;35.55;2843.72;1973.08;-870.63;0.00
0.25;11.52;38.06;3044.56;2055.49;-989.07;0.00
0.26;11.77;36.19;2895.02;2152.42;-742.60;0.00
0.30;10.13;36.40;2911.73;2269.65;-642.07;0.00
0.24;9.60;40.63;3250.58;1937.02;-1313.56;0.00
0.24;9.76;40.72;3257.30;1923.20;-1334.10;0.00
0.28;11.44;41.27;3301.40;2270.19;-1031.21;0.00
0.27;9.51;45.15;3611.83;2083.90;-1527.93;0.00
0.29;8.77;34.42;2753.55;2191.28;-562.27;0.00
0.26;11.24;35.45;2835.92;2110.28;-725.64;0.00
0.22;8.37;41.00;3280.33;1751.03;-1529.30;0.00
0.23;12.49;43.41;3472.66;2042.56;-1430.10;0.00
0.23;11.15;47.06;3765.04;1920.47;-1844.57;0.00
0.27;11.22;35.14;2810.86;2193.52;-617.34;0.00
0.27;10.88;45.06;3605.20;2174.17;-1431.02;0.00
0.25;8.27;55.07;4405.57;1917.16;-2488.41;0.00
0.24;10.54;46.79;3742.94;1987.63;-1755.31;0.00
0.23;8.41;43.31;3464.85;1798.07;-1666.77;0.00
0.28;11.97;37.89;3030.93;2272.81;-758.12;0.00
0.28;10.52;50.11;4008.62;2184.63;-1824.00;0.00
0.21;12.20;39.87;3189.26;1907.72;-1281.54;0.00
0.26;10.10;38.59;3087.59;2085.48;-1002.11;0.00
0.26;10.60;49.16;3932.46;2062.58;-1869.88;0.00
0.28;9.54;43.86;3508.44;2133.23;-1375.21;0.00
0.22;9.10;37.15;2972.37;1790.25;-1182.12;0.00
0.22;10.45;42.34;3387.05;1820.80;-1566.25;0.00
0.27;10.84;37.86;3029.10;2153.73;-875.36;0.00
0.24;8.77;43.48;3478.55;1888.90;-1589.65;0.00
0.28;10.30;38.58;3086.13;2203.14;-882.99;0.00
0.25;10.07;33.87;2709.73;2025.82;-683.91;0.00
0.21;10.97;41.93;3354.68;1840.03;-1514.65;0.00
0.25;9.47;46.26;3701.09;1967.37;-1733.72;0.00
0.19;10.47;38.83;3106.44;1654.65;-1451.79;0.00
0.22;10.17;39.50;3159.94;1811.68;-1348.26;0.00
0.23;9.91;39.59;3167.22;1889.31;-1277.91;0.00
0.26;9.86;40.79;3262.98;2021.51;-1241.47;0.00
0.20;8.05;36.89;2950.97;1596.02;-1354.95;0.00
0.28;10.30;42.71;3416.63;2201.91;-1214.72;0.00
0.26;10.92;36.38;2910.67;2110.68;-799.99;0.00
0.21;9.16;48.83;3906.37;1724.17;-2182.21;0.00
0.25;8.01;44.35;3547.88;1912.51;-1635.36;0.00
0.22;12.85;48.72;3897.27;2004.92;-1892.34;0.00
0.25;11.02;41.73;3338.31;2024.54;-1313.77;0.00
0.24;8.67;36.24;2899.57;1886.92;-1012.65;0.00
0.29;9.98;40.72;3257.29;2245.94;-1011.36;0.00
0.23;9.92;39.53;3162.20;1858.81;-1303.39;0.00
0.25;10.36;37.49;2998.88;1989.93;-1008.96;0.00
0.26;11.16;40.88;3270.10;2090.61;-1179.49;0.00
0.23;10.39;38.27;3061.94;1920.13;-1141.82;0.00
0.24;10.06;45.98;3678.03;1959.26;-1718.77;0.00
0.26;10.92;38.77;3101.97;2118.19;-983.77;0.00
0.31;9.58;40.76;3260.49;2327.04;-933.45;0.00
0.28;10.33;40.90;3272.15;2213.46;-1058.69;0.00
0.24;9.47;47.19;3775.60;1920.65;-1854.95;0.00
0.26;10.36;44.87;3589.83;2098.68;-1491.15;0.00
0.27;8.19;40.54;3243.10;2037.56;-1205.54;0.00
0.26;10.17;42.20;3376.27;2040.25;-1336.02;0.00
0.22;9.31;33.75;2700.24;1772.62;-927.62;0.00
0.23;9.32;37.21;2976.46;1864.45;-1112.00;0.00
0.23;9.68;38.91;3112.49;1841.31;-1271.19;0.00
0.23;11.76;43.94;3515.23;2003.13;-1512.10;0.00
0.24;9.38;38.03;3042.47;1886.50;-1155.97;0.00
0.22;9.43;50.43;4034.34;1784.77;-2249.57;0.00
0.25;10.34;42.65;3411.81;2034.90;-1376.92;0.00
0.28;11.79;40.05;3204.39;2264.81;-939.58;0.00
0.21;10.52;45.33;3626.67;1810.62;-1816.05;0.00
0.21;9.92;38.80;3103.95;1760.07;-1343.88;0.00
0.25;8.22;38.49;3078.96;1905.88;-1173.08;0.00
0.26;11.24;39.62;3169.92;2103.80;-1066.12;0.00
0.23;11.64;42.57;3405.61;1980.71;-1424.89;0.00
0.26;9.36;40.46;3236.88;2001.19;-1235.69;0.00
0.28;11.35;40.47;3237.89;2258.89;-979.00;0.00
0.27;9.96;39.16;3132.47;2086.77;-1045.70;0.00
0.24;9.29;46.27;3701.29;1897.10;-1804.19;0.00
0.24;7.96;49.22;3937.28;1825.55;-2111.72;0.00
0.22;10.23;41.40;3312.38;1861.79;-1450.59;0.00
0.22;8.42;37.90;3031.86;1713.08;-1318.78;0.00
0.26;9.78;36.60;2927.97;2065.86;-862.11;0.00
0.28;9.02;40.03;3202.27;2109.20;-1093.07;0.00
0.21;11.48;30.61;2449.05;1829.77;-619.27;0.00
0.30;8.43;40.12;3209.77;2202.18;-1007.59;0.00
0.28;12.95;33.75;2700.39;2351.54;-348.85;0.00
0.24;10.54;40.45;3236.35;1954.16;-1282.19;0.00
0.29;9.19;34.89;2791.34;2182.93;-608.41;0.00
0.24;10.48;45.69;3654.92;1955.29;-1699.64;0.00
0.25;11.04;40.50;3239.61;2046.05;-1193.57;0.00
0.25;10.21;41.23;3298.18;1981.99;-1316.19;0.00
0.23;9.39;33.11;2648.82;1877.35;-771.47;0.00
0.25;10.53;39.76;3180.68;2045.07;-1135.61;0.00
0.23;10.63;39.39;3150.93;1930.12;-1220.80;0.00
0.24;8.34;33.73;2698.14;1869.34;-828.80;0.00
0.26;10.12;41.05;3284.15;2056.52;-1227.63;0.00
0.30;9.98;41.58;3326.38;2288.32;-1038.07;0.00
0.26;10.03;28.22;2257.63;2063.39;-194.23;0.00
0.25;10.80;38.82;3105.80;2057.82;-1047.98;0.00
0.25;13.00;40.61;3248.86;2137.51;-1111.35;0.00
0.24;11.36;43.36;3469.15;1984.55;-1484.60;0.00
0.19;10.87;36.93;2954.36;1710.50;-1243.86;0.00
0.25;10.20;40.80;3264.30;2023.44;-1240.86;0.00
0.27;9.92;42.28;3382.25;2093.84;-1288.41;0.00
0.25;10.76;35.73;2858.24;2050.88;-807.36;0.00
0.24;9.98;44.24;3539.57;1914.61;-1624.96;0.00
0.25;9.22;38.68;3094.08;1947.65;-1146.43;0.00
0.20;10.75;37.36;2988.95;1768.69;-1220.26;0.00
0.24;10.05;41.98;3358.70;1956.00;-1402.70;0.00
0.22;11.60;47.35;3788.07;1914.48;-1873.59;0.00
0.27;8.39;39.49;3158.82;2051.03;-1107.78;0.00
0.27;9.04;46.26;3700.59;2047.62;-1652.96;0.00
0.22;12.97;37.69;3015.22;2000.45;-1014.77;0.00
0.21;10.84;35.95;2876.20;1822.87;-1053.33;0.00
0.26;10.23;47.25;3779.71;2065.94;-1713.77;0.00
0.20;9.73;42.24;3378.91;1708.92;-1669.99;0.00
0.27;9.87;43.52;3481.59;2133.99;-1347.60;0.00
0.27;13.20;39.48;3158.34;2306.63;-851.71;0.00
0.27;8.02;39.63;3170.45;2017.96;-1152.49;0.00
0.26;10.02;41.48;3318.47;2033.33;-1285.14;0.00
0.29;8.56;45.74;3659.31;2144.85;-1514.46;0.00
0.22;7.80;36.07;2885.81;1685.51;-1200.30;0.00
0.22;11.27;38.68;3094.36;1865.13;-1229.23;0.00
0.26;10.99;46.01;3681.01;2133.36;-1547.65;0.00
0.24;10.22;34.66;2772.44;1924.71;-847.74;0.00
0.30;10.60;41.55;3323.70;2334.05;-989.64;0.00
0.26;9.94;45.51;3640.51;2048.39;-1592.12;0.00
0.26;9.39;39.49;3159.49;2050.32;-1109.17;0.00
0.27;8.76;38.85;3108.18;2019.07;-1089.11;0.00
0.25;10.33;39.12;3129.61;2002.19;-1127.42;0.00
0.21;12.25;40.99;3278.86;1885.08;-1393.78;0.00
0.23;10.57;37.23;2978.70;1908.25;-1070.46;0.00
0.23;10.19;38.42;3073.49;1865.24;-1208.25;0.00
0.26;10.36;40.68;3254.11;2079.00;-1175.11;0.00
0.22;11.62;42.53;3402.36;1913.37;-1488.99;0.00
0.22;10.80;40.94;3275.06;1862.67;-1412.39;0.00
0.24;11.96;40.77;3261.29;2063.90;-1197.38;0.00
0.24;10.15;50.15;4012.19;1948.29;-2063.90;0.00
0.24;11.00;37.14;2970.92;2011.95;-958.97;0.00
0.19;10.38;46.47;3717.76;1694.58;-2023.18;0.00
0.22;9.14;34.83;2786.39;1751.01;-1035.38;0.00
0.22;9.34;42.14;3371.30;1768.84;-1602.46;0.00
0.25;9.18;36.37;2909.82;1925.36;-984.46;0.00
0.26;10.75;37.15;2972.26;2116.01;-856.25;0.00
0.23;11.34;37.09;2967.01;1959.54;-1007.47;0.00
0.26;11.28;32.80;2624.27;2148.44;-475.82;0.00
0.26;9.62;42.07;3365.23;2048.83;-1316.40;0.00
0.28;11.90;37.74;3018.84;2285.44;-733.40;0.00
0.22;9.74;41.08;3286.74;1829.62;-1457.12;0.00
0.24;12.44;26.75;2140.33;2097.87;-42.46;0.00
0.22;10.64;34.43;2754.04;1833.05;-920.99;0.00
0.30;8.76;40.74;3258.92;2220.55;-1038.37;0.00
0.24;9.97;47.77;3821.50;1925.06;-1896.44;0.00
0.26;10.04;40.13;3210.01;2087.33;-1122.68;0.00
0.28;11.80;45.59;3646.96;2263.40;-1383.56;0.00
0.25;10.63;40.89;3271.17;2035.31;-1235.86;0.00
0.24;9.89;39.48;3158.32;1939.85;-1218.47;0.00
0.21;9.53;36.33;2906.14;1730.17;-1175.97;0.00
0.23;8.62;41.71;3336.58;1813.38;-1523.20;0.00
0.25;9.38;45.06;3604.71;1975.04;-1629.66;0.00
0.28;8.89;45.56;3644.80;2102.07;-1542.74;0.00
0.24;8.92;39.36;3148.43;1854.46;-1293.97;0.00
0.26;8.85;45.02;3601.56;2018.82;-1582.74;0.00
0.23;9.89;45.79;3663.07;1882.16;-1780.90;0.00
0.28;8.70;47.10;3767.68;2102.47;-1665.21;0.00
0.32;11.46;42.31;3385.10;2487.58;-897.52;0.00
0.28;10.44;42.85;3428.00;2187.10;-1240.90;0.00
0.27;9.76;47.81;3824.90;2097.24;-1727.66;0.00
0.24;10.85;27.14;2170.84;1991.04;-179.80;0.00
0.25;10.49;46.22;3697.52;2023.35;-1674.17;0.00
0.27;10.95;39.50;3159.62;2149.93;-1009.69;0.00
0.24;10.59;38.21;3056.63;1963.04;-1093.59;0.00
0.25;9.89;39.62;3169.27;1973.95;-1195.32;0.00
0.25;9.44;47.26;3781.09;1972.52;-1808.57;0.00
0.32;8.87;40.35;3228.11;2339.08;-889.02;0.00
0.23;10.82;47.28;3782.79;1897.80;-1885.00;0.00
0.27;10.55;37.10;2967.79;2158.61;-809.19;0.00
0.26;10.62;38.03;3042.76;2070.25;-972.52;0.00
0.22;12.28;40.35;3228.32;1966.93;-1261.39;0.00
0.24;10.54;34.43;2754.17;1964.68;-789.49;0.00
0.28;9.68;33.41;2672.70;2136.08;-536.62;0.00
0.25;10.89;41.17;3293.91;2031.00;-1262.91;0.00
0.22;10.20;36.56;2924.85;1837.50;-1087.35;0.00
0.27;9.09;34.62;2769.58;2085.44;-684.14;0.00
0.25;9.21;42.67;3413.38;1939.55;-1473.82;0.00
0.24;10.12;38.74;3099.22;1931.28;-1167.94;0.00
0.29;6.81;41.03;3282.60;2034.30;-1248.30;0.00
0.27;9.30;38.60;3087.92;2089.61;-998.31;0.00
0.29;8.13;33.90;2711.89;2109.87;-602.02;0.00
0.25;10.99;36.26;2901.02;2026.82;-874.20;0.00
0.24;8.90;42.58;3406.47;1908.45;-1498.02;0.00
0.28;11.12;46.26;3700.94;2233.52;-1467.42;0.00
0.22;8.31;37.94;3035.42;1711.35;-1324.07;0.00
0.27;9.48;43.20;3456.37;2104.33;-1352.03;0.00
0.23;10.30;46.84;3746.89;1923.10;-1823.79;0.00
0.25;9.71;49.73;3978.06;1967.22;-2010.84;0.00
0.21;9.46;34.05;2723.96;1727.69;-996.27;0.00
0.25;11.69;35.38;2830.75;2086.60;-744.15;0.00
0.25;13.26;38.02;3041.81;2150.12;-891.69;0.00
0.26;10.43;35.57;2845.22;2055.17;-790.04;0.00
0.25;10.09;43.41;3473.04;2000.82;-1472.21;0.00
0.25;8.83;39.32;3145.87;1952.98;-1192.89;0.00
0.22;10.26;33.82;2705.70;1845.09;-860.61;0.00
0.29;10.92;30.09;2407.26;2301.88;-105.37;0.00
0.23;10.00;40.92;3273.20;1908.73;-1364.47;0.00
0.23;10.03;41.33;3306.22;1870.04;-1436.18;0.00
0.26;11.52;36.69;2935.32;2132.77;-802.55;0.00
0.26;10.96;34.24;2738.95;2134.03;-604.93;0.00
0.29;10.91;40.01;3200.95;2302.02;-898.93;0.00
0.24;11.30;39.44;3155.08;1988.71;-1166.37;0.00
0.26;10.41;43.05;3444.20;2065.11;-1379.09;0.00
0.29;9.60;45.05;3603.80;2201.28;-1402.51;0.00
0.26;10.99;42.20;3376.40;2106.50;-1269.90;0.00
0.25;9.80;37.69;3015.38;1989.79;-1025.59;0.00
0.21;10.20;36.71;2936.97;1772.25;-1164.72;0.00
0.25;7.97;38.49;3079.57;1882.89;-1196.68;0.00
0.26;11.45;46.64;3731.02;2145.25;-1585.77;0.00
0.26;10.95;45.19;3615.48;2133.17;-1482.31;0.00
0.25;12.02;37.16;2972.64;2078.34;-894.30;0.00
0.20;10.80;38.87;3109.51;1742.29;-1367.23;0.00
0.23;9.90;36.93;2954.18;1849.42;-1104.77;0.00
0.25;10.23;39.81;3185.06;1984.03;-1201.03;0.00
0.23;10.11;39.37;3149.53;1912.51;-1237.02;0.00
0.25;13.36;33.87;2709.96;2199.17;-510.79;0.00
0.23;9.47;41.51;3321.05;1840.57;-1480.48;0.00
0.28;9.10;44.15;3531.79;2141.93;-1389.86;0.00
0.23;11.85;38.92;3113.38;1991.61;-1121.77;0.00
0.24;10.45;44.15;3531.94;1986.25;-1545.69;0.00
0.23;9.60;38.35;3067.78;1851.90;-1215.88;0.00
0.28;11.30;41.27;3301.59;2234.00;-1067.59;0.00
0.24;10.02;44.96;3596.56;1924.05;-1672.52;0.00
0.27;9.03;40.49;3239.31;2058.20;-1181.11;0.00
0.26;10.15;40.37;3229.48;2092.85;-1136.63;0.00
0.25;10.68;43.33;3466.75;2027.25;-1439.51;0.00
0.23;9.98;37.65;3012.02;1860.83;-1151.19;0.00
0.19;8.84;39.32;3145.85;1604.29;-1541.56;0.00
0.23;10.61;43.03;3442.44;1934.25;-1508.19;0.00
0.25;11.56;39.85;3187.72;2065.15;-1122.57;0.00
0.23;12.22;36.92;2953.43;2004.27;-949.17;0.00
0.26;9.49;42.76;3421.05;2024.99;-1396.06;0.00
0.27;9.40;47.14;3771.09;2069.88;-1701.21;0.00
0.28;9.77;45.66;3653.16;2135.85;-1517.31;0.00
0.20;11.11;40.31;3224.68;1740.60;-1484.07;0.00
0.27;10.12;34.00;2719.66;2142.78;-576.88;0.00
0.24;9.44;40.87;3269.21;1904.13;-1365.08;0.00
0.24;9.48;38.65;3092.24;1904.20;-1188.04;0.00
0.25;10.77;43.87;3509.54;2031.55;-1477.99;0.00
0.26;9.87;44.02;3521.68;2077.55;-1444.13;0.00
0.23;11.47;46.97;3757.91;1935.05;-1822.86;0.00
0.23;10.12;39.99;3198.86;1913.68;-1285.18;0.00
0.25;11.29;36.15;2892.20;2090.56;-801.64;0.00
0.25;11.18;45.83;3666.65;2039.24;-1627.41;0.00
0.20;9.76;37.05;2964.16;1689.12;-1275.04;0.00
0.24;9.56;39.80;3184.14;1926.24;-1257.90;0.00
0.25;9.86;46.39;3711.03;1961.29;-1749.74;0.00
0.23;9.23;44.28;3542.45;1829.40;-1713.06;0.00
0.26;10.15;53.28;4262.38;2088.21;-2174.17;0.00
0.22;12.53;47.06;3765.07;1987.55;-1777.51;0.00
0.29;9.86;43.16;3453.00;2197.77;-1255.23;0.00
0.24;10.97;40.50;3239.64;2005.85;-1233.79;0.00
0.24;10.75;43.00;3439.98;1980.99;-1458.99;0.00
0.27;9.83;44.90;3591.84;2106.27;-1485.58;0.00
0.21;10.51;44.83;3586.18;1779.78;-1806.40;0.00
0.23;9.93;42.77;3421.71;1891.00;-1530.71;0.00
0.24;10.28;39.55;3163.61;1945.38;-1218.23;0.00
0.26;10.95;31.43;2514.74;2090.97;-423.77;0.00
0.23;11.60;40.17;3213.83;1959.01;-1254.82;0.00
0.19;11.34;44.26;3541.15;1747.86;-1793.30;0.00
0.21;11.38;36.13;2890.60;1861.39;-1029.21;0.00
0.20;9.58;49.24;3939.49;1669.28;-2270.21;0.00
0.28;8.27;40.32;3225.79;2056.56;-1169.23;0.00
0.27;10.74;35.19;2815.50;2169.75;-645.75;0.00
0.26;9.65;34.51;2760.41;2009.06;-751.35;0.00
0.25;11.80;43.82;3505.76;2089.44;-1416.32;0.00
0.26;9.79;53.33;4266.43;2032.55;-2233.88;0.00
0.31;11.06;41.42;3313.77;2428.17;-885.61;0.00
0.24;9.53;38.15;3052.08;1907.97;-1144.11;0.00
0.21;10.81;41.49;3319.08;1790.92;-1528.15;0.00
0.27;9.08;40.73;3258.08;2069.12;-1188.96;0.00
0.29;9.80;33.35;2667.71;2243.70;-424.01;0.00
0.25;7.65;34.04;2723.55;1895.48;-828.07;0.00
0.26;10.50;39.38;3150.02;2068.75;-1081.28;0.00
0.21;10.87;37.16;2972.90;1835.26;-1137.64;0.00
0.27;10.35;39.95;3195.91;2146.66;-1049.24;0.00
0.28;9.10;40.10;3207.99;2134.50;-1073.49;0.00
0.21;9.35;40.83;3266.33;1718.67;-1547.66;0.00
0.26;9.51;35.89;2871.43;2034.73;-836.70;0.00
0.20;9.88;47.24;3779.42;1709.50;-2069.93;0.00
0.27;11.10;36.16;2893.20;2177.31;-715.89;0.00
0.28;7.63;46.11;3688.44;2022.38;-1666.05;0.00
0.28;9.87;33.03;2642.08;2160.25;-481.83;0.00
0.17;10.76;31.97;2557.94;1551.28;-1006.66;0.00
0.25;10.67;40.92;3273.81;2059.77;-1214.04;0.00
0.26;8.93;26.51;2120.44;2020.50;-99.94;0.00
0.21;11.79;47.06;3764.49;1875.66;-1888.83;0.00
0.22;10.35;52.21;4176.96;1857.90;-2319.06;0.00
0.23;10.57;39.92;3193.83;1938.29;-1255.54;0.00
0.24;9.52;43.22;3457.78;1906.38;-1551.40;0.00
0.24;9.70;43.02;3441.94;1929.56;-1512.39;0.00
0.21;11.84;45.22;3617.29;1892.61;-1724.68;0.00
0.23;10.03;40.93;3274.03;1894.33;-1379.71;0.00
0.30;9.60;42.06;3364.56;2266.70;-1097.86;0.00
0.24;10.37;44.16;3532.84;1969.86;-1562.98;0.00
0.23;9.80;46.66;3732.82;1848.71;-1884.12;0.00
0.25;10.31;41.47;3317.21;2025.71;-1291.50;0.00
0.25;10.14;39.24;3139.34;2006.32;-1133.02;0.00
0.24;12.42;43.31;3464.92;2078.60;-1386.32;0.00
0.24;11.90;32.57;2605.55;2022.13;-583.42;0.00
0.26;10.36;38.39;3071.31;2052.06;-1019.25;0.00
0.26;9.20;45.72;3657.75;2001.63;-1656.12;0.00
0.26;10.87;33.86;2709.04;2086.65;-622.39;0.00
0.23;9.58;40.15;3212.09;1857.02;-1355.06;0.00
0.27;10.70;34.74;2779.49;2124.71;-654.78;0.00
0.28;10.17;47.37;3789.42;2164.68;-1624.74;0.00
0.26;9.86;41.90;3351.97;2071.71;-1280.26;0.00
0.27;8.76;41.24;3299.44;2062.38;-1237.06;0.00
0.24;9.88;49.36;3949.11;1934.94;-2014.17;0.00
0.24;9.75;39.89;3190.95;1951.77;-1239.18;0.00
0.21;9.43;44.24;3539.34;1717.24;-1822.11;0.00
0.26;9.08;35.60;2847.68;1987.68;-860.00;0.00
0.25;8.05;31.12;2489.45;1884.28;-605.17;0.00
0.30;10.06;37.24;2979.24;2270.14;-709.09;0.00
0.27;9.53;39.79;3182.89;2071.98;-1110.92;0.00
0.28;9.83;41.14;3291.41;2143.16;-1148.25;0.00
0.29;10.29;34.18;2734.74;2235.67;-499.08;0.00
0.26;7.51;37.40;2992.30;1900.55;-1091.75;0.00
0.26;10.78;39.12;3129.74;2099.14;-1030.59;0.00
0.31;10.38;40.48;3238.56;2355.01;-883.56;0.00
0.23;10.20;43.13;3450.45;1910.30;-1540.15;0.00
0.25;10.56;28.56;2284.60;2026.91;-257.70;0.00
0.27;9.87;44.65;3571.98;2120.65;-1451.33;0.00
0.26;10.64;36.68;2934.77;2117.41;-817.36;0.00
0.24;8.71;46.75;3740.04;1860.44;-1879.60;0.00
0.28;9.68;40.84;3267.33;2142.84;-1124.48;0.00
0.26;12.05;36.57;2925.81;2139.19;-786.62;0.00
0.26;12.25;46.20;3696.18;2201.21;-1494.97;0.00
0.23;8.96;40.92;3273.61;1822.45;-1451.15;0.00
0.26;10.47;32.91;2633.05;2104.95;-528.11;0.00
0.22;10.50;41.80;3344.21;1856.61;-1487.60;0.00
0.25;9.86;38.97;3117.75;1987.98;-1129.77;0.00
0.26;7.72;36.00;2880.18;1918.67;-961.51;0.00
0.25;11.37;34.22;2737.92;2055.29;-682.63;0.00
0.22;11.81;42.78;3422.16;1941.66;-1480.50;0.00
0.23;8.96;36.63;2930.35;1813.70;-1116.65;0.00
0.23;9.40;39.89;3191.12;1872.72;-1318.40;0.00
0.21;9.79;39.34;3147.15;1761.00;-1386.15;0.00
0.24;10.05;40.72;3257.56;1963.80;-1293.76;0.00
0.26;9.09;46.07;3685.90;1997.65;-1688.24;0.00
0.20;9.78;47.88;3830.59;1679.85;-2150.75;0.00
0.25;8.91;35.26;2820.59;1963.94;-856.65;0.00
0.21;9.39;43.99;3519.31;1737.98;-1781.33;0.00
0.23;10.90;42.60;3407.99;1932.33;-1475.66;0.00
0.25;10.53;39.78;3182.69;2043.36;-1139.33;0.00
0.28;9.90;35.70;2855.93;2145.55;-710.39;0.00
0.22;9.83;44.07;3525.42;1830.25;-1695.17;0.00
0.24;9.65;46.36;3708.68;1943.80;-1764.88;0.00
0.22;11.41;35.95;2876.08;1927.48;-948.59;0.00
0.25;8.82;30.71;2456.57;1924.94;-531.63;0.00
0.27;10.87;36.07;2885.69;2146.13;-739.55;0.00
0.27;11.43;38.93;3114.07;2219.64;-894.43;0.00
0.23;10.10;41.56;3325.14;1893.92;-1431.22;0.00
0.20;10.39;43.92;3513.75;1740.16;-1773.58;0.00
0.23;10.38;42.65;3411.69;1899.39;-1512.29;0.00
0.23;9.42;38.38;3070.09;1858.03;-1212.06;0.00
0.25;8.92;35.26;2820.93;1961.76;-859.17;0.00
0.24;12.76;40.82;3265.97;2085.35;-1180.62;0.00
0.25;10.18;31.60;2527.87;1989.45;-538.42;0.00
0.25;10.60;43.75;3500.22;2008.81;-1491.40;0.00
0.27;9.20;40.84;3266.97;2072.49;-1194.48;0.00
0.25;11.93;45.73;3658.75;2124.27;-1534.47;0.00
0.26;9.59;42.82;3425.26;2025.82;-1399.44;0.00
0.22;9.54;30.24;2418.81;1826.85;-591.96;0.00
0.23;7.77;32.59;2607.40;1752.08;-855.32;0.00
0.26;7.85;41.20;3295.85;1969.34;-1326.51;0.00
0.27;10.99;39.46;3156.43;2166.34;-990.09;0.00
0.22;12.18;39.45;3155.75;1944.84;-1210.91;0.00
0.25;10.66;43.84;3507.38;2026.53;-1480.85;0.00
0.29;9.91;34.40;2752.03;2244.97;-507.06;0.00
0.28;11.36;45.20;3615.63;2255.30;-1360.33;0.00
0.29;12.56;33.87;2709.65;2353.13;-356.52;0.00
0.23;9.30;34.39;2750.86;1819.20;-931.67;0.00
0.22;9.41;37.26;2981.16;1813.08;-1168.08;0.00
0.28;13.04;34.70;2775.99;2314.88;-461.11;0.00
0.23;11.81;46.94;3754.91;1987.56;-1767.35;0.00
0.22;10.35;37.16;2972.88;1859.66;-1113.21;0.00
0.21;9.45;46.68;3734.04;1708.72;-2025.32;0.00
0.27;8.97;35.34;2827.10;2061.34;-765.76;0.00
0.26;10.41;46.20;3696.39;2099.86;-1596.53;0.00
0.24;8.23;36.90;2951.76;1825.75;-1126.01;0.00
0.25;11.09;39.13;3130.67;2068.26;-1062.42;0.00
0.22;9.73;47.73;3818.79;1830.91;-1987.88;0.00
0.28;8.36;42.92;3433.29;2108.82;-1324.46;0.00
0.21;9.23;40.33;3226.27;1746.37;-1479.91;0.00
0.22;12.81;37.35;2988.30;1990.50;-997.80;0.00
0.29;9.94;38.20;3056.04;2252.48;-803.55;0.00
0.24;10.41;44.03;3522.79;1947.56;-1575.22;0.00
0.25;10.10;41.44;3315.51;2002.77;-1312.74;0.00
0.21;9.17;47.67;3813.85;1745.77;-2068.08;0.00
0.25;10.81;38.64;3091.30;2039.58;-1051.72;0.00
0.26;9.78;29.09;2326.84;2026.92;-299.93;0.00
0.23;8.79;36.71;2936.97;1821.03;-1115.94;0.00
0.27;10.22;42.48;3398.54;2105.12;-1293.42;0.00
0.22;11.20;35.99;2879.10;1865.52;-1013.58;0.00
0.23;8.44;42.10;3367.68;1789.35;-1578.33;0.00
0.24;8.27;38.54;3083.10;1870.75;-1212.35;0.00
0.24;10.50;36.75;2939.64;1975.65;-964.00;0.00
0.23;11.02;46.14;3691.01;1959.48;-1731.53;0.00
0.18;9.70;35.27;2821.67;1592.38;-1229.30;0.00
0.30;12.05;40.87;3269.76;2378.80;-890.96;0.00
0.26;11.09;35.59;2846.83;2134.69;-712.14;0.00
0.19;10.87;40.09;3206.81;1711.48;-1495.33;0.00
0.24;11.25;37.63;3010.27;2024.44;-985.83;0.00
0.26;11.24;35.18;2814.32;2103.52;-710.81;0.00
0.24;9.64;37.05;2963.66;1914.84;-1048.82;0.00
0.28;9.65;39.40;3152.00;2145.43;-1006.58;0.00
0.25;8.71;34.23;2738.44;1943.21;-795.23;0.00
0.23;12.04;43.77;3501.64;1963.14;-1538.50;0.00
0.26;9.32;31.18;2494.42;2005.65;-488.77;0.00
0.23;9.24;41.37;3309.30;1840.48;-1468.82;0.00
0.25;10.90;33.84;2707.25;2064.27;-642.98;0.00
0.25;11.46;42.26;3381.04;2086.66;-1294.37;0.00
0.26;10.01;35.12;2809.43;2055.64;-753.79;0.00
0.23;8.40;43.79;3503.25;1783.47;-1719.78;0.00
0.24;11.46;41.24;3299.22;2032.77;-1266.44;0.00
0.25;7.75;44.47;3557.22;1904.44;-1652.78;0.00
0.23;9.43;37.71;3017.03;1860.56;-1156.47;0.00
0.27;8.05;42.00;3359.99;2019.93;-1340.06;0.00
0.23;11.61;31.74;2539.07;1959.32;-579.75;0.00
0.23;10.08;40.14;3211.14;1886.82;-1324.32;0.00
0.25;11.91;44.66;3572.89;2081.24;-1491.65;0.00
0.23;10.07;40.79;3263.33;1911.79;-1351.54;0.00
0.28;9.18;33.18;2654.53;2116.26;-538.27;0.00
0.26;10.05;42.54;3403.27;2071.38;-1331.89;0.00
0.21;8.82;38.14;3051.02;1717.61;-1333.41;0.00
0.26;8.99;41.59;3326.95;1990.00;-1336.95;0.00
0.27;11.03;37.44;2995.55;2175.16;-820.40;0.00
0.29;9.40;50.64;4051.41;2181.47;-1869.94;0.00
0.26;8.00;34.92;2793.42;1946.96;-846.46;0.00
0.26;9.31;45.93;3674.80;1995.46;-1679.34;0.00
0.25;12.01;34.16;2733.07;2118.21;-614.86;0.00
0.27;12.20;40.10;3208.34;2214.31;-994.03;0.00
0.27;9.49;42.30;3384.21;2097.99;-1286.22;0.00
0.27;12.19;43.90;3511.89;2229.87;-1282.02;0.00
0.19;9.33;42.82;3425.22;1632.94;-1792.28;0.00
0.26;8.81;51.18;4094.34;2015.48;-2078.86;0.00
0.24;11.59;41.31;3304.68;2031.56;-1273.13;0.00
0.27;9.39;41.10;3287.86;2085.35;-1202.51;0.00
0.20;8.95;36.74;2939.45;1674.76;-1264.70;0.00
0.27;10.01;41.59;3327.57;2112.83;-1214.74;0.00
0.25;11.39;38.01;3041.03;2089.33;-951.70;0.00
0.28;10.44;35.74;2859.11;2197.35;-661.76;0.00
0.23;10.42;42.49;3399.00;1911.07;-1487.93;0.00
0.22;7.74;36.93;2954.52;1689.66;-1264.86;0.00
0.22;12.47;42.59;3406.82;1980.59;-1426.23;0.00
0.24;9.72;43.67;3493.36;1945.92;-1547.43;0.00
0.29;11.17;45.85;3668.35;2272.59;-1395.76;0.00
0.26;10.11;44.13;3530.49;2072.64;-1457.86;0.00
0.21;11.49;37.45;2996.22;1841.82;-1154.40;0.00
0.23;8.12;38.04;3042.93;1757.26;-1285.67;0.00
0.24;10.33;47.70;3816.35;1945.15;-1871.20;0.00
0.26;9.54;40.59;3247.50;2008.20;-1239.30;0.00
0.20;9.89;38.29;3063.15;1713.06;-1350.09;0.00
0.24;10.40;35.97;2877.83;1935.63;-942.20;0.00
0.24;11.80;29.05;2323.79;2025.15;-298.64;0.00
0.22;9.41;37.92;3033.24;1801.28;-1231.96;0.00
0.26;11.03;50.70;4056.05;2137.28;-1918.78;0.00
0.24;12.11;38.36;3068.50;2076.37;-992.12;0.00
0.26;10.45;45.65;3651.81;2069.55;-1582.26;0.00
0.21;8.43;34.93;2794.09;1692.27;-1101.82;0.00
0.25;10.24;45.86;3668.91;2025.80;-1643.11;0.00
0.23;10.40;33.01;2640.66;1894.65;-746.01;0.00
0.25;10.95;35.53;2842.74;2024.69;-818.05;0.00
0.27;9.88;38.77;3101.33;2130.87;-970.46;0.00
0.24;10.43;44.77;3581.95;1942.08;-1639.87;0.00
0.25;10.74;37.43;2994.71;2013.84;-980.87;0.00
0.30;11.15;41.20;3295.87;2346.73;-949.14;0.00
0.23;9.27;32.27;2581.23;1827.53;-753.70;0.00
0.24;9.68;36.03;2882.04;1916.96;-965.09;0.00
0.23;8.83;33.48;2678.01;1794.60;-883.41;0.00
0.26;9.92;36.22;2897.32;2049.58;-847.74;0.00
0.23;9.43;41.00;3280.17;1845.61;-1434.56;0.00
0.28;9.50;38.63;3090.53;2153.93;-936.60;0.00
0.24;11.59;37.27;2981.33;2001.99;-979.34;0.00
0.26;7.89;38.57;3085.28;1969.56;-1115.73;0.00
0.25;10.76;35.92;2873.39;2061.57;-811.82;0.00
0.28;9.63;38.49;3079.04;2173.04;-906.00;0.00
0.21;11.55;37.82;3025.44;1856.36;-1169.08;0.00
0.28;9.53;43.82;3505.52;2150.70;-1354.82;0.00
0.24;10.75;37.73;3018.26;1962.59;-1055.66;0.00
0.23;8.58;42.02;3361.80;1786.93;-1574.86;0.00
0.28;9.23;32.09;2567.45;2103.00;-464.45;0.00
0.24;10.08;38.50;3080.15;1944.14;-1136.01;0.00
0.24;9.74;33.12;2649.77;1946.89;-702.88;0.00
0.26;8.95;48.05;3844.19;1982.65;-1861.54;0.00
0.26;11.61;39.12;3129.97;2137.43;-992.54;0.00
0.30;9.26;44.75;3580.36;2275.99;-1304.37;0.00
0.25;10.91;37.24;2979.21;2045.54;-933.67;0.00
0.21;9.82;42.50;3399.99;1777.87;-1622.12;0.00
0.28;10.64;46.14;3691.11;2198.78;-1492.33;0.00
0.24;8.15;38.06;3044.99;1811.81;-1233.18;0.00
0.27;10.60;44.79;3583.14;2120.43;-1462.71;0.00
0.28;11.51;48.79;3903.11;2226.13;-1676.98;0.00
0.28;10.02;46.54;3723.04;2195.29;-1527.75;0.00
0.28;9.93;45.85;3667.81;2150.87;-1516.93;0.00
0.26;8.64;45.45;3636.08;1994.11;-1641.97;0.00
0.28;11.06;36.40;2912.34;2207.77;-704.56;0.00
0.29;10.67;34.76;2780.60;2258.74;-521.86;0.00
0.25;9.91;42.07;3365.38;1966.74;-1398.64;0.00
0.22;10.96;32.33;2586.19;1894.28;-691.91;0.00
0.30;9.25;38.75;3099.78;2242.99;-856.79;0.00
0.30;10.23;37.66;3012.48;2309.45;-703.03;0.00
0.29;12.35;41.84;3346.82;2379.48;-967.34;0.00
0.28;11.56;46.73;3738.47;2282.55;-1455.92;0.00
0.27;10.01;38.75;3100.18;2115.52;-984.66;0.00
0.25;9.25;54.64;4370.97;1957.48;-2413.50;0.00
0.26;9.58;39.84;3186.97;2040.76;-1146.21;0.00
0.23;10.11;43.96;3516.55;1900.72;-1615.83;0.00
0.20;11.68;47.57;3805.86;1816.76;-1989.11;0.00
0.26;10.14;44.98;3598.08;2035.51;-1562.57;0.00
0.25;11.26;41.11;3288.70;2039.21;-1249.48;0.00
0.27;11.64;40.00;3200.10;2230.61;-969.49;0.00
0.25;8.81;39.27;3141.84;1921.86;-1219.98;0.00
0.25;9.57;36.65;2931.87;1965.66;-966.21;0.00
0.23;10.45;49.78;3982.29;1905.85;-2076.45;0.00
0.23;9.68;42.01;3361.05;1853.30;-1507.75;0.00
0.25;9.32;48.41;3872.75;1939.03;-1933.73;0.00
0.29;10.93;39.12;3129.82;2297.80;-832.03;0.00
0.22;9.19;35.24;2819.58;1785.40;-1034.17;0.00
0.22;9.59;38.80;3104.16;1802.19;-1301.97;0.00
0.31;9.90;32.18;2574.53;2324.74;-249.79;0.00
0.26;11.84;42.74;3418.81;2181.70;-1237.11;0.00
0.24;8.88;42.41;3392.90;1868.49;-1524.41;0.00
0.24;10.11;31.00;2479.96;1943.48;-536.48;0.00
0.29;10.78;45.59;3647.50;2260.26;-1387.24;0.00
0.25;11.38;41.16;3293.15;2046.64;-1246.52;0.00
0.25;10.22;45.88;3670.13;2015.79;-1654.33;0.00
0.22;9.64;42.19;3375.52;1793.01;-1582.52;0.00
0.29;10.55;45.42;3633.70;2274.93;-1358.76;0.00
0.23;10.65;45.53;3642.20;1920.39;-1721.81;0.00
0.27;11.29;43.68;3494.25;2175.62;-1318.63;0.00
0.25;8.81;44.77;3581.46;1934.27;-1647.19;0.00
0.24;11.40;40.67;3253.96;2023.29;-1230.67;0.00
0.25;10.75;37.83;3026.79;2059.52;-967.26;0.00
0.26;9.57;36.60;2928.17;2029.70;-898.48;0.00
0.26;11.80;43.43;3474.37;2164.54;-1309.83;0.00
0.26;9.63;38.14;3051.50;2061.37;-990.12;0.00
0.25;9.63;38.79;3103.58;1986.79;-1116.79;0.00
0.24;10.58;33.97;2717.56;1975.65;-741.91;0.00
0.26;10.19;33.72;2697.32;2057.85;-639.47;0.00
0.26;9.09;39.22;3137.67;2007.18;-1130.50;0.00
0.21;12.04;43.17;3453.88;1867.56;-1586.32;0.00
0.27;9.53;40.52;3241.66;2086.22;-1155.44;0.00
0.26;11.66;44.70;3575.78;2143.40;-1432.37;0.00
0.22;10.53;47.30;3784.05;1825.95;-1958.10;0.00
0.29;9.64;37.05;2964.02;2212.35;-751.67;0.00
0.25;9.39;42.25;3380.36;1952.69;-1427.67;0.00
0.23;11.15;36.19;2895.45;1944.54;-950.91;0.00
0.28;9.13;37.93;3034.51;2127.21;-907.30;0.00
0.26;10.04;34.55;2763.83;2064.05;-699.78;0.00
0.23;10.05;37.87;3029.57;1886.47;-1143.10;0.00
0.24;11.55;36.82;2945.52;2013.88;-931.64;0.00
0.21;10.05;45.78;3662.06;1780.85;-1881.22;0.00
0.27;9.25;35.97;2877.56;2047.28;-830.28;0.00
0.23;12.19;40.80;3264.16;1995.27;-1268.88;0.00
0.23;9.18;41.18;3294.36;1848.77;-1445.59;0.00
0.27;9.88;30.13;2410.61;2096.05;-314.56;0.00
0.26;9.55;46.31;3704.47;2032.36;-1672.11;0.00
0.30;10.49;36.57;2925.56;2286.97;-638.59;0.00
0.26;8.66;38.96;3116.70;1994.28;-1122.42;0.00
0.24;10.16;39.99;3199.45;1940.45;-1259.01;0.00
0.26;7.83;41.82;3345.35;1916.79;-1428.56;0.00
0.30;11.49;39.37;3149.70;2371.89;-777.81;0.00
0.23;11.01;34.10;2728.06;1917.78;-810.28;0.00
0.28;9.54;42.21;3377.15;2143.23;-1233.92;0.00
0.24;8.29;41.83;3346.54;1869.70;-1476.84;0.00
0.25;11.78;39.59;3166.81;2119.90;-1046.92;0.00
0.29;9.44;40.93;3274.57;2199.16;-1075.40;0.00
0.23;11.00;43.68;3494.28;1954.91;-1539.37;0.00
0.26;11.49;48.90;3911.71;2114.15;-1797.55;0.00
0.26;10.34;44.96;3596.67;2081.93;-1514.75;0.00
0.22;9.50;46.66;3732.91;1811.75;-1921.16;0.00
0.27;8.89;40.85;3268.13;2080.35;-1187.78;0.00
0.23;12.11;45.19;3614.81;2006.11;-1608.70;0.00
0.29;10.33;35.51;2840.68;2244.22;-596.46;0.00
0.24;10.41;41.14;3291.41;1990.60;-1300.81;0.00
0.27;10.74;44.53;3562.28;2175.20;-1387.09;0.00
0.21;8.66;38.10;3048.03;1671.31;-1376.72;0.00
0.24;10.98;43.16;3453.00;2004.13;-1448.87;0.00
0.27;8.47;40.59;3247.28;2050.66;-1196.62;0.00
0.27;10.40;38.83;3106.76;2120.92;-985.84;0.00
0.25;11.52;37.38;2990.08;2051.73;-938.35;0.00
0.26;11.73;35.22;2817.94;2122.86;-695.08;0.00
0.28;8.93;41.16;3292.98;2126.77;-1166.21;0.00
0.24;10.32;37.27;2981.47;1928.94;-1052.53;0.00
0.28;11.03;37.13;2970.27;2252.91;-717.36;0.00
0.23;11.09;37.02;2961.66;1918.54;-1043.12;0.00
0.23;9.96;49.14;3931.32;1895.79;-2035.53;0.00
0.27;9.55;37.61;3009.05;2092.67;-916.38;0.00
0.26;9.71;36.45;2916.04;2016.99;-899.04;0.00
0.23;10.04;42.39;3391.44;1880.21;-1511.23;0.00
0.28;7.49;39.32;3145.45;2061.07;-1084.39;0.00
0.22;11.09;30.95;2476.35;1907.93;-568.41;0.00
0.24;11.09;45.82;3665.53;2008.27;-1657.26;0.00
0.23;10.13;45.53;3642.26;1916.45;-1725.81;0.00
0.26;10.29;34.36;2749.10;2088.48;-660.62;0.00
0.21;10.96;40.51;3241.13;1814.62;-1426.51;0.00
0.23;8.03;35.49;2839.26;1773.40;-1065.86;0.00
0.27;10.40;38.12;3049.65;2142.50;-907.15;0.00
0.27;11.36;37.63;3010.55;2174.11;-836.44;0.00
0.25;8.69;40.64;3250.80;1932.64;-1318.16;0.00
0.25;8.90;41.60;3328.39;1953.13;-1375.27;0.00
0.28;9.43;45.51;3641.13;2164.47;-1476.66;0.00
0.24;9.96;40.92;3273.96;1951.18;-1322.78;0.00
0.24;9.99;50.67;4053.49;1941.90;-2111.59;0.00
0.24;11.68;36.58;2926.56;2053.02;-873.54;0.00
0.23;11.43;42.09;3367.20;1978.50;-1388.70;0.00
0.26;12.54;52.44;4195.57;2212.25;-1983.32;0.00
0.20;10.82;45.56;3645.17;1763.78;-1881.39;0.00
0.26;9.99;40.01;3200.73;2075.78;-1124.96;0.00
0.22;9.75;38.38;3070.64;1799.08;-1271.56;0.00
0.20;11.04;43.71;3496.76;1760.27;-1736.50;0.00
0.24;10.65;31.55;2523.96;2001.70;-522.25;0.00
0.24;9.31;38.82;3105.73;1915.93;-1189.80;0.00
0.27;9.10;35.29;2823.29;2086.91;-736.38;0.00
0.24;9.15;42.72;3417.74;1877.45;-1540.30;0.00
0.24;9.91;44.33;3546.71;1947.92;-1598.79;0.00
0.23;11.34;34.04;2723.08;1962.75;-760.34;0.00
0.27;10.65;36.47;2917.69;2159.62;-758.07;0.00
0.27;9.99;40.60;3248.01;2143.02;-1104.99;0.00
0.24;9.23;46.35;3708.27;1869.49;-1838.78;0.00
0.28;9.60;37.16;2972.65;2167.90;-804.74;0.00
0.29;11.69;39.48;3158.57;2349.62;-808.95;0.00
0.24;11.09;33.75;2700.21;1984.85;-715.36;0.00
0.25;11.80;40.40;3232.31;2113.14;-1119.17;0.00
0.27;9.85;32.95;2635.89;2082.40;-553.48;0.00
0.23;8.81;34.91;2792.45;1831.60;-960.86;0.00
0.21;10.39;42.91;3433.05;1814.84;-1618.20;0.00
0.23;10.76;37.65;3011.97;1908.98;-1102.99;0.00
0.26;9.74;47.54;3802.87;2066.57;-1736.30;0.00
0.25;9.27;36.20;2896.18;1937.74;-958.44;0.00
0.26;9.36;42.16;3372.80;1994.59;-1378.20;0.00
0.17;9.13;42.27;3381.26;1512.44;-1868.82;0.00
0.26;10.13;35.64;2851.06;2041.53;-809.53;0.00
0.23;10.50;46.89;3751.49;1908.35;-1843.14;0.00
0.28;11.90;43.90;3512.28;2295.42;-1216.87;0.00
0.30;9.43;39.81;3184.90;2233.87;-951.03;0.00
0.22;8.59;38.36;3068.63;1733.67;-1334.97;0.00
0.25;10.91;40.72;3257.87;2052.96;-1204.91;0.00
0.20;10.11;33.25;2660.07;1706.72;-953.35;0.00
0.23;10.98;38.29;3063.41;1942.87;-1120.54;0.00
0.28;9.83;42.57;3405.81;2150.84;-1254.97;0.00
0.25;9.05;37.33;2986.27;1947.25;-1039.02;0.00
0.19;10.27;39.63;3170.52;1653.78;-1516.75;0.00
0.23;10.51;32.43;2594.32;1920.21;-674.11;0.00
0.26;12.13;41.38;3310.78;2146.43;-1164.34;0.00
0.30;9.09;48.61;3888.41;2245.76;-1642.65;0.00
0.27;11.43;42.07;3365.72;2180.32;-1185.40;0.00
0.24;9.09;48.88;3910.12;1900.67;-2009.45;0.00
0.21;10.06;40.04;3203.46;1758.29;-1445.17;0.00
0.27;9.73;43.61;3488.55;2127.93;-1360.62;0.00
0.28;9.84;49.40;3951.80;2178.75;-1773.05;0.00
0.20;11.85;46.66;3732.68;1798.27;-1934.41;0.00
0.17;9.71;38.07;3045.73;1535.42;-1510.31;0.00
0.29;9.72;49.07;3925.72;2239.63;-1686.09;0.00
0.31;9.00;44.38;3550.59;2265.77;-1284.83;0.00
0.23;11.19;44.28;3542.06;1938.56;-1603.50;0.00
0.27;9.62;39.98;3198.68;2121.37;-1077.32;0.00
0.26;9.56;46.41;3712.61;2045.59;-1667.03;0.00
0.25;11.66;35.26;2821.01;2078.57;-742.44;0.00
0.22;10.31;46.81;3744.68;1868.89;-1875.78;0.00
0.25;9.10;41.58;3326.15;1944.05;-1382.11;0.00
0.25;11.88;42.50;3400.40;2070.75;-1329.65;0.00
0.31;11.32;43.99;3519.34;2414.86;-1104.48;0.00
0.26;10.38;32.36;2588.66;2057.78;-530.89;0.00
0.23;13.22;44.12;3529.92;2072.09;-1457.83;0.00
0.24;11.03;45.09;3607.15;1986.99;-1620.16;0.00
0.23;12.14;35.75;2860.01;2020.46;-839.56;0.00
0.29;11.29;36.13;2890.07;2300.61;-589.47;0.00
0.24;10.22;35.71;2856.84;1928.71;-928.13;0.00
0.22;9.86;37.72;3017.67;1804.92;-1212.75;0.00
0.25;8.91;43.07;3445.74;1910.82;-1534.92;0.00
0.22;8.37;36.38;2910.19;1711.09;-1199.10;0.00
0.23;8.45;32.61;2609.19;1818.15;-791.05;0.00
0.24;10.65;36.82;2945.47;1960.94;-984.53;0.00
0.26;10.75;35.85;2868.15;2082.83;-785.31;0.00
0.23;10.94;31.44;2515.50;1906.45;-609.05;0.00
0.26;9.18;37.65;3011.81;2027.86;-983.95;0.00
0.27;10.94;36.72;2937.45;2181.15;-756.30;0.00
0.27;10.13;43.81;3504.66;2127.96;-1376.71;0.00
0.23;8.89;41.49;3318.98;1805.22;-1513.76;0.00
0.26;9.96;44.37;3549.58;2062.54;-1487.04;0.00
0.25;10.49;47.00;3760.14;2031.32;-1728.82;0.00
0.23;10.08;33.14;2651.36;1887.98;-763.38;0.00
0.27;9.94;44.21;3536.81;2089.58;-1447.24;0.00
0.25;11.21;43.86;3508.48;2071.70;-1436.78;0.00
0.25;11.68;38.86;3108.46;2068.48;-1039.98;0.00
0.27;8.08;39.24;3139.30;2020.72;-1118.58;0.00
0.26;12.68;47.63;3810.72;2172.34;-1638.38;0.00
0.28;10.27;49.35;3948.16;2186.06;-1762.10;0.00
0.27;9.83;39.94;3195.59;2084.04;-1111.55;0.00
0.25;12.01;36.17;2893.36;2088.86;-804.49;0.00
0.28;10.31;39.68;3174.35;2177.70;-996.66;0.00
0.26;9.21;37.03;2962.08;2033.40;-928.68;0.00
0.25;10.27;46.89;3751.12;2018.67;-1732.45;0.00
0.27;12.15;45.31;3624.57;2247.36;-1377.21;0.00
0.27;10.52;38.89;3111.07;2157.37;-953.69;0.00
0.24;8.58;41.23;3298.50;1865.92;-1432.58;0.00
0.27;10.55;38.74;3099.48;2131.85;-967.64;0.00
0.24;10.44;39.67;3173.82;1952.76;-1221.06;0.00
0.21;10.36;35.17;2813.40;1775.91;-1037.49;0.00
0.27;11.02;42.44;3395.15;2190.78;-1204.37;0.00
0.26;13.09;38.81;3104.49;2206.49;-898.00;0.00
0.26;11.22;48.01;3840.96;2119.31;-1721.65;0.00
0.29;8.40;40.94;3274.87;2121.33;-1153.54;0.00
0.27;10.05;42.97;3437.49;2139.66;-1297.84;0.00
0.24;9.99;42.63;3410.09;1927.63;-1482.46;0.00
0.27;11.76;42.22;3377.54;2193.91;-1183.63;0.00
0.28;10.22;30.90;2471.93;2186.19;-285.73;0.00
0.25;10.32;43.86;3508.72;1991.97;-1516.75;0.00
0.26;11.09;36.68;2934.50;2140.65;-793.86;0.00
0.25;10.05;43.48;3478.29;1977.20;-1501.09;0.00
0.24;10.39;46.15;3692.01;1941.47;-1750.54;0.00
0.24;9.92;44.50;3559.68;1919.31;-1640.37;0.00
0.23;10.92;40.86;3268.57;1929.48;-1339.09;0.00
0.25;9.87;36.13;2890.31;2009.25;-881.05;0.00
0.27;9.55;40.60;3247.92;2086.10;-1161.82;0.00
0.22;10.02;40.06;3205.14;1838.32;-1366.82;0.00
0.22;12.13;42.94;3435.42;1943.34;-1492.08;0.00
0.24;10.41;35.36;2828.60;1950.40;-878.20;0.00
0.21;9.95;42.10;3367.89;1764.06;-1603.83;0.00
0.22;9.03;41.45;3315.97;1757.12;-1558.86;0.00
0.21;10.70;33.82;2705.32;1823.23;-882.09;0.00
0.22;11.39;38.24;3059.56;1909.93;-1149.63;0.00
0.23;12.08;39.06;3125.08;1980.55;-1144.53;0.00
0.25;10.64;40.74;3259.45;2031.91;-1227.54;0.00
0.25;10.29;42.50;3399.69;2033.25;-1366.44;0.00
0.32;9.39;35.70;2855.70;2344.93;-510.77;0.00
0.31;12.05;44.57;3565.48;2439.80;-1125.68;0.00
0.25;12.45;38.10;3048.26;2138.58;-909.68;0.00
0.28;10.11;42.10;3368.24;2194.69;-1173.54;0.00
0.27;10.95;42.58;3406.05;2164.24;-1241.82;0.00
0.26;11.05;42.85;3428.39;2113.47;-1314.91;0.00
0.31;12.33;35.95;2875.82;2460.45;-415.37;0.00
0.26;11.35;48.83;3906.64;2107.34;-1799.31;0.00
0.32;10.08;40.27;3221.85;2394.15;-827.70;0.00
0.25;9.75;37.32;2985.30;2006.23;-979.07;0.00
0.23;10.60;46.27;3701.50;1902.92;-1798.58;0.00
0.28;9.41;45.09;3606.88;2132.95;-1473.93;0.00
0.24;8.23;45.51;3640.82;1869.95;-1770.87;0.00
0.32;9.82;32.90;2632.09;2375.36;-256.73;0.00
0.28;9.14;40.71;3256.83;2139.69;-1117.14;0.00
0.28;9.98;31.83;2546.71;2188.70;-358.01;0.00
0.25;10.53;38.11;3048.82;2008.89;-1039.92;0.00
0.23;8.55;35.62;2849.60;1821.83;-1027.77;0.00
0.28;7.83;39.24;3139.22;2051.53;-1087.69;0.00
0.27;7.85;39.60;3167.98;2001.43;-1166.55;0.00
0.25;9.95;47.09;3767.14;2015.41;-1751.74;0.00
0.27;10.14;42.92;3433.78;2150.38;-1283.40;0.00
0.23;10.46;37.32;2985.91;1918.69;-1067.22;0.00
0.22;10.84;37.86;3028.70;1891.17;-1137.52;0.00
0.27;10.59;35.49;2839.03;2133.52;-705.51;0.00
0.23;13.02;44.44;3555.37;2026.82;-1528.56;0.00
0.24;11.67;44.25;3539.93;2031.40;-1508.53;0.00
0.29;9.65;37.41;2993.14;2199.50;-793.64;0.00
0.24;10.56;47.64;3811.02;1950.83;-1860.18;0.00
0.26;11.80;46.12;3689.64;2129.21;-1560.43;0.00
0.20;10.79;33.08;2646.51;1763.97;-882.55;0.00
0.27;9.18;44.68;3574.62;2058.37;-1516.26;0.00
0.22;10.11;42.04;3363.27;1808.56;-1554.71;0.00
0.24;10.34;38.43;3074.14;1986.96;-1087.18;0.00
0.27;10.80;42.82;3425.73;2141.03;-1284.70;0.00
0.23;12.47;35.19;2814.93;2017.33;-797.60;0.00
0.25;10.81;33.49;2679.02;2025.31;-653.71;0.00
0.23;9.22;45.38;3630.74;1814.43;-1816.32;0.00
0.20;10.38;37.91;3032.73;1721.11;-1311.62;0.00
0.26;8.61;40.26;3221.04;2002.73;-1218.31;0.00
0.23;8.64;46.83;3746.48;1804.69;-1941.79;0.00
0.24;8.58;37.69;3015.00;1881.15;-1133.85;0.00
0.21;11.00;34.96;2796.59;1842.68;-953.90;0.00
0.24;11.48;43.15;3452.07;2005.59;-1446.48;0.00
0.24;10.39;36.87;2949.36;1938.66;-1010.70;0.00
0.26;9.94;41.40;3312.16;2064.85;-1247.31;0.00
0.25;9.84;38.10;3048.34;2006.01;-1042.33;0.00
0.25;10.49;34.04;2723.27;2004.09;-719.18;0.00
0.24;10.41;37.23;2978.05;1960.19;-1017.87;0.00
0.27;10.49;43.62;3489.48;2137.36;-1352.11;0.00
0.28;8.55;36.71;2936.80;2074.67;-862.13;0.00
0.24;9.60;43.61;3488.48;1940.92;-1547.56;0.00
0.26;9.85;36.53;2922.26;2074.47;-847.79;0.00
0.23;10.86;38.60;3088.39;1941.16;-1147.23;0.00
0.23;8.62;44.67;3573.98;1786.30;-1787.68;0.00
0.27;11.99;41.31;3305.07;2235.34;-1069.73;0.00
0.26;9.27;39.68;3174.70;2006.00;-1168.70;0.00
0.26;11.72;43.31;3464.55;2153.57;-1310.98;0.00
0.24;10.54;46.92;3753.86;1978.88;-1774.98;0.00
0.26;10.15;35.81;2864.82;2051.04;-813.78;0.00
0.29;11.12;38.84;3107.43;2286.75;-820.68;0.00
0.25;10.64;45.61;3648.59;2005.53;-1643.07;0.00
0.23;9.44;39.73;3178.23;1858.02;-1320.21;0.00
0.24;11.34;36.65;2932.38;2014.38;-918.00;0.00
0.26;10.04;34.12;2729.27;2039.56;-689.71;0.00
0.21;10.47;37.64;3011.47;1809.01;-1202.46;0.00
0.27;10.48;32.52;2601.89;2139.73;-462.16;0.00
0.23;8.97;39.60;3168.25;1806.07;-1362.18;0.00
0.25;10.04;41.35;3307.76;2018.40;-1289.36;0.00
0.29;10.05;46.47;3717.66;2249.31;-1468.35;0.00
0.26;8.26;40.37;3229.24;1956.64;-1272.60;0.00
0.25;12.64;43.92;3513.74;2164.83;-1348.92;0.00
0.28;8.37;41.64;3331.32;2073.77;-1257.55;0.00
0.25;10.09;35.68;2854.70;1989.87;-864.83;0.00
0.29;10.85;44.69;3575.00;2255.21;-1319.79;0.00
0.27;9.43;47.99;3839.09;2100.00;-1739.09;0.00
0.27;8.16;45.85;3667.67;2013.69;-1653.99;0.00
0.22;8.81;43.59;3487.44;1777.31;-1710.13;0.00
0.20;11.96;37.26;2980.76;1813.18;-1167.58;0.00
0.24;10.80;38.28;3062.45;1986.79;-1075.66;0.00
0.27;10.96;34.60;2767.94;2165.73;-602.21;0.00
0.25;10.36;41.08;3286.49;2026.87;-1259.62;0.00
0.24;9.66;41.88;3350.26;1905.61;-1444.65;0.00
0.23;9.70;36.32;2905.68;1843.73;-1061.95;0.00
0.24;9.58;40.42;3233.80;1913.07;-1320.73;0.00
0.24;10.60;39.73;3178.73;1982.62;-1196.11;0.00
0.25;9.63;36.20;2896.21;2003.39;-892.82;0.00
0.26;10.63;40.78;3262.62;2111.68;-1150.94;0.00
0.26;11.98;38.74;3099.20;2158.01;-941.19;0.00
0.27;10.24;33.58;2686.35;2104.73;-581.62;0.00
0.27;10.43;44.75;3580.27;2134.51;-1445.76;0.00
0.27;10.05;33.96;2717.11;2093.64;-623.47;0.00
0.25;8.85;40.03;3202.56;1939.89;-1262.68;0.00
0.25;11.07;44.44;3554.84;2049.00;-1505.85;0.00
0.26;8.32;47.20;3776.16;1947.41;-1828.75;0.00
0.24;8.37;34.87;2789.45;1844.33;-945.12;0.00
0.20;9.63;36.54;2923.01;1687.78;-1235.22;0.00
0.30;9.21;42.22;3377.92;2224.01;-1153.91;0.00
0.25;8.25;36.44;2915.42;1881.21;-1034.20;0.00
0.22;9.80;42.02;3361.23;1788.44;-1572.80;0.00
0.28;9.24;45.80;3663.71;2144.56;-1519.14;0.00
0.21;10.48;37.43;2994.13;1781.39;-1212.74;0.00
0.24;8.25;38.49;3078.94;1846.41;-1232.52;0.00
0.28;10.17;34.90;2792.28;2205.18;-587.09;0.00
0.24;12.44;39.03;3122.74;2082.83;-1039.91;0.00
0.25;9.65;38.65;3091.88;1995.98;-1095.90;0.00
0.26;10.97;35.97;2877.41;2132.93;-744.48;0.00
0.23;10.48;30.01;2400.45;1914.93;-485.52;0.00
0.27;9.50;45.24;3619.42;2092.25;-1527.16;0.00
0.25;10.00;40.06;3204.46;2018.07;-1186.38;0.00
0.28;11.77;43.91;3512.87;2251.80;-1261.07;0.00
0.27;10.59;49.38;3950.71;2118.79;-1831.92;0.00
0.30;10.81;36.84;2947.31;2342.34;-604.96;0.00
0.26;10.93;40.45;3235.79;2095.25;-1140.55;0.00
0.29;10.72;39.84;3187.49;2269.40;-918.08;0.00
0.25;11.07;41.31;3305.03;2050.42;-1254.60;0.00
0.22;13.32;38.40;3072.15;2028.04;-1044.11;0.00
0.20;11.03;39.59;3167.25;1763.22;-1404.04;0.00
0.26;9.19;45.68;3654.73;2017.11;-1637.62;0.00
0.27;10.70;42.74;3419.02;2146.54;-1272.48;0.00
0.23;9.34;36.13;2890.62;1855.85;-1034.78;0.00
0.25;9.32;37.20;2975.75;1980.35;-995.40;0.00
0.26;10.75;42.20;3375.94;2106.94;-1269.00;0.00
0.22;9.57;36.89;2951.44;1770.60;-1180.83;0.00
0.27;9.14;39.25;3140.27;2041.23;-1099.04;0.00
0.29;9.66;44.92;3593.67;2201.42;-1392.25;0.00
0.27;10.38;44.07;3525.84;2159.31;-1366.52;0.00
0.26;11.22;40.67;3253.64;2123.92;-1129.72;0.00
0.26;10.29;39.10;3128.26;2063.63;-1064.62;0.00
0.27;9.37;34.68;2774.44;2090.36;-684.08;0.00
0.27;11.34;35.03;2802.20;2191.49;-610.71;0.00
0.21;9.04;43.14;3451.46;1684.11;-1767.34;0.00
0.23;7.95;35.62;2849.72;1771.04;-1078.68;0.00
0.27;9.27;35.62;2849.61;2050.12;-799.48;0.00
0.23;10.49;40.49;3238.92;1926.69;-1312.24;0.00
0.24;12.12;32.91;2632.87;2041.87;-591.00;0.00
0.24;9.76;39.31;3144.54;1917.00;-1227.54;0.00
0.28;9.69;33.60;2688.11;2130.31;-557.80;0.00
0.22;10.17;39.36;3148.76;1832.70;-1316.05;0.00
0.27;11.35;38.79;3103.47;2203.25;-900.21;0.00
0.26;8.02;44.49;3558.97;1950.83;-1608.15;0.00
0.26;9.80;38.59;3086.99;2059.51;-1027.48;0.00
0.24;8.81;36.10;2888.29;1901.55;-986.74;0.00
0.21;11.89;45.89;3671.43;1880.03;-1791.40;0.00
0.28;8.94;32.07;2565.34;2088.80;-476.54;0.00
0.23;10.86;44.16;3533.15;1931.09;-1602.07;0.00
0.25;9.54;34.67;2773.77;1959.62;-814.14;0.00
0.26;11.19;39.43;3154.17;2138.58;-1015.60;0.00
0.27;9.44;39.02;3121.83;2096.10;-1025.72;0.00
0.24;11.88;40.86;3268.70;2041.01;-1227.69;0.00
0.21;11.34;43.75;3500.31;1834.19;-1666.12;0.00
0.30;11.00;36.43;2914.18;2359.54;-554.64;0.00
0.25;10.41;38.63;3090.38;2007.34;-1083.05;0.00
0.23;10.39;41.93;3354.18;1879.96;-1474.22;0.00
0.24;10.69;37.78;3022.77;1981.42;-1041.35;0.00
0.23;8.04;48.04;3842.91;1749.93;-2092.97;0.00
0.26;12.17;40.06;3204.67;2156.88;-1047.79;0.00
0.23;8.13;38.45;3076.39;1790.43;-1285.96;0.00
0.23;12.01;44.37;3549.28;1989.69;-1559.59;0.00
0.24;7.47;41.68;3334.48;1803.24;-1531.24;0.00
0.22;9.95;43.27;3461.24;1796.07;-1665.17;0.00
0.21;10.96;52.13;4170.42;1816.26;-2354.16;0.00
0.17;10.83;37.88;3030.48;1599.42;-1431.07;0.00
0.25;10.75;33.11;2649.10;2040.68;-608.42;0.00
0.26;10.98;41.87;3349.25;2085.02;-1264.24;0.00
0.25;9.96;38.53;3082.61;2008.98;-1073.64;0.00
0.21;8.65;35.30;2824.03;1706.32;-1117.71;0.00
0.25;12.08;37.13;2970.52;2132.98;-837.53;0.00
0.20;10.46;45.59;3647.30;1741.26;-1906.05;0.00
0.28;11.23;48.85;3907.88;2232.09;-1675.79;0.00
0.27;9.77;38.00;3039.88;2105.64;-934.24;0.00
0.26;12.83;37.83;3026.77;2227.93;-798.84;0.00
0.27;11.49;38.08;3046.66;2198.76;-847.90;0.00
0.28;9.56;40.96;3276.77;2151.83;-1124.94;0.00
0.28;10.98;42.39;3391.48;2219.46;-1172.02;0.00
0.23;8.14;41.82;3345.66;1758.88;-1586.78;0.00
0.24;7.83;33.47;2677.23;1832.33;-844.90;0.00
0.27;10.21;39.73;3178.01;2128.94;-1049.08;0.00
0.25;8.60;43.44;3475.23;1898.14;-1577.09;0.00
0.23;11.47;45.29;3623.03;1964.22;-1658.81;0.00
0.25;12.29;49.85;3987.66;2120.71;-1866.95;0.00
0.26;10.73;40.51;3240.90;2072.37;-1168.53;0.00
0.25;8.90;39.46;3157.08;1962.58;-1194.50;0.00
0.27;11.52;36.78;2942.33;2218.67;-723.67;0.00
0.23;9.54;42.74;3419.37;1840.79;-1578.58;0.00
0.29;11.16;45.34;3627.47;2311.59;-1315.88;0.00
0.25;9.63;46.92;3753.21;2003.21;-1750.01;0.00
0.23;9.82;37.15;2972.26;1868.74;-1103.51;0.00
0.24;8.06;37.80;3023.61;1808.78;-1214.84;0.00
0.25;10.60;36.10;2888.24;2043.89;-844.35;0.00
0.30;10.17;35.29;2823.37;2273.94;-549.43;0.00
0.23;11.92;37.47;2997.35;2007.07;-990.27;0.00
0.24;9.18;44.32;3545.86;1900.66;-1645.20;0.00
0.24;11.72;38.25;3059.85;2010.54;-1049.31;0.00
0.25;10.20;50.75;4060.34;1996.83;-2063.51;0.00
0.23;10.01;40.90;3271.65;1853.35;-1418.30;0.00
0.24;10.73;33.88;2710.27;2006.03;-704.24;0.00
0.25;10.00;37.89;3031.20;1984.07;-1047.14;0.00
0.26;9.82;41.46;3316.75;2074.15;-1242.59;0.00
0.23;9.52;40.02;3201.77;1884.14;-1317.63;0.00
0.28;8.81;34.13;2730.79;2088.61;-642.18;0.00
0.21;9.83;45.02;3601.63;1761.59;-1840.05;0.00
0.26;8.23;44.24;3539.41;1964.32;-1575.09;0.00
0.28;10.86;42.83;3426.32;2214.94;-1211.38;0.00
0.23;9.51;36.00;2880.29;1848.59;-1031.69;0.00
0.28;8.98;33.97;2717.23;2131.55;-585.68;0.00
0.23;11.15;44.29;3542.80;1922.28;-1620.52;0.00
0.27;9.93;39.56;3164.57;2105.64;-1058.93;0.00
0.24;10.58;34.71;2776.90;1997.36;-779.54;0.00
0.25;8.94;39.77;3181.41;1914.84;-1266.57;0.00
0.25;10.06;35.22;2817.22;2011.39;-805.83;0.00
0.23;9.28;42.38;3390.76;1852.36;-1538.40;0.00
0.29;9.14;39.17;3133.74;2174.76;-958.98;0.00
0.26;10.58;44.00;3520.17;2095.93;-1424.24;0.00
0.24;10.64;43.36;3468.96;2002.02;-1466.94;0.00
0.26;10.74;50.24;4019.38;2122.31;-1897.07;0.00
0.25;9.16;37.50;3000.12;1956.06;-1044.07;0.00
0.25;9.51;42.93;3434.37;1970.48;-1463.89;0.00
0.24;10.10;31.63;2530.49;1969.87;-560.62;0.00
0.23;6.54;37.20;2975.63;1709.89;-1265.75;0.00
0.31;9.63;45.83;3666.03;2316.04;-1349.99;0.00
0.26;10.91;39.50;3159.78;2124.33;-1035.45;0.00
0.22;11.77;32.15;2572.17;1915.42;-656.76;0.00
0.23;10.26;38.45;3076.06;1913.75;-1162.32;0.00
0.25;9.52;38.24;3059.18;1978.19;-1080.99;0.00
0.25;10.59;32.70;2616.34;2036.35;-579.99;0.00
0.31;12.41;32.45;2595.88;2453.49;-142.40;0.00
0.25;10.65;41.57;3325.24;2017.65;-1307.59;0.00
0.26;9.06;47.70;3816.02;2024.58;-1791.43;0.00
0.25;10.37;41.66;3332.70;2009.09;-1323.61;0.00
0.24;10.05;41.94;3354.88;1961.60;-1393.28;0.00
0.25;8.98;36.02;2881.32;1919.02;-962.30;0.00
0.22;8.90;35.58;2846.75;1768.64;-1078.11;0.00
0.25;10.26;38.07;3045.29;2008.62;-1036.67;0.00
0.24;9.83;47.34;3787.36;1931.72;-1855.65;0.00
0.23;11.22;40.00;3199.76;1972.44;-1227.32;0.00
0.24;10.59;44.33;3546.67;1963.60;-1583.08;0.00
0.25;10.16;35.21;2816.65;1992.38;-824.27;0.00
0.26;11.59;41.90;3351.72;2120.26;-1231.46;0.00
0.23;8.73;51.79;4143.00;1836.28;-2306.73;0.00
0.30;11.80;29.77;2381.29;2388.44;7.15;1.00
0.26;9.14;36.94;2955.19;2009.70;-945.50;0.00
0.27;9.73;37.65;3011.61;2075.89;-935.72;0.00
0.29;9.82;36.78;2942.47;2213.23;-729.24;0.00
0.24;10.39;48.91;3913.14;1964.26;-1948.88;0.00
0.23;10.64;39.21;3136.75;1942.76;-1193.99;0.00
0.29;11.64;47.10;3768.37;2331.08;-1437.29;0.00
0.24;10.05;42.32;3385.53;1953.71;-1431.82;0.00
0.23;10.53;42.06;3365.17;1919.88;-1445.29;0.00
0.27;10.39;44.47;3557.73;2114.95;-1442.77;0.00
0.28;10.62;46.60;3728.34;2185.29;-1543.06;0.00
0.28;9.94;41.86;3348.80;2160.78;-1188.02;0.00
0.26;9.66;37.88;3030.49;2012.98;-1017.51;0.00
0.24;9.52;43.57;3485.89;1942.40;-1543.50;0.00
0.22;9.57;41.60;3328.38;1787.54;-1540.84;0.00
0.25;8.60;36.24;2899.30;1951.09;-948.21;0.00
0.21;9.26;40.29;3222.91;1705.42;-1517.49;0.00
0.24;10.45;40.60;3247.85;1973.40;-1274.44;0.00
0.25;10.67;42.16;3372.70;2012.37;-1360.33;0.00
0.28;8.82;37.71;3016.87;2117.13;-899.74;0.00
0.25;10.14;42.65;3411.91;1994.30;-1417.61;0.00
0.28;10.07;42.64;3411.09;2167.29;-1243.80;0.00
0.24;9.25;40.55;3243.86;1927.49;-1316.37;0.00
0.25;9.68;43.78;3502.33;1965.57;-1536.76;0.00
0.27;10.43;42.44;3395.46;2119.68;-1275.77;0.00
0.24;9.41;33.87;2709.28;1883.05;-826.23;0.00
0.26;11.73;40.53;3242.11;2177.44;-1064.67;0.00
0.28;10.19;41.50;3320.37;2190.90;-1129.47;0.00
0.28;10.37;36.43;2914.78;2173.87;-740.91;0.00
0.24;9.74;41.52;3321.78;1905.49;-1416.29;0.00
0.23;10.26;47.44;3795.14;1908.99;-1886.16;0.00
0.24;8.56;39.70;3175.96;1879.32;-1296.64;0.00
0.24;11.62;48.05;3843.63;2050.28;-1793.35;0.00
0.27;11.30;43.44;3475.06;2181.44;-1293.62;0.00
0.26;10.19;42.78;3422.53;2042.74;-1379.79;0.00
0.25;10.86;46.06;3684.71;2050.18;-1634.53;0.00
0.28;10.38;43.46;3476.61;2200.61;-1276.00;0.00
0.22;9.73;43.24;3458.91;1782.29;-1676.62;0.00
0.27;11.96;43.04;3443.41;2249.31;-1194.10;0.00
0.22;11.10;40.37;3229.95;1887.22;-1342.73;0.00
0.31;9.33;40.16;3212.99;2337.98;-875.02;0.00
0.27;10.15;45.04;3603.26;2124.08;-1479.18;0.00
0.24;10.47;39.17;3133.49;1967.39;-1166.09;0.00
0.27;9.29;44.66;3572.58;2055.61;-1516.97;0.00
0.27;10.64;34.70;2776.28;2126.12;-650.16;0.00
0.32;11.20;40.40;3232.18;2453.02;-779.16;0.00
0.24;10.78;38.63;3090.33;1952.72;-1137.61;0.00
0.22;11.14;47.08;3766.30;1880.64;-1885.66;0.00
0.23;10.78;39.33;3146.41;1931.66;-1214.75;0.00
0.26;10.06;44.03;3522.20;2030.20;-1492.00;0.00
0.25;10.00;45.40;3632.40;1977.57;-1654.83;0.00
0.26;11.02;36.77;2941.76;2129.44;-812.32;0.00
0.31;10.30;44.15;3531.93;2338.13;-1193.80;0.00
0.24;10.30;41.38;3310.04;1978.43;-1331.60;0.00
0.28;10.61;40.86;3268.55;2209.80;-1058.75;0.00
0.24;9.92;47.82;3825.33;1945.50;-1879.82;0.00
0.21;11.30;32.31;2584.97;1841.96;-743.01;0.00
0.27;11.31;30.91;2472.45;2173.84;-298.62;0.00
0.27;10.18;38.88;3110.69;2115.56;-995.13;0.00
0.25;9.75;32.16;2573.04;1991.03;-582.01;0.00
0.26;10.42;33.53;2682.67;2055.65;-627.02;0.00
0.27;10.18;35.23;2818.70;2123.17;-695.53;0.00
0.23;9.83;42.72;3417.84;1878.81;-1539.03;0.00
0.25;11.08;37.80;3023.77;2053.71;-970.06;0.00
0.25;10.53;36.24;2899.55;2024.39;-875.17;0.00
0.25;10.03;43.94;3515.17;2000.29;-1514.88;0.00
0.25;7.95;35.37;2829.64;1888.07;-941.57;0.00
0.29;9.61;40.95;3276.25;2195.99;-1080.26;0.00
0.26;9.57;55.76;4460.52;2030.54;-2429.99;0.00
0.26;10.70;33.44;2675.27;2084.95;-590.32;0.00
0.27;9.43;45.09;3607.55;2099.44;-1508.11;0.00
0.23;9.52;41.51;3320.49;1861.73;-1458.76;0.00
0.28;9.59;47.54;3803.27;2139.98;-1663.29;0.00
0.27;12.03;44.84;3587.31;2227.43;-1359.88;0.00
0.24;9.77;39.86;3188.94;1944.69;-1244.25;0.00
0.22;7.93;33.29;2662.98;1723.63;-939.35;0.00
0.23;10.37;41.40;3311.74;1879.64;-1432.10;0.00
0.23;10.49;43.49;3478.83;1901.94;-1576.89;0.00
0.27;10.99;37.46;2996.42;2180.69;-815.74;0.00
0.18;9.43;42.16;3372.79;1559.20;-1813.59;0.00
0.29;10.05;36.82;2945.32;2205.85;-739.47;0.00
0.29;10.07;47.81;3824.73;2230.92;-1593.81;0.00
0.25;11.37;32.99;2639.08;2095.64;-543.44;0.00
0.18;10.24;40.36;3228.84;1601.68;-1627.16;0.00
0.27;7.86;35.15;2812.01;1983.79;-828.22;0.00
0.29;8.79;40.64;3251.52;2181.32;-1070.20;0.00
0.23;10.84;41.57;3325.49;1940.64;-1384.85;0.00
0.24;8.67;37.30;2984.14;1851.34;-1132.80;0.00
0.27;9.90;39.88;3190.19;2083.20;-1106.99;0.00
0.26;9.71;42.44;3395.47;2017.32;-1378.15;0.00
0.26;9.88;39.93;3194.49;2060.24;-1134.25;0.00
0.25;9.33;45.01;3600.60;1948.99;-1651.61;0.00
0.24;9.94;39.18;3134.01;1931.67;-1202.34;0.00
0.26;8.06;42.11;3368.95;1973.03;-1395.92;0.00
0.26;10.52;31.25;2500.19;2101.39;-398.80;0.00
0.25;11.16;44.76;3580.81;2040.72;-1540.09;0.00
0.23;9.68;41.24;3299.54;1869.11;-1430.43;0.00
0.30;11.04;43.33;3466.05;2347.45;-1118.60;0.00
0.24;9.79;45.56;3644.76;1912.83;-1731.93;0.00
0.28;11.33;49.80;3984.32;2232.98;-1751.34;0.00
0.24;9.67;38.94;3115.48;1933.19;-1182.29;0.00
0.25;10.37;34.36;2748.42;2031.51;-716.91;0.00
0.24;9.79;42.97;3437.91;1931.53;-1506.38;0.00
0.26;10.14;38.63;3090.29;2088.00;-1002.28;0.00
0.25;9.98;36.30;2904.02;2003.22;-900.80;0.00
0.20;10.85;37.71;3016.83;1765.49;-1251.34;0.00
0.25;10.29;38.99;3119.09;2003.32;-1115.77;0.00
0.24;11.36;36.44;2915.55;2030.89;-884.67;0.00
0.27;11.09;37.12;2969.76;2157.49;-812.27;0.00
0.26;11.21;34.75;2780.36;2096.95;-683.41;0.00
0.23;11.01;40.30;3223.66;1964.25;-1259.41;0.00
0.26;11.11;38.52;3081.45;2110.46;-970.99;0.00
0.31;9.34;42.79;3423.51;2305.72;-1117.79;0.00
0.27;8.95;39.88;3190.01;2076.38;-1113.63;0.00
0.23;8.99;38.01;3041.09;1814.64;-1226.45;0.00
0.24;11.60;34.62;2769.22;2026.24;-742.97;0.00
0.20;8.85;38.82;3105.67;1667.02;-1438.64;0.00
0.26;9.01;41.77;3341.82;1988.52;-1353.30;0.00
0.23;10.68;36.23;2898.72;1910.23;-988.49;0.00
0.30;9.23;41.86;3348.72;2232.89;-1115.83;0.00
0.23;12.02;42.00;3360.17;2002.41;-1357.76;0.00
0.27;8.92;33.14;2651.14;2041.51;-609.63;0.00
0.26;10.20;42.16;3372.90;2078.25;-1294.65;0.00
0.21;8.33;38.08;3046.73;1683.13;-1363.60;0.00
0.24;9.29;37.04;2962.83;1890.57;-1072.26;0.00
0.28;9.49;39.57;3165.70;2146.75;-1018.96;0.00
0.28;10.96;40.32;3225.40;2241.32;-984.07;0.00
0.27;11.16;39.74;3179.47;2197.74;-981.73;0.00
0.27;12.77;45.32;3625.22;2268.80;-1356.42;0.00
0.21;10.63;37.77;3021.85;1796.44;-1225.41;0.00
0.26;8.61;39.32;3145.86;1953.29;-1192.57;0.00
0.28;9.95;42.07;3365.40;2160.07;-1205.34;0.00
0.25;11.04;38.83;3106.54;2060.86;-1045.68;0.00
0.29;8.92;39.24;3139.58;2156.45;-983.13;0.00
0.21;11.38;44.16;3532.80;1853.81;-1678.99;0.00
0.27;10.98;35.31;2824.78;2186.23;-638.56;0.00
0.24;7.32;40.34;3227.37;1812.67;-1414.70;0.00
0.25;11.15;40.00;3199.76;2073.10;-1126.66;0.00
0.24;7.69;44.32;3545.84;1841.39;-1704.45;0.00
0.23;10.20;43.46;3476.78;1869.95;-1606.83;0.00
0.26;8.86;37.61;3008.49;2008.32;-1000.17;0.00
0.20;12.87;41.89;3350.90;1846.24;-1504.66;0.00
0.24;11.50;39.89;3190.81;2027.28;-1163.53;0.00
0.21;10.35;37.62;3009.53;1788.33;-1221.19;0.00
0.25;11.62;39.03;3122.23;2059.33;-1062.90;0.00
0.25;9.60;40.70;3256.07;2004.54;-1251.53;0.00
0.24;9.70;42.27;3381.60;1920.86;-1460.75;0.00
0.24;9.50;37.43;2994.18;1931.12;-1063.07;0.00
0.25;10.63;34.90;2792.08;2044.56;-747.51;0.00
0.25;10.34;33.66;2692.79;2022.06;-670.73;0.00
0.23;11.43;39.43;3154.66;1963.69;-1190.97;0.00
0.25;11.45;36.33;2906.70;2095.79;-810.91;0.00
0.23;11.57;34.56;2764.79;1994.09;-770.69;0.00
0.28;9.75;23.59;1887.20;2171.06;283.86;1.00
0.28;10.14;30.76;2460.83;2169.86;-290.97;0.00
0.22;10.72;29.01;2321.17;1865.92;-455.24;0.00
0.24;11.50;44.94;3595.28;2001.04;-1594.24;0.00
0.27;9.15;44.92;3593.20;2040.23;-1552.98;0.00
0.27;10.87;41.80;3344.24;2157.80;-1186.44;0.00
0.21;9.61;40.49;3238.83;1730.89;-1507.94;0.00
0.24;9.55;38.44;3075.59;1923.27;-1152.33;0.00
0.25;11.38;43.60;3488.08;2056.80;-1431.28;0.00
0.25;12.06;37.06;2964.79;2080.06;-884.74;0.00
0.26;10.54;41.76;3340.69;2057.03;-1283.66;0.00
0.21;10.36;36.86;2948.96;1788.63;-1160.32;0.00
0.25;8.42;36.62;2929.32;1926.43;-1002.90;0.00
0.30;9.62;50.57;4045.38;2256.00;-1789.38;0.00
0.23;9.27;40.07;3205.97;1869.57;-1336.40;0.00
0.27;10.56;44.08;3526.44;2119.28;-1407.15;0.00
0.26;10.46;36.60;2927.73;2098.01;-829.72;0.00
0.26;9.21;42.89;3430.91;1987.01;-1443.90;0.00
0.26;10.88;34.28;2742.08;2113.26;-628.82;0.00
0.25;10.36;36.59;2927.54;2028.54;-899.00;0.00
0.30;8.82;37.03;2962.73;2198.36;-764.37;0.00
0.28;11.35;35.29;2823.52;2223.65;-599.86;0.00
0.30;10.11;42.03;3362.53;2270.92;-1091.61;0.00
0.25;12.31;48.16;3852.51;2122.12;-1730.39;0.00
0.28;11.09;45.12;3609.76;2204.15;-1405.61;0.00
0.22;10.92;40.01;3200.92;1854.80;-1346.12;0.00
0.25;10.26;38.57;3085.42;2034.11;-1051.31;0.00
0.26;10.06;38.34;3067.19;2041.15;-1026.03;0.00
0.30;11.11;37.51;3000.44;2325.34;-675.11;0.00
0.25;10.65;34.09;2727.30;2049.77;-677.53;0.00
0.23;9.94;45.23;3618.44;1879.82;-1738.62;0.00
0.23;11.41;37.63;3010.24;1967.39;-1042.84;0.00
0.25;8.90;30.16;2412.89;1956.28;-456.61;0.00
0.26;9.12;37.69;3015.40;2004.94;-1010.45;0.00
0.27;11.85;39.94;3195.41;2213.25;-982.16;0.00
0.27;8.36;43.40;3472.18;1998.14;-1474.04;0.00
0.23;10.46;36.53;2922.10;1889.73;-1032.36;0.00
0.29;10.12;32.31;2584.61;2208.70;-375.92;0.00
0.25;8.14;35.75;2859.92;1878.67;-981.26;0.00
0.25;10.29;39.98;3198.25;1995.59;-1202.66;0.00
0.21;9.50;39.54;3163.00;1709.25;-1453.75;0.00
0.23;9.77;34.45;2755.89;1864.71;-891.18;0.00
0.23;9.95;41.70;3335.63;1868.15;-1467.49;0.00
0.22;10.61;41.34;3306.94;1851.56;-1455.38;0.00
0.26;8.37;33.06;2644.44;1979.26;-665.18;0.00
0.22;10.24;31.04;2483.12;1809.10;-674.02;0.00
0.23;9.54;46.68;3734.54;1877.86;-1856.68;0.00
0.24;9.37;44.04;3523.39;1888.64;-1634.76;0.00
0.28;8.95;38.44;3075.56;2139.05;-936.52;0.00
0.22;10.67;41.55;3323.96;1871.31;-1452.65;0.00
0.27;11.70;36.35;2908.36;2193.12;-715.24;0.00
0.25;10.16;42.36;3388.85;2004.34;-1384.51;0.00
0.28;10.44;45.60;3648.29;2221.49;-1426.80;0.00
0.22;11.35;34.94;2795.37;1905.33;-890.05;0.00
0.26;12.10;33.97;2717.31;2165.02;-552.30;0.00
0.22;11.29;37.25;2979.68;1905.71;-1073.97;0.00
0.27;10.61;43.06;3445.19;2123.37;-1321.82;0.00
0.19;9.28;35.93;2874.50;1585.92;-1288.58;0.00
0.26;10.44;38.31;3065.06;2072.64;-992.42;0.00
0.29;10.17;40.36;3228.46;2219.50;-1008.96;0.00
0.26;10.54;45.76;3660.62;2080.60;-1580.03;0.00
0.23;11.22;33.76;2700.71;1953.85;-746.86;0.00
0.20;9.49;39.51;3160.51;1678.36;-1482.15;0.00
0.28;9.70;34.27;2741.38;2128.39;-612.99;0.00
0.21;11.42;36.15;2892.36;1861.24;-1031.12;0.00
0.31;10.80;46.69;3735.09;2375.57;-1359.52;0.00
0.24;9.85;39.44;3155.48;1907.65;-1247.84;0.00
0.29;11.21;37.33;2986.21;2321.92;-664.28;0.00
0.26;10.86;46.51;3720.79;2076.81;-1643.98;0.00
0.26;8.50;39.64;3171.53;1967.53;-1204.01;0.00
0.26;9.31;43.42;3473.46;2026.87;-1446.59;0.00
0.25;9.81;42.22;3377.32;1965.13;-1412.19;0.00
0.22;9.66;45.78;3662.50;1819.37;-1843.13;0.00
0.24;9.81;46.37;3709.55;1954.78;-1754.77;0.00
0.25;9.04;36.83;2946.65;1918.66;-1027.98;0.00
0.28;12.27;37.84;3027.16;2277.72;-749.44;0.00
0.24;9.07;38.67;3093.65;1892.88;-1200.77;0.00
0.26;11.46;48.59;3887.06;2162.08;-1724.98;0.00
0.28;12.46;35.11;2808.96;2316.02;-492.94;0.00
0.21;9.41;43.39;3471.39;1724.59;-1746.80;0.00
0.24;11.24;40.19;3214.89;2006.76;-1208.13;0.00
0.26;8.56;38.78;3102.64;1973.33;-1129.31;0.00
0.25;8.71;49.73;3978.19;1923.56;-2054.63;0.00
0.24;8.44;42.24;3379.32;1843.42;-1535.90;0.00
0.30;9.63;39.18;3134.36;2249.42;-884.94;0.00
0.23;9.65;41.52;3321.98;1866.43;-1455.55;0.00
0.29;11.43;48.91;3913.03;2285.31;-1627.72;0.00
0.30;9.44;32.94;2635.25;2258.20;-377.05;0.00
0.28;9.81;44.62;3569.39;2142.08;-1427.31;0.00
0.24;10.54;32.58;2606.65;1958.13;-648.52;0.00
0.27;11.66;48.36;3868.98;2202.15;-1666.83;0.00
0.25;10.01;41.82;3345.27;2021.46;-1323.81;0.00
0.27;10.59;35.80;2864.18;2168.81;-695.37;0.00
0.28;9.42;52.35;4188.22;2170.13;-2018.10;0.00
0.26;10.55;37.17;2973.56;2087.72;-885.84;0.00
0.30;10.67;42.69;3414.96;2308.48;-1106.49;0.00
0.21;8.41;40.65;3252.17;1655.74;-1596.43;0.00
0.24;10.23;39.80;3184.15;1970.69;-1213.46;0.00
0.23;9.08;32.79;2622.97;1836.48;-786.50;0.00
0.22;9.85;32.09;2566.92;1818.95;-747.97;0.00
0.25;11.25;49.25;3940.18;2043.01;-1897.17;0.00
0.30;10.06;44.45;3556.28;2269.70;-1286.59;0.00
0.26;9.56;34.84;2787.52;2021.71;-765.81;0.00
0.24;9.63;43.04;3443.37;1908.20;-1535.17;0.00
0.26;10.63;42.43;3394.19;2095.76;-1298.43;0.00
0.28;11.32;41.64;3331.46;2270.33;-1061.13;0.00
0.24;9.70;41.22;3297.27;1927.06;-1370.21;0.00
0.21;10.39;30.88;2470.73;1802.28;-668.45;0.00
0.22;10.48;46.85;3748.40;1859.64;-1888.75;0.00
0.27;9.93;44.15;3531.83;2099.60;-1432.22;0.00
0.24;10.85;37.91;3033.16;1965.97;-1067.19;0.00
0.28;11.86;46.28;3702.09;2289.56;-1412.53;0.00
0.25;10.53;39.19;3135.41;2019.98;-1115.43;0.00
0.30;11.14;38.71;3097.13;2329.39;-767.74;0.00
0.20;11.25;26.49;2119.57;1790.29;-329.28;0.00
0.26;8.37;44.00;3520.39;1992.55;-1527.84;0.00
0.25;10.47;41.14;3291.01;2029.71;-1261.30;0.00
0.22;9.52;44.62;3569.46;1802.15;-1767.31;0.00
0.26;10.79;41.92;3353.98;2117.01;-1236.97;0.00
0.26;9.23;38.57;3085.58;1992.32;-1093.25;0.00
0.26;10.61;39.06;3124.71;2089.32;-1035.39;0.00
0.20;12.28;37.81;3024.54;1802.10;-1222.44;0.00
0.27;9.57;42.54;3403.05;2116.24;-1286.81;0.00
0.23;9.87;31.01;2480.54;1891.83;-588.70;0.00
0.23;10.67;39.63;3170.47;1933.10;-1237.37;0.00
0.28;12.92;34.46;2757.14;2336.46;-420.68;0.00
0.26;9.69;42.07;3365.72;2066.13;-1299.59;0.00
0.18;11.09;41.37;3309.77;1672.06;-1637.71;0.00
0.22;8.88;39.79;3183.50;1759.15;-1424.36;0.00
0.18;11.47;36.79;2942.92;1680.49;-1262.42;0.00
0.28;11.58;36.53;2922.41;2244.28;-678.13;0.00
0.23;11.34;41.65;3332.26;1945.28;-1386.97;0.00
0.26;10.49;47.02;3761.31;2082.51;-1678.80;0.00
0.25;9.98;30.66;2452.56;1971.46;-481.10;0.00
0.32;8.85;38.74;3098.81;2351.98;-746.82;0.00
0.22;9.58;40.02;3201.25;1774.56;-1426.69;0.00
0.26;11.01;29.28;2342.06;2086.81;-255.25;0.00
0.32;7.12;45.50;3640.30;2223.28;-1417.02;0.00
0.24;10.99;41.17;3293.46;2004.75;-1288.71;0.00
0.21;10.63;36.33;2906.11;1776.11;-1130.00;0.00
0.25;8.45;34.41;2753.08;1937.64;-815.44;0.00
0.22;11.99;46.74;3738.82;1937.16;-1801.66;0.00
0.24;10.16;44.27;3541.70;1954.28;-1587.42;0.00
0.23;11.02;42.10;3368.38;1958.74;-1409.64;0.00
0.25;10.34;32.41;2592.74;2006.32;-586.42;0.00
0.25;11.27;31.26;2500.56;2054.90;-445.66;0.00
0.24;10.13;40.47;3237.97;1971.51;-1266.46;0.00
0.25;10.25;39.26;3140.93;2040.48;-1100.45;0.00
0.28;7.97;42.43;3394.11;2046.53;-1347.58;0.00
0.20;8.77;44.79;3583.07;1659.71;-1923.36;0.00
0.26;9.69;45.58;3646.26;2030.93;-1615.33;0.00
0.23;10.91;40.09;3206.97;1921.27;-1285.70;0.00
0.26;9.44;31.14;2490.89;2005.79;-485.09;0.00
0.26;11.54;43.08;3446.49;2161.25;-1285.24;0.00
0.25;8.18;47.07;3765.88;1908.83;-1857.05;0.00
0.23;10.44;48.08;3846.34;1911.03;-1935.31;0.00
0.24;11.36;40.24;3218.98;1997.80;-1221.19;0.00
0.29;8.19;45.05;3604.20;2111.62;-1492.58;0.00
0.26;9.80;41.21;3296.65;2053.71;-1242.95;0.00
0.29;10.50;34.80;2784.36;2245.95;-538.41;0.00
0.25;10.89;36.93;2954.44;2029.79;-924.65;0.00
0.26;10.05;37.97;3037.60;2072.77;-964.83;0.00
0.24;11.08;44.63;3570.73;1994.89;-1575.85;0.00
0.27;9.81;43.23;3458.50;2099.22;-1359.28;0.00
0.25;7.89;32.87;2629.57;1870.62;-758.95;0.00
0.23;11.85;38.78;3102.24;1974.61;-1127.63;0.00
0.27;10.84;45.71;3656.74;2167.85;-1488.89;0.00
0.26;8.32;44.80;3583.90;1952.66;-1631.25;0.00
0.23;10.15;41.74;3339.49;1911.98;-1427.50;0.00
0.21;12.11;47.25;3779.62;1888.29;-1891.34;0.00
0.27;9.31;31.33;2506.10;2081.88;-424.22;0.00
0.25;10.85;39.68;3174.23;2037.07;-1137.16;0.00
0.28;9.33;36.56;2924.82;2160.51;-764.31;0.00
0.23;9.39;40.49;3238.86;1853.35;-1385.51;0.00
0.28;9.77;49.26;3940.90;2169.65;-1771.25;0.00
0.25;10.76;40.60;3248.08;2064.22;-1183.86;0.00
0.22;8.91;30.98;2478.60;1783.88;-694.72;0.00
0.21;8.98;44.64;3570.85;1694.50;-1876.35;0.00
0.28;7.65;36.99;2959.41;2051.05;-908.36;0.00
0.25;9.93;42.83;3426.04;1974.54;-1451.50;0.00
0.31;8.88;49.47;3957.87;2283.71;-1674.16;0.00
0.30;10.46;37.61;3009.00;2305.88;-703.12;0.00
0.30;10.55;40.56;3245.19;2299.34;-945.85;0.00
0.24;10.75;41.26;3300.55;2000.72;-1299.83;0.00
0.27;10.47;40.00;3199.73;2115.18;-1084.55;0.00
0.27;10.98;38.02;3041.44;2164.03;-877.41;0.00
0.27;10.49;33.04;2643.13;2115.15;-527.98;0.00
0.25;10.91;35.78;2862.73;2043.20;-819.53;0.00
0.26;9.12;40.54;3243.26;2013.10;-1230.16;0.00
0.23;11.86;45.78;3662.62;2008.37;-1654.25;0.00
0.26;9.72;43.00;3440.35;2038.81;-1401.54;0.00
0.24;11.21;39.57;3165.35;2025.51;-1139.83;0.00
0.23;11.11;46.84;3747.10;1965.32;-1781.78;0.00
0.28;9.04;42.01;3361.12;2132.21;-1228.91;0.00
0.29;10.59;38.92;3113.55;2249.57;-863.98;0.00
0.24;10.87;39.45;3156.24;2002.47;-1153.77;0.00
0.25;11.38;36.83;2946.29;2055.65;-890.64;0.00
0.29;7.72;39.05;3123.70;2087.13;-1036.56;0.00
0.25;11.65;36.92;2953.36;2089.64;-863.71;0.00
0.25;13.04;35.27;2821.65;2162.20;-659.45;0.00
0.30;10.70;36.52;2921.77;2348.91;-572.86;0.00
0.27;9.37;39.18;3134.75;2062.62;-1072.12;0.00
0.24;11.23;44.70;3575.87;2030.92;-1544.95;0.00
0.28;11.07;40.26;3221.09;2209.53;-1011.57;0.00
0.29;11.20;42.01;3360.56;2321.55;-1039.01;0.00
0.23;10.86;37.91;3032.46;1949.78;-1082.68;0.00
0.28;8.90;39.31;3144.53;2089.27;-1055.27;0.00
0.20;10.54;41.95;3355.75;1754.60;-1601.15;0.00
0.26;9.19;41.02;3281.72;2030.54;-1251.18;0.00
0.26;10.85;41.48;3318.14;2083.80;-1234.33;0.00
0.26;10.20;36.70;2936.12;2069.95;-866.17;0.00
0.29;10.32;47.03;3762.35;2244.28;-1518.08;0.00
0.23;9.58;39.33;3146.48;1867.55;-1278.93;0.00
0.24;10.17;42.06;3365.00;1962.83;-1402.17;0.00
0.28;10.56;38.93;3114.79;2231.49;-883.30;0.00
0.27;10.23;44.45;3555.60;2144.64;-1410.96;0.00
0.25;11.06;44.17;3533.22;2051.05;-1482.17;0.00
0.29;9.76;39.47;3157.43;2198.04;-959.39;0.00
0.21;10.80;37.83;3026.62;1834.76;-1191.86;0.00
0.24;10.77;39.56;3164.74;1998.64;-1166.10;0.00
0.26;10.45;45.02;3602.00;2099.56;-1502.43;0.00
0.23;11.89;47.66;3813.13;1987.66;-1825.47;0.00
0.23;10.91;26.22;2097.52;1901.27;-196.26;0.00
0.24;9.69;40.98;3278.43;1930.18;-1348.25;0.00
0.25;10.28;42.86;3428.54;1995.93;-1432.62;0.00
0.22;10.38;34.21;2736.93;1822.72;-914.20;0.00
0.23;9.15;32.22;2577.93;1845.22;-732.71;0.00
0.21;10.26;43.87;3509.22;1777.13;-1732.09;0.00
0.24;11.53;41.16;3292.47;2019.41;-1273.06;0.00
0.24;10.09;35.32;2825.54;1934.32;-891.21;0.00
0.27;10.34;37.47;2997.27;2132.44;-864.83;0.00
0.23;10.66;43.04;3443.11;1914.14;-1528.97;0.00
0.25;9.45;37.35;2987.60;1940.84;-1046.76;0.00
0.29;10.60;50.75;4060.22;2237.47;-1822.75;0.00
0.29;11.47;39.34;3146.86;2289.43;-857.43;0.00
0.28;10.33;38.97;3117.61;2167.36;-950.25;0.00
0.24;9.04;37.45;2996.05;1904.12;-1091.93;0.00
0.21;10.34;40.47;3237.68;1800.07;-1437.61;0.00
0.26;11.72;38.87;3109.55;2157.91;-951.64;0.00
0.24;7.51;50.62;4049.64;1797.64;-2252.00;0.00
0.28;10.18;48.19;3855.23;2165.87;-1689.36;0.00
0.22;8.88;40.28;3222.54;1754.52;-1468.02;0.00
0.22;11.94;36.71;2936.69;1919.35;-1017.33;0.00
0.24;12.44;42.39;3390.94;2086.68;-1304.26;0.00
0.22;10.96;42.73;3418.46;1872.95;-1545.51;0.00
0.22;10.10;40.83;3266.37;1827.88;-1438.50;0.00
0.24;11.96;40.92;3273.43;2053.75;-1219.69;0.00
0.23;9.64;42.30;3384.40;1858.24;-1526.16;0.00
0.28;9.73;43.93;3514.11;2133.80;-1380.30;0.00
0.25;10.00;36.29;2903.36;1991.66;-911.71;0.00
0.26;10.00;37.75;3020.01;2065.32;-954.69;0.00
0.25;10.87;35.55;2844.05;2041.63;-802.42;0.00
0.28;10.81;37.34;2987.21;2206.58;-780.63;0.00
0.29;10.97;35.85;2867.62;2281.22;-586.40;0.00
0.23;9.33;46.43;3714.25;1872.24;-1842.01;0.00
0.29;8.23;31.24;2499.39;2153.43;-345.97;0.00
0.25;11.97;41.60;3328.27;2108.31;-1219.96;0.00
0.28;10.87;35.25;2819.87;2204.60;-615.27;0.00
0.26;8.74;42.88;3430.35;1979.75;-1450.60;0.00
0.27;9.84;35.30;2824.08;2117.12;-706.97;0.00
0.21;8.42;47.45;3795.63;1681.80;-2113.83;0.00
0.24;9.57;39.34;3146.94;1902.21;-1244.73;0.00
0.23;12.05;38.92;3113.23;2019.66;-1093.57;0.00
0.28;10.24;35.86;2869.18;2196.49;-672.68;0.00
0.26;9.73;43.19;3454.83;2068.98;-1385.85;0.00
0.27;9.50;40.45;3236.25;2113.69;-1122.56;0.00
0.30;10.76;40.26;3220.47;2301.71;-918.76;0.00
0.24;9.34;33.81;2704.80;1931.28;-773.52;0.00
0.20;11.98;44.46;3556.88;1803.67;-1753.20;0.00
0.18;11.27;38.12;3049.75;1677.68;-1372.07;0.00
0.26;11.87;44.51;3560.70;2139.74;-1420.96;0.00
0.28;8.40;27.65;2212.28;2059.47;-152.81;0.00
0.26;10.18;43.54;3483.42;2054.60;-1428.82;0.00
0.26;8.48;49.69;3975.56;1994.19;-1981.37;0.00
0.19;9.76;39.41;3152.45;1653.01;-1499.44;0.00
0.22;10.22;44.38;3550.61;1855.77;-1694.83;0.00
0.21;12.61;43.27;3461.73;1929.59;-1532.14;0.00
0.20;10.65;39.19;3135.49;1741.35;-1394.14;0.00
0.26;10.16;40.44;3235.29;2064.35;-1170.94;0.00
0.25;8.60;41.48;3318.63;1908.29;-1410.35;0.00
0.26;9.36;36.15;2892.26;2010.80;-881.46;0.00
0.26;11.06;33.85;2707.71;2135.78;-571.93;0.00
0.26;10.43;39.02;3121.90;2071.25;-1050.65;0.00
0.23;10.86;38.43;3074.38;1936.24;-1138.14;0.00
0.23;9.76;42.26;3380.73;1886.79;-1493.94;0.00
0.25;10.27;37.18;2974.67;2004.32;-970.35;0.00
0.26;10.28;35.79;2863.15;2077.62;-785.53;0.00
0.25;9.19;44.57;3565.75;1934.23;-1631.52;0.00
0.25;10.77;41.45;3316.23;2035.73;-1280.50;0.00
0.30;8.08;52.07;4165.83;2185.87;-1979.96;0.00
0.24;8.76;33.04;2642.95;1897.42;-745.52;0.00
0.29;9.01;40.14;3211.29;2161.32;-1049.97;0.00
0.25;9.03;29.18;2334.63;1957.93;-376.70;0.00
0.23;10.09;34.32;2745.72;1883.00;-862.72;0.00
0.24;10.78;41.05;3284.09;2009.21;-1274.88;0.00
0.27;9.90;36.22;2897.28;2135.97;-761.30;0.00
0.23;11.96;41.63;3330.26;1972.51;-1357.74;0.00
0.31;10.22;36.57;2925.75;2350.67;-575.07;0.00
0.30;8.58;40.28;3222.06;2223.32;-998.74;0.00
0.27;8.26;38.53;3082.32;2047.91;-1034.41;0.00
0.20;9.63;40.99;3279.17;1672.05;-1607.12;0.00
0.27;10.15;33.18;2654.66;2099.15;-555.51;0.00
0.21;9.91;37.74;3019.41;1773.75;-1245.66;0.00
0.24;8.93;45.83;3666.40;1909.34;-1757.06;0.00
0.30;10.68;44.08;3526.29;2299.31;-1226.99;0.00
0.26;12.10;37.43;2994.38;2193.72;-800.66;0.00
0.25;10.73;44.86;3588.56;2023.26;-1565.29;0.00
0.26;11.21;36.50;2919.82;2149.72;-770.10;0.00
0.23;10.15;40.61;3248.42;1906.16;-1342.26;0.00
0.26;8.82;31.42;2513.32;1971.86;-541.47;0.00
0.26;9.24;40.44;3235.19;2020.45;-1214.74;0.00
0.28;10.99;37.99;3039.09;2249.94;-789.15;0.00
0.24;9.77;37.06;2965.09;1915.18;-1049.91;0.00
0.24;10.10;35.61;2848.49;1924.53;-923.96;0.00
0.24;12.32;37.61;3008.43;2077.75;-930.68;0.00
0.26;10.76;32.90;2631.96;2117.97;-513.99;0.00
0.27;11.58;38.50;3079.74;2217.34;-862.40;0.00
0.24;8.54;50.10;4007.84;1837.85;-2169.98;0.00
0.25;7.93;44.99;3598.91;1885.02;-1713.90;0.00
0.23;9.97;44.19;3534.97;1861.74;-1673.24;0.00
0.25;11.45;41.06;3285.11;2048.02;-1237.08;0.00
0.28;10.08;47.50;3800.38;2150.09;-1650.29;0.00
0.20;8.41;40.34;3226.82;1638.73;-1588.09;0.00
0.23;10.83;43.62;3489.50;1914.92;-1574.58;0.00
0.31;8.51;35.64;2851.55;2282.25;-569.29;0.00
0.23;11.38;35.41;2832.96;1969.39;-863.57;0.00
0.25;10.15;36.50;2919.63;2025.66;-893.97;0.00
0.28;8.22;47.51;3800.91;2064.30;-1736.60;0.00
0.26;10.71;43.32;3465.56;2066.22;-1399.35;0.00
0.24;9.69;38.69;3094.84;1896.40;-1198.44;0.00
0.25;9.25;46.37;3709.22;1957.26;-1751.96;0.00
0.22;10.33;36.28;2902.59;1843.78;-1058.81;0.00
0.25;13.30;43.14;3450.90;2147.49;-1303.41;0.00
0.26;10.02;48.37;3869.22;2046.16;-1823.06;0.00
0.22;10.56;37.42;2993.59;1843.79;-1149.80;0.00
0.27;9.99;41.98;3358.46;2093.89;-1264.56;0.00
0.21;10.81;39.50;3159.65;1837.03;-1322.62;0.00
0.23;7.58;41.00;3279.79;1778.06;-1501.73;0.00
0.31;11.10;37.18;2974.21;2386.54;-587.67;0.00
0.29;10.96;44.66;3572.65;2267.83;-1304.83;0.00
0.25;10.46;42.21;3376.96;2020.34;-1356.62;0.00
0.22;9.37;29.33;2346.42;1814.75;-531.67;0.00
0.25;11.16;31.56;2525.16;2032.13;-493.03;0.00
0.22;9.21;39.13;3130.34;1779.30;-1351.04;0.00
0.23;9.15;48.30;3864.05;1862.34;-2001.71;0.00
0.24;9.02;29.71;2377.08;1867.50;-509.58;0.00
0.24;10.63;41.85;3348.07;1967.87;-1380.20;0.00
0.27;9.94;33.80;2703.64;2112.74;-590.90;0.00
0.28;11.90;37.53;3002.12;2293.16;-708.97;0.00
0.28;11.75;42.47;3398.00;2287.53;-1110.47;0.00
0.27;9.95;36.63;2930.06;2102.54;-827.52;0.00
0.26;9.77;38.56;3085.12;2066.86;-1018.27;0.00
0.25;11.51;34.77;2781.38;2080.93;-700.44;0.00
0.27;7.02;31.19;2494.93;1974.00;-520.93;0.00
0.22;8.97;45.44;3635.23;1769.41;-1865.82;0.00
0.24;11.32;41.07;3285.70;2037.95;-1247.75;0.00
0.28;10.77;40.73;3258.42;2230.57;-1027.85;0.00
0.26;8.79;36.59;2926.83;1978.10;-948.72;0.00
0.26;10.54;35.93;2874.56;2077.25;-797.31;0.00
0.25;11.10;44.97;3597.89;2054.21;-1543.68;0.00
0.25;10.49;36.93;2954.75;2011.22;-943.53;0.00
0.23;11.73;36.91;2952.80;1961.42;-991.39;0.00
0.22;10.90;37.08;2966.70;1862.85;-1103.85;0.00
