# X_0;X_1;X_2;R_0;S_0;G_0;I_0
0.22;9.21;37.56;3004.75;1773.95;-1230.80;0.00
0.20;9.69;39.00;3120.07;1699.70;-1420.38;0.00
0.26;9.48;35.76;2860.80;2041.59;-819.20;0.00
0.25;12.57;48.55;3884.20;2113.97;-1770.24;0.00
0.26;9.29;39.68;3174.36;2013.44;-1160.92;0.00
0.25;10.08;39.24;3138.89;2011.62;-1127.27;0.00
0.25;11.31;42.20;3375.79;2041.80;-1333.99;0.00
0.29;10.93;31.50;2520.14;2254.25;-265.88;0.00
0.23;8.18;46.41;3712.50;1775.67;-1936.83;0.00
0.27;10.80;43.50;3480.28;2147.78;-1332.49;0.00
0.26;8.81;33.57;2685.28;1974.58;-710.69;0.00
0.26;10.89;41.12;3289.46;2118.94;-1170.51;0.00
0.22;10.71;37.47;2997.39;1857.22;-1140.16;0.00
0.26;11.53;36.18;2894.65;2136.60;-758.05;0.00
0.27;9.60;43.51;3480.61;2113.52;-1367.09;0.00
0.24;9.32;41.16;3292.43;1926.92;-1365.51;0.00
0.24;11.27;39.33;3146.74;1979.40;-1167.34;0.00
0.24;9.96;36.06;2884.92;1925.02;-959.90;0.00
0.24;12.41;37.01;2961.13;2090.69;-870.44;0.00
0.27;10.16;32.48;2598.60;2121.59;-477.01;0.00
0.25;11.76;33.15;2652.33;2073.65;-578.69;0.00
0.29;9.53;43.98;3518.22;2196.49;-1321.73;0.00
0.24;10.40;44.72;3577.72;1959.86;-1617.86;0.00
0.27;10.80;55.28;4422.53;2173.81;-2248.72;0.00
0.23;11.50;43.69;3495.10;1974.01;-1521.09;0.00
0.28;9.52;42.65;3411.94;2163.92;-1248.02;0.00
0.24;10.29;44.21;3536.53;1928.13;-1608.40;0.00
0.25;8.25;53.85;4308.38;1893.16;-2415.22;0.00
0.24;11.48;48.15;3852.19;2038.78;-1813.40;0.00
0.25;7.64;50.26;4020.44;1898.85;-2121.59;0.00
0.25;9.39;37.02;2961.27;1969.87;-991.40;0.00
0.25;9.92;37.27;2981.48;2017.40;-964.08;0.00
0.26;10.42;44.04;3523.43;2090.94;-1432.49;0.00
0.27;11.22;43.29;3463.04;2177.68;-1285.36;0.00
0.25;9.46;47.49;3799.33;1963.61;-1835.72;0.00
0.25;11.80;41.82;3345.59;2075.19;-1270.40;0.00
0.23;9.21;43.87;3509.39;1866.60;-1642.79;0.00
0.25;10.37;45.57;3645.74;2043.41;-1602.32;0.00
0.22;11.68;38.41;3072.51;1936.48;-1136.03;0.00
0.22;9.18;38.86;3108.46;1796.47;-1311.99;0.00
0.23;9.63;46.58;3726.25;1854.44;-1871.81;0.00
0.28;9.36;42.63;3410.69;2167.79;-1242.90;0.00
0.20;10.84;40.72;3257.41;1744.46;-1512.95;0.00
0.28;10.45;38.16;3053.16;2168.37;-884.80;0.00
0.26;11.14;40.64;3250.98;2096.72;-1154.25;0.00
0.27;9.52;37.50;3000.29;2063.95;-936.34;0.00
0.25;10.67;32.53;2602.64;2021.00;-581.64;0.00
0.24;10.34;41.41;3312.71;1971.07;-1341.64;0.00
0.26;9.65;41.74;3338.88;2039.70;-1299.18;0.00
0.24;10.11;44.09;3526.99;1967.65;-1559.34;0.00
0.22;10.12;38.98;3118.22;1802.10;-1316.12;0.00
0.24;10.14;38.84;3107.54;1927.32;-1180.21;0.00
0.29;10.01;46.79;3743.56;2252.54;-1491.02;0.00
0.24;12.61;48.41;3872.82;2062.58;-1810.24;0.00
0.27;10.59;41.11;3288.67;2132.31;-1156.35;0.00
0.24;11.27;40.07;3205.60;2000.77;-1204.83;0.00
0.24;10.23;39.61;3168.90;1972.94;-1195.96;0.00
0.25;10.36;40.19;3215.30;2006.76;-1208.55;0.00
0.19;11.11;44.18;3534.55;1702.72;-1831.82;0.00
0.27;11.44;44.63;3570.51;2217.02;-1353.50;0.00
0.24;10.98;31.32;2505.94;1988.68;-517.26;0.00
0.26;8.99;45.34;3627.11;1975.62;-1651.49;0.00
0.24;11.36;48.16;3852.49;2006.42;-1846.07;0.00
0.24;10.87;40.17;3213.52;2005.19;-1208.33;0.00
0.28;9.18;43.13;3450.42;2108.35;-1342.07;0.00
0.22;10.30;42.60;3408.29;1813.35;-1594.94;0.00
0.30;9.93;43.14;3451.14;2291.22;-1159.92;0.00
0.25;9.68;38.22;3057.91;1960.52;-1097.39;0.00
0.24;10.48;39.03;3122.35;1951.64;-1170.71;0.00
0.27;11.17;30.52;2441.89;2191.88;-250.01;0.00
0.30;9.67;38.76;3100.65;2290.99;-809.66;0.00
0.27;9.34;45.80;3664.11;2061.56;-1602.55;0.00
0.24;11.64;50.84;4067.12;2008.05;-2059.07;0.00
0.26;10.14;35.77;2861.22;2091.86;-769.37;0.00
0.26;9.25;35.44;2834.90;2041.07;-793.83;0.00
0.28;10.51;35.14;2811.24;2188.62;-622.62;0.00
0.22;9.85;42.96;3437.18;1789.06;-1648.12;0.00
0.25;11.90;36.94;2955.53;2121.01;-834.52;0.00
0.26;7.89;43.50;3479.63;1935.62;-1544.02;0.00
0.23;11.31;35.28;2822.00;1925.32;-896.68;0.00
0.24;10.11;42.36;3389.14;1937.01;-1452.13;0.00
0.23;10.88;48.97;3917.79;1910.85;-2006.95;0.00
0.29;10.27;42.40;3391.61;2233.76;-1157.84;0.00
0.24;11.18;32.84;2626.85;1981.96;-644.88;0.00
0.26;10.62;31.58;2526.01;2080.35;-445.65;0.00
0.27;9.44;44.22;3537.31;2075.86;-1461.46;0.00
0.23;12.75;40.49;3239.37;2035.04;-1204.34;0.00
0.28;10.11;51.63;4130.70;2180.52;-1950.18;0.00
0.30;10.65;41.93;3354.12;2332.98;-1021.14;0.00
0.28;11.94;37.84;3027.24;2263.06;-764.17;0.00
0.25;9.38;48.55;3883.99;1957.17;-1926.82;0.00
0.27;9.43;52.03;4162.73;2079.20;-2083.52;0.00
0.22;9.49;46.75;3740.21;1824.31;-1915.90;0.00
0.25;10.45;41.17;3293.77;2048.40;-1245.38;0.00
0.28;10.87;46.23;3698.35;2238.68;-1459.66;0.00
0.28;10.08;34.99;2799.02;2175.89;-623.13;0.00
0.25;10.70;42.58;3406.16;2046.00;-1360.17;0.00
0.25;9.22;41.51;3320.96;1932.67;-1388.29;0.00
0.27;9.71;36.03;2882.66;2098.74;-783.92;0.00
0.26;9.59;41.69;3335.50;2042.18;-1293.31;0.00
0.24;10.61;37.62;3009.86;1954.93;-1054.93;0.00
0.24;8.87;45.00;3600.29;1898.62;-1701.66;0.00
0.23;9.33;41.67;3334.00;1843.96;-1490.04;0.00
0.28;8.81;43.91;3512.75;2106.78;-1405.97;0.00
0.22;11.22;38.60;3088.09;1872.10;-1216.00;0.00
0.25;8.76;36.11;2889.00;1942.79;-946.20;0.00
0.26;11.75;34.62;2769.23;2122.09;-647.14;0.00
0.21;9.93;46.08;3686.15;1780.02;-1906.13;0.00
0.25;12.84;42.25;3380.30;2126.31;-1253.99;0.00
0.29;10.06;45.63;3650.16;2235.23;-1414.93;0.00
0.21;10.42;46.85;3748.03;1790.71;-1957.31;0.00
0.27;10.14;34.41;2753.17;2094.98;-658.19;0.00
0.28;10.64;39.71;3176.73;2202.54;-974.19;0.00
0.23;7.73;38.82;3105.37;1744.00;-1361.37;0.00
0.24;12.20;37.63;3010.51;2072.93;-937.58;0.00
0.24;11.18;47.53;3802.12;1997.42;-1804.70;0.00
0.27;8.15;42.99;3439.04;2036.46;-1402.58;0.00
0.20;11.04;44.92;3593.33;1746.47;-1846.85;0.00
0.23;9.83;35.32;2825.32;1864.14;-961.18;0.00
0.27;10.73;36.29;2903.57;2130.09;-773.48;0.00
0.25;9.86;41.46;3317.09;2003.55;-1313.54;0.00
0.28;10.63;40.82;3265.82;2215.24;-1050.58;0.00
0.25;11.04;39.40;3152.06;2053.21;-1098.85;0.00
0.28;10.09;40.99;3279.32;2163.71;-1115.61;0.00
0.25;10.18;35.31;2824.69;2018.50;-806.19;0.00
0.22;11.33;46.62;3729.56;1881.36;-1848.20;0.00
0.25;10.27;46.41;3712.46;2021.47;-1690.98;0.00
0.29;9.63;44.01;3520.82;2228.50;-1292.32;0.00
0.21;9.56;43.08;3446.68;1751.50;-1695.18;0.00
0.25;10.33;37.29;2982.92;1992.00;-990.92;0.00
0.21;10.69;41.44;3315.59;1809.21;-1506.38;0.00
0.23;9.05;46.04;3683.57;1828.39;-1855.17;0.00
0.22;9.58;39.99;3198.98;1780.54;-1418.44;0.00
0.26;11.16;34.58;2766.16;2107.98;-658.18;0.00
0.23;10.39;36.70;2935.71;1908.23;-1027.48;0.00
0.24;10.26;38.83;3106.15;1945.66;-1160.49;0.00
0.24;13.40;40.41;3232.78;2100.65;-1132.13;0.00
0.28;10.13;33.45;2675.79;2163.24;-512.56;0.00
0.24;10.59;43.62;3489.77;1984.31;-1505.46;0.00
0.24;11.90;49.66;3972.94;2042.57;-1930.37;0.00
0.26;10.36;43.41;3473.17;2105.08;-1368.09;0.00
0.25;12.27;37.61;3008.89;2146.99;-861.90;0.00
0.26;8.71;35.72;2857.23;1961.66;-895.57;0.00
0.21;10.01;42.32;3385.63;1746.76;-1638.87;0.00
0.26;9.16;43.11;3448.92;1987.30;-1461.62;0.00
0.25;8.89;43.11;3448.97;1945.31;-1503.67;0.00
0.25;10.94;31.06;2485.00;2064.34;-420.66;0.00
0.28;6.91;34.87;2789.86;1997.17;-792.69;0.00
0.23;11.46;41.55;3323.87;1970.94;-1352.92;0.00
0.25;8.09;41.58;3326.63;1885.36;-1441.27;0.00
0.20;10.13;44.59;3567.37;1737.99;-1829.38;0.00
0.20;10.32;43.21;3456.50;1727.53;-1728.98;0.00
0.20;8.39;28.60;2287.68;1628.28;-659.40;0.00
0.24;10.98;42.65;3411.81;1967.65;-1444.16;0.00
0.21;10.55;43.50;3480.28;1821.55;-1658.73;0.00
0.27;9.89;46.53;3722.61;2127.12;-1595.50;0.00
0.26;10.58;38.23;3058.09;2105.61;-952.47;0.00
0.23;11.43;32.40;2592.35;1986.83;-605.52;0.00
0.24;11.61;35.77;2861.60;2001.47;-860.12;0.00
0.27;10.90;43.20;3455.63;2176.97;-1278.66;0.00
0.26;10.08;36.99;2959.27;2065.84;-893.43;0.00
0.26;10.36;46.41;3713.01;2094.93;-1618.07;0.00
0.27;10.98;36.20;2896.16;2152.15;-744.01;0.00
0.24;10.01;37.54;3003.43;1965.14;-1038.29;0.00
0.28;10.70;37.85;3027.81;2225.58;-802.22;0.00
0.23;8.36;42.02;3361.37;1776.14;-1585.23;0.00
0.23;10.89;32.23;2578.13;1923.84;-654.29;0.00
0.25;9.22;41.15;3291.94;1977.89;-1314.05;0.00
0.25;10.32;45.66;3653.17;1997.60;-1655.56;0.00
0.32;12.41;39.41;3152.99;2564.09;-588.90;0.00
0.26;11.64;32.81;2624.96;2122.04;-502.92;0.00
0.20;11.00;45.89;3670.96;1785.74;-1885.23;0.00
0.22;10.70;45.18;3614.79;1859.48;-1755.31;0.00
0.26;9.45;38.51;3081.10;2008.38;-1072.72;0.00
0.24;10.55;33.35;2667.75;1960.95;-706.80;0.00
0.30;10.32;41.63;3330.60;2334.93;-995.67;0.00
0.30;8.21;51.27;4101.92;2173.57;-1928.36;0.00
0.29;8.27;37.84;3027.49;2144.86;-882.63;0.00
0.27;10.33;45.32;3625.36;2144.20;-1481.15;0.00
0.33;8.59;44.58;3566.41;2407.86;-1158.55;0.00
0.23;9.47;46.49;3719.40;1876.51;-1842.89;0.00
0.21;9.85;38.57;3085.39;1784.11;-1301.28;0.00
0.19;11.07;44.31;3544.61;1676.92;-1867.69;0.00
0.22;7.85;37.27;2981.69;1699.50;-1282.19;0.00
0.26;9.28;44.08;3526.02;2032.04;-1493.98;0.00
0.24;10.06;40.02;3201.88;1913.96;-1287.92;0.00
0.20;10.95;41.64;3331.29;1741.06;-1590.23;0.00
0.25;9.84;40.46;3237.13;1989.17;-1247.95;0.00
0.22;10.80;41.32;3305.42;1865.65;-1439.78;0.00
0.26;9.70;34.04;2723.48;2037.80;-685.68;0.00
0.22;10.48;39.76;3181.05;1856.72;-1324.33;0.00
0.27;11.85;39.78;3182.58;2211.80;-970.77;0.00
0.26;9.60;38.27;3061.40;2059.17;-1002.24;0.00
0.28;8.75;37.03;2962.66;2106.36;-856.30;0.00
0.29;11.90;35.31;2825.12;2306.27;-518.85;0.00
0.26;9.35;38.96;3117.14;2022.48;-1094.65;0.00
0.22;10.84;39.64;3171.21;1882.44;-1288.76;0.00
0.27;10.80;40.72;3257.21;2157.93;-1099.28;0.00
0.30;12.29;47.99;3838.98;2428.77;-1410.21;0.00
0.24;9.59;37.27;2981.60;1899.36;-1082.24;0.00
0.23;9.83;40.06;3204.59;1894.29;-1310.30;0.00
0.26;9.71;43.07;3445.44;2062.15;-1383.29;0.00
0.23;7.79;36.88;2950.18;1756.89;-1193.29;0.00
0.25;8.42;32.47;2597.49;1896.61;-700.89;0.00
0.22;8.32;43.39;3470.90;1744.68;-1726.22;0.00
0.25;8.20;45.07;3605.42;1877.02;-1728.40;0.00
0.23;9.65;44.01;3521.20;1887.55;-1633.64;0.00
0.25;10.06;37.60;3008.05;1979.70;-1028.35;0.00
0.22;11.08;35.84;2866.82;1871.81;-995.01;0.00
0.23;10.22;40.63;3250.70;1914.70;-1336.00;0.00
0.28;6.71;40.63;3250.23;2017.71;-1232.52;0.00
0.28;8.42;32.63;2610.08;2089.24;-520.84;0.00
0.29;9.58;37.82;3025.64;2199.51;-826.13;0.00
0.23;8.91;40.10;3208.16;1815.27;-1392.88;0.00
0.27;11.50;34.97;2797.99;2209.19;-588.81;0.00
0.22;9.71;38.53;3082.37;1830.41;-1251.96;0.00
0.24;10.23;44.84;3586.91;1970.74;-1616.17;0.00
0.24;10.24;29.07;2325.43;1980.72;-344.71;0.00
0.27;8.87;42.80;3423.70;2056.30;-1367.40;0.00
0.24;9.36;45.58;3646.60;1877.96;-1768.64;0.00
0.25;9.16;46.36;3708.91;1954.15;-1754.76;0.00
0.24;9.44;38.46;3076.80;1890.88;-1185.92;0.00
0.24;8.83;47.24;3779.02;1877.30;-1901.72;0.00
0.28;10.57;42.92;3433.81;2190.82;-1242.99;0.00
0.24;10.10;34.92;2793.35;1919.19;-874.16;0.00
0.22;8.29;40.36;3229.07;1740.55;-1488.52;0.00
0.23;11.61;37.53;3002.59;1970.16;-1032.43;0.00
0.26;10.71;43.58;3486.34;2115.24;-1371.11;0.00
0.24;10.13;45.91;3672.63;1933.53;-1739.10;0.00
0.26;10.68;36.17;2893.57;2092.08;-801.49;0.00
0.23;9.78;35.46;2836.68;1840.59;-996.09;0.00
0.20;9.95;33.07;2645.95;1678.77;-967.18;0.00
0.25;9.14;42.11;3368.84;1935.63;-1433.22;0.00
0.24;9.37;40.38;3230.08;1908.63;-1321.45;0.00
0.25;10.85;43.43;3474.47;2020.27;-1454.20;0.00
0.24;10.69;42.67;3413.48;1988.82;-1424.66;0.00
0.25;10.13;41.08;3286.51;2012.22;-1274.29;0.00
0.28;9.95;37.82;3025.56;2169.53;-856.03;0.00
0.26;10.96;40.08;3206.75;2122.34;-1084.41;0.00
0.26;10.13;41.12;3289.88;2077.14;-1212.73;0.00
0.25;8.76;38.29;3063.28;1912.96;-1150.32;0.00
0.26;11.15;44.27;3541.97;2126.29;-1415.68;0.00
0.22;9.85;44.60;3568.09;1802.20;-1765.89;0.00
0.20;9.70;39.87;3189.68;1695.42;-1494.26;0.00
0.24;11.97;31.16;2493.19;2059.39;-433.80;0.00
0.25;10.74;40.31;3224.94;2018.02;-1206.93;0.00
0.23;11.23;34.96;2796.50;1963.95;-832.55;0.00
0.22;9.89;43.19;3455.11;1794.05;-1661.06;0.00
0.24;7.59;40.85;3267.62;1805.73;-1461.89;0.00
0.29;8.82;46.73;3738.28;2150.06;-1588.22;0.00
0.25;9.78;39.53;3162.49;1977.70;-1184.79;0.00
0.23;10.82;35.04;2803.27;1917.81;-885.46;0.00
0.23;11.61;46.15;3691.65;1943.58;-1748.07;0.00
0.24;11.77;39.80;3184.11;2046.12;-1137.98;0.00
0.23;10.62;43.83;3506.41;1885.82;-1620.59;0.00
0.29;10.09;39.14;3131.48;2260.32;-871.16;0.00
0.28;10.63;40.86;3269.03;2180.25;-1088.78;0.00
0.29;10.04;31.15;2492.09;2213.34;-278.74;0.00
0.25;9.56;36.29;2903.53;1957.62;-945.91;0.00
0.27;9.97;36.63;2930.32;2085.99;-844.33;0.00
0.21;9.77;37.37;2989.27;1728.86;-1260.42;0.00
0.22;9.70;36.90;2952.07;1806.05;-1146.02;0.00
0.27;10.00;41.20;3295.99;2091.66;-1204.33;0.00
0.29;10.62;40.43;3234.53;2292.09;-942.44;0.00
0.26;9.54;37.89;3031.20;2031.78;-999.42;0.00
0.25;10.54;42.05;3364.21;2012.57;-1351.64;0.00
0.25;12.06;35.85;2867.82;2105.63;-762.19;0.00
0.25;11.23;41.08;3286.06;2076.24;-1209.82;0.00
0.21;9.20;38.44;3075.43;1742.28;-1333.15;0.00
0.20;11.28;38.11;3048.79;1786.04;-1262.75;0.00
0.23;10.53;44.81;3584.60;1887.37;-1697.24;0.00
0.29;8.33;35.69;2855.05;2133.32;-721.73;0.00
0.27;11.10;31.06;2484.59;2160.44;-324.14;0.00
0.24;10.79;39.78;3182.77;1986.52;-1196.26;0.00
0.27;11.53;36.15;2891.95;2189.25;-702.71;0.00
0.22;9.46;37.40;2992.21;1790.93;-1201.29;0.00
0.23;9.98;40.63;3250.77;1904.19;-1346.57;0.00
0.22;9.22;31.75;2540.12;1775.73;-764.39;0.00
0.23;10.51;40.96;3276.59;1906.82;-1369.78;0.00
0.25;9.61;51.38;4110.56;1971.51;-2139.05;0.00
0.25;8.97;46.21;3696.44;1948.86;-1747.58;0.00
0.24;11.54;42.91;3432.94;2033.80;-1399.14;0.00
0.26;8.57;38.07;3045.99;1972.70;-1073.28;0.00
0.27;9.88;37.32;2985.75;2129.95;-855.80;0.00
0.27;9.29;31.66;2532.45;2048.51;-483.95;0.00
0.25;9.74;39.05;3124.37;2006.16;-1118.20;0.00
0.25;9.32;43.97;3517.23;1945.09;-1572.14;0.00
0.27;9.99;34.74;2779.00;2117.43;-661.57;0.00
0.24;9.00;42.57;3405.64;1914.27;-1491.37;0.00
0.25;9.25;36.09;2886.83;1958.45;-928.38;0.00
0.24;9.82;38.57;3085.65;1923.02;-1162.63;0.00
0.20;10.92;37.06;2964.87;1734.49;-1230.38;0.00
0.26;10.01;45.78;3662.73;2050.05;-1612.68;0.00
0.21;9.86;40.71;3256.54;1771.29;-1485.25;0.00
0.28;11.28;45.42;3633.36;2253.99;-1379.37;0.00
0.26;11.81;31.91;2553.08;2141.15;-411.93;0.00
0.23;10.41;42.45;3396.02;1892.86;-1503.16;0.00
0.23;11.23;38.91;3112.83;1930.62;-1182.21;0.00
0.22;10.41;44.71;3576.87;1835.81;-1741.06;0.00
0.29;12.09;33.36;2669.19;2345.47;-323.72;0.00
0.24;10.88;47.62;3809.26;1996.49;-1812.76;0.00
0.25;10.13;41.22;3297.87;2024.31;-1273.56;0.00
0.28;8.08;45.19;3615.36;2092.69;-1522.67;0.00
0.31;10.49;30.78;2462.54;2358.36;-104.18;0.00
0.21;9.88;37.04;2963.58;1758.78;-1204.80;0.00
0.27;10.76;42.63;3410.68;2154.99;-1255.69;0.00
0.26;9.94;42.91;3432.87;2069.27;-1363.60;0.00
0.23;9.76;40.74;3259.35;1858.00;-1401.35;0.00
0.28;9.09;37.38;2990.37;2121.36;-869.01;0.00
0.31;10.31;41.81;3344.94;2374.91;-970.03;0.00
0.24;11.06;41.49;3318.83;2019.96;-1298.87;0.00
0.23;10.42;37.38;2990.30;1895.90;-1094.41;0.00
0.21;11.05;41.63;3330.51;1823.32;-1507.19;0.00
0.24;12.20;40.74;3258.96;2079.23;-1179.73;0.00
0.26;11.50;37.80;3023.78;2145.83;-877.94;0.00
0.23;11.06;43.03;3442.24;1943.53;-1498.71;0.00
0.27;8.94;43.53;3482.25;2070.95;-1411.30;0.00
0.23;9.29;33.77;2701.64;1831.32;-870.32;0.00
0.27;10.05;39.98;3198.13;2138.26;-1059.87;0.00
0.19;10.68;38.90;3112.14;1711.08;-1401.06;0.00
0.26;11.00;32.08;2566.34;2109.96;-456.38;0.00
0.22;11.86;38.10;3047.98;1935.29;-1112.69;0.00
0.25;11.47;36.63;2930.55;2104.53;-826.02;0.00
0.25;9.84;37.73;3018.51;2000.62;-1017.89;0.00
0.27;9.42;32.68;2614.45;2054.69;-559.75;0.00
0.26;9.96;31.33;2506.44;2051.14;-455.31;0.00
0.22;11.19;44.42;3553.89;1891.23;-1662.67;0.00
0.28;8.80;38.17;3053.89;2133.90;-919.98;0.00
0.28;10.16;45.54;3643.37;2202.90;-1440.46;0.00
0.27;10.57;45.47;3637.34;2117.41;-1519.93;0.00
0.25;11.20;41.50;3320.36;2047.59;-1272.76;0.00
0.27;11.15;32.97;2637.59;2149.90;-487.70;0.00
0.28;9.61;36.86;2948.75;2179.12;-769.63;0.00
0.27;10.57;42.30;3383.84;2134.79;-1249.05;0.00
0.23;10.95;41.98;3358.25;1956.48;-1401.76;0.00
0.24;9.64;52.22;4177.70;1949.02;-2228.68;0.00
0.23;9.34;42.40;3392.05;1851.72;-1540.33;0.00
0.24;9.57;30.57;2445.96;1939.75;-506.21;0.00
0.26;10.76;40.76;3260.51;2076.32;-1184.20;0.00
0.26;9.68;39.92;3193.38;2039.83;-1153.55;0.00
0.22;11.72;42.55;3403.76;1912.41;-1491.35;0.00
0.23;10.77;40.89;3271.36;1937.73;-1333.63;0.00
0.20;9.02;39.35;3148.27;1653.81;-1494.46;0.00
0.22;11.18;34.14;2731.39;1900.71;-830.68;0.00
0.29;12.04;37.33;2986.29;2337.76;-648.54;0.00
0.30;11.83;39.25;3140.22;2399.57;-740.66;0.00
0.27;10.53;43.78;3502.60;2143.69;-1358.91;0.00
0.31;11.41;41.12;3289.49;2438.97;-850.52;0.00
0.22;9.26;32.86;2628.75;1787.51;-841.24;0.00
0.22;10.69;42.21;3376.55;1871.48;-1505.08;0.00
0.29;9.64;40.19;3214.84;2186.91;-1027.93;0.00
0.25;11.72;36.94;2955.34;2080.70;-874.63;0.00
0.27;9.21;34.86;2789.10;2057.03;-732.07;0.00
0.20;10.08;46.62;3729.95;1733.48;-1996.47;0.00
0.27;10.55;36.97;2957.95;2117.88;-840.07;0.00
0.21;12.21;48.59;3887.05;1913.43;-1973.62;0.00
0.23;11.04;35.59;2846.87;1946.02;-900.84;0.00
0.19;7.97;35.48;2838.41;1567.30;-1271.11;0.00
0.28;10.14;33.57;2685.69;2173.16;-512.52;0.00
0.22;11.02;37.22;2977.85;1899.89;-1077.96;0.00
0.25;10.08;39.06;3125.02;2015.59;-1109.44;0.00
0.22;10.57;35.41;2832.74;1849.02;-983.72;0.00
0.27;8.51;36.62;2929.96;2006.50;-923.46;0.00
0.20;10.37;28.75;2299.89;1703.74;-596.14;0.00
0.24;10.71;40.69;3255.15;1949.37;-1305.78;0.00
0.25;10.56;33.67;2693.57;2032.41;-661.17;0.00
0.23;9.43;42.27;3381.48;1862.25;-1519.24;0.00
0.29;10.63;33.77;2701.25;2273.02;-428.23;0.00
0.24;8.19;40.28;3222.75;1819.36;-1403.39;0.00
0.21;10.68;27.13;2170.49;1804.96;-365.53;0.00
0.26;11.30;38.05;3043.99;2114.22;-929.77;0.00
0.24;11.35;35.38;2830.55;1996.21;-834.34;0.00
0.24;9.78;37.54;3002.83;1935.87;-1066.97;0.00
0.24;8.60;45.10;3608.14;1854.67;-1753.46;0.00
0.22;11.01;38.87;3109.92;1859.80;-1250.12;0.00
0.26;12.26;41.20;3296.27;2199.91;-1096.36;0.00
0.28;11.41;44.45;3556.35;2251.44;-1304.91;0.00
0.24;8.53;32.91;2632.83;1838.98;-793.85;0.00
0.22;10.86;39.53;3162.60;1852.03;-1310.56;0.00
0.28;10.41;29.36;2348.42;2175.65;-172.76;0.00
0.26;9.18;41.28;3302.65;1988.34;-1314.30;0.00
0.22;9.59;43.76;3500.87;1794.50;-1706.37;0.00
0.24;8.65;36.75;2940.07;1884.43;-1055.64;0.00
0.28;11.43;33.30;2664.23;2279.00;-385.24;0.00
0.23;11.61;49.23;3938.57;1984.87;-1953.71;0.00
0.28;12.14;34.59;2767.28;2310.06;-457.21;0.00
0.24;8.60;35.15;2811.61;1884.97;-926.63;0.00
0.25;9.26;44.48;3558.66;1969.50;-1589.16;0.00
0.27;9.89;36.37;2909.55;2131.06;-778.49;0.00
0.27;9.09;40.49;3239.22;2051.07;-1188.15;0.00
0.22;8.33;34.83;2786.64;1722.54;-1064.10;0.00
0.26;10.67;34.67;2773.37;2083.66;-689.70;0.00
0.24;9.10;34.65;2772.29;1863.87;-908.42;0.00
0.28;9.12;35.65;2851.64;2102.82;-748.82;0.00
0.27;10.75;46.36;3709.17;2130.27;-1578.90;0.00
0.26;10.88;46.45;3716.14;2117.60;-1598.54;0.00
0.25;10.78;41.65;3331.82;2050.63;-1281.20;0.00
0.25;9.09;42.76;3420.61;1930.17;-1490.44;0.00
0.24;10.87;47.93;3834.17;1961.95;-1872.22;0.00
0.24;9.36;40.89;3271.13;1908.06;-1363.07;0.00
0.24;11.01;41.07;3285.97;2006.06;-1279.91;0.00
0.22;11.06;38.36;3068.68;1869.75;-1198.93;0.00
0.29;9.60;43.42;3473.32;2229.69;-1243.63;0.00
0.34;11.07;36.42;2913.31;2563.36;-349.94;0.00
0.30;10.66;37.61;3008.51;2330.09;-678.42;0.00
0.27;9.38;37.29;2983.47;2099.14;-884.33;0.00
0.27;11.16;38.41;3072.71;2151.38;-921.33;0.00
0.27;11.15;42.54;3403.10;2182.13;-1220.97;0.00
0.23;10.94;36.73;2938.77;1947.64;-991.13;0.00
0.21;11.15;41.35;3307.65;1825.20;-1482.45;0.00
0.20;11.94;38.36;3068.91;1837.11;-1231.80;0.00
0.27;9.59;37.60;3008.34;2082.20;-926.14;0.00
0.20;11.31;40.83;3266.74;1782.26;-1484.48;0.00
0.23;13.02;32.49;2599.20;2070.12;-529.08;0.00
0.25;10.23;45.60;3648.20;2017.78;-1630.42;0.00
0.19;10.67;46.31;3704.86;1670.69;-2034.17;0.00
0.23;10.21;48.80;3903.70;1899.68;-2004.02;0.00
0.24;10.72;45.21;3616.81;1961.69;-1655.12;0.00
0.28;10.89;31.62;2529.53;2229.44;-300.09;0.00
0.23;11.84;36.94;2955.54;1966.02;-989.52;0.00
0.28;8.38;45.56;3644.83;2070.34;-1574.48;0.00
0.22;10.29;48.37;3869.78;1811.41;-2058.37;0.00
0.27;11.94;35.21;2816.97;2203.57;-613.40;0.00
0.29;9.98;44.86;3588.90;2216.39;-1372.51;0.00
0.26;10.15;35.30;2823.75;2074.26;-749.49;0.00
0.28;9.51;42.15;3372.39;2125.17;-1247.22;0.00
0.28;11.28;46.35;3708.05;2214.01;-1494.04;0.00
0.27;11.51;34.43;2754.34;2201.71;-552.63;0.00
0.26;9.36;44.54;3563.28;2030.59;-1532.68;0.00
0.26;10.62;39.55;3163.88;2106.87;-1057.01;0.00
0.24;9.63;42.33;3386.42;1919.41;-1467.01;0.00
0.26;10.30;40.95;3276.35;2076.89;-1199.46;0.00
0.23;11.06;41.41;3312.83;1926.25;-1386.57;0.00
0.24;9.17;40.97;3277.33;1906.38;-1370.95;0.00
0.26;10.39;46.43;3714.44;2095.34;-1619.10;0.00
0.25;9.47;47.67;3813.39;1953.60;-1859.79;0.00
0.21;10.98;39.66;3172.92;1810.83;-1362.08;0.00
0.28;9.91;37.44;2995.08;2139.77;-855.31;0.00
0.28;8.82;37.45;2995.73;2100.59;-895.14;0.00
0.29;8.88;38.77;3101.47;2143.32;-958.16;0.00
0.26;8.73;48.14;3851.45;1986.80;-1864.66;0.00
0.27;11.13;35.57;2845.45;2148.02;-697.43;0.00
0.23;11.28;35.90;2872.11;1958.57;-913.54;0.00
0.20;8.38;34.94;2794.85;1636.38;-1158.47;0.00
0.23;9.56;34.68;2774.08;1847.23;-926.85;0.00
0.25;9.22;37.72;3017.81;1964.97;-1052.84;0.00
0.24;8.10;37.57;3005.21;1856.72;-1148.50;0.00
0.21;9.99;38.99;3119.26;1772.22;-1347.04;0.00
0.31;8.96;46.13;3690.70;2276.58;-1414.12;0.00
0.25;10.25;37.89;3031.27;1993.10;-1038.17;0.00
0.24;10.46;32.76;2620.97;1961.19;-659.78;0.00
0.27;11.85;39.30;3143.73;2224.27;-919.46;0.00
0.25;11.17;43.55;3484.33;2056.35;-1427.98;0.00
0.18;11.36;45.83;3666.22;1674.10;-1992.12;0.00
0.24;10.61;37.61;3008.49;1949.25;-1059.24;0.00
0.26;9.17;39.20;3135.79;2026.63;-1109.16;0.00
0.25;10.02;39.36;3149.00;2004.68;-1144.32;0.00
0.25;10.63;38.92;3113.25;2036.07;-1077.18;0.00
0.27;8.93;40.98;3278.16;2068.53;-1209.63;0.00
0.26;10.70;43.37;3469.84;2080.82;-1389.03;0.00
0.21;11.04;43.54;3483.02;1804.22;-1678.80;0.00
0.25;10.09;34.56;2764.67;2006.34;-758.33;0.00
0.24;9.25;40.25;3219.84;1875.46;-1344.38;0.00
0.22;10.14;43.67;3493.36;1840.94;-1652.42;0.00
0.24;10.41;38.97;3117.76;1957.88;-1159.88;0.00
0.24;11.02;40.85;3268.00;2022.52;-1245.48;0.00
0.27;8.76;44.33;3546.36;2018.88;-1527.47;0.00
0.20;10.80;44.81;3585.13;1734.76;-1850.37;0.00
0.23;9.66;39.89;3190.83;1842.24;-1348.60;0.00
0.22;11.14;35.37;2829.33;1871.89;-957.45;0.00
0.22;11.62;38.29;3063.06;1930.71;-1132.35;0.00
0.25;11.08;45.32;3625.29;2049.68;-1575.61;0.00
0.23;10.63;43.94;3515.26;1926.13;-1589.13;0.00
0.29;8.81;42.59;3407.13;2143.73;-1263.41;0.00
0.27;10.54;43.33;3466.11;2135.94;-1330.17;0.00
0.24;11.46;36.11;2888.86;1989.89;-898.97;0.00
0.24;10.96;43.57;3485.27;1986.05;-1499.22;0.00
0.25;10.65;31.57;2525.59;2024.20;-501.39;0.00
0.26;10.47;42.73;3418.09;2094.95;-1323.13;0.00
0.27;9.63;47.43;3794.06;2100.35;-1693.71;0.00
0.31;8.44;40.03;3202.01;2287.13;-914.88;0.00
0.24;11.42;43.16;3452.42;2007.16;-1445.27;0.00
0.25;11.72;46.75;3740.23;2071.51;-1668.72;0.00
0.27;9.63;39.89;3190.89;2082.36;-1108.53;0.00
0.26;10.61;41.69;3335.59;2093.98;-1241.61;0.00
0.26;10.19;42.46;3396.41;2092.34;-1304.08;0.00
0.25;10.46;37.43;2994.66;2010.34;-984.33;0.00
0.21;11.34;35.86;2868.85;1850.33;-1018.52;0.00
0.29;8.62;36.07;2885.96;2160.92;-725.04;0.00
0.25;12.01;44.25;3539.77;2127.30;-1412.48;0.00
0.26;9.69;45.02;3601.77;2022.29;-1579.48;0.00
0.26;11.92;37.25;2980.21;2138.89;-841.32;0.00
0.21;11.20;35.88;2870.11;1816.15;-1053.96;0.00
0.25;10.73;33.99;2719.32;2040.46;-678.86;0.00
0.23;10.72;41.69;3335.17;1901.52;-1433.65;0.00
0.26;11.95;39.72;3177.81;2185.92;-991.89;0.00
0.28;8.88;46.41;3712.80;2130.63;-1582.17;0.00
0.22;12.13;34.37;2749.78;1944.95;-804.82;0.00
0.27;11.31;45.00;3599.97;2190.57;-1409.40;0.00
0.28;9.82;46.16;3692.79;2136.91;-1555.88;0.00
0.18;10.77;37.77;3021.33;1614.12;-1407.21;0.00
0.28;8.87;38.74;3099.46;2084.99;-1014.46;0.00
0.24;10.38;43.24;3459.13;1974.53;-1484.60;0.00
0.25;11.84;41.55;3324.33;2069.08;-1255.25;0.00
0.21;9.53;39.92;3193.48;1747.56;-1445.93;0.00
0.24;10.59;38.17;3053.41;1961.23;-1092.17;0.00
0.26;10.39;37.02;2961.42;2058.84;-902.58;0.00
0.24;12.54;40.74;3258.88;2047.85;-1211.03;0.00
0.26;11.84;45.63;3650.61;2160.84;-1489.78;0.00
0.24;9.91;49.04;3923.04;1925.66;-1997.38;0.00
0.26;8.78;29.72;2377.82;1996.50;-381.32;0.00
0.23;8.49;34.39;2750.87;1794.58;-956.29;0.00
0.25;12.37;46.75;3740.02;2148.84;-1591.19;0.00
0.20;10.02;36.14;2891.58;1727.09;-1164.50;0.00
0.23;9.49;35.12;2809.77;1868.33;-941.44;0.00
0.23;11.80;41.89;3350.86;1960.49;-1390.37;0.00
0.23;9.46;35.54;2842.98;1853.20;-989.78;0.00
0.27;10.99;39.85;3187.70;2140.13;-1047.56;0.00
0.25;7.72;32.92;2633.96;1855.04;-778.92;0.00
0.24;9.08;36.14;2891.50;1863.89;-1027.61;0.00
0.25;9.41;39.65;3171.63;1966.20;-1205.43;0.00
0.26;8.96;38.42;3073.53;2011.67;-1061.86;0.00
0.25;9.80;40.47;3237.26;2009.39;-1227.87;0.00
0.28;9.85;50.43;4034.23;2182.87;-1851.36;0.00
0.26;9.27;36.67;2933.93;2008.20;-925.73;0.00
0.26;11.28;41.50;3320.17;2122.94;-1197.24;0.00
0.23;11.66;39.12;3129.92;1994.32;-1135.60;0.00
0.25;9.64;38.30;3063.93;1967.10;-1096.83;0.00
0.27;10.04;45.38;3630.22;2124.03;-1506.19;0.00
0.24;8.89;41.10;3287.99;1877.79;-1410.19;0.00
0.25;10.80;33.73;2698.08;2041.05;-657.03;0.00
0.25;10.85;51.58;4126.24;2062.66;-2063.58;0.00
0.25;9.97;34.25;2739.83;1990.41;-749.43;0.00
0.27;8.95;40.59;3247.05;2043.66;-1203.40;0.00
0.29;12.51;41.89;3351.22;2356.54;-994.68;0.00
0.20;11.64;41.14;3291.10;1800.44;-1490.66;0.00
0.20;10.10;39.84;3186.88;1688.95;-1497.93;0.00
0.21;10.19;36.50;2920.16;1803.15;-1117.01;0.00
0.27;9.95;36.64;2931.01;2086.06;-844.94;0.00
0.24;9.19;41.00;3279.84;1900.45;-1379.39;0.00
0.30;8.70;35.67;2853.25;2228.02;-625.24;0.00
0.30;12.51;46.54;3722.91;2433.51;-1289.39;0.00
0.26;8.99;50.01;4000.59;2000.12;-2000.47;0.00
0.29;10.50;39.89;3190.81;2249.79;-941.02;0.00
0.25;9.53;38.35;3068.29;1950.68;-1117.62;0.00
0.28;12.66;46.33;3706.69;2288.72;-1417.96;0.00
0.23;9.56;38.36;3068.49;1834.48;-1234.01;0.00
0.21;8.27;34.32;2745.99;1679.04;-1066.95;0.00
0.27;8.76;40.49;3239.03;2019.36;-1219.67;0.00
0.20;11.47;36.83;2946.04;1810.51;-1135.53;0.00
0.24;10.19;40.46;3236.61;1960.57;-1276.05;0.00
0.24;8.25;44.90;3592.04;1860.52;-1731.52;0.00
0.21;12.31;42.04;3363.30;1915.40;-1447.90;0.00
0.24;11.33;38.81;3105.07;1983.15;-1121.92;0.00
0.27;10.56;38.28;3062.75;2133.82;-928.93;0.00
0.24;11.68;31.94;2555.44;2009.86;-545.58;0.00
0.25;9.30;43.60;3488.09;1942.78;-1545.31;0.00
0.31;12.69;46.16;3692.97;2467.61;-1225.36;0.00
0.27;9.57;42.76;3421.11;2086.59;-1334.52;0.00
0.23;9.10;42.46;3396.83;1850.60;-1546.24;0.00
0.29;11.01;40.29;3223.06;2276.92;-946.14;0.00
0.24;11.41;45.51;3641.01;1998.11;-1642.90;0.00
0.22;9.46;40.63;3250.13;1769.16;-1480.97;0.00
0.27;11.43;37.69;3014.94;2190.25;-824.69;0.00
0.24;8.29;28.60;2288.33;1859.07;-429.26;0.00
0.29;11.33;36.01;2880.73;2286.59;-594.14;0.00
0.26;10.23;44.79;3583.32;2051.35;-1531.97;0.00
0.26;9.03;34.56;2764.94;2033.22;-731.72;0.00
0.22;9.16;36.00;2880.28;1792.49;-1087.79;0.00
0.27;11.70;38.50;3080.31;2196.72;-883.59;0.00
0.25;7.96;37.06;2964.97;1869.81;-1095.16;0.00
0.26;9.41;38.75;3100.01;2033.90;-1066.12;0.00
0.24;11.82;42.22;3377.30;2029.19;-1348.11;0.00
0.30;11.70;38.09;3047.05;2373.69;-673.36;0.00
0.24;8.80;48.65;3891.66;1898.79;-1992.88;0.00
0.24;9.04;40.27;3221.74;1860.00;-1361.74;0.00
0.25;11.91;34.88;2790.48;2088.89;-701.59;0.00
0.21;11.57;35.39;2831.40;1843.52;-987.88;0.00
0.28;11.58;44.02;3521.86;2269.97;-1251.89;0.00
0.20;9.97;39.92;3193.96;1700.38;-1493.58;0.00
0.25;10.55;36.80;2943.94;2000.45;-943.48;0.00
0.24;11.67;39.62;3169.49;2058.85;-1110.65;0.00
0.21;8.14;38.08;3046.07;1675.37;-1370.70;0.00
0.27;8.75;38.48;3078.23;2052.90;-1025.33;0.00
0.25;9.71;43.74;3498.98;2002.88;-1496.10;0.00
0.27;11.03;39.10;3127.77;2157.36;-970.41;0.00
0.29;9.64;38.84;3106.97;2187.42;-919.55;0.00
0.24;10.17;46.53;3722.02;1968.09;-1753.93;0.00
0.33;10.36;44.84;3587.29;2481.75;-1105.54;0.00
0.26;11.72;41.17;3293.62;2148.23;-1145.39;0.00
0.25;10.64;40.02;3201.27;2006.25;-1195.01;0.00
0.26;10.54;44.53;3562.46;2100.92;-1461.54;0.00
0.26;10.88;31.06;2484.89;2117.82;-367.07;0.00
0.24;9.37;29.11;2328.78;1920.31;-408.47;0.00
0.27;10.64;33.01;2641.10;2147.98;-493.12;0.00
0.26;10.22;43.08;3446.73;2084.86;-1361.87;0.00
0.26;10.00;34.06;2724.65;2036.16;-688.48;0.00
0.27;8.09;35.65;2852.08;1998.91;-853.17;0.00
0.28;9.91;36.21;2896.97;2184.67;-712.29;0.00
0.24;11.59;44.60;3567.85;2033.77;-1534.08;0.00
0.26;9.98;33.72;2697.65;2045.89;-651.77;0.00
0.23;10.14;38.78;3102.15;1876.61;-1225.55;0.00
0.23;11.15;37.67;3013.90;1969.42;-1044.48;0.00
0.24;10.22;44.30;3544.38;1976.54;-1567.84;0.00
0.26;11.42;43.45;3475.97;2146.05;-1329.91;0.00
0.24;9.85;44.76;3580.80;1909.47;-1671.33;0.00
0.27;10.07;45.52;3641.79;2146.41;-1495.39;0.00
0.25;9.57;41.17;3293.79;1948.25;-1345.54;0.00
0.25;9.55;38.93;3114.33;1980.03;-1134.30;0.00
0.24;9.47;37.05;2964.39;1891.17;-1073.22;0.00
0.26;8.02;42.09;3367.46;1962.40;-1405.05;0.00
0.26;8.93;45.31;3624.70;1980.06;-1644.64;0.00
0.26;9.13;38.71;3096.47;2001.50;-1094.96;0.00
0.24;11.85;38.39;3071.53;2062.97;-1008.56;0.00
0.27;10.51;32.52;2601.62;2140.75;-460.87;0.00
0.22;11.13;52.74;4219.57;1888.96;-2330.61;0.00
0.28;12.09;40.33;3226.79;2279.28;-947.50;0.00
0.25;8.74;43.67;3493.95;1916.57;-1577.37;0.00
0.24;8.51;47.20;3775.76;1847.20;-1928.56;0.00
0.25;10.32;50.72;4057.90;2006.99;-2050.91;0.00
0.29;9.98;42.46;3397.08;2237.24;-1159.83;0.00
0.23;10.59;38.52;3081.82;1922.24;-1159.58;0.00
0.26;9.38;46.16;3692.49;2009.19;-1683.30;0.00
0.25;8.53;42.59;3407.02;1911.85;-1495.17;0.00
0.24;8.99;41.84;3347.01;1880.57;-1466.44;0.00
0.27;9.73;53.42;4273.42;2127.87;-2145.55;0.00
0.30;9.06;41.61;3328.48;2258.47;-1070.01;0.00
0.27;8.57;41.67;3333.61;2033.05;-1300.56;0.00
0.26;10.76;45.65;3651.69;2121.55;-1530.13;0.00
0.28;11.50;41.47;3317.25;2229.35;-1087.90;0.00
0.21;10.25;43.57;3485.71;1776.47;-1709.25;0.00
0.22;9.41;40.92;3273.61;1815.95;-1457.66;0.00
0.28;9.06;43.58;3486.72;2096.23;-1390.49;0.00
0.27;9.35;39.17;3133.90;2067.12;-1066.78;0.00
0.29;9.79;44.04;3523.56;2230.17;-1293.39;0.00
0.24;9.09;34.60;2768.28;1873.90;-894.37;0.00
0.24;9.80;47.29;3783.51;1954.88;-1828.63;0.00
0.26;12.22;41.65;3332.33;2201.83;-1130.50;0.00
0.21;11.33;42.11;3369.17;1824.80;-1544.37;0.00
0.23;11.87;36.98;2958.78;2008.59;-950.19;0.00
0.26;11.25;51.35;4108.10;2101.60;-2006.50;0.00
0.23;10.31;38.34;3067.20;1926.16;-1141.05;0.00
0.28;13.09;44.50;3560.18;2320.28;-1239.90;0.00
0.23;8.93;43.99;3519.05;1819.93;-1699.12;0.00
0.28;10.82;36.38;2910.46;2230.36;-680.11;0.00
0.27;10.35;47.38;3790.09;2158.52;-1631.57;0.00
0.22;10.80;44.42;3553.76;1884.48;-1669.28;0.00
0.24;10.10;45.90;3672.18;1916.89;-1755.29;0.00
0.26;9.53;37.90;3032.22;2020.58;-1011.65;0.00
0.27;11.69;39.72;3177.85;2232.87;-944.99;0.00
0.24;11.43;36.73;2938.31;1994.87;-943.43;0.00
0.25;11.13;37.75;3019.66;2076.72;-942.94;0.00
0.24;11.68;44.25;3539.62;2040.06;-1499.56;0.00
0.26;9.82;45.39;3631.46;2063.43;-1568.03;0.00
0.24;12.00;33.76;2701.16;2050.99;-650.17;0.00
0.25;12.69;41.49;3319.18;2162.41;-1156.77;0.00
0.26;9.64;36.71;2936.79;2056.66;-880.13;0.00
0.24;10.95;37.43;2994.34;1998.16;-996.18;0.00
0.25;9.26;42.95;3436.29;1968.46;-1467.84;0.00
0.26;8.53;32.63;2610.49;1993.83;-616.66;0.00
0.28;11.09;38.78;3102.59;2217.70;-884.89;0.00
0.23;10.12;41.80;3344.25;1866.83;-1477.42;0.00
0.24;9.94;40.96;3276.99;1953.52;-1323.47;0.00
0.23;10.03;41.90;3351.65;1903.85;-1447.80;0.00
0.22;12.16;44.12;3529.27;1963.46;-1565.81;0.00
0.26;10.98;37.60;3008.03;2085.24;-922.79;0.00
0.25;10.54;37.16;2973.17;2035.31;-937.86;0.00
0.32;9.69;43.61;3488.64;2401.68;-1086.96;0.00
0.26;10.20;39.23;3138.47;2043.77;-1094.70;0.00
0.24;11.94;37.07;2965.95;2023.41;-942.53;0.00
0.23;11.45;31.87;2549.58;1957.68;-591.90;0.00
0.24;9.89;45.49;3639.28;1949.11;-1690.16;0.00
0.25;11.35;40.81;3264.55;2076.17;-1188.38;0.00
0.25;9.65;48.93;3914.40;1969.67;-1944.73;0.00
0.25;9.35;45.54;3643.40;1950.14;-1693.25;0.00
0.20;11.84;34.99;2799.28;1811.97;-987.31;0.00
0.25;9.86;50.00;4000.28;2016.27;-1984.01;0.00
0.25;9.08;43.86;3508.63;1927.38;-1581.25;0.00
0.26;10.90;43.82;3505.64;2086.11;-1419.53;0.00
0.22;10.53;30.71;2457.02;1828.68;-628.34;0.00
0.29;9.77;43.96;3516.88;2218.33;-1298.56;0.00
0.24;11.10;38.89;3111.39;1994.96;-1116.43;0.00
0.28;9.79;36.56;2924.44;2161.27;-763.17;0.00
0.23;10.17;42.81;3425.19;1911.57;-1513.62;0.00
0.25;9.07;49.40;3952.03;1966.79;-1985.24;0.00
0.27;10.63;42.46;3396.88;2134.56;-1262.32;0.00
0.25;9.29;35.38;2830.47;1975.81;-854.66;0.00
0.25;10.77;35.28;2822.11;2011.48;-810.63;0.00
0.23;12.48;36.92;2953.44;2030.97;-922.48;0.00
0.26;9.78;36.09;2887.39;2041.92;-845.47;0.00
0.29;12.03;38.45;3075.82;2317.24;-758.58;0.00
0.23;9.89;40.87;3269.69;1868.95;-1400.74;0.00
0.24;11.05;36.65;2931.74;2006.37;-925.37;0.00
0.23;11.65;41.23;3298.02;1993.56;-1304.46;0.00
0.26;9.80;31.90;2551.75;2027.37;-524.38;0.00
0.26;11.18;45.46;3637.16;2115.51;-1521.65;0.00
0.24;8.40;45.13;3610.37;1873.06;-1737.31;0.00
0.25;8.54;47.02;3761.44;1919.23;-1842.21;0.00
0.26;11.18;35.46;2836.48;2133.03;-703.44;0.00
0.25;9.87;37.15;2971.79;2010.84;-960.95;0.00
0.22;9.98;39.85;3188.07;1841.97;-1346.10;0.00
0.24;7.94;44.96;3596.99;1839.26;-1757.73;0.00
0.28;11.20;43.77;3501.44;2223.11;-1278.33;0.00
0.24;11.32;37.32;2985.79;2004.46;-981.33;0.00
0.21;10.16;39.87;3189.53;1788.70;-1400.83;0.00
0.25;10.41;34.56;2765.14;1996.21;-768.93;0.00
0.25;10.47;40.26;3220.61;2016.52;-1204.09;0.00
0.28;10.52;44.75;3579.95;2172.86;-1407.10;0.00
0.22;10.11;39.76;3180.48;1844.25;-1336.23;0.00
0.19;10.15;33.29;2663.25;1677.73;-985.52;0.00
0.21;8.84;39.09;3126.99;1716.99;-1410.00;0.00
0.27;10.21;47.02;3761.45;2127.05;-1634.41;0.00
0.27;10.94;39.85;3187.82;2174.28;-1013.54;0.00
0.27;10.33;41.60;3327.67;2133.16;-1194.51;0.00
0.24;10.91;38.96;3116.56;1964.49;-1152.07;0.00
0.25;8.26;42.21;3377.03;1902.65;-1474.38;0.00
0.27;11.96;40.44;3234.98;2207.79;-1027.19;0.00
0.31;8.66;46.07;3685.29;2294.70;-1390.59;0.00
0.25;11.47;43.73;3498.06;2104.45;-1393.61;0.00
0.29;10.19;40.98;3278.18;2250.87;-1027.31;0.00
0.26;10.45;43.73;3498.38;2061.09;-1437.28;0.00
0.29;11.70;41.29;3303.53;2295.69;-1007.84;0.00
0.26;12.38;38.21;3056.95;2181.01;-875.94;0.00
0.23;11.03;42.56;3404.46;1936.77;-1467.70;0.00
0.25;9.00;42.65;3412.02;1951.86;-1460.16;0.00
0.23;10.65;41.19;3295.40;1903.09;-1392.31;0.00
0.24;11.83;38.11;3048.80;2009.64;-1039.16;0.00
0.23;10.66;40.05;3204.23;1909.75;-1294.47;0.00
0.21;9.47;45.59;3647.08;1712.04;-1935.03;0.00
0.28;7.70;31.76;2541.00;2034.71;-506.30;0.00
0.25;11.19;41.84;3346.88;2054.90;-1291.98;0.00
0.26;9.86;42.29;3383.56;2060.96;-1322.60;0.00
0.29;11.02;45.79;3663.12;2298.48;-1364.64;0.00
0.23;8.21;41.15;3291.81;1802.21;-1489.60;0.00
0.24;11.58;38.96;3117.09;2045.92;-1071.18;0.00
0.31;10.21;35.18;2814.49;2377.33;-437.16;0.00
0.29;9.89;29.89;2390.91;2242.83;-148.08;0.00
0.25;10.11;41.27;3301.37;2000.77;-1300.60;0.00
0.21;10.08;48.16;3853.04;1750.05;-2102.99;0.00
0.30;9.64;34.42;2753.63;2247.77;-505.86;0.00
0.21;10.86;44.87;3589.59;1794.83;-1794.76;0.00
0.23;11.66;42.57;3405.58;1986.60;-1418.98;0.00
0.32;9.04;43.49;3479.43;2333.69;-1145.74;0.00
0.24;10.53;41.93;3354.54;1972.25;-1382.29;0.00
0.24;10.83;37.98;3038.68;2008.18;-1030.50;0.00
0.23;9.49;36.91;2952.52;1853.89;-1098.62;0.00
0.27;9.20;45.50;3640.03;2043.45;-1596.58;0.00
0.22;11.72;43.64;3491.32;1940.36;-1550.96;0.00
0.21;9.37;47.52;3801.46;1748.16;-2053.29;0.00
0.22;9.46;39.75;3179.79;1773.07;-1406.72;0.00
0.23;9.57;43.14;3451.29;1877.00;-1574.28;0.00
0.27;9.37;40.55;3243.82;2109.09;-1134.73;0.00
0.23;11.00;34.68;2774.01;1930.19;-843.82;0.00
0.23;10.23;41.94;3355.36;1865.59;-1489.78;0.00
0.25;9.77;41.55;3324.05;1962.76;-1361.29;0.00
0.23;9.51;35.75;2860.22;1866.01;-994.21;0.00
0.25;9.83;50.04;4002.92;2000.71;-2002.21;0.00
0.25;9.36;44.22;3537.49;1963.17;-1574.32;0.00
0.32;10.45;43.55;3484.13;2437.66;-1046.46;0.00
0.23;9.76;45.19;3614.88;1888.15;-1726.74;0.00
0.25;10.89;46.06;3684.99;2038.48;-1646.51;0.00
0.29;10.53;37.02;2961.43;2250.93;-710.50;0.00
0.24;9.37;41.62;3329.31;1910.52;-1418.79;0.00
0.21;9.25;40.40;3231.96;1739.02;-1492.94;0.00
0.25;9.96;43.68;3494.79;1985.03;-1509.76;0.00
0.26;11.06;44.41;3552.78;2116.33;-1436.46;0.00
0.26;11.89;29.34;2347.20;2156.71;-190.49;0.00
0.22;11.24;35.79;2863.03;1888.45;-974.57;0.00
0.26;9.48;41.73;3338.05;2023.96;-1314.09;0.00
0.19;8.86;42.45;3395.87;1577.42;-1818.46;0.00
0.23;11.97;36.41;2912.84;1962.63;-950.21;0.00
0.25;10.19;42.53;3402.07;2030.88;-1371.19;0.00
0.21;9.48;35.55;2844.06;1765.41;-1078.65;0.00
0.26;10.24;44.66;3572.78;2046.34;-1526.44;0.00
0.26;11.58;42.29;3382.89;2136.12;-1246.77;0.00
0.26;8.41;38.20;3056.27;1971.20;-1085.08;0.00
0.27;11.37;42.00;3359.70;2179.59;-1180.10;0.00
0.22;9.02;44.45;3555.65;1777.50;-1778.15;0.00
0.26;9.87;40.85;3267.77;2067.98;-1199.80;0.00
0.22;11.46;29.07;2325.45;1926.34;-399.11;0.00
0.21;10.56;38.69;3095.46;1775.10;-1320.35;0.00
0.27;10.64;40.67;3253.57;2123.73;-1129.84;0.00
0.24;10.08;33.95;2716.08;1963.77;-752.32;0.00
0.27;9.20;41.14;3291.26;2082.08;-1209.18;0.00
0.24;9.79;47.70;3816.35;1900.07;-1916.28;0.00
0.23;9.76;40.01;3200.70;1872.51;-1328.19;0.00
0.26;8.25;45.70;3656.10;1948.19;-1707.91;0.00
0.27;11.29;41.37;3309.62;2208.87;-1100.76;0.00
0.23;11.46;42.75;3419.65;1965.61;-1454.04;0.00
0.26;8.50;51.67;4133.72;1993.28;-2140.44;0.00
0.24;10.03;35.08;2806.12;1949.94;-856.18;0.00
0.26;11.55;34.97;2797.51;2128.15;-669.36;0.00
0.22;10.37;41.24;3299.39;1871.94;-1427.45;0.00
0.21;8.69;38.16;3053.18;1708.55;-1344.63;0.00
0.25;10.71;42.46;3396.88;2025.85;-1371.03;0.00
0.26;8.89;34.49;2759.35;2014.83;-744.52;0.00
0.24;11.12;36.13;2890.79;2011.80;-878.99;0.00
0.28;11.68;44.28;3542.58;2280.21;-1262.37;0.00
0.23;10.99;41.63;3330.23;1917.89;-1412.34;0.00
0.26;9.37;32.12;2569.64;2026.67;-542.96;0.00
0.25;10.54;49.96;3996.96;2035.38;-1961.57;0.00
0.21;11.91;37.21;2976.65;1894.57;-1082.08;0.00
0.29;10.76;44.46;3556.94;2279.66;-1277.29;0.00
0.23;10.71;44.24;3539.23;1917.31;-1621.92;0.00
0.27;9.83;27.88;2230.78;2078.59;-152.20;0.00
0.24;8.94;47.88;3830.23;1888.55;-1941.68;0.00
0.24;11.33;42.72;3417.83;2007.72;-1410.11;0.00
0.28;10.00;31.48;2518.60;2195.13;-323.47;0.00
0.31;10.59;42.61;3408.47;2401.82;-1006.65;0.00
0.25;10.28;35.65;2851.72;1988.26;-863.46;0.00
0.26;10.82;41.05;3284.30;2104.20;-1180.10;0.00
0.25;8.77;34.63;2770.78;1949.43;-821.35;0.00
0.24;9.16;46.00;3680.21;1874.64;-1805.57;0.00
0.30;9.99;39.52;3161.50;2271.79;-889.71;0.00
0.25;10.64;38.66;3092.74;2052.12;-1040.62;0.00
0.24;11.07;39.92;3193.37;1997.56;-1195.81;0.00
0.28;10.65;40.78;3262.17;2205.42;-1056.76;0.00
0.31;10.91;48.52;3881.47;2400.23;-1481.24;0.00
0.25;8.90;46.05;3684.28;1936.88;-1747.40;0.00
0.24;10.09;37.58;3006.50;1946.86;-1059.65;0.00
0.23;11.46;45.45;3636.03;1959.86;-1676.18;0.00
0.28;10.34;37.82;3025.79;2174.69;-851.10;0.00
0.27;11.23;41.34;3306.81;2156.49;-1150.31;0.00
0.24;12.42;36.47;2917.75;2095.74;-822.02;0.00
0.23;11.77;43.41;3472.94;1973.05;-1499.89;0.00
0.25;8.07;42.83;3426.02;1915.71;-1510.32;0.00
0.26;11.14;37.80;3023.88;2134.85;-889.03;0.00
0.18;11.80;34.52;2761.75;1674.37;-1087.39;0.00
0.27;8.68;49.12;3929.56;2021.61;-1907.95;0.00
0.23;9.65;36.35;2907.99;1859.07;-1048.92;0.00
0.27;10.68;39.55;3163.67;2126.00;-1037.67;0.00
0.25;11.12;38.70;3096.36;2063.39;-1032.97;0.00
0.23;10.75;44.66;3572.72;1897.33;-1675.39;0.00
0.18;10.43;35.81;2864.88;1615.13;-1249.75;0.00
0.26;12.23;35.45;2835.96;2150.06;-685.90;0.00
0.22;10.36;35.94;2874.81;1851.40;-1023.41;0.00
0.25;9.86;44.32;3545.77;1967.99;-1577.78;0.00
0.29;10.38;40.82;3265.96;2245.06;-1020.90;0.00
0.27;10.32;35.26;2820.82;2117.88;-702.94;0.00
0.25;8.51;30.90;2472.10;1909.44;-562.66;0.00
0.27;11.47;40.52;3241.36;2216.04;-1025.32;0.00
0.23;10.82;41.63;3330.44;1909.22;-1421.21;0.00
0.27;9.75;39.62;3169.67;2096.85;-1072.81;0.00
0.24;9.87;23.76;1900.58;1914.55;13.97;1.00
0.28;9.82;47.16;3772.67;2175.36;-1597.31;0.00
0.31;10.34;41.54;3322.95;2350.56;-972.38;0.00
0.24;10.04;44.03;3522.27;1957.35;-1564.92;0.00
0.25;10.43;46.14;3691.14;2011.39;-1679.74;0.00
0.23;9.59;44.41;3552.50;1855.78;-1696.72;0.00
0.24;11.45;44.39;3550.88;2032.68;-1518.20;0.00
0.27;10.29;38.79;3103.16;2124.20;-978.95;0.00
0.22;10.85;42.93;3434.44;1884.72;-1549.72;0.00
0.27;9.94;35.07;2805.70;2138.85;-666.84;0.00
0.24;10.15;31.63;2530.27;1967.75;-562.52;0.00
0.26;9.17;36.86;2948.41;2038.09;-910.32;0.00
0.24;10.90;44.40;3552.08;1961.73;-1590.35;0.00
0.25;8.56;40.37;3229.90;1920.86;-1309.04;0.00
0.28;8.84;42.69;3415.50;2134.03;-1281.48;0.00
0.23;8.57;39.99;3198.82;1783.90;-1414.92;0.00
0.21;9.64;41.46;3317.07;1751.03;-1566.04;0.00
0.23;10.01;36.24;2898.96;1878.29;-1020.67;0.00
0.28;11.02;51.04;4083.30;2241.68;-1841.62;0.00
0.27;9.02;39.26;3141.06;2080.09;-1060.97;0.00
0.25;9.94;46.37;3709.68;2015.33;-1694.35;0.00
0.29;9.41;33.37;2669.76;2179.31;-490.45;0.00
0.23;8.92;36.61;2928.87;1838.29;-1090.58;0.00
0.26;9.26;28.57;2285.74;2009.35;-276.39;0.00
0.23;10.80;30.44;2435.22;1946.79;-488.43;0.00
0.26;10.95;42.57;3405.68;2123.72;-1281.96;0.00
0.26;10.26;52.27;4181.58;2065.44;-2116.14;0.00
0.27;11.35;38.47;3077.96;2186.32;-891.64;0.00
0.23;9.83;41.30;3304.06;1862.32;-1441.74;0.00
0.25;9.31;42.84;3427.32;1967.02;-1460.30;0.00
0.25;11.02;40.36;3228.93;2074.44;-1154.49;0.00
0.27;8.91;42.76;3420.89;2056.67;-1364.22;0.00
0.25;11.01;43.02;3441.39;2039.43;-1401.96;0.00
0.26;7.19;41.61;3329.04;1905.43;-1423.61;0.00
0.29;10.52;38.64;3091.33;2238.72;-852.61;0.00
0.23;10.42;37.57;3005.62;1878.57;-1127.05;0.00
0.23;11.29;34.05;2724.21;1923.64;-800.57;0.00
0.26;10.69;37.97;3037.73;2071.73;-966.00;0.00
0.26;8.24;46.64;3731.09;1982.28;-1748.81;0.00
0.27;10.41;50.37;4029.88;2146.05;-1883.82;0.00
0.23;12.57;32.65;2612.15;2009.98;-602.17;0.00
0.26;10.52;41.30;3303.91;2079.81;-1224.09;0.00
0.29;10.87;49.13;3930.49;2288.03;-1642.46;0.00
0.22;10.21;40.37;3229.73;1832.03;-1397.70;0.00
0.25;8.83;37.00;2959.82;1943.62;-1016.20;0.00
0.24;9.57;41.47;3317.87;1905.58;-1412.29;0.00
0.27;10.28;41.56;3324.70;2104.34;-1220.36;0.00
0.27;10.74;42.17;3373.64;2146.83;-1226.81;0.00
0.26;10.93;47.33;3786.05;2125.85;-1660.20;0.00
0.23;9.53;36.84;2947.18;1872.22;-1074.97;0.00
0.30;10.07;42.00;3359.62;2299.70;-1059.92;0.00
0.26;9.89;40.89;3271.07;2040.04;-1231.04;0.00
0.26;11.36;32.86;2628.52;2124.10;-504.42;0.00
0.24;9.88;38.61;3088.69;1946.54;-1142.15;0.00
0.24;12.08;48.67;3893.62;2080.60;-1813.02;0.00
0.27;9.38;41.75;3340.10;2105.68;-1234.42;0.00
0.29;9.56;38.55;3083.62;2187.06;-896.57;0.00
