# X_0;X_1;X_2;R_0;S_0;G_0;I_0
0.20;11.21;42.44;3395.23;1764.17;-1631.05;0.00
0.26;10.00;43.97;3517.91;2070.70;-1447.21;0.00
0.26;11.57;43.31;3465.05;2161.79;-1303.26;0.00
0.29;8.24;40.92;3273.81;2164.75;-1109.06;0.00
0.27;10.06;38.98;3118.30;2145.78;-972.53;0.00
0.23;10.63;36.28;2902.14;1899.93;-1002.21;0.00
0.25;9.65;36.23;2898.33;1977.19;-921.13;0.00
0.23;9.28;39.93;3194.70;1833.10;-1361.60;0.00
0.27;10.59;37.65;3012.35;2128.55;-883.80;0.00
0.30;10.35;43.81;3504.61;2284.71;-1219.90;0.00
0.28;11.99;35.01;2800.41;2253.01;-547.40;0.00
0.25;10.57;35.22;2817.33;2030.58;-786.75;0.00
0.25;11.18;36.13;2890.38;2053.22;-837.16;0.00
0.25;12.63;34.10;2727.90;2141.66;-586.23;0.00
0.25;10.99;43.81;3505.04;2068.90;-1436.14;0.00
0.29;11.22;40.10;3207.93;2296.44;-911.49;0.00
0.24;8.92;34.52;2761.87;1896.72;-865.14;0.00
0.29;10.39;47.91;3833.08;2273.61;-1559.47;0.00
0.25;11.35;38.13;3050.74;2074.89;-975.85;0.00
0.25;9.91;39.35;3148.08;2005.40;-1142.68;0.00
0.27;9.98;36.40;2911.77;2142.42;-769.35;0.00
0.28;10.80;36.74;2938.80;2232.29;-706.51;0.00
0.24;9.27;33.47;2677.62;1879.26;-798.36;0.00
0.26;10.05;37.56;3004.92;2030.59;-974.33;0.00
0.27;10.69;39.04;3122.95;2143.41;-979.54;0.00
0.28;11.29;44.72;3577.67;2227.26;-1350.41;0.00
0.26;11.17;37.02;2961.55;2093.14;-868.41;0.00
0.21;8.91;38.57;3085.34;1681.67;-1403.67;0.00
0.23;9.03;48.45;3875.63;1803.94;-2071.69;0.00
0.28;9.68;40.63;3250.55;2175.27;-1075.28;0.00
0.29;8.36;31.28;2502.69;2120.61;-382.08;0.00
0.25;10.12;40.46;3236.68;1995.00;-1241.68;0.00
0.29;9.69;40.24;3219.07;2203.03;-1016.05;0.00
0.25;10.23;39.52;3161.69;1998.73;-1162.96;0.00
0.23;10.19;33.51;2680.66;1904.30;-776.35;0.00
0.25;11.05;33.73;2698.69;2080.36;-618.33;0.00
0.25;10.20;44.22;3537.35;1992.67;-1544.68;0.00
0.24;9.03;48.21;3856.72;1893.76;-1962.96;0.00
0.29;11.22;42.84;3427.51;2306.84;-1120.67;0.00
0.28;11.38;37.80;3024.14;2255.30;-768.84;0.00
0.27;10.29;42.56;3404.79;2145.39;-1259.40;0.00
0.25;12.45;35.80;2863.80;2103.16;-760.63;0.00
0.26;9.11;34.41;2752.66;1982.72;-769.94;0.00
0.22;10.12;37.58;3006.42;1830.46;-1175.97;0.00
0.25;9.22;41.66;3332.82;1979.42;-1353.40;0.00
0.24;10.45;36.87;2949.49;1941.83;-1007.67;0.00
0.27;11.85;38.96;3116.53;2187.32;-929.20;0.00
0.27;10.86;46.82;3745.20;2132.88;-1612.32;0.00
0.25;11.91;31.81;2545.09;2096.77;-448.32;0.00
0.25;9.87;28.53;2282.12;1986.18;-295.94;0.00
0.28;11.17;36.59;2927.29;2233.50;-693.79;0.00
0.27;8.60;46.35;3708.00;2014.97;-1693.04;0.00
0.27;8.64;38.66;3092.59;2028.94;-1063.64;0.00
0.24;9.34;51.32;4105.27;1896.56;-2208.71;0.00
0.26;10.71;35.79;2863.46;2101.55;-761.91;0.00
0.25;11.25;33.23;2658.22;2076.09;-582.13;0.00
0.26;9.61;44.11;3528.82;2035.41;-1493.41;0.00
0.23;10.49;41.60;3328.26;1892.52;-1435.74;0.00
0.26;9.81;47.56;3804.41;2028.63;-1775.79;0.00
0.25;11.04;38.87;3109.28;2048.97;-1060.32;0.00
0.28;10.88;37.35;2987.63;2195.05;-792.58;0.00
0.29;10.36;43.61;3489.14;2245.60;-1243.54;0.00
0.25;7.69;45.99;3679.17;1886.09;-1793.08;0.00
0.25;9.24;43.17;3453.39;1973.84;-1479.56;0.00
0.24;10.59;39.94;3195.11;1999.98;-1195.14;0.00
0.20;9.72;41.49;3319.39;1685.76;-1633.63;0.00
0.26;10.45;43.52;3481.30;2099.85;-1381.45;0.00
0.24;9.83;38.48;3078.70;1914.35;-1164.35;0.00
0.26;10.23;42.90;3431.88;2041.56;-1390.32;0.00
0.26;9.34;42.52;3401.75;2041.82;-1359.93;0.00
0.27;8.42;35.36;2828.42;2024.35;-804.06;0.00
0.25;9.14;41.94;3355.35;1934.59;-1420.76;0.00
0.24;8.75;40.54;3243.41;1868.88;-1374.52;0.00
0.25;11.40;37.14;2971.57;2093.25;-878.32;0.00
0.24;8.60;47.46;3797.04;1889.46;-1907.58;0.00
0.21;9.92;42.52;3401.48;1745.36;-1656.13;0.00
0.30;9.74;39.19;3135.02;2279.41;-855.61;0.00
0.24;10.84;47.95;3835.83;1970.45;-1865.38;0.00
0.26;11.10;44.83;3586.70;2127.91;-1458.79;0.00
0.29;9.33;38.53;3082.58;2176.10;-906.48;0.00
0.25;9.01;42.57;3405.61;1958.94;-1446.66;0.00
0.21;8.71;35.82;2865.78;1679.95;-1185.83;0.00
0.23;11.42;42.63;3410.55;1938.20;-1472.34;0.00
0.27;11.01;38.39;3070.92;2198.36;-872.55;0.00
0.25;9.98;43.19;3455.47;1998.77;-1456.70;0.00
0.26;8.81;35.35;2828.23;1989.98;-838.24;0.00
0.27;9.68;33.51;2681.08;2071.51;-609.57;0.00
0.25;11.79;36.42;2913.73;2096.42;-817.32;0.00
0.19;11.19;36.94;2955.32;1689.78;-1265.53;0.00
0.23;10.23;38.06;3044.93;1905.00;-1139.93;0.00
0.26;11.35;34.59;2767.33;2105.94;-661.39;0.00
0.28;11.16;40.59;3247.00;2258.40;-988.59;0.00
0.27;9.54;39.98;3198.07;2090.41;-1107.66;0.00
0.29;10.66;40.18;3214.64;2262.14;-952.50;0.00
0.22;9.27;45.14;3611.38;1793.00;-1818.38;0.00
0.27;9.84;41.88;3350.74;2120.57;-1230.17;0.00
0.28;10.78;41.65;3332.08;2225.78;-1106.30;0.00
0.28;11.08;38.24;3059.23;2217.99;-841.24;0.00
0.27;9.64;42.31;3384.89;2093.67;-1291.22;0.00
0.25;10.44;39.37;3149.24;2046.32;-1102.93;0.00
0.26;10.95;50.00;4000.23;2095.91;-1904.32;0.00
0.20;12.17;41.18;3294.26;1834.15;-1460.11;0.00
0.22;8.51;39.79;3183.55;1741.63;-1441.92;0.00
0.29;10.50;38.10;3048.35;2257.23;-791.12;0.00
0.25;11.81;44.55;3564.30;2089.75;-1474.55;0.00
0.27;11.26;39.29;3143.51;2190.21;-953.30;0.00
0.25;11.89;39.04;3123.40;2113.30;-1010.10;0.00
0.28;7.91;44.66;3572.52;2068.60;-1503.92;0.00
0.25;13.99;42.35;3387.91;2186.63;-1201.27;0.00
0.28;9.11;32.27;2581.90;2150.71;-431.19;0.00
0.27;13.01;39.09;3126.99;2248.74;-878.25;0.00
0.27;9.29;48.54;3883.29;2064.55;-1818.75;0.00
0.22;10.85;36.91;2953.09;1855.53;-1097.55;0.00
0.25;10.01;28.68;2294.27;2027.79;-266.48;0.00
0.23;12.13;45.94;3675.17;1972.34;-1702.83;0.00
0.25;9.32;51.13;4090.18;1979.15;-2111.03;0.00
0.27;11.63;38.14;3051.17;2221.48;-829.69;0.00
0.26;11.32;31.60;2528.04;2110.40;-417.64;0.00
0.27;9.06;47.91;3832.89;2035.74;-1797.14;0.00
0.28;10.04;45.67;3653.74;2187.46;-1466.27;0.00
0.26;10.68;39.99;3199.32;2085.49;-1113.83;0.00
0.26;10.51;47.13;3770.67;2107.39;-1663.29;0.00
0.27;12.57;41.24;3298.84;2243.03;-1055.81;0.00
0.27;10.15;36.71;2936.95;2099.64;-837.31;0.00
0.23;10.97;38.46;3076.62;1916.77;-1159.86;0.00
0.28;11.25;38.80;3104.25;2215.14;-889.12;0.00
0.25;11.35;36.12;2889.81;2081.68;-808.13;0.00
0.20;11.36;38.79;3103.16;1784.66;-1318.50;0.00
0.25;10.49;37.31;2984.54;2042.98;-941.56;0.00
0.25;10.49;38.28;3062.31;2046.55;-1015.76;0.00
0.20;10.27;40.15;3212.35;1731.22;-1481.13;0.00
0.23;10.33;43.01;3440.48;1908.59;-1531.89;0.00
0.28;11.05;41.11;3289.08;2227.51;-1061.58;0.00
0.25;8.38;46.10;3687.87;1905.55;-1782.32;0.00
0.26;10.45;36.31;2904.51;2097.54;-806.96;0.00
0.23;9.44;45.53;3642.28;1854.33;-1787.95;0.00
0.27;10.35;41.27;3301.40;2105.09;-1196.32;0.00
0.28;11.17;34.96;2796.55;2240.88;-555.67;0.00
0.23;9.50;41.57;3325.68;1881.31;-1444.36;0.00
0.25;11.85;45.73;3658.27;2116.91;-1541.36;0.00
0.26;10.15;31.83;2546.63;2039.37;-507.26;0.00
0.28;11.23;36.77;2941.20;2210.50;-730.70;0.00
0.30;9.32;41.57;3325.74;2229.69;-1096.06;0.00
0.26;11.14;41.77;3341.95;2122.17;-1219.77;0.00
0.25;11.11;46.93;3754.19;2051.12;-1703.07;0.00
0.26;10.22;36.73;2938.24;2089.00;-849.24;0.00
0.29;10.65;44.91;3593.08;2261.23;-1331.85;0.00
0.23;9.90;39.04;3123.22;1876.88;-1246.35;0.00
0.24;10.36;45.70;3655.96;1985.71;-1670.24;0.00
0.26;9.80;37.40;2991.64;2043.94;-947.70;0.00
0.29;9.61;42.26;3380.89;2192.97;-1187.92;0.00
0.21;9.64;37.16;2972.47;1734.78;-1237.68;0.00
0.27;9.47;38.32;3065.33;2110.55;-954.79;0.00
0.27;11.53;38.25;3060.28;2224.27;-836.00;0.00
0.28;10.28;38.33;3066.67;2213.03;-853.64;0.00
0.20;11.10;39.25;3139.88;1752.42;-1387.46;0.00
0.23;9.86;37.85;3027.89;1899.31;-1128.57;0.00
0.23;10.36;39.75;3180.17;1910.46;-1269.71;0.00
0.25;11.22;40.88;3270.65;2038.86;-1231.79;0.00
0.28;7.92;49.09;3927.42;2047.76;-1879.66;0.00
0.25;8.41;40.99;3278.85;1929.78;-1349.07;0.00
0.28;9.88;43.02;3441.97;2173.42;-1268.55;0.00
0.27;10.55;37.15;2972.18;2138.16;-834.02;0.00
0.24;9.62;37.69;3015.48;1940.49;-1074.99;0.00
0.28;10.83;44.70;3575.90;2233.41;-1342.48;0.00
0.31;9.59;32.92;2633.42;2298.88;-334.54;0.00
0.25;9.02;37.30;2983.97;1940.47;-1043.50;0.00
0.22;9.71;45.25;3620.17;1795.43;-1824.74;0.00
0.25;12.14;40.64;3251.59;2130.98;-1120.61;0.00
0.20;11.30;36.62;2929.22;1794.58;-1134.65;0.00
0.25;10.13;38.15;3052.29;2025.32;-1026.97;0.00
0.24;8.18;44.26;3540.86;1832.37;-1708.49;0.00
0.24;9.81;36.28;2902.80;1901.88;-1000.92;0.00
0.26;10.05;35.74;2859.07;2037.50;-821.57;0.00
0.24;9.91;43.01;3440.74;1926.04;-1514.70;0.00
0.26;8.04;44.32;3545.86;1957.67;-1588.19;0.00
0.25;9.73;35.02;2801.58;1986.03;-815.55;0.00
0.25;9.45;34.17;2733.88;1960.20;-773.68;0.00
0.22;10.21;40.81;3265.09;1832.22;-1432.86;0.00
0.22;10.64;34.20;2735.66;1873.81;-861.86;0.00
0.28;9.29;45.62;3649.79;2107.94;-1541.84;0.00
0.25;6.79;46.48;3718.39;1812.70;-1905.69;0.00
0.26;9.16;44.28;3542.62;2022.89;-1519.73;0.00
0.25;9.80;34.58;2766.78;2000.84;-765.94;0.00
0.26;9.46;35.61;2848.50;2029.98;-818.52;0.00
0.25;8.11;34.51;2760.64;1896.86;-863.78;0.00
0.25;10.29;31.16;2492.61;2034.77;-457.84;0.00
0.27;11.69;38.33;3066.36;2228.33;-838.03;0.00
0.27;9.92;37.26;2981.04;2093.20;-887.84;0.00
0.24;9.87;40.29;3222.87;1936.57;-1286.30;0.00
0.28;9.51;36.51;2920.73;2170.85;-749.88;0.00
0.28;9.04;42.63;3410.31;2116.54;-1293.78;0.00
0.25;11.18;37.96;3037.08;2056.43;-980.65;0.00
0.30;9.52;38.07;3045.74;2237.39;-808.36;0.00
0.22;9.47;34.78;2782.39;1815.96;-966.43;0.00
0.22;10.74;33.39;2671.43;1847.22;-824.21;0.00
0.21;11.59;40.78;3262.58;1826.50;-1436.09;0.00
0.24;11.38;32.80;2624.19;2016.88;-607.31;0.00
0.27;9.47;43.05;3444.02;2078.93;-1365.10;0.00
0.24;9.66;47.30;3784.06;1946.38;-1837.69;0.00
0.25;11.32;37.94;3035.34;2092.81;-942.52;0.00
0.27;9.93;46.19;3695.01;2095.62;-1599.39;0.00
0.24;12.03;48.25;3860.25;2061.63;-1798.62;0.00
0.27;9.39;44.85;3587.72;2110.24;-1477.48;0.00
0.26;10.98;37.82;3025.97;2134.34;-891.64;0.00
0.25;10.94;45.50;3639.92;2033.81;-1606.11;0.00
0.23;10.60;37.31;2985.09;1918.43;-1066.66;0.00
0.24;9.33;48.84;3906.89;1900.33;-2006.55;0.00
0.26;10.39;41.15;3292.01;2105.88;-1186.13;0.00
0.26;10.01;32.04;2563.42;2054.73;-508.69;0.00
0.27;11.78;43.79;3503.02;2186.88;-1316.15;0.00
0.26;9.28;38.74;3098.94;1989.36;-1109.58;0.00
0.26;9.89;39.12;3129.75;2054.50;-1075.25;0.00
0.24;10.87;40.60;3247.87;1981.06;-1266.82;0.00
0.26;10.50;39.97;3197.67;2077.60;-1120.07;0.00
0.25;9.54;41.52;3321.51;1958.49;-1363.02;0.00
0.24;9.65;40.88;3270.25;1926.28;-1343.96;0.00
0.28;10.42;39.38;3150.34;2214.98;-935.37;0.00
0.24;9.45;48.58;3886.18;1887.56;-1998.62;0.00
0.24;8.32;45.91;3673.01;1872.51;-1800.50;0.00
0.28;11.05;37.81;3024.78;2209.34;-815.44;0.00
0.27;10.30;48.34;3867.49;2136.25;-1731.24;0.00
0.25;9.12;39.56;3164.55;1924.70;-1239.85;0.00
0.26;8.79;44.66;3572.66;1972.90;-1599.77;0.00
0.23;11.04;36.41;2912.60;1948.72;-963.88;0.00
0.26;10.51;38.32;3065.40;2103.87;-961.53;0.00
0.22;10.94;34.31;2744.60;1873.60;-871.01;0.00
0.24;9.31;38.73;3098.72;1894.04;-1204.68;0.00
0.26;12.44;41.12;3289.22;2175.90;-1113.33;0.00
0.22;9.63;39.01;3120.62;1774.06;-1346.57;0.00
0.25;11.46;41.04;3282.86;2088.15;-1194.71;0.00
0.22;10.66;39.94;3195.06;1864.56;-1330.50;0.00
0.25;10.76;39.00;3119.96;2027.22;-1092.74;0.00
0.30;10.31;40.17;3213.63;2281.58;-932.04;0.00
0.26;11.12;40.31;3224.64;2134.76;-1089.87;0.00
0.25;10.24;34.90;2791.97;2003.59;-788.38;0.00
0.28;10.78;30.92;2473.31;2223.60;-249.71;0.00
0.23;10.32;38.10;3048.11;1922.10;-1126.01;0.00
0.23;9.56;42.03;3362.16;1869.40;-1492.76;0.00
0.23;12.52;40.61;3248.71;2017.49;-1231.22;0.00
0.21;11.87;47.70;3816.06;1866.26;-1949.80;0.00
0.20;10.29;37.72;3017.60;1733.66;-1283.93;0.00
0.27;8.49;37.96;3036.66;2038.77;-997.89;0.00
0.25;10.91;47.81;3825.02;2036.24;-1788.78;0.00
0.26;11.53;43.53;3482.73;2124.94;-1357.79;0.00
0.26;9.05;44.08;3526.14;1996.32;-1529.82;0.00
0.22;10.66;30.18;2414.30;1854.30;-560.00;0.00
0.26;9.19;41.17;3293.48;2022.68;-1270.80;0.00
0.27;10.62;36.50;2919.66;2132.07;-787.59;0.00
0.25;9.94;42.09;3366.89;1988.36;-1378.53;0.00
0.26;10.61;40.40;3231.89;2077.32;-1154.57;0.00
0.22;9.33;34.09;2727.45;1771.98;-955.46;0.00
0.23;10.40;43.72;3497.27;1910.48;-1586.79;0.00
0.26;11.49;46.81;3744.77;2140.12;-1604.66;0.00
0.32;10.23;31.81;2545.01;2413.84;-131.17;0.00
0.23;10.23;42.04;3363.40;1890.80;-1472.60;0.00
0.28;8.82;41.82;3345.93;2128.41;-1217.52;0.00
0.26;10.03;37.16;2972.45;2037.93;-934.52;0.00
0.25;9.48;43.43;3474.35;1987.51;-1486.85;0.00
0.25;11.30;31.97;2557.62;2053.63;-503.99;0.00
0.27;10.26;41.56;3325.13;2132.08;-1193.05;0.00
0.23;10.73;38.14;3051.22;1938.99;-1112.24;0.00
0.25;7.33;34.74;2778.95;1866.94;-912.01;0.00
0.23;10.16;41.03;3282.72;1887.52;-1395.20;0.00
0.24;10.61;43.96;3516.45;1949.11;-1567.34;0.00
0.30;10.26;41.81;3344.74;2294.24;-1050.50;0.00
0.26;12.05;42.11;3368.98;2179.21;-1189.77;0.00
0.25;9.93;35.39;2831.26;1970.02;-861.24;0.00
0.26;8.66;41.60;3328.03;1987.08;-1340.95;0.00
0.26;9.76;41.60;3328.00;2044.99;-1283.01;0.00
0.26;9.52;37.93;3034.64;2007.01;-1027.64;0.00
0.22;11.45;35.43;2834.79;1878.86;-955.92;0.00
0.21;8.16;41.37;3309.87;1672.10;-1637.76;0.00
0.21;10.99;31.55;2523.89;1816.03;-707.86;0.00
0.26;11.96;46.64;3730.97;2149.04;-1581.93;0.00
0.27;10.27;37.47;2997.22;2129.40;-867.82;0.00
0.23;9.41;36.28;2902.60;1868.87;-1033.73;0.00
0.24;11.80;40.96;3276.46;2014.69;-1261.77;0.00
0.23;8.98;34.78;2782.18;1822.52;-959.66;0.00
0.26;9.96;45.68;3654.40;2059.24;-1595.16;0.00
0.23;10.91;41.71;3336.71;1952.66;-1384.05;0.00
0.26;10.89;43.35;3467.62;2107.75;-1359.87;0.00
0.29;10.48;38.76;3101.17;2236.42;-864.75;0.00
0.24;10.93;48.55;3884.37;1991.06;-1893.31;0.00
0.25;9.27;43.43;3474.37;1985.39;-1488.99;0.00
0.26;9.95;42.49;3399.51;2049.93;-1349.58;0.00
0.30;10.94;34.68;2774.74;2324.39;-450.35;0.00
0.27;10.96;44.73;3578.70;2190.48;-1388.23;0.00
0.27;10.75;36.88;2950.40;2165.97;-784.43;0.00
0.24;9.97;44.46;3557.05;1929.70;-1627.35;0.00
0.24;10.20;42.88;3430.25;1924.84;-1505.41;0.00
0.22;10.17;35.70;2856.37;1820.00;-1036.37;0.00
0.26;11.21;49.12;3929.46;2108.73;-1820.73;0.00
0.28;8.47;37.88;3030.20;2082.74;-947.46;0.00
0.23;10.01;43.92;3513.25;1891.56;-1621.69;0.00
0.24;10.05;44.51;3560.86;1970.51;-1590.35;0.00
0.22;8.00;43.85;3508.18;1739.70;-1768.48;0.00
0.24;8.98;48.45;3875.65;1885.19;-1990.45;0.00
0.23;9.19;51.52;4121.88;1844.49;-2277.39;0.00
0.25;11.85;41.66;3332.66;2100.18;-1232.48;0.00
0.28;10.07;37.53;3002.46;2186.75;-815.71;0.00
0.23;10.63;30.62;2449.36;1936.65;-512.71;0.00
0.27;10.49;38.88;3110.08;2120.37;-989.72;0.00
0.21;9.76;44.51;3560.84;1754.01;-1806.83;0.00
0.26;7.63;52.42;4193.81;1909.65;-2284.16;0.00
0.24;11.15;44.57;3565.38;2000.45;-1564.93;0.00
0.28;10.74;36.40;2911.71;2201.19;-710.52;0.00
0.27;9.60;36.08;2886.28;2110.39;-775.89;0.00
0.23;9.00;36.68;2934.75;1839.80;-1094.94;0.00
0.23;10.25;44.89;3591.24;1922.46;-1668.78;0.00
0.25;10.46;40.83;3266.31;2007.68;-1258.64;0.00
0.26;10.32;41.70;3335.81;2082.77;-1253.04;0.00
0.27;8.50;41.56;3325.15;2005.19;-1319.96;0.00
0.31;9.32;39.64;3171.35;2320.96;-850.39;0.00
0.19;8.29;33.96;2716.67;1543.35;-1173.31;0.00
0.24;9.28;37.77;3021.53;1884.18;-1137.35;0.00
0.25;8.94;47.59;3807.25;1965.10;-1842.15;0.00
0.25;11.14;37.79;3023.18;2060.71;-962.47;0.00
0.26;10.73;47.24;3779.18;2075.55;-1703.64;0.00
0.22;11.04;46.17;3693.87;1856.89;-1836.98;0.00
0.23;10.60;43.17;3453.84;1886.17;-1567.66;0.00
0.28;9.69;42.95;3436.31;2153.48;-1282.82;0.00
0.26;10.77;35.63;2850.74;2092.06;-758.68;0.00
0.25;10.95;37.74;3019.04;2049.77;-969.26;0.00
0.22;9.72;41.81;3344.92;1808.54;-1536.38;0.00
0.24;11.52;34.66;2772.95;2005.46;-767.50;0.00
0.28;9.39;37.08;2966.23;2138.76;-827.47;0.00
0.23;8.19;40.42;3233.25;1785.07;-1448.18;0.00
0.23;8.13;36.79;2943.09;1807.12;-1135.97;0.00
0.27;10.64;46.93;3754.64;2127.39;-1627.25;0.00
0.25;10.23;38.81;3104.87;1984.48;-1120.39;0.00
0.23;9.91;35.44;2835.47;1856.63;-978.84;0.00
0.25;11.42;39.57;3165.45;2059.03;-1106.42;0.00
0.28;9.59;42.09;3367.48;2178.80;-1188.68;0.00
0.23;9.79;39.13;3130.53;1893.74;-1236.78;0.00
0.18;9.42;36.32;2905.96;1563.38;-1342.58;0.00
0.27;10.83;38.13;3050.08;2164.92;-885.17;0.00
0.25;8.92;52.28;4182.23;1959.57;-2222.66;0.00
0.26;8.89;40.74;3259.34;2024.90;-1234.43;0.00
0.26;10.06;38.58;3086.06;2058.15;-1027.90;0.00
0.24;8.84;38.36;3069.13;1858.85;-1210.28;0.00
0.24;9.57;39.77;3181.88;1909.73;-1272.14;0.00
0.19;10.81;35.18;2814.46;1686.79;-1127.68;0.00
0.22;11.93;47.01;3761.19;1926.63;-1834.56;0.00
0.24;11.21;37.29;2982.86;1993.00;-989.86;0.00
0.29;9.30;35.18;2814.29;2205.26;-609.03;0.00
0.28;12.69;47.11;3768.84;2307.67;-1461.17;0.00
0.23;10.30;44.28;3542.11;1876.55;-1665.56;0.00
0.23;9.55;43.12;3449.92;1876.67;-1573.25;0.00
0.24;12.36;40.26;3220.59;2053.22;-1167.37;0.00
0.27;9.11;37.75;3020.00;2078.24;-941.77;0.00
0.27;9.00;43.13;3450.13;2087.34;-1362.79;0.00
0.27;11.85;33.43;2674.28;2218.25;-456.02;0.00
0.22;10.52;41.35;3307.84;1856.30;-1451.54;0.00
0.24;9.71;30.86;2468.68;1924.62;-544.06;0.00
0.24;9.54;39.79;3183.57;1912.97;-1270.60;0.00
0.21;11.05;42.81;3424.78;1819.97;-1604.81;0.00
0.22;10.31;42.73;3418.36;1846.06;-1572.30;0.00
0.25;11.52;46.27;3701.60;2052.11;-1649.49;0.00
0.24;10.06;42.65;3412.12;1935.59;-1476.53;0.00
0.28;13.36;45.95;3675.96;2350.54;-1325.42;0.00
0.25;10.41;32.96;2636.90;2040.66;-596.24;0.00
0.25;10.05;49.23;3938.13;1983.50;-1954.64;0.00
0.23;11.81;40.25;3220.38;1967.88;-1252.50;0.00
0.26;10.23;43.58;3486.78;2089.30;-1397.48;0.00
0.25;9.51;43.17;3453.28;1979.82;-1473.46;0.00
0.24;9.88;39.63;3170.76;1956.80;-1213.97;0.00
0.28;9.67;45.31;3624.50;2177.52;-1446.98;0.00
0.25;10.77;43.42;3473.41;2025.45;-1447.95;0.00
0.29;9.83;43.46;3476.66;2195.01;-1281.64;0.00
0.22;10.76;39.50;3160.05;1871.51;-1288.53;0.00
0.24;9.64;42.97;3437.54;1900.67;-1536.87;0.00
0.23;11.63;40.12;3209.72;1982.27;-1227.45;0.00
0.22;10.74;45.33;3626.29;1841.27;-1785.02;0.00
0.25;9.30;45.75;3659.94;1931.80;-1728.13;0.00
0.27;10.47;43.06;3445.14;2114.47;-1330.68;0.00
0.22;9.27;39.65;3172.03;1755.07;-1416.96;0.00
0.23;9.67;40.20;3215.85;1852.25;-1363.59;0.00
0.25;9.87;36.31;2904.93;2005.44;-899.49;0.00
0.27;10.15;39.77;3181.37;2129.19;-1052.18;0.00
0.27;10.87;40.63;3250.75;2162.33;-1088.42;0.00
0.30;10.57;48.92;3913.62;2329.56;-1584.05;0.00
0.21;12.69;44.12;3529.74;1924.65;-1605.09;0.00
0.25;9.33;42.91;3432.65;1975.66;-1456.99;0.00
0.22;10.41;41.30;3304.19;1842.65;-1461.54;0.00
0.23;9.93;33.61;2688.63;1881.26;-807.37;0.00
0.25;7.80;43.52;3481.87;1894.98;-1586.89;0.00
0.28;9.85;41.53;3322.34;2145.26;-1177.08;0.00
0.26;9.38;37.65;3011.77;1993.93;-1017.84;0.00
0.26;7.82;40.85;3267.60;1918.67;-1348.93;0.00
0.29;11.31;48.22;3857.73;2311.96;-1545.77;0.00
0.25;10.63;39.41;3152.78;2010.77;-1142.02;0.00
0.19;11.51;34.32;2745.24;1740.93;-1004.31;0.00
0.21;9.43;34.79;2783.17;1719.65;-1063.52;0.00
0.27;9.82;46.83;3746.57;2117.25;-1629.33;0.00
0.22;11.39;39.16;3132.42;1925.90;-1206.52;0.00
0.23;11.26;35.88;2870.47;1958.11;-912.36;0.00
0.22;9.92;39.11;3128.63;1799.30;-1329.33;0.00
0.24;12.00;37.53;3002.04;2061.58;-940.46;0.00
0.28;7.87;34.07;2725.67;2060.52;-665.15;0.00
0.26;9.52;34.34;2747.38;2036.83;-710.55;0.00
0.26;10.62;36.03;2882.12;2085.56;-796.56;0.00
0.27;9.68;43.17;3453.46;2103.48;-1349.98;0.00
0.26;9.31;50.89;4071.19;2014.10;-2057.09;0.00
0.24;11.81;41.34;3306.96;2018.12;-1288.84;0.00
0.23;13.61;48.19;3855.42;2086.44;-1768.98;0.00
0.26;8.10;36.76;2940.63;1970.95;-969.68;0.00
0.27;9.76;39.46;3156.80;2102.02;-1054.79;0.00
0.25;10.05;36.88;2950.64;1982.95;-967.70;0.00
0.30;9.49;39.25;3139.85;2253.46;-886.39;0.00
0.25;11.26;34.96;2796.78;2073.43;-723.35;0.00
0.26;10.07;40.72;3257.49;2047.04;-1210.46;0.00
0.26;9.79;37.93;3034.18;2056.40;-977.79;0.00
0.24;9.09;43.47;3477.46;1869.87;-1607.59;0.00
0.23;10.54;43.38;3470.03;1920.24;-1549.79;0.00
0.31;8.65;34.56;2764.99;2252.02;-512.97;0.00
0.26;9.37;56.14;4491.53;2048.22;-2443.31;0.00
0.21;8.74;45.62;3649.78;1712.23;-1937.55;0.00
0.21;9.21;37.58;3006.22;1707.13;-1299.09;0.00
0.26;9.28;38.18;3054.44;2024.27;-1030.17;0.00
0.25;7.77;36.90;2951.88;1855.57;-1096.31;0.00
0.23;10.49;40.61;3248.69;1910.88;-1337.81;0.00
0.26;11.99;47.72;3817.43;2189.62;-1627.81;0.00
0.24;10.17;39.38;3150.47;1961.14;-1189.33;0.00
0.20;10.06;38.69;3095.06;1718.72;-1376.35;0.00
0.27;11.18;39.29;3143.47;2199.03;-944.44;0.00
0.28;10.53;41.79;3343.04;2173.80;-1169.23;0.00
0.27;11.80;33.07;2645.61;2196.97;-448.64;0.00
0.25;9.34;40.31;3225.01;1961.27;-1263.74;0.00
0.23;8.49;50.24;4019.45;1782.10;-2237.35;0.00
0.28;10.13;42.76;3421.00;2174.62;-1246.38;0.00
0.21;9.63;40.24;3219.43;1761.16;-1458.26;0.00
0.26;9.69;39.94;3195.26;2047.59;-1147.67;0.00
0.25;9.24;43.15;3452.18;1984.78;-1467.39;0.00
0.24;6.36;39.43;3154.47;1732.79;-1421.68;0.00
0.26;11.12;43.29;3462.89;2114.83;-1348.06;0.00
0.26;13.40;33.08;2646.38;2231.59;-414.79;0.00
0.25;8.17;36.94;2955.01;1925.73;-1029.28;0.00
0.27;9.84;40.90;3272.24;2085.56;-1186.69;0.00
0.28;11.18;40.39;3231.50;2225.91;-1005.59;0.00
0.21;8.48;40.92;3273.50;1673.35;-1600.15;0.00
0.24;10.36;47.56;3804.93;1981.34;-1823.59;0.00
0.27;11.05;42.43;3394.62;2198.77;-1195.86;0.00
0.30;11.02;40.59;3247.30;2321.70;-925.59;0.00
0.22;9.43;35.14;2811.51;1819.45;-992.05;0.00
0.23;11.26;35.89;2871.11;1926.09;-945.02;0.00
0.22;10.66;38.33;3066.47;1863.12;-1203.35;0.00
0.24;12.49;42.68;3414.02;2084.29;-1329.73;0.00
0.23;9.21;45.86;3668.67;1851.65;-1817.02;0.00
0.23;10.37;41.21;3296.73;1920.43;-1376.29;0.00
0.24;9.99;42.30;3384.37;1952.67;-1431.70;0.00
0.25;10.68;49.30;3944.11;2039.01;-1905.10;0.00
0.24;11.21;42.27;3381.20;1985.39;-1395.81;0.00
0.22;9.36;47.40;3791.66;1779.17;-2012.49;0.00
0.23;9.52;36.54;2923.38;1855.93;-1067.45;0.00
0.28;13.10;44.52;3561.45;2346.79;-1214.67;0.00
0.24;10.25;44.54;3563.43;1937.19;-1626.23;0.00
0.27;12.60;44.11;3528.79;2237.80;-1290.99;0.00
0.30;9.71;46.75;3740.00;2255.18;-1484.82;0.00
0.24;10.10;40.74;3259.50;1966.60;-1292.90;0.00
0.27;10.14;42.56;3404.55;2120.37;-1284.18;0.00
0.24;10.77;41.38;3310.16;2006.58;-1303.59;0.00
0.28;8.65;42.87;3429.98;2085.95;-1344.03;0.00
0.31;9.91;39.82;3185.74;2359.27;-826.47;0.00
0.22;11.35;39.99;3199.42;1901.12;-1298.29;0.00
0.23;11.62;39.08;3126.71;1995.85;-1130.86;0.00
0.23;10.82;47.23;3778.44;1908.86;-1869.57;0.00
0.21;11.32;35.63;2850.61;1830.79;-1019.82;0.00
0.20;10.63;33.27;2661.44;1762.34;-899.10;0.00
0.26;7.61;44.06;3524.56;1909.38;-1615.18;0.00
0.27;10.67;32.00;2559.79;2173.69;-386.10;0.00
0.23;8.83;42.06;3365.02;1832.24;-1532.78;0.00
0.26;12.25;34.46;2756.42;2189.31;-567.11;0.00
0.25;8.31;35.91;2872.86;1926.88;-945.98;0.00
0.22;10.26;38.11;3048.63;1833.46;-1215.17;0.00
0.26;6.98;43.11;3448.65;1883.87;-1564.78;0.00
0.28;10.93;46.59;3726.92;2195.51;-1531.41;0.00
0.25;10.16;46.67;3733.47;2030.39;-1703.08;0.00
0.27;9.76;45.36;3628.49;2106.65;-1521.84;0.00
0.25;10.12;35.92;2873.57;2017.80;-855.77;0.00
0.26;7.57;34.73;2778.44;1912.75;-865.69;0.00
0.23;7.34;32.45;2595.74;1747.38;-848.36;0.00
0.26;10.16;42.91;3432.73;2054.71;-1378.02;0.00
0.27;8.90;40.13;3210.29;2038.18;-1172.12;0.00
0.30;7.50;42.32;3385.51;2171.75;-1213.75;0.00
0.25;8.32;50.07;4005.49;1900.03;-2105.47;0.00
0.24;9.77;42.02;3361.33;1916.69;-1444.65;0.00
0.27;11.81;44.58;3566.01;2236.02;-1330.00;0.00
0.27;9.48;37.47;2997.58;2064.63;-932.95;0.00
0.26;10.35;36.03;2882.60;2071.47;-811.13;0.00
0.22;9.20;39.50;3160.29;1750.85;-1409.44;0.00
0.24;10.86;46.78;3742.17;1991.56;-1750.61;0.00
0.22;10.13;45.20;3615.93;1839.33;-1776.60;0.00
0.28;9.95;39.74;3179.10;2158.86;-1020.24;0.00
0.24;9.76;41.23;3298.52;1920.20;-1378.32;0.00
0.25;13.39;43.28;3462.76;2182.47;-1280.29;0.00
0.31;8.87;43.23;3458.38;2277.70;-1180.68;0.00
0.23;10.90;42.34;3387.36;1945.01;-1442.34;0.00
0.22;8.90;43.28;3462.23;1770.26;-1691.97;0.00
0.27;9.71;40.54;3243.55;2100.36;-1143.19;0.00
0.26;8.52;43.27;3461.56;1971.86;-1489.70;0.00
0.27;9.13;48.75;3899.76;2047.59;-1852.17;0.00
0.29;8.69;42.96;3436.41;2148.05;-1288.37;0.00
0.25;9.61;38.66;3092.88;1950.60;-1142.28;0.00
0.24;10.14;36.09;2887.49;1962.22;-925.26;0.00
0.21;11.30;37.34;2987.06;1848.76;-1138.30;0.00
0.26;11.24;46.77;3741.82;2113.71;-1628.11;0.00
0.26;8.80;35.58;2846.75;1980.09;-866.66;0.00
0.25;9.21;43.69;3494.87;1941.72;-1553.15;0.00
0.28;8.61;34.46;2756.79;2117.67;-639.12;0.00
0.22;8.34;44.60;3568.24;1752.01;-1816.23;0.00
0.24;11.06;45.54;3643.05;1991.82;-1651.23;0.00
0.25;11.58;38.93;3114.46;2109.06;-1005.41;0.00
0.27;9.62;42.13;3370.59;2101.30;-1269.29;0.00
0.25;9.66;37.42;2993.81;1985.63;-1008.18;0.00
0.24;9.64;34.94;2795.46;1912.00;-883.46;0.00
0.25;10.64;40.03;3202.30;2039.23;-1163.06;0.00
0.28;9.14;44.76;3580.85;2137.53;-1443.33;0.00
0.27;9.65;39.48;3158.07;2110.40;-1047.67;0.00
0.27;10.24;45.84;3667.21;2134.95;-1532.26;0.00
0.24;10.91;31.93;2554.78;1974.34;-580.44;0.00
0.28;11.09;37.28;2982.79;2212.44;-770.35;0.00
0.25;8.98;32.08;2566.53;1937.54;-628.99;0.00
0.24;7.42;38.40;3071.73;1824.52;-1247.21;0.00
0.28;12.19;40.05;3203.74;2269.47;-934.27;0.00
0.22;11.64;42.88;3430.73;1916.37;-1514.36;0.00
0.31;10.28;46.78;3742.79;2348.25;-1394.54;0.00
0.26;10.59;36.47;2917.67;2085.40;-832.27;0.00
0.24;10.90;46.01;3680.53;1996.53;-1683.99;0.00
0.25;10.54;38.23;3058.66;2000.19;-1058.48;0.00
0.28;8.26;42.33;3386.19;2082.22;-1303.98;0.00
0.28;10.01;49.60;3967.70;2199.32;-1768.38;0.00
0.22;11.35;45.20;3615.69;1897.05;-1718.64;0.00
0.26;9.54;39.21;3136.96;2014.50;-1122.45;0.00
0.22;9.48;32.74;2618.93;1811.25;-807.68;0.00
0.26;10.04;35.82;2865.76;2040.11;-825.64;0.00
0.28;11.80;41.39;3311.59;2294.63;-1016.95;0.00
0.26;9.24;42.86;3428.43;1992.24;-1436.19;0.00
0.22;9.97;27.24;2179.35;1823.91;-355.44;0.00
0.25;11.35;33.56;2684.49;2067.28;-617.20;0.00
0.22;10.92;37.23;2978.70;1843.89;-1134.81;0.00
0.27;10.58;41.91;3353.07;2151.91;-1201.16;0.00
0.28;7.82;39.52;3161.87;2031.49;-1130.38;0.00
0.28;11.97;43.35;3468.01;2306.98;-1161.03;0.00
0.28;9.99;43.78;3502.53;2152.14;-1350.38;0.00
0.20;9.96;44.05;3523.98;1686.19;-1837.80;0.00
0.22;10.00;39.93;3194.69;1849.27;-1345.42;0.00
0.23;9.25;37.62;3009.73;1827.02;-1182.71;0.00
0.28;10.81;30.27;2421.88;2213.90;-207.98;0.00
0.23;9.41;37.76;3021.17;1858.65;-1162.52;0.00
0.24;9.75;38.26;3060.53;1944.72;-1115.81;0.00
0.27;11.16;36.85;2948.25;2180.61;-767.64;0.00
0.23;10.96;36.88;2950.37;1930.91;-1019.46;0.00
0.17;9.80;38.71;3096.58;1503.40;-1593.18;0.00
0.27;9.63;35.29;2823.19;2110.78;-712.41;0.00
0.27;10.68;33.32;2665.79;2124.55;-541.24;0.00
0.24;9.77;52.68;4214.28;1917.18;-2297.11;0.00
0.20;10.73;39.45;3156.12;1748.87;-1407.25;0.00
0.25;8.75;48.71;3897.14;1959.18;-1937.96;0.00
0.26;8.97;45.04;3603.55;1983.40;-1620.15;0.00
0.21;10.64;42.27;3381.84;1797.69;-1584.15;0.00
0.25;11.62;40.70;3255.68;2112.26;-1143.42;0.00
0.29;11.43;29.60;2368.09;2336.48;-31.61;0.00
0.24;9.94;38.46;3076.49;1907.45;-1169.04;0.00
0.24;9.26;39.34;3147.01;1907.42;-1239.59;0.00
0.27;8.18;44.38;3550.72;2021.01;-1529.71;0.00
0.24;9.60;32.64;2611.31;1938.79;-672.52;0.00
0.28;11.61;34.16;2732.71;2243.35;-489.37;0.00
0.29;9.98;30.18;2414.28;2223.44;-190.84;0.00
0.20;10.34;45.40;3631.64;1745.58;-1886.06;0.00
0.23;9.82;36.72;2937.24;1889.91;-1047.33;0.00
0.18;9.05;45.26;3620.63;1561.03;-2059.60;0.00
0.28;10.73;36.87;2949.86;2191.22;-758.64;0.00
0.28;9.40;34.84;2786.94;2123.60;-663.34;0.00
0.24;11.56;28.26;2260.91;2029.27;-231.64;0.00
0.23;11.05;40.01;3201.05;1956.52;-1244.53;0.00
0.24;12.93;40.05;3204.25;2069.34;-1134.91;0.00
0.25;9.77;38.96;3116.67;2003.57;-1113.10;0.00
0.23;11.15;27.37;2189.72;1949.77;-239.94;0.00
0.21;10.30;38.57;3085.33;1791.52;-1293.81;0.00
0.26;10.73;38.80;3104.17;2088.95;-1015.23;0.00
0.25;11.93;47.87;3829.69;2123.51;-1706.17;0.00
0.23;10.08;39.65;3172.03;1867.42;-1304.61;0.00
0.24;10.47;44.91;3592.80;1950.44;-1642.36;0.00
0.28;9.03;39.90;3191.95;2146.03;-1045.92;0.00
0.22;9.73;40.43;3234.56;1796.87;-1437.69;0.00
0.27;10.96;44.24;3539.54;2158.04;-1381.50;0.00
0.26;9.22;37.98;3038.51;2036.97;-1001.54;0.00
0.24;10.80;43.05;3444.04;1984.15;-1459.89;0.00
0.27;9.92;48.19;3855.17;2118.72;-1736.45;0.00
0.28;9.46;43.73;3498.46;2152.21;-1346.25;0.00
0.22;11.60;40.13;3210.72;1917.46;-1293.25;0.00
0.26;9.01;35.18;2814.09;2016.06;-798.03;0.00
0.25;10.99;38.29;3063.04;2035.44;-1027.59;0.00
0.24;8.68;34.11;2728.94;1846.59;-882.35;0.00
0.27;10.60;31.90;2551.99;2170.78;-381.21;0.00
0.26;9.69;49.33;3946.68;2010.96;-1935.72;0.00
0.26;9.88;37.77;3021.79;2046.92;-974.87;0.00
0.24;10.52;39.63;3170.14;1965.60;-1204.54;0.00
0.22;11.01;40.45;3236.19;1899.36;-1336.83;0.00
0.26;11.14;28.87;2309.90;2129.20;-180.71;0.00
0.22;10.03;39.32;3145.88;1801.78;-1344.10;0.00
0.23;9.11;40.97;3278.00;1834.27;-1443.73;0.00
0.20;10.29;48.05;3843.75;1700.56;-2143.18;0.00
0.26;9.83;40.60;3247.77;2066.55;-1181.22;0.00
0.21;9.88;45.78;3662.04;1776.40;-1885.64;0.00
0.29;11.73;35.69;2855.49;2318.22;-537.27;0.00
0.24;7.48;38.64;3091.51;1825.34;-1266.16;0.00
0.26;10.60;40.07;3205.37;2078.96;-1126.41;0.00
0.27;10.09;40.26;3221.16;2139.31;-1081.85;0.00
0.23;10.68;44.47;3557.73;1892.84;-1664.90;0.00
0.22;11.38;38.05;3043.93;1901.84;-1142.08;0.00
0.23;10.45;51.28;4102.42;1909.34;-2193.07;0.00
0.28;10.51;33.80;2704.27;2215.98;-488.28;0.00
0.25;11.73;47.42;3793.83;2088.19;-1705.64;0.00
0.26;9.04;31.95;2556.32;2027.20;-529.12;0.00
0.28;10.02;43.85;3507.80;2197.31;-1310.49;0.00
0.21;9.21;40.78;3262.02;1740.37;-1521.65;0.00
0.26;12.11;41.37;3309.58;2186.42;-1123.16;0.00
0.22;10.83;45.68;3654.40;1843.86;-1810.54;0.00
0.25;10.95;34.92;2793.76;2035.50;-758.26;0.00
0.27;7.70;42.17;3373.52;2004.27;-1369.25;0.00
0.24;10.24;46.84;3746.93;1975.11;-1771.82;0.00
0.22;10.30;38.48;3078.09;1865.05;-1213.04;0.00
0.23;11.22;37.92;3033.46;1944.69;-1088.77;0.00
0.29;11.20;38.45;3075.61;2298.01;-777.60;0.00
0.23;8.17;36.76;2941.16;1789.95;-1151.21;0.00
0.23;10.90;34.87;2789.63;1904.09;-885.54;0.00
0.25;9.78;36.13;2890.35;1979.21;-911.13;0.00
0.22;9.54;50.66;4052.73;1812.72;-2240.01;0.00
0.26;11.95;44.30;3543.71;2152.44;-1391.27;0.00
0.24;11.22;41.33;3306.10;1977.29;-1328.81;0.00
0.24;10.39;29.96;2396.75;1977.77;-418.98;0.00
0.22;11.24;40.94;3275.52;1905.74;-1369.78;0.00
0.23;9.93;40.97;3277.64;1888.98;-1388.66;0.00
0.26;9.44;44.98;3598.03;2016.92;-1581.10;0.00
0.27;10.42;38.02;3041.21;2116.20;-925.01;0.00
0.21;10.63;29.58;2366.19;1791.31;-574.88;0.00
0.23;8.74;37.68;3014.33;1800.63;-1213.70;0.00
0.26;9.43;45.53;3642.17;2001.56;-1640.61;0.00
0.28;10.00;35.45;2836.33;2171.76;-664.56;0.00
0.24;11.98;38.17;3053.88;2023.54;-1030.34;0.00
0.24;11.09;46.33;3706.70;1987.62;-1719.08;0.00
0.27;9.84;41.82;3345.81;2087.12;-1258.69;0.00
0.24;9.56;40.59;3247.01;1918.24;-1328.76;0.00
0.27;10.83;29.74;2379.48;2186.59;-192.89;0.00
0.19;10.71;39.10;3128.33;1709.30;-1419.03;0.00
0.23;9.84;42.81;3424.71;1870.12;-1554.59;0.00
0.20;11.91;31.39;2511.59;1793.09;-718.51;0.00
0.23;8.16;43.93;3514.16;1806.11;-1708.04;0.00
0.24;11.76;37.96;3037.20;2017.14;-1020.06;0.00
0.26;9.03;39.93;3194.19;1975.22;-1218.97;0.00
0.22;10.16;37.73;3018.26;1819.63;-1198.62;0.00
0.25;7.74;42.64;3411.32;1897.65;-1513.67;0.00
0.25;8.46;41.63;3330.25;1905.64;-1424.60;0.00
0.21;10.25;25.45;2036.34;1755.63;-280.71;0.00
0.30;10.20;34.91;2793.06;2288.85;-504.21;0.00
0.28;8.16;36.48;2918.40;2062.33;-856.07;0.00
0.25;10.32;36.09;2886.84;1988.34;-898.50;0.00
0.26;8.77;38.90;3112.02;1965.96;-1146.06;0.00
0.21;8.98;42.71;3417.13;1720.25;-1696.89;0.00
0.28;8.71;36.42;2913.45;2100.49;-812.96;0.00
0.29;11.23;45.20;3616.22;2277.96;-1338.26;0.00
0.26;9.56;42.43;3394.36;2038.27;-1356.09;0.00
0.19;10.40;41.56;3325.18;1677.86;-1647.31;0.00
0.27;9.42;36.08;2886.01;2092.11;-793.89;0.00
0.25;11.99;41.51;3320.41;2126.74;-1193.67;0.00
0.29;7.54;44.97;3597.75;2072.26;-1525.49;0.00
0.27;10.65;36.26;2900.96;2165.72;-735.24;0.00
0.25;11.56;38.37;3069.56;2089.85;-979.71;0.00
0.26;10.42;41.19;3295.09;2078.25;-1216.83;0.00
0.31;11.15;37.96;3037.19;2408.44;-628.76;0.00
0.27;10.98;35.89;2871.54;2179.53;-692.01;0.00
0.28;11.21;38.45;3075.62;2236.58;-839.04;0.00
0.30;10.64;44.48;3558.67;2299.94;-1258.73;0.00
0.22;10.78;42.26;3380.91;1861.41;-1519.50;0.00
0.23;10.51;44.05;3523.81;1931.82;-1591.99;0.00
0.27;12.29;35.24;2819.10;2266.65;-552.45;0.00
0.25;8.96;36.17;2893.32;1922.09;-971.23;0.00
0.25;8.22;41.02;3281.71;1924.51;-1357.20;0.00
0.25;8.60;31.44;2515.10;1919.03;-596.06;0.00
0.23;10.37;37.35;2988.12;1876.92;-1111.20;0.00
0.25;11.36;42.06;3364.71;2045.33;-1319.38;0.00
0.25;10.36;46.23;3698.44;2029.59;-1668.85;0.00
0.24;10.35;36.52;2921.96;1980.27;-941.69;0.00
0.23;10.40;45.57;3645.29;1897.71;-1747.59;0.00
0.22;8.55;43.91;3512.77;1764.81;-1747.96;0.00
0.25;8.11;41.13;3290.45;1907.78;-1382.67;0.00
0.24;10.50;44.19;3535.18;1995.58;-1539.61;0.00
0.32;9.55;43.56;3484.68;2404.57;-1080.11;0.00
0.28;11.66;39.49;3159.48;2268.04;-891.44;0.00
0.24;8.95;42.26;3380.40;1866.23;-1514.17;0.00
0.30;10.22;49.41;3952.45;2321.94;-1630.51;0.00
0.25;8.84;37.91;3032.92;1934.26;-1098.66;0.00
0.23;9.64;36.07;2885.63;1890.04;-995.59;0.00
0.24;10.86;42.36;3388.74;2012.87;-1375.88;0.00
0.25;11.90;40.65;3251.99;2116.60;-1135.39;0.00
0.21;10.77;47.54;3803.09;1826.36;-1976.73;0.00
0.24;11.23;46.17;3693.82;2031.83;-1661.99;0.00
0.23;10.77;46.47;3717.88;1938.11;-1779.77;0.00
0.27;10.89;42.51;3400.71;2167.77;-1232.93;0.00
0.25;7.94;34.16;2732.60;1864.52;-868.08;0.00
0.22;9.85;41.24;3299.50;1786.36;-1513.14;0.00
0.26;10.65;43.65;3491.66;2079.17;-1412.49;0.00
0.26;11.04;33.05;2644.06;2116.52;-527.54;0.00
0.24;10.42;43.31;3464.52;1971.64;-1492.88;0.00
0.28;11.02;44.87;3589.90;2208.47;-1381.43;0.00
0.24;11.08;38.29;3062.81;1984.52;-1078.29;0.00
0.25;9.43;28.82;2305.20;1971.36;-333.85;0.00
0.27;8.40;33.98;2718.72;1999.68;-719.04;0.00
0.22;10.87;44.47;3557.77;1890.50;-1667.26;0.00
0.27;10.11;42.63;3410.08;2116.20;-1293.88;0.00
0.23;10.79;32.24;2579.56;1952.81;-626.76;0.00
0.27;10.99;41.15;3292.36;2144.03;-1148.33;0.00
0.28;10.15;36.20;2896.12;2153.03;-743.09;0.00
0.27;11.41;45.72;3657.88;2189.29;-1468.60;0.00
0.24;12.43;50.55;4044.21;2090.40;-1953.81;0.00
0.24;10.67;36.05;2883.65;1978.76;-904.89;0.00
0.25;8.29;48.60;3887.91;1882.91;-2005.00;0.00
0.26;9.04;40.90;3271.68;2029.00;-1242.68;0.00
0.23;13.11;41.73;3338.49;2067.41;-1271.08;0.00
0.22;12.18;36.74;2939.39;1912.86;-1026.53;0.00
0.25;10.38;35.77;2861.59;2042.22;-819.37;0.00
0.28;11.78;37.12;2969.90;2251.99;-717.91;0.00
0.27;11.90;32.32;2585.54;2206.95;-378.60;0.00
0.22;9.60;44.02;3521.86;1791.43;-1730.43;0.00
0.25;11.23;41.02;3281.26;2060.05;-1221.20;0.00
0.22;10.57;40.72;3257.34;1863.31;-1394.04;0.00
0.24;10.52;39.79;3183.17;1978.38;-1204.79;0.00
0.23;11.11;38.03;3042.19;1928.88;-1113.31;0.00
0.25;9.95;44.64;3571.32;1994.44;-1576.87;0.00
0.26;11.96;30.69;2455.59;2189.36;-266.23;0.00
0.21;7.50;37.18;2974.78;1637.02;-1337.76;0.00
0.25;9.53;34.81;2784.59;1992.43;-792.16;0.00
0.24;7.72;36.24;2899.49;1818.41;-1081.08;0.00
0.27;9.69;46.46;3716.94;2107.16;-1609.78;0.00
0.26;9.96;39.50;3159.76;2052.88;-1106.89;0.00
0.29;11.44;42.57;3405.38;2282.92;-1122.46;0.00
0.27;10.03;37.29;2983.07;2088.02;-895.05;0.00
0.22;7.71;43.19;3455.48;1701.87;-1753.61;0.00
0.30;11.28;42.07;3365.28;2365.72;-999.56;0.00
0.24;10.12;37.91;3033.16;1968.92;-1064.24;0.00
0.22;10.87;40.15;3211.80;1896.55;-1315.26;0.00
0.25;9.87;34.07;2725.64;1968.96;-756.68;0.00
0.20;10.79;39.04;3123.48;1729.48;-1394.01;0.00
0.24;9.49;44.07;3525.40;1895.35;-1630.05;0.00
0.26;9.69;36.28;2902.34;2065.12;-837.22;0.00
0.25;9.64;37.81;3024.99;1950.38;-1074.60;0.00
0.28;10.29;38.14;3050.94;2182.14;-868.80;0.00
0.26;11.56;35.91;2872.96;2113.99;-758.97;0.00
0.24;9.39;34.85;2787.90;1903.27;-884.63;0.00
0.23;10.40;33.62;2689.45;1900.77;-788.68;0.00
0.24;9.10;39.49;3159.32;1895.51;-1263.81;0.00
0.21;12.18;41.95;3355.73;1905.43;-1450.30;0.00
0.30;9.23;41.95;3355.91;2226.94;-1128.97;0.00
0.25;10.88;35.71;2856.62;2064.84;-791.78;0.00
0.28;8.89;40.16;3213.10;2104.84;-1108.26;0.00
0.24;11.11;42.56;3404.89;1983.63;-1421.25;0.00
0.27;9.29;33.40;2672.17;2058.14;-614.03;0.00
0.23;9.47;32.75;2619.87;1829.56;-790.31;0.00
0.25;11.73;43.41;3473.12;2100.10;-1373.03;0.00
0.25;11.27;36.37;2909.27;2080.96;-828.31;0.00
0.26;11.22;36.27;2901.29;2133.50;-767.79;0.00
0.29;12.06;42.48;3398.51;2347.59;-1050.92;0.00
0.24;9.77;42.69;3414.83;1948.08;-1466.75;0.00
0.23;10.42;35.23;2818.34;1893.57;-924.77;0.00
0.26;10.63;45.60;3648.28;2107.00;-1541.28;0.00
0.27;10.97;47.44;3795.53;2139.20;-1656.33;0.00
0.23;9.05;33.28;2662.69;1806.83;-855.86;0.00
0.25;8.88;29.83;2386.62;1963.67;-422.95;0.00
0.24;11.26;39.26;3141.18;2032.66;-1108.52;0.00
0.26;9.61;39.60;3167.99;2009.89;-1158.10;0.00
0.28;12.69;39.59;3167.43;2341.65;-825.78;0.00
0.28;9.79;41.17;3293.70;2164.10;-1129.59;0.00
0.28;7.67;39.66;3173.10;2019.73;-1153.37;0.00
0.26;8.72;40.33;3226.20;1995.36;-1230.84;0.00
0.27;10.71;34.69;2774.99;2162.26;-612.73;0.00
0.25;9.03;43.46;3477.15;1921.89;-1555.25;0.00
0.24;10.76;37.00;2959.67;1987.67;-972.00;0.00
0.31;11.06;39.20;3135.89;2397.37;-738.52;0.00
0.27;8.55;38.04;3043.33;2060.50;-982.82;0.00
0.25;8.87;30.92;2473.58;1933.96;-539.63;0.00
0.28;10.14;46.11;3689.05;2158.30;-1530.75;0.00
0.27;11.35;37.24;2979.28;2196.91;-782.37;0.00
0.24;11.37;44.30;3544.11;2027.70;-1516.42;0.00
0.26;9.57;45.90;3672.05;2019.55;-1652.49;0.00
0.23;10.96;39.21;3136.74;1936.90;-1199.83;0.00
0.30;9.42;48.00;3840.11;2265.23;-1574.87;0.00
0.23;8.34;35.26;2821.15;1815.57;-1005.58;0.00
0.22;11.65;31.59;2526.95;1906.20;-620.75;0.00
0.23;10.26;33.21;2657.18;1906.89;-750.29;0.00
0.24;10.18;35.39;2830.94;1975.51;-855.43;0.00
0.28;10.12;32.71;2617.09;2159.05;-458.04;0.00
0.25;8.90;38.92;3113.85;1924.01;-1189.84;0.00
0.20;9.57;36.84;2947.47;1692.00;-1255.47;0.00
0.26;11.98;37.80;3024.27;2138.08;-886.20;0.00
0.24;9.46;40.30;3224.35;1906.85;-1317.50;0.00
0.26;11.22;42.83;3426.45;2103.85;-1322.60;0.00
0.21;9.42;39.84;3187.28;1731.91;-1455.38;0.00
0.28;9.69;39.67;3173.47;2184.17;-989.30;0.00
