# X_0;X_1;X_2;R_0;S_0;G_0;I_0
0.24;9.41;29.47;2357.72;1935.02;-422.70;0.00
0.24;9.53;39.16;3132.65;1927.43;-1205.22;0.00
0.26;9.86;43.05;3444.27;2025.02;-1419.24;0.00
0.24;10.31;33.98;2718.67;1972.95;-745.73;0.00
0.24;8.92;47.66;3812.58;1874.61;-1937.97;0.00
0.24;7.54;38.35;3068.31;1823.27;-1245.04;0.00
0.21;10.97;42.66;3413.13;1800.56;-1612.57;0.00
0.24;12.20;39.99;3199.49;2045.46;-1154.03;0.00
0.24;10.58;42.20;3376.16;1978.60;-1397.56;0.00
0.23;10.75;35.49;2838.96;1894.38;-944.58;0.00
0.26;10.97;45.39;3631.23;2080.94;-1550.28;0.00
0.24;9.18;46.21;3696.90;1880.59;-1816.31;0.00
0.27;10.83;41.15;3291.91;2137.44;-1154.47;0.00
0.20;10.44;31.04;2483.10;1716.45;-766.65;0.00
0.24;9.33;40.75;3259.60;1890.07;-1369.53;0.00
0.26;8.21;40.79;3263.01;1974.23;-1288.79;0.00
0.26;9.64;38.05;3043.65;2024.08;-1019.57;0.00
0.22;10.69;38.13;3050.78;1873.29;-1177.49;0.00
0.24;9.11;28.08;2246.13;1902.63;-343.49;0.00
0.23;11.03;36.86;2948.97;1921.65;-1027.32;0.00
0.22;9.21;42.61;3408.64;1783.96;-1624.68;0.00
0.26;10.35;40.84;3266.93;2053.82;-1213.11;0.00
0.29;10.12;37.46;2996.55;2250.20;-746.35;0.00
0.27;7.92;43.14;3451.43;2028.08;-1423.35;0.00
0.26;11.21;42.46;3396.67;2141.12;-1255.55;0.00
0.30;11.96;33.07;2645.87;2383.01;-262.86;0.00
0.25;8.41;40.09;3207.34;1908.21;-1299.13;0.00
0.30;10.62;40.52;3241.40;2294.94;-946.46;0.00
0.29;10.63;39.50;3159.76;2246.42;-913.34;0.00
0.24;10.49;33.87;2709.34;1983.36;-725.98;0.00
0.23;9.61;43.64;3491.04;1862.27;-1628.77;0.00
0.28;13.29;32.16;2572.74;2351.35;-221.39;0.00
0.29;12.37;37.88;3030.48;2351.01;-679.47;0.00
0.19;9.65;43.94;3515.01;1605.43;-1909.58;0.00
0.29;9.44;38.98;3118.14;2224.36;-893.78;0.00
0.27;9.79;52.89;4230.95;2106.08;-2124.87;0.00
0.28;11.92;34.48;2758.53;2274.82;-483.71;0.00
0.28;10.41;40.35;3227.70;2171.33;-1056.37;0.00
0.25;10.69;43.68;3494.76;2018.41;-1476.34;0.00
0.23;10.65;42.51;3401.07;1913.32;-1487.74;0.00
0.22;9.91;39.59;3167.06;1806.38;-1360.68;0.00
0.24;10.95;38.83;3106.55;1976.45;-1130.10;0.00
0.25;10.77;36.88;2950.07;2027.05;-923.03;0.00
0.21;9.37;39.44;3155.45;1735.01;-1420.44;0.00
0.25;9.73;45.88;3670.62;1955.90;-1714.72;0.00
0.24;7.97;43.58;3486.41;1827.74;-1658.67;0.00
0.20;9.11;38.36;3068.64;1683.58;-1385.05;0.00
0.21;9.90;36.08;2886.76;1775.98;-1110.78;0.00
0.21;6.79;41.27;3301.65;1586.16;-1715.49;0.00
0.27;8.60;48.63;3890.74;2065.07;-1825.67;0.00
0.25;9.88;43.47;3477.76;1965.05;-1512.71;0.00
0.27;10.65;41.95;3355.68;2130.75;-1224.94;0.00
0.22;8.99;37.75;3020.27;1753.10;-1267.18;0.00
0.22;9.69;37.16;2972.68;1799.63;-1173.05;0.00
0.29;12.19;37.50;3000.14;2337.16;-662.97;0.00
0.22;9.89;44.33;3546.21;1822.96;-1723.25;0.00
0.27;10.78;35.96;2876.41;2171.76;-704.64;0.00
0.25;11.20;42.81;3424.64;2040.42;-1384.21;0.00
0.28;11.23;41.36;3309.03;2240.97;-1068.06;0.00
0.32;11.67;41.26;3300.88;2523.49;-777.39;0.00
0.23;10.14;41.60;3327.96;1916.51;-1411.46;0.00
0.27;10.30;40.88;3270.58;2105.31;-1165.27;0.00
0.27;10.25;46.64;3731.27;2100.15;-1631.13;0.00
0.25;10.11;41.98;3358.69;2014.42;-1344.27;0.00
0.24;10.09;33.80;2704.24;1922.27;-781.97;0.00
0.26;10.29;47.49;3799.08;2080.74;-1718.34;0.00
0.26;10.53;37.98;3038.51;2065.16;-973.35;0.00
0.30;8.45;43.76;3500.90;2200.10;-1300.80;0.00
0.26;9.66;40.80;3264.01;2043.46;-1220.56;0.00
0.25;10.10;40.55;3244.36;2021.66;-1222.70;0.00
0.28;8.97;40.72;3257.40;2119.19;-1138.21;0.00
0.23;9.42;45.23;3618.74;1831.98;-1786.76;0.00
0.24;10.37;40.09;3207.34;1973.64;-1233.69;0.00
0.24;11.88;43.68;3494.05;2035.89;-1458.16;0.00
0.25;8.90;46.24;3699.50;1943.47;-1756.03;0.00
0.26;10.90;40.67;3253.76;2102.41;-1151.35;0.00
0.20;10.22;31.28;2502.61;1743.23;-759.38;0.00
0.22;12.64;42.44;3394.85;1987.90;-1406.95;0.00
0.25;10.99;43.87;3509.95;2057.19;-1452.76;0.00
0.25;8.26;35.51;2840.54;1889.66;-950.89;0.00
0.27;9.35;50.44;4035.49;2086.40;-1949.09;0.00
0.29;10.41;42.27;3381.84;2238.81;-1143.03;0.00
0.27;10.66;37.48;2998.37;2147.63;-850.74;0.00
0.25;10.18;41.15;3292.08;1987.78;-1304.30;0.00
0.25;10.88;36.29;2903.50;2018.70;-884.80;0.00
0.24;9.83;40.08;3206.57;1946.30;-1260.28;0.00
0.26;11.09;45.38;3630.05;2106.56;-1523.50;0.00
0.25;11.36;42.86;3429.01;2077.32;-1351.68;0.00
0.23;8.93;44.94;3595.55;1820.04;-1775.52;0.00
0.23;12.84;42.00;3360.11;2005.96;-1354.15;0.00
0.26;9.41;37.97;3037.29;2030.51;-1006.78;0.00
0.23;11.00;50.21;4017.17;1939.88;-2077.29;0.00
0.23;10.88;34.12;2729.30;1946.84;-782.46;0.00
0.24;10.35;45.19;3615.51;1975.12;-1640.39;0.00
0.24;10.54;47.91;3833.07;1950.50;-1882.57;0.00
0.28;10.90;41.69;3335.43;2215.34;-1120.09;0.00
0.25;8.41;39.84;3186.93;1915.90;-1271.03;0.00
0.27;10.59;36.48;2918.40;2131.35;-787.05;0.00
0.27;8.70;37.85;3027.81;2059.70;-968.11;0.00
0.26;8.57;40.18;3214.33;1952.28;-1262.06;0.00
0.26;10.79;37.99;3038.89;2114.58;-924.31;0.00
0.20;9.71;43.60;3487.85;1674.69;-1813.16;0.00
0.21;11.45;40.35;3227.88;1817.49;-1410.39;0.00
0.28;8.83;36.70;2936.05;2112.85;-823.20;0.00
0.21;10.34;45.62;3649.81;1810.49;-1839.32;0.00
0.27;8.73;38.27;3061.74;2064.32;-997.42;0.00
0.26;11.04;35.36;2829.02;2123.22;-705.80;0.00
0.25;9.10;36.32;2905.85;1977.65;-928.20;0.00
0.29;8.19;37.76;3020.47;2159.47;-861.00;0.00
0.26;9.63;44.25;3540.18;2041.86;-1498.32;0.00
0.21;9.38;44.80;3583.71;1733.55;-1850.17;0.00
0.25;10.85;32.35;2588.20;2031.98;-556.22;0.00
0.25;9.74;34.23;2738.55;1965.65;-772.91;0.00
0.24;9.90;38.10;3047.78;1938.35;-1109.44;0.00
0.26;9.16;36.10;2888.25;2008.91;-879.34;0.00
0.23;9.36;38.98;3118.38;1864.50;-1253.87;0.00
0.25;8.50;37.40;2991.64;1898.94;-1092.70;0.00
0.28;12.54;38.52;3081.67;2322.58;-759.09;0.00
0.26;11.28;37.04;2963.17;2098.66;-864.51;0.00
0.24;10.37;45.32;3625.44;1955.62;-1669.82;0.00
0.27;10.54;40.48;3238.73;2147.63;-1091.10;0.00
0.24;10.57;33.79;2703.50;1949.28;-754.22;0.00
0.25;11.77;37.98;3038.26;2077.14;-961.12;0.00
0.26;8.97;42.03;3362.66;2022.45;-1340.20;0.00
0.24;9.51;37.49;2999.56;1905.33;-1094.22;0.00
0.28;8.65;41.59;3327.14;2096.68;-1230.47;0.00
0.21;10.55;48.80;3904.09;1804.23;-2099.86;0.00
0.26;9.93;43.16;3452.92;2026.83;-1426.09;0.00
0.25;11.62;35.15;2812.38;2105.56;-706.82;0.00
0.29;9.90;39.85;3188.14;2243.93;-944.20;0.00
0.26;8.22;41.52;3321.68;1969.23;-1352.45;0.00
0.26;9.75;37.31;2984.40;2050.87;-933.53;0.00
0.25;9.85;35.60;2848.07;1985.09;-862.98;0.00
0.27;9.16;39.89;3191.34;2045.51;-1145.82;0.00
0.21;10.68;38.77;3101.24;1824.26;-1276.98;0.00
0.26;11.06;34.86;2788.90;2100.49;-688.42;0.00
0.25;9.66;32.64;2610.98;1959.65;-651.33;0.00
0.22;9.37;30.16;2412.90;1770.61;-642.29;0.00
0.25;10.51;36.20;2896.21;1998.05;-898.16;0.00
0.30;11.31;33.46;2676.67;2334.23;-342.44;0.00
0.24;10.01;36.85;2948.16;1931.84;-1016.32;0.00
0.24;6.84;29.94;2394.91;1748.15;-646.77;0.00
0.29;9.12;43.02;3441.67;2206.10;-1235.56;0.00
0.22;11.08;34.04;2723.09;1886.21;-836.89;0.00
0.27;10.31;37.25;2980.12;2146.63;-833.49;0.00
0.24;8.57;40.10;3208.36;1882.01;-1326.35;0.00
0.27;11.37;36.44;2915.18;2191.21;-723.97;0.00
0.24;11.48;46.74;3739.36;2034.29;-1705.07;0.00
0.27;10.21;48.44;3874.91;2121.78;-1753.13;0.00
0.25;11.18;35.82;2865.44;2059.85;-805.59;0.00
0.27;10.18;30.14;2411.49;2109.91;-301.58;0.00
0.24;8.75;46.73;3738.69;1877.94;-1860.74;0.00
0.26;9.61;38.51;3080.45;2041.25;-1039.20;0.00
0.23;8.51;38.08;3046.45;1812.92;-1233.53;0.00
0.30;9.51;48.48;3878.50;2288.06;-1590.44;0.00
0.24;12.01;37.39;2991.21;2063.40;-927.81;0.00
0.25;10.02;40.22;3217.65;2007.13;-1210.52;0.00
0.19;10.01;38.96;3116.65;1643.47;-1473.19;0.00
0.24;10.99;35.81;2864.62;1975.70;-888.92;0.00
0.26;9.21;41.98;3358.36;1996.07;-1362.29;0.00
0.27;10.40;45.08;3606.26;2156.73;-1449.52;0.00
0.27;9.77;43.58;3486.01;2100.03;-1385.98;0.00
0.24;8.65;36.33;2906.36;1849.24;-1057.11;0.00
0.22;10.98;43.16;3452.87;1850.55;-1602.31;0.00
0.25;8.79;34.06;2724.55;1919.48;-805.07;0.00
0.25;10.76;38.96;3116.41;2030.45;-1085.96;0.00
0.23;7.99;43.83;3506.34;1787.68;-1718.66;0.00
0.25;9.59;38.87;3109.85;1996.85;-1113.00;0.00
0.26;9.12;46.55;3723.94;2008.76;-1715.19;0.00
0.27;11.44;39.56;3164.68;2196.35;-968.32;0.00
0.23;10.89;37.96;3036.57;1913.22;-1123.35;0.00
0.22;10.21;43.33;3466.14;1859.85;-1606.29;0.00
0.25;9.92;36.50;2920.12;1986.47;-933.65;0.00
0.21;11.50;37.96;3036.57;1833.31;-1203.27;0.00
0.26;10.96;37.72;3017.51;2081.41;-936.10;0.00
0.26;9.30;36.44;2915.03;2027.29;-887.74;0.00
0.25;10.69;41.15;3292.15;2054.55;-1237.60;0.00
0.29;10.75;36.52;2921.85;2265.32;-656.53;0.00
0.21;10.87;40.85;3268.31;1821.13;-1447.18;0.00
0.25;10.33;42.19;3374.92;1996.21;-1378.71;0.00
0.25;9.79;40.34;3227.16;2012.31;-1214.85;0.00
0.25;10.33;42.26;3380.76;2020.73;-1360.03;0.00
0.27;10.44;37.54;3003.23;2112.65;-890.59;0.00
0.28;11.30;33.31;2664.92;2249.27;-415.65;0.00
0.21;10.48;29.56;2364.81;1799.23;-565.58;0.00
0.22;8.30;34.78;2782.03;1740.65;-1041.38;0.00
0.23;11.82;45.27;3621.48;1961.66;-1659.81;0.00
0.25;9.87;46.17;3693.95;1985.37;-1708.58;0.00
0.24;8.60;42.20;3376.21;1878.45;-1497.76;0.00
0.28;10.77;42.70;3415.83;2214.61;-1201.21;0.00
0.24;9.60;41.78;3342.60;1946.06;-1396.53;0.00
0.25;10.19;36.14;2891.09;2023.18;-867.91;0.00
0.25;11.73;47.37;3789.94;2075.98;-1713.96;0.00
0.23;10.50;36.77;2941.41;1921.86;-1019.55;0.00
0.29;10.60;42.94;3434.93;2290.66;-1144.27;0.00
0.26;10.52;32.69;2615.32;2111.47;-503.85;0.00
0.26;7.37;47.95;3835.72;1902.64;-1933.08;0.00
0.30;11.57;40.31;3224.96;2389.41;-835.55;0.00
0.23;9.63;31.81;2544.75;1861.14;-683.61;0.00
0.23;9.77;37.50;3000.17;1894.51;-1105.66;0.00
0.25;11.60;31.01;2481.05;2057.37;-423.67;0.00
0.20;11.42;39.81;3184.69;1768.41;-1416.27;0.00
0.26;11.86;35.95;2875.66;2164.74;-710.92;0.00
0.25;10.12;40.46;3237.16;1985.02;-1252.13;0.00
0.25;9.61;38.39;3071.24;2003.77;-1067.46;0.00
0.27;10.45;50.92;4073.70;2153.88;-1919.82;0.00
0.26;9.15;35.15;2812.14;1984.73;-827.41;0.00
0.21;10.44;35.64;2851.17;1772.92;-1078.25;0.00
0.23;10.29;42.30;3384.39;1917.20;-1467.19;0.00
0.24;10.87;29.63;2370.47;1993.87;-376.61;0.00
0.21;10.49;35.18;2814.27;1764.55;-1049.72;0.00
0.24;10.53;39.72;3177.99;1956.28;-1221.71;0.00
0.20;9.78;42.06;3364.96;1686.70;-1678.26;0.00
0.31;10.70;41.25;3299.84;2383.91;-915.93;0.00
0.23;9.79;41.06;3284.94;1865.18;-1419.76;0.00
0.27;10.92;41.46;3317.01;2142.76;-1174.25;0.00
0.25;10.17;37.57;3005.79;1992.07;-1013.71;0.00
0.22;10.49;40.07;3205.36;1874.49;-1330.86;0.00
0.24;9.02;27.51;2200.54;1911.68;-288.86;0.00
0.24;11.99;32.03;2562.45;2054.28;-508.17;0.00
0.24;11.90;45.17;3613.20;2053.10;-1560.10;0.00
0.21;9.82;29.57;2365.29;1762.05;-603.24;0.00
0.21;8.74;40.07;3205.36;1675.49;-1529.87;0.00
0.26;11.12;36.78;2942.05;2115.12;-826.93;0.00
0.26;10.89;47.48;3798.12;2095.61;-1702.50;0.00
0.26;11.80;35.63;2850.19;2174.90;-675.30;0.00
0.26;10.01;39.26;3140.50;2057.10;-1083.40;0.00
0.26;10.91;38.69;3095.32;2130.24;-965.08;0.00
0.25;10.78;30.57;2445.56;2064.19;-381.37;0.00
0.25;7.74;38.48;3078.76;1898.11;-1180.65;0.00
0.27;11.14;34.82;2785.66;2203.20;-582.45;0.00
0.25;9.70;35.92;2873.55;1988.35;-885.20;0.00
0.28;12.70;42.35;3387.89;2341.25;-1046.64;0.00
0.24;9.04;37.06;2964.57;1864.90;-1099.66;0.00
0.25;10.94;31.71;2536.70;2069.83;-466.87;0.00
0.18;11.59;39.15;3131.97;1695.51;-1436.46;0.00
0.26;10.43;44.10;3527.84;2077.74;-1450.10;0.00
0.22;10.56;32.79;2622.86;1874.17;-748.69;0.00
0.27;10.42;37.36;2988.55;2156.71;-831.84;0.00
0.24;9.27;38.67;3093.42;1889.42;-1204.00;0.00
0.27;10.02;36.48;2918.64;2142.05;-776.59;0.00
0.26;10.53;43.12;3449.97;2075.39;-1374.59;0.00
0.26;10.26;35.47;2837.88;2085.98;-751.90;0.00
0.26;11.37;33.42;2673.67;2159.03;-514.64;0.00
0.23;11.96;48.02;3841.21;1973.69;-1867.52;0.00
0.25;8.46;28.47;2277.93;1890.85;-387.08;0.00
0.24;11.40;48.45;3876.16;2011.59;-1864.57;0.00
0.25;8.85;36.09;2887.25;1961.12;-926.13;0.00
0.25;11.17;36.60;2927.94;2080.28;-847.66;0.00
0.25;9.38;41.48;3318.36;1974.04;-1344.32;0.00
0.28;10.30;34.78;2782.70;2194.10;-588.60;0.00
0.23;9.67;43.41;3472.60;1845.68;-1626.92;0.00
0.23;9.83;46.86;3748.42;1867.77;-1880.65;0.00
0.17;11.61;39.78;3182.38;1611.35;-1571.03;0.00
0.27;10.68;36.78;2942.01;2138.37;-803.64;0.00
0.24;11.58;38.77;3101.80;2031.04;-1070.75;0.00
0.25;11.03;45.02;3601.50;2076.23;-1525.27;0.00
0.24;9.72;31.42;2513.83;1901.84;-611.99;0.00
0.26;10.98;33.02;2641.72;2114.66;-527.06;0.00
0.24;10.30;41.08;3286.75;1927.18;-1359.57;0.00
0.23;9.48;41.80;3344.25;1867.85;-1476.41;0.00
0.25;12.85;43.22;3457.57;2168.58;-1288.98;0.00
0.26;12.91;40.67;3253.31;2231.19;-1022.12;0.00
0.24;7.97;42.23;3378.78;1803.28;-1575.49;0.00
0.25;10.23;34.95;2796.03;1985.25;-810.78;0.00
0.30;9.96;42.52;3401.38;2262.27;-1139.10;0.00
0.26;10.26;36.60;2927.86;2066.01;-861.84;0.00
0.25;9.53;40.05;3203.89;1943.59;-1260.31;0.00
0.29;9.88;35.68;2854.38;2199.92;-654.47;0.00
0.21;9.93;38.26;3060.90;1739.53;-1321.37;0.00
0.24;10.96;35.67;2853.78;1980.80;-872.98;0.00
0.26;10.28;44.02;3521.23;2045.34;-1475.89;0.00
0.27;10.93;43.58;3486.20;2177.38;-1308.83;0.00
0.27;7.73;40.33;3226.72;2004.46;-1222.26;0.00
0.30;8.85;34.57;2765.76;2242.63;-523.14;0.00
0.26;11.14;32.61;2609.05;2096.86;-512.19;0.00
0.28;11.79;44.71;3576.56;2252.83;-1323.73;0.00
0.26;9.47;39.81;3185.17;2054.29;-1130.88;0.00
0.26;9.61;50.96;4076.48;2049.27;-2027.21;0.00
0.24;7.63;44.14;3531.06;1834.23;-1696.83;0.00
0.26;10.56;40.42;3233.68;2081.13;-1152.55;0.00
0.25;10.79;47.22;3777.25;2062.06;-1715.19;0.00
0.26;9.40;48.28;3862.60;2052.83;-1809.76;0.00
0.27;10.44;42.68;3414.60;2141.46;-1273.14;0.00
0.32;10.09;46.35;3708.01;2439.97;-1268.03;0.00
0.26;10.15;42.94;3435.19;2068.89;-1366.30;0.00
0.21;10.75;30.79;2463.48;1795.68;-667.80;0.00
0.25;10.88;36.55;2923.77;2024.55;-899.22;0.00
0.28;10.29;43.30;3463.94;2185.62;-1278.32;0.00
0.25;9.02;40.85;3268.30;1937.98;-1330.32;0.00
0.23;11.02;36.33;2906.57;1951.35;-955.22;0.00
0.23;12.12;37.74;3019.01;2024.77;-994.24;0.00
0.24;13.09;42.04;3363.33;2090.60;-1272.74;0.00
0.25;9.07;34.54;2762.93;1935.81;-827.13;0.00
0.25;10.09;42.41;3393.13;2001.56;-1391.57;0.00
0.23;10.93;43.76;3501.06;1940.95;-1560.11;0.00
0.29;10.88;36.96;2956.70;2286.35;-670.35;0.00
0.26;11.67;43.68;3494.16;2146.97;-1347.19;0.00
0.29;10.45;41.31;3304.59;2260.83;-1043.76;0.00
0.23;11.23;35.69;2854.96;1961.62;-893.33;0.00
0.25;10.38;36.98;2958.19;2021.99;-936.21;0.00
0.24;10.91;39.74;3179.25;1967.80;-1211.45;0.00
0.29;9.09;38.93;3114.61;2169.88;-944.73;0.00
0.20;10.78;32.38;2590.40;1721.09;-869.31;0.00
0.26;9.52;41.28;3302.63;2045.01;-1257.62;0.00
0.24;10.78;36.27;2901.51;1960.19;-941.31;0.00
0.23;9.68;35.93;2874.07;1885.54;-988.53;0.00
0.23;11.20;36.50;2920.14;1951.40;-968.73;0.00
0.24;10.02;44.59;3567.44;1963.95;-1603.49;0.00
0.26;10.04;37.41;2992.81;2078.05;-914.76;0.00
0.23;9.32;40.22;3217.81;1824.35;-1393.46;0.00
0.25;11.10;39.20;3136.08;2048.54;-1087.54;0.00
0.28;9.01;42.19;3375.22;2127.70;-1247.53;0.00
0.24;11.79;51.02;4081.27;2024.81;-2056.46;0.00
0.25;10.76;43.68;3494.50;2023.51;-1470.99;0.00
0.23;12.08;45.83;3666.65;2012.04;-1654.60;0.00
0.23;8.54;32.70;2615.98;1807.66;-808.32;0.00
0.21;10.77;50.31;4024.64;1815.48;-2209.15;0.00
0.24;11.07;47.52;3801.80;1996.80;-1805.00;0.00
0.23;10.28;42.63;3410.32;1870.36;-1539.96;0.00
0.25;9.07;37.97;3037.26;1946.36;-1090.90;0.00
0.27;8.67;40.19;3215.52;2060.58;-1154.94;0.00
0.23;10.08;38.44;3075.24;1861.72;-1213.51;0.00
0.23;9.46;41.55;3323.61;1851.37;-1472.24;0.00
0.22;9.45;39.05;3124.29;1773.48;-1350.81;0.00
0.25;10.37;51.29;4103.20;2015.82;-2087.38;0.00
0.23;11.25;36.79;2943.03;1947.60;-995.42;0.00
0.23;9.40;35.24;2819.51;1875.30;-944.21;0.00
0.23;10.58;40.05;3203.96;1913.35;-1290.61;0.00
0.27;9.22;41.42;3313.33;2071.26;-1242.08;0.00
0.23;9.19;45.03;3602.72;1827.56;-1775.16;0.00
0.24;9.56;38.20;3055.84;1923.42;-1132.43;0.00
0.24;10.79;44.81;3584.76;1955.67;-1629.09;0.00
0.26;10.22;39.00;3119.75;2095.04;-1024.70;0.00
0.27;8.87;36.22;2897.29;2065.22;-832.06;0.00
0.28;8.45;35.20;2816.00;2077.02;-738.98;0.00
0.28;11.19;38.99;3119.20;2224.22;-894.98;0.00
0.27;9.49;36.50;2919.61;2102.38;-817.23;0.00
0.23;11.12;46.11;3689.13;1947.05;-1742.08;0.00
0.23;9.65;39.28;3142.14;1890.88;-1251.26;0.00
0.25;9.87;34.96;2796.78;1963.04;-833.74;0.00
0.24;9.97;41.15;3291.97;1915.14;-1376.83;0.00
0.25;8.83;39.90;3191.64;1959.29;-1232.35;0.00
0.19;12.34;46.14;3691.43;1785.33;-1906.10;0.00
0.24;11.48;38.75;3100.35;2002.51;-1097.84;0.00
0.24;11.17;40.34;3227.36;2029.87;-1197.49;0.00
0.25;10.67;46.28;3702.10;2037.01;-1665.09;0.00
0.26;10.43;43.90;3512.17;2103.19;-1408.98;0.00
0.27;9.79;41.78;3342.05;2131.07;-1210.99;0.00
0.23;9.39;37.89;3031.49;1824.41;-1207.08;0.00
0.28;10.77;43.60;3487.73;2213.13;-1274.60;0.00
0.25;10.90;43.31;3464.51;2052.47;-1412.04;0.00
0.26;10.00;46.92;3753.97;2067.05;-1686.92;0.00
0.26;11.27;43.82;3505.44;2150.52;-1354.92;0.00
0.22;10.01;44.12;3529.53;1816.97;-1712.56;0.00
0.25;8.99;36.12;2889.62;1964.43;-925.19;0.00
0.22;10.52;33.62;2689.30;1846.81;-842.49;0.00
0.24;10.30;40.07;3205.26;1941.97;-1263.29;0.00
0.26;11.54;44.62;3569.65;2114.99;-1454.66;0.00
0.21;10.65;41.29;3303.00;1790.02;-1512.99;0.00
0.20;11.56;42.56;3404.91;1811.12;-1593.80;0.00
0.27;10.56;34.17;2733.50;2152.47;-581.03;0.00
0.24;9.86;41.22;3297.21;1953.43;-1343.78;0.00
0.27;8.19;39.96;3196.74;2002.22;-1194.52;0.00
0.30;10.68;41.09;3287.26;2300.49;-986.76;0.00
0.24;11.96;36.09;2887.44;2037.28;-850.16;0.00
0.25;11.25;36.81;2944.52;2066.92;-877.60;0.00
0.22;8.52;41.13;3290.56;1761.38;-1529.18;0.00
0.23;10.06;34.64;2771.56;1896.65;-874.91;0.00
0.23;10.89;38.44;3075.50;1913.93;-1161.57;0.00
0.24;11.23;40.54;3243.49;1980.01;-1263.49;0.00
0.25;9.40;36.68;2934.01;1954.54;-979.47;0.00
0.28;8.28;44.26;3540.58;2052.70;-1487.88;0.00
0.23;10.30;43.72;3497.29;1877.69;-1619.59;0.00
0.28;9.60;33.78;2702.11;2151.51;-550.60;0.00
0.27;9.72;48.68;3894.12;2120.74;-1773.38;0.00
0.23;11.64;43.66;3493.08;1962.35;-1530.73;0.00
0.22;9.58;31.05;2484.02;1804.40;-679.62;0.00
0.25;10.39;34.85;2787.80;2039.14;-748.66;0.00
0.27;10.41;39.64;3171.22;2141.87;-1029.35;0.00
0.23;8.46;32.47;2597.80;1811.04;-786.76;0.00
0.23;10.31;47.30;3784.13;1895.69;-1888.43;0.00
0.22;11.67;41.37;3309.36;1917.25;-1392.11;0.00
0.27;9.32;40.29;3223.59;2056.67;-1166.92;0.00
0.29;12.17;42.88;3430.66;2350.07;-1080.59;0.00
0.28;10.58;35.99;2879.60;2197.62;-681.98;0.00
0.22;8.89;43.27;3461.92;1782.08;-1679.84;0.00
0.25;10.95;45.91;3672.53;2037.67;-1634.85;0.00
0.20;11.29;37.82;3025.93;1776.30;-1249.63;0.00
0.27;9.79;42.53;3402.73;2088.55;-1314.19;0.00
0.29;11.05;42.82;3425.45;2296.46;-1129.00;0.00
0.24;10.69;40.51;3240.52;1985.70;-1254.82;0.00
0.25;11.81;41.66;3332.84;2081.68;-1251.16;0.00
0.26;9.40;50.15;4011.83;2016.60;-1995.23;0.00
0.24;10.98;46.81;3744.52;2006.91;-1737.61;0.00
0.23;10.16;32.73;2618.22;1891.46;-726.76;0.00
0.23;10.00;41.63;3330.55;1858.34;-1472.21;0.00
0.27;10.09;35.63;2850.73;2097.93;-752.81;0.00
0.32;9.81;32.91;2632.67;2393.96;-238.71;0.00
0.26;9.70;37.94;3035.17;2053.73;-981.44;0.00
0.27;8.97;49.20;3935.65;2048.80;-1886.85;0.00
0.22;9.48;38.29;3063.22;1784.70;-1278.52;0.00
0.25;12.84;43.21;3456.50;2175.10;-1281.40;0.00
0.24;10.63;42.28;3382.37;1953.24;-1429.14;0.00
0.24;8.59;42.34;3387.05;1878.76;-1508.28;0.00
0.22;10.18;44.01;3520.93;1818.45;-1702.48;0.00
0.25;9.12;51.57;4125.66;1963.49;-2162.18;0.00
0.25;11.12;42.86;3429.15;2065.76;-1363.39;0.00
0.24;9.07;40.48;3238.10;1910.05;-1328.05;0.00
0.25;10.28;33.18;2654.53;1990.13;-664.39;0.00
0.26;7.80;37.76;3021.00;1935.71;-1085.29;0.00
0.30;9.51;38.96;3117.08;2235.77;-881.31;0.00
0.23;11.09;38.29;3063.17;1920.98;-1142.19;0.00
0.27;8.76;31.52;2521.42;2021.95;-499.47;0.00
0.28;9.28;34.34;2747.27;2162.02;-585.26;0.00
0.26;11.23;40.01;3200.47;2151.67;-1048.80;0.00
0.26;10.48;46.92;3753.85;2086.38;-1667.46;0.00
0.22;9.40;36.04;2882.97;1814.40;-1068.57;0.00
0.26;11.84;37.27;2981.87;2164.54;-817.33;0.00
0.23;8.31;34.64;2770.99;1781.15;-989.85;0.00
0.29;9.34;32.31;2584.98;2168.82;-416.16;0.00
0.25;10.40;37.37;2989.87;2007.79;-982.08;0.00
0.24;10.45;46.73;3738.39;1936.30;-1802.09;0.00
0.24;10.52;46.28;3702.61;1971.72;-1730.89;0.00
0.26;10.58;31.29;2502.98;2109.16;-393.82;0.00
0.26;10.77;44.51;3561.08;2095.19;-1465.89;0.00
0.27;10.90;37.79;3023.01;2135.26;-887.75;0.00
0.20;11.77;31.79;2542.98;1801.90;-741.08;0.00
0.24;8.91;37.81;3025.19;1903.87;-1121.32;0.00
0.23;10.61;36.39;2911.05;1887.25;-1023.80;0.00
0.24;9.73;42.68;3414.08;1899.40;-1514.68;0.00
0.24;11.73;38.05;3044.14;2042.16;-1001.98;0.00
0.24;9.10;36.91;2953.07;1886.42;-1066.65;0.00
0.27;10.55;35.37;2829.76;2156.42;-673.35;0.00
0.23;9.81;45.91;3673.08;1894.79;-1778.29;0.00
0.24;11.86;34.04;2723.28;2017.36;-705.91;0.00
0.24;11.68;46.89;3751.47;2033.55;-1717.92;0.00
0.28;9.32;36.44;2915.38;2107.83;-807.55;0.00
0.26;9.87;37.15;2971.82;2047.93;-923.89;0.00
0.28;11.10;39.77;3181.28;2217.48;-963.79;0.00
0.22;8.57;47.19;3775.34;1745.35;-2029.99;0.00
0.27;12.98;28.67;2293.60;2285.77;-7.83;0.00
0.26;10.95;52.64;4211.52;2091.88;-2119.63;0.00
0.26;12.32;48.89;3911.10;2196.73;-1714.37;0.00
0.24;9.57;41.30;3304.39;1926.39;-1378.00;0.00
0.23;12.95;46.73;3738.60;2045.79;-1692.81;0.00
0.28;10.63;42.33;3386.03;2189.60;-1196.43;0.00
0.26;10.21;51.68;4134.71;2050.91;-2083.80;0.00
0.25;10.97;35.70;2856.11;2077.40;-778.70;0.00
0.20;9.65;33.32;2665.25;1712.81;-952.44;0.00
0.28;12.55;32.75;2620.36;2306.26;-314.10;0.00
0.30;11.14;34.92;2793.44;2365.42;-428.02;0.00
0.24;8.74;46.51;3721.07;1850.18;-1870.89;0.00
0.26;10.17;41.61;3328.82;2078.02;-1250.80;0.00
0.26;11.45;44.60;3567.85;2113.82;-1454.02;0.00
0.22;10.32;41.03;3282.52;1829.26;-1453.26;0.00
0.22;10.46;40.79;3263.26;1832.18;-1431.08;0.00
0.30;10.68;42.57;3405.55;2318.73;-1086.81;0.00
0.27;11.08;37.36;2988.83;2184.58;-804.25;0.00
0.23;8.69;50.74;4059.18;1836.60;-2222.59;0.00
0.24;9.03;41.40;3312.03;1867.98;-1444.05;0.00
0.28;8.71;41.05;3284.08;2097.94;-1186.13;0.00
0.24;11.86;40.44;3235.58;2063.05;-1172.53;0.00
0.24;8.47;35.06;2804.79;1835.02;-969.76;0.00
0.20;10.81;37.93;3034.70;1759.34;-1275.35;0.00
0.29;11.87;46.26;3700.85;2344.21;-1356.64;0.00
0.28;12.42;40.52;3241.45;2306.01;-935.43;0.00
0.24;10.20;40.06;3204.59;1942.55;-1262.04;0.00
0.21;11.59;42.79;3423.02;1840.08;-1582.94;0.00
0.24;10.57;40.86;3269.18;1956.25;-1312.93;0.00
0.19;9.64;30.53;2442.76;1644.53;-798.23;0.00
0.24;10.98;38.09;3046.86;1993.15;-1053.70;0.00
0.25;8.28;36.75;2940.27;1883.52;-1056.76;0.00
0.27;11.32;36.50;2920.28;2212.91;-707.36;0.00
0.21;8.17;40.22;3217.80;1673.15;-1544.65;0.00
0.23;12.05;33.79;2703.55;1998.09;-705.46;0.00
0.23;10.41;39.78;3182.44;1924.19;-1258.25;0.00
0.22;8.40;45.12;3609.24;1755.28;-1853.96;0.00
0.26;10.35;37.43;2994.12;2067.63;-926.49;0.00
0.24;8.67;36.13;2890.19;1896.91;-993.28;0.00
0.26;9.81;39.15;3132.18;2060.65;-1071.53;0.00
0.19;9.26;39.85;3188.36;1619.11;-1569.24;0.00
0.29;9.41;39.74;3178.97;2227.23;-951.74;0.00
0.27;10.71;42.78;3422.42;2134.85;-1287.57;0.00
0.25;11.27;35.95;2875.86;2045.72;-830.14;0.00
0.22;8.62;44.11;3528.57;1748.23;-1780.34;0.00
0.28;11.98;40.49;3239.59;2305.56;-934.03;0.00
0.21;12.04;41.30;3304.25;1899.05;-1405.20;0.00
0.25;10.13;43.07;3445.64;2028.46;-1417.18;0.00
0.26;10.54;46.80;3743.85;2080.87;-1662.98;0.00
0.29;9.37;43.48;3478.71;2190.42;-1288.29;0.00
0.26;9.95;38.83;3106.60;2064.76;-1041.84;0.00
0.26;10.06;43.56;3484.49;2040.90;-1443.59;0.00
0.24;10.52;44.55;3564.33;1959.99;-1604.34;0.00
0.27;9.54;40.59;3246.86;2071.33;-1175.53;0.00
0.21;10.43;45.14;3611.02;1803.49;-1807.52;0.00
0.26;10.27;38.87;3109.74;2069.18;-1040.56;0.00
0.26;10.36;41.89;3351.29;2085.56;-1265.73;0.00
0.24;10.77;44.43;3554.71;1958.63;-1596.08;0.00
0.29;10.53;38.42;3073.36;2261.85;-811.51;0.00
0.19;10.83;50.78;4062.24;1694.07;-2368.18;0.00
0.21;10.95;42.99;3439.26;1807.12;-1632.14;0.00
0.25;10.78;43.93;3514.76;2069.24;-1445.52;0.00
0.26;11.07;43.00;3440.05;2107.43;-1332.63;0.00
0.27;10.05;39.72;3177.71;2123.05;-1054.66;0.00
0.21;9.80;46.43;3714.14;1776.18;-1937.95;0.00
0.25;10.95;46.27;3701.26;2031.88;-1669.38;0.00
0.27;10.83;32.34;2587.02;2145.85;-441.17;0.00
0.31;9.57;37.06;2964.67;2317.37;-647.30;0.00
0.21;9.10;38.55;3084.07;1711.86;-1372.20;0.00
0.26;9.13;36.09;2886.92;1984.82;-902.10;0.00
0.27;8.74;35.76;2860.57;2062.77;-797.80;0.00
0.25;9.34;51.35;4107.78;1941.92;-2165.86;0.00
0.30;9.42;33.77;2701.73;2233.68;-468.05;0.00
0.16;8.58;42.15;3371.69;1423.00;-1948.68;0.00
0.25;10.00;34.83;2786.09;2026.42;-759.68;0.00
0.22;9.57;40.76;3260.67;1817.42;-1443.25;0.00
0.24;11.87;39.65;3172.13;2016.36;-1155.77;0.00
0.31;10.83;38.38;3070.27;2372.22;-698.05;0.00
0.24;9.85;36.25;2900.36;1914.72;-985.64;0.00
0.24;9.74;33.41;2672.40;1924.45;-747.95;0.00
0.27;8.96;33.97;2717.82;2033.51;-684.31;0.00
0.23;11.76;41.05;3284.02;1984.18;-1299.84;0.00
0.26;9.79;46.07;3685.96;2028.32;-1657.63;0.00
0.27;10.00;43.06;3445.03;2093.86;-1351.17;0.00
0.23;12.45;36.64;2931.03;2008.75;-922.28;0.00
0.27;11.62;41.66;3332.95;2228.18;-1104.77;0.00
0.27;10.85;41.82;3345.93;2156.22;-1189.71;0.00
0.22;9.43;43.34;3467.27;1763.10;-1704.17;0.00
0.25;9.78;41.82;3345.96;1978.95;-1367.01;0.00
0.25;10.58;38.23;3058.52;2044.39;-1014.12;0.00
0.28;9.53;43.32;3465.67;2131.70;-1333.97;0.00
0.26;12.67;31.38;2510.09;2206.81;-303.29;0.00
0.28;10.45;39.14;3131.09;2198.64;-932.45;0.00
0.29;12.05;44.40;3551.99;2334.77;-1217.21;0.00
0.24;9.29;44.58;3566.51;1907.16;-1659.35;0.00
0.27;9.97;45.16;3612.89;2098.09;-1514.80;0.00
0.26;9.75;42.35;3387.61;2057.65;-1329.95;0.00
0.24;11.54;37.02;2961.83;2043.29;-918.53;0.00
0.28;9.39;43.92;3513.48;2145.59;-1367.89;0.00
0.24;10.31;36.31;2904.86;1964.44;-940.42;0.00
0.24;8.43;43.72;3497.94;1853.32;-1644.62;0.00
0.23;11.94;47.97;3837.73;1983.35;-1854.38;0.00
0.25;11.73;37.99;3038.84;2077.39;-961.46;0.00
0.26;9.36;45.09;3606.81;2024.44;-1582.37;0.00
0.24;9.76;43.15;3452.37;1939.55;-1512.81;0.00
0.26;11.72;40.77;3261.54;2143.76;-1117.78;0.00
0.25;8.66;43.02;3441.87;1939.95;-1501.91;0.00
0.28;9.27;41.57;3325.50;2157.17;-1168.33;0.00
0.24;10.31;36.89;2950.81;1929.97;-1020.84;0.00
0.21;9.60;39.14;3131.33;1724.98;-1406.35;0.00
0.27;10.70;37.73;3018.01;2126.27;-891.75;0.00
0.27;10.10;44.70;3576.23;2144.02;-1432.21;0.00
0.24;8.66;40.71;3256.42;1856.50;-1399.93;0.00
0.21;10.79;39.34;3147.18;1809.32;-1337.86;0.00
0.21;11.74;37.81;3024.97;1832.23;-1192.74;0.00
0.27;10.47;34.74;2779.46;2135.79;-643.67;0.00
0.23;12.80;42.20;3375.70;2032.07;-1343.63;0.00
0.28;9.19;43.72;3497.43;2103.33;-1394.10;0.00
0.23;11.81;33.65;2692.37;2003.65;-688.72;0.00
0.25;9.37;44.02;3521.45;1945.98;-1575.47;0.00
0.22;8.06;37.38;2990.70;1738.40;-1252.30;0.00
0.28;8.19;44.95;3596.21;2054.14;-1542.07;0.00
0.26;12.20;37.30;2984.32;2184.74;-799.58;0.00
0.23;11.79;41.84;3347.13;1964.63;-1382.50;0.00
0.28;9.32;35.53;2842.56;2108.05;-734.51;0.00
0.27;9.80;39.11;3128.61;2094.99;-1033.62;0.00
0.24;11.77;41.10;3287.91;2011.21;-1276.70;0.00
0.24;10.63;38.00;3039.81;1987.63;-1052.18;0.00
0.26;11.40;43.42;3473.73;2103.44;-1370.29;0.00
0.26;9.34;32.62;2609.28;1992.50;-616.78;0.00
0.24;10.29;36.24;2899.16;1969.58;-929.58;0.00
0.29;10.29;51.06;4084.78;2266.72;-1818.06;0.00
0.22;9.22;47.74;3819.09;1777.66;-2041.43;0.00
0.25;11.04;30.67;2453.81;2026.82;-426.99;0.00
0.28;10.17;47.97;3837.63;2190.06;-1647.57;0.00
0.24;8.30;56.89;4551.18;1869.75;-2681.43;0.00
0.26;10.03;38.79;3103.29;2067.91;-1035.38;0.00
0.19;9.98;49.08;3926.22;1641.02;-2285.20;0.00
0.23;9.48;41.36;3308.92;1850.32;-1458.61;0.00
0.21;8.74;39.12;3129.55;1699.24;-1430.30;0.00
0.24;10.34;42.15;3371.71;1957.84;-1413.87;0.00
0.26;10.38;37.65;3011.91;2079.07;-932.84;0.00
0.23;9.36;40.65;3251.80;1869.11;-1382.69;0.00
0.25;9.70;47.97;3837.22;1964.90;-1872.32;0.00
0.23;9.89;43.12;3449.21;1850.14;-1599.08;0.00
0.25;10.10;45.31;3625.09;2000.92;-1624.17;0.00
0.25;10.75;40.87;3269.50;2067.27;-1202.23;0.00
0.29;10.38;40.22;3217.76;2245.51;-972.25;0.00
0.27;11.16;34.07;2725.91;2203.05;-522.86;0.00
0.26;11.10;48.34;3867.25;2137.05;-1730.20;0.00
0.23;10.84;43.98;3518.54;1926.48;-1592.05;0.00
0.22;9.30;37.41;2992.42;1777.53;-1214.89;0.00
0.25;10.53;43.15;3452.01;2024.38;-1427.62;0.00
0.26;11.92;36.78;2942.04;2138.30;-803.74;0.00
0.24;7.84;33.36;2669.00;1840.26;-828.74;0.00
0.26;10.26;45.27;3621.64;2086.06;-1535.58;0.00
0.22;8.94;35.11;2808.61;1783.30;-1025.31;0.00
0.27;10.02;45.32;3625.33;2140.46;-1484.87;0.00
0.26;9.35;33.54;2683.56;2012.35;-671.22;0.00
0.26;11.40;42.15;3371.83;2158.15;-1213.68;0.00
0.28;8.98;45.23;3618.43;2138.21;-1480.22;0.00
0.24;10.89;38.20;3055.87;1977.57;-1078.30;0.00
0.23;11.09;35.19;2814.87;1937.46;-877.41;0.00
0.26;9.74;38.64;3091.02;2056.18;-1034.84;0.00
0.21;10.55;37.60;3008.09;1819.52;-1188.58;0.00
0.25;12.43;34.92;2793.22;2123.30;-669.92;0.00
0.26;9.46;35.40;2832.31;2011.12;-821.19;0.00
0.26;12.36;38.95;3115.74;2164.80;-950.94;0.00
0.24;11.04;42.04;3362.98;2012.65;-1350.34;0.00
0.24;9.25;46.45;3716.25;1902.85;-1813.40;0.00
0.22;9.30;31.68;2534.00;1790.36;-743.64;0.00
0.26;10.24;40.50;3240.16;2071.08;-1169.08;0.00
0.24;10.76;42.62;3409.31;2003.77;-1405.54;0.00
0.28;9.14;39.22;3137.48;2128.36;-1009.12;0.00
0.24;11.28;38.71;3096.72;2032.86;-1063.86;0.00
0.25;9.41;39.74;3178.96;1973.18;-1205.78;0.00
0.33;10.30;40.32;3225.33;2463.30;-762.03;0.00
0.28;10.83;43.61;3488.97;2232.86;-1256.11;0.00
0.24;11.44;37.89;3031.40;2043.31;-988.09;0.00
0.21;10.44;43.23;3458.77;1806.83;-1651.94;0.00
0.29;8.79;38.08;3046.35;2141.89;-904.46;0.00
0.24;9.47;34.83;2786.28;1911.38;-874.90;0.00
0.27;10.46;35.00;2799.93;2127.93;-672.00;0.00
0.25;7.50;31.60;2527.86;1855.03;-672.83;0.00
0.24;9.22;42.21;3376.68;1914.15;-1462.53;0.00
0.21;11.20;38.64;3091.47;1851.72;-1239.75;0.00
0.22;9.56;39.57;3165.60;1812.92;-1352.68;0.00
0.27;10.31;34.37;2749.33;2123.87;-625.47;0.00
0.25;10.20;43.12;3449.83;1992.61;-1457.22;0.00
0.24;10.60;40.00;3200.22;1964.50;-1235.71;0.00
0.27;9.07;45.62;3649.43;2040.27;-1609.16;0.00
0.28;10.59;33.45;2676.27;2230.47;-445.80;0.00
0.23;9.66;41.57;3325.84;1858.32;-1467.52;0.00
0.28;9.04;34.98;2798.77;2101.58;-697.18;0.00
0.21;11.57;38.95;3116.01;1826.17;-1289.84;0.00
0.23;9.90;39.62;3169.40;1854.46;-1314.93;0.00
0.25;10.13;38.78;3102.06;2024.31;-1077.76;0.00
0.26;7.12;32.58;2606.48;1924.07;-682.41;0.00
0.24;11.13;40.89;3271.14;2007.03;-1264.11;0.00
0.21;10.80;44.55;3564.18;1815.63;-1748.55;0.00
0.25;9.51;42.85;3427.90;1997.97;-1429.94;0.00
0.24;9.59;45.64;3651.51;1936.86;-1714.65;0.00
0.24;10.11;38.79;3103.49;1916.57;-1186.92;0.00
0.30;9.63;47.81;3824.82;2292.57;-1532.25;0.00
0.25;10.19;36.63;2930.24;1979.00;-951.24;0.00
0.28;10.61;43.16;3453.00;2211.78;-1241.22;0.00
0.26;8.99;44.25;3539.80;2011.01;-1528.79;0.00
0.29;10.75;44.61;3568.56;2285.92;-1282.64;0.00
0.23;10.69;39.13;3130.01;1910.64;-1219.37;0.00
0.25;13.10;43.00;3439.91;2150.83;-1289.08;0.00
0.25;9.07;39.69;3174.87;1950.67;-1224.20;0.00
0.28;9.16;40.85;3267.94;2120.89;-1147.05;0.00
0.23;9.69;40.90;3272.08;1871.42;-1400.67;0.00
0.23;8.96;31.53;2522.31;1832.06;-690.25;0.00
0.25;12.24;44.63;3570.57;2110.07;-1460.51;0.00
0.25;13.21;44.79;3583.33;2152.66;-1430.68;0.00
0.26;12.60;39.77;3181.60;2209.53;-972.06;0.00
0.28;11.11;39.39;3151.24;2231.83;-919.41;0.00
0.28;9.58;40.54;3242.99;2139.30;-1103.69;0.00
0.19;8.26;46.74;3739.20;1553.69;-2185.51;0.00
0.26;10.82;37.73;3018.77;2101.38;-917.39;0.00
0.26;7.85;35.43;2834.76;1963.10;-871.66;0.00
0.27;10.70;45.45;3635.72;2142.78;-1492.94;0.00
0.28;12.00;42.59;3407.04;2305.18;-1101.86;0.00
0.25;10.34;30.32;2425.35;2010.43;-414.92;0.00
0.26;10.12;35.72;2857.81;2046.06;-811.76;0.00
0.19;11.63;39.80;3184.01;1739.34;-1444.67;0.00
0.28;12.10;37.96;3036.56;2273.15;-763.41;0.00
0.25;9.87;47.43;3794.07;2005.17;-1788.90;0.00
0.27;9.96;40.68;3254.13;2112.69;-1141.44;0.00
0.25;9.26;44.07;3525.54;1984.70;-1540.84;0.00
0.23;10.06;37.45;2995.84;1870.29;-1125.55;0.00
0.24;8.67;47.47;3797.20;1854.56;-1942.64;0.00
0.24;10.48;38.76;3100.41;1990.99;-1109.42;0.00
0.29;10.16;39.40;3151.83;2252.02;-899.81;0.00
0.19;8.52;39.85;3188.02;1592.71;-1595.31;0.00
0.25;9.82;44.41;3552.99;2010.39;-1542.60;0.00
0.24;10.96;45.34;3626.96;1966.69;-1660.27;0.00
0.22;6.98;42.22;3377.40;1674.15;-1703.25;0.00
0.24;9.28;35.21;2816.73;1896.15;-920.58;0.00
0.25;9.15;36.30;2903.63;1924.24;-979.39;0.00
0.27;11.68;36.68;2934.44;2210.25;-724.19;0.00
0.30;8.66;37.81;3024.43;2245.18;-779.25;0.00
0.22;10.32;41.98;3358.56;1834.87;-1523.69;0.00
0.27;10.36;43.54;3483.59;2154.60;-1328.98;0.00
0.25;11.08;38.01;3040.59;2038.76;-1001.83;0.00
0.26;10.30;40.94;3275.35;2066.37;-1208.98;0.00
0.26;10.83;41.52;3321.30;2092.63;-1228.68;0.00
0.27;8.11;42.90;3431.82;2013.74;-1418.08;0.00
0.26;11.39;40.16;3212.54;2111.34;-1101.20;0.00
0.25;11.03;42.63;3410.44;2064.69;-1345.75;0.00
0.27;7.92;45.06;3604.87;2008.75;-1596.12;0.00
0.22;8.67;41.66;3332.69;1725.72;-1606.98;0.00
0.29;10.77;33.06;2644.65;2296.09;-348.56;0.00
0.22;11.66;40.31;3224.93;1903.57;-1321.35;0.00
0.28;9.26;41.62;3329.25;2148.93;-1180.32;0.00
0.21;8.96;40.43;3234.47;1714.98;-1519.49;0.00
0.30;9.88;44.26;3540.53;2294.70;-1245.83;0.00
0.23;9.17;45.85;3667.76;1861.26;-1806.50;0.00
0.21;9.46;35.35;2827.78;1748.56;-1079.22;0.00
0.27;10.46;37.23;2978.11;2157.26;-820.85;0.00
0.26;9.30;31.67;2533.67;2031.76;-501.91;0.00
0.24;11.26;41.91;3352.81;2022.88;-1329.93;0.00
0.27;11.65;50.41;4032.77;2218.68;-1814.09;0.00
0.23;8.29;41.82;3345.81;1783.93;-1561.88;0.00
0.26;9.80;42.50;3400.18;2055.10;-1345.08;0.00
0.28;9.08;39.74;3178.85;2133.55;-1045.29;0.00
0.28;12.21;40.83;3266.37;2264.64;-1001.73;0.00
0.28;9.18;40.88;3270.04;2132.51;-1137.53;0.00
0.25;10.02;39.22;3137.78;2013.73;-1124.05;0.00
0.24;10.98;38.60;3087.82;2018.78;-1069.03;0.00
0.26;10.07;45.76;3660.70;2062.08;-1598.62;0.00
0.22;11.12;40.13;3210.70;1885.88;-1324.82;0.00
0.29;11.20;41.85;3348.02;2273.01;-1075.01;0.00
0.19;10.03;42.78;3422.74;1677.66;-1745.08;0.00
0.22;10.93;47.13;3770.80;1853.08;-1917.72;0.00
0.27;9.46;46.06;3684.66;2103.71;-1580.95;0.00
0.27;10.57;36.44;2914.92;2152.07;-762.86;0.00
0.21;10.58;40.97;3277.38;1801.74;-1475.64;0.00
0.29;9.95;35.14;2811.30;2247.13;-564.17;0.00
0.27;9.48;44.34;3547.37;2093.83;-1453.54;0.00
0.28;10.30;35.46;2836.90;2167.28;-669.62;0.00
0.27;10.00;45.90;3671.92;2095.71;-1576.21;0.00
0.27;11.07;40.88;3270.23;2180.12;-1090.11;0.00
0.27;11.35;44.32;3545.83;2203.67;-1342.16;0.00
0.24;11.08;37.56;3005.07;1974.55;-1030.52;0.00
0.27;10.35;38.80;3104.37;2146.42;-957.96;0.00
0.25;11.90;39.57;3165.54;2081.67;-1083.87;0.00
0.28;10.35;45.70;3655.66;2212.64;-1443.02;0.00
0.23;10.80;47.82;3825.76;1930.70;-1895.06;0.00
0.18;10.78;44.80;3583.98;1625.96;-1958.03;0.00
0.24;10.55;41.91;3353.16;1976.77;-1376.38;0.00
0.24;9.31;36.28;2902.60;1923.26;-979.33;0.00
0.22;8.22;39.04;3123.19;1746.92;-1376.26;0.00
0.23;9.89;39.50;3159.72;1847.10;-1312.62;0.00
0.26;11.51;44.12;3529.47;2114.13;-1415.34;0.00
0.27;10.58;42.07;3365.83;2151.67;-1214.16;0.00
0.24;10.27;43.54;3482.96;1931.32;-1551.64;0.00
0.27;9.48;40.32;3225.89;2093.40;-1132.49;0.00
0.26;9.53;42.72;3417.66;2058.44;-1359.22;0.00
0.29;9.65;35.51;2841.08;2200.20;-640.88;0.00
0.26;10.39;37.42;2993.88;2088.64;-905.23;0.00
0.24;11.28;44.74;3579.51;2013.62;-1565.89;0.00
0.30;10.96;36.20;2896.35;2355.98;-540.37;0.00
0.25;8.52;38.85;3107.89;1895.44;-1212.45;0.00
0.28;10.63;43.48;3478.61;2226.92;-1251.69;0.00
0.25;10.46;45.19;3615.28;2042.46;-1572.82;0.00
0.25;10.97;31.14;2490.91;2024.27;-466.64;0.00
0.27;9.58;37.68;3014.49;2069.03;-945.45;0.00
0.25;11.32;46.33;3706.10;2064.12;-1641.99;0.00
0.23;10.13;36.45;2916.38;1895.50;-1020.87;0.00
0.28;10.70;44.03;3522.55;2217.56;-1304.99;0.00
0.28;9.95;44.04;3523.18;2181.16;-1342.02;0.00
0.26;10.14;39.04;3123.58;2072.55;-1051.03;0.00
0.25;8.10;34.07;2725.42;1894.67;-830.75;0.00
0.26;8.70;43.00;3439.80;1973.29;-1466.51;0.00
0.25;10.20;35.27;2821.55;1999.06;-822.49;0.00
0.28;9.62;43.36;3468.61;2142.05;-1326.56;0.00
0.20;8.05;42.99;3439.11;1607.81;-1831.30;0.00
0.19;9.24;30.63;2450.56;1610.50;-840.06;0.00
0.31;11.29;40.86;3268.66;2442.90;-825.76;0.00
0.22;10.11;40.03;3202.48;1836.38;-1366.10;0.00
0.27;11.81;41.49;3319.47;2237.77;-1081.70;0.00
0.27;10.70;47.90;3832.01;2130.20;-1701.82;0.00
0.23;8.94;34.23;2738.48;1841.00;-897.48;0.00
0.23;8.87;46.99;3759.00;1826.62;-1932.38;0.00
0.25;9.53;32.22;2577.99;1983.36;-594.62;0.00
0.24;10.09;48.84;3907.43;1973.60;-1933.83;0.00
0.25;9.87;43.25;3460.25;1974.45;-1485.80;0.00
0.22;7.49;37.67;3013.91;1716.67;-1297.24;0.00
0.29;8.62;35.45;2836.13;2132.61;-703.51;0.00
0.22;10.01;37.31;2985.14;1801.13;-1184.02;0.00
0.27;9.04;39.87;3189.41;2036.07;-1153.34;0.00
0.23;11.17;44.99;3599.14;1930.89;-1668.25;0.00
0.22;11.89;44.61;3568.91;1940.51;-1628.40;0.00
0.28;9.27;39.26;3140.71;2106.04;-1034.67;0.00
0.24;10.32;39.90;3191.61;1955.10;-1236.51;0.00
0.28;9.73;38.06;3045.12;2137.16;-907.95;0.00
0.27;8.92;41.24;3299.02;2077.66;-1221.35;0.00
0.22;11.65;46.23;3698.43;1885.50;-1812.93;0.00
0.21;10.50;48.79;3902.88;1795.20;-2107.68;0.00
0.26;11.25;36.73;2938.60;2134.41;-804.18;0.00
0.26;12.61;42.49;3398.98;2190.73;-1208.25;0.00
0.27;9.46;41.23;3298.65;2113.40;-1185.26;0.00
0.25;11.79;45.11;3608.71;2102.84;-1505.87;0.00
0.25;12.06;39.58;3166.30;2111.73;-1054.57;0.00
0.26;10.26;41.37;3309.61;2065.34;-1244.27;0.00
0.28;12.12;49.78;3982.79;2314.29;-1668.49;0.00
0.22;9.87;42.94;3435.44;1843.41;-1592.03;0.00
0.28;11.96;35.65;2852.36;2268.60;-583.76;0.00
0.30;10.82;32.44;2595.40;2357.99;-237.41;0.00
0.25;8.69;42.68;3414.79;1911.22;-1503.57;0.00
0.22;7.89;39.79;3183.32;1690.86;-1492.46;0.00
0.27;9.84;41.84;3347.03;2123.08;-1223.95;0.00
0.27;9.75;38.36;3068.85;2128.22;-940.62;0.00
0.23;10.52;42.51;3400.46;1890.70;-1509.76;0.00
0.31;8.58;39.38;3150.11;2250.51;-899.59;0.00
0.27;9.48;41.26;3301.08;2064.53;-1236.55;0.00
0.25;10.62;48.04;3843.09;2002.57;-1840.52;0.00
0.22;10.45;39.44;3155.44;1856.84;-1298.60;0.00
0.22;8.44;38.29;3063.09;1737.48;-1325.61;0.00
0.26;9.58;36.31;2904.98;2013.29;-891.69;0.00
0.27;10.39;36.72;2937.40;2115.79;-821.61;0.00
0.24;12.00;40.53;3242.64;2032.26;-1210.38;0.00
0.27;11.99;28.96;2316.52;2227.26;-89.26;0.00
0.26;10.98;37.64;3010.92;2087.24;-923.68;0.00
0.26;10.20;44.38;3550.43;2052.87;-1497.56;0.00
0.26;10.48;46.84;3746.92;2076.23;-1670.69;0.00
0.26;8.01;43.31;3464.50;1928.97;-1535.53;0.00
0.21;10.04;48.66;3892.92;1752.94;-2139.98;0.00
0.28;9.26;41.26;3301.17;2104.86;-1196.30;0.00
0.22;10.69;47.15;3772.17;1865.66;-1906.51;0.00
0.24;10.72;40.61;3248.82;1965.40;-1283.41;0.00
0.29;12.23;42.79;3423.42;2368.71;-1054.70;0.00
0.23;8.14;39.16;3132.52;1809.71;-1322.82;0.00
0.26;9.08;46.55;3724.19;2031.80;-1692.40;0.00
0.25;9.48;44.73;3578.17;1988.93;-1589.24;0.00
0.21;7.84;40.16;3212.42;1625.69;-1586.73;0.00
0.22;8.89;38.83;3106.11;1768.60;-1337.51;0.00
0.24;10.19;42.73;3418.26;1949.87;-1468.39;0.00
0.28;9.26;34.63;2770.02;2159.74;-610.28;0.00
0.24;10.76;39.64;3171.52;1985.83;-1185.69;0.00
0.26;10.06;40.28;3222.10;2050.98;-1171.11;0.00
0.23;11.02;40.41;3232.48;1920.31;-1312.17;0.00
0.27;8.22;38.79;3102.84;2011.63;-1091.22;0.00
0.23;9.37;35.42;2833.76;1869.04;-964.72;0.00
0.26;10.70;32.60;2608.28;2064.85;-543.43;0.00
0.24;7.85;41.78;3342.16;1798.98;-1543.18;0.00
0.26;8.74;40.75;3259.73;1962.68;-1297.05;0.00
0.26;8.94;45.46;3636.95;2006.30;-1630.65;0.00
0.28;10.29;30.50;2439.73;2182.66;-257.07;0.00
0.26;11.40;38.15;3051.74;2138.22;-913.52;0.00
0.25;9.61;43.43;3474.27;1956.64;-1517.63;0.00
0.24;9.01;45.23;3618.09;1902.32;-1715.77;0.00
0.26;12.45;40.06;3204.56;2201.60;-1002.96;0.00
0.25;13.54;45.81;3664.51;2206.35;-1458.17;0.00
0.31;8.70;41.31;3304.75;2261.70;-1043.05;0.00
0.25;11.21;40.76;3260.72;2060.51;-1200.20;0.00
0.25;10.49;51.71;4137.00;2004.92;-2132.08;0.00
0.22;9.93;39.06;3124.43;1818.35;-1306.08;0.00
0.23;9.60;45.26;3620.49;1861.97;-1758.51;0.00
0.25;10.14;41.37;3309.37;2021.78;-1287.59;0.00
0.25;10.58;44.57;3565.31;2048.87;-1516.44;0.00
0.23;9.80;44.75;3579.81;1844.81;-1735.00;0.00
0.25;8.49;43.99;3519.12;1919.47;-1599.64;0.00
0.20;9.11;44.52;3561.24;1648.07;-1913.17;0.00
0.25;9.88;42.91;3433.10;1972.31;-1460.79;0.00
0.25;11.33;41.08;3286.25;2086.53;-1199.72;0.00
0.22;10.66;42.03;3362.50;1861.79;-1500.72;0.00
0.27;11.08;38.76;3100.62;2148.68;-951.94;0.00
0.31;10.63;38.15;3052.01;2375.66;-676.35;0.00
0.26;10.46;31.31;2504.81;2109.96;-394.85;0.00
0.25;10.89;45.37;3629.21;2056.28;-1572.93;0.00
0.25;9.59;42.18;3374.43;1959.52;-1414.91;0.00
0.24;9.67;40.20;3216.01;1914.41;-1301.60;0.00
0.22;8.49;38.63;3090.05;1717.03;-1373.02;0.00
0.27;10.28;38.99;3119.45;2123.14;-996.31;0.00
0.26;7.99;39.84;3187.46;1968.45;-1219.01;0.00
0.25;10.06;30.76;2460.53;1988.00;-472.53;0.00
0.21;10.50;40.54;3243.24;1802.83;-1440.41;0.00
0.30;10.62;40.94;3275.12;2321.12;-954.00;0.00
0.26;10.67;41.71;3336.47;2071.79;-1264.68;0.00
0.28;10.07;38.03;3042.50;2181.00;-861.50;0.00
0.22;9.48;41.38;3310.30;1785.14;-1525.16;0.00
0.27;11.71;30.01;2401.02;2228.31;-172.71;0.00
0.21;9.53;39.63;3170.56;1763.94;-1406.62;0.00
0.26;11.50;46.66;3732.81;2122.55;-1610.26;0.00
0.25;10.97;35.48;2838.11;2047.27;-790.84;0.00
0.26;10.49;46.69;3735.07;2090.20;-1644.87;0.00
0.23;9.49;44.48;3558.08;1853.83;-1704.25;0.00
0.26;11.19;45.01;3600.65;2120.17;-1480.48;0.00
0.29;9.98;34.65;2771.81;2259.12;-512.69;0.00
0.23;12.16;36.06;2884.70;1998.27;-886.43;0.00
0.28;10.54;43.75;3499.70;2183.75;-1315.95;0.00
0.29;10.73;42.18;3374.04;2293.76;-1080.28;0.00
0.23;9.99;43.47;3477.54;1872.25;-1605.29;0.00
0.26;7.72;44.77;3581.57;1941.46;-1640.11;0.00
0.22;9.95;37.89;3031.59;1808.96;-1222.63;0.00
0.29;9.79;40.00;3199.93;2247.78;-952.16;0.00
0.26;10.71;39.58;3166.66;2075.90;-1090.76;0.00
0.32;10.20;42.66;3412.54;2440.74;-971.80;0.00
0.25;9.64;43.98;3518.52;1994.48;-1524.05;0.00
0.27;11.97;46.83;3746.12;2213.74;-1532.38;0.00
0.30;9.64;30.76;2460.80;2263.34;-197.46;0.00
0.24;9.28;45.91;3673.11;1881.18;-1791.93;0.00
0.24;10.17;35.48;2838.00;1920.44;-917.56;0.00
0.24;9.71;30.50;2440.19;1904.39;-535.80;0.00
0.23;11.41;40.04;3202.82;1980.94;-1221.89;0.00
0.26;10.73;40.41;3232.47;2115.32;-1117.15;0.00
0.24;8.80;46.56;3725.10;1860.31;-1864.79;0.00
0.25;9.73;41.52;3321.24;1999.04;-1322.20;0.00
0.25;8.46;40.57;3245.91;1890.80;-1355.11;0.00
0.23;8.85;47.42;3793.98;1813.80;-1980.19;0.00
0.25;9.25;30.40;2432.05;1971.35;-460.70;0.00
0.26;11.20;33.87;2709.99;2121.44;-588.54;0.00
0.23;12.12;40.45;3235.80;1997.37;-1238.44;0.00
0.24;11.92;41.79;3343.15;2045.89;-1297.25;0.00
0.24;8.94;36.01;2880.69;1883.88;-996.81;0.00
0.22;11.12;36.64;2930.96;1881.58;-1049.38;0.00
0.27;10.76;36.15;2891.85;2130.05;-761.80;0.00
0.28;10.37;44.70;3575.64;2174.86;-1400.78;0.00
0.28;10.85;46.41;3713.15;2218.57;-1494.58;0.00
0.25;12.17;36.93;2954.28;2126.88;-827.40;0.00
0.26;9.66;50.10;4008.02;2022.22;-1985.80;0.00
0.22;9.79;42.08;3366.50;1807.40;-1559.10;0.00
0.23;11.46;35.69;2855.26;1988.15;-867.11;0.00
0.23;7.97;37.85;3027.84;1773.21;-1254.63;0.00
0.25;10.05;43.07;3445.53;2025.51;-1420.02;0.00
0.23;9.70;36.75;2940.12;1847.09;-1093.03;0.00
0.27;11.88;38.91;3112.74;2202.32;-910.42;0.00
0.24;11.03;41.41;3313.04;2014.78;-1298.26;0.00
0.26;8.85;36.52;2921.83;2003.10;-918.73;0.00
0.26;8.61;46.93;3754.78;1994.70;-1760.08;0.00
0.24;8.94;36.05;2884.32;1910.65;-973.67;0.00
0.22;10.05;41.44;3314.83;1811.86;-1502.97;0.00
0.28;9.21;36.83;2946.62;2141.08;-805.55;0.00
0.30;9.00;38.72;3097.55;2257.73;-839.82;0.00
0.27;9.32;39.48;3158.71;2104.75;-1053.96;0.00
0.21;9.21;35.68;2854.39;1729.37;-1125.02;0.00
0.22;8.50;29.00;2320.31;1763.67;-556.64;0.00
0.28;11.00;44.17;3533.92;2206.34;-1327.58;0.00
0.20;11.94;35.97;2877.28;1785.90;-1091.38;0.00
0.25;11.19;39.21;3136.78;2082.84;-1053.94;0.00
0.25;10.48;33.74;2699.59;2035.64;-663.95;0.00
0.24;12.09;41.70;3336.17;2046.54;-1289.63;0.00
0.24;9.68;40.26;3220.55;1940.62;-1279.93;0.00
0.28;9.24;46.43;3714.25;2128.10;-1586.15;0.00
0.27;11.76;37.46;2997.11;2225.95;-771.15;0.00
0.23;9.15;45.61;3648.66;1836.17;-1812.49;0.00
0.29;9.79;41.47;3317.52;2216.89;-1100.64;0.00
0.26;9.05;41.01;3280.93;1994.67;-1286.26;0.00
0.25;12.49;44.99;3599.41;2149.14;-1450.28;0.00
0.26;7.36;39.58;3166.75;1925.18;-1241.57;0.00
0.26;10.75;41.64;3331.11;2112.76;-1218.35;0.00
0.28;9.18;32.89;2631.34;2153.47;-477.87;0.00
0.22;9.19;46.32;3705.35;1768.83;-1936.52;0.00
0.24;11.65;40.56;3245.09;2031.84;-1213.25;0.00
0.28;10.21;39.83;3186.05;2191.90;-994.15;0.00
0.27;10.88;42.21;3376.56;2165.16;-1211.40;0.00
0.19;9.35;35.17;2813.27;1639.54;-1173.73;0.00
0.24;8.84;40.15;3211.79;1852.86;-1358.93;0.00
0.22;9.54;39.94;3194.84;1814.06;-1380.77;0.00
0.25;8.40;39.60;3168.20;1932.62;-1235.58;0.00
0.27;10.26;46.45;3716.34;2115.51;-1600.83;0.00
0.27;8.53;31.60;2527.93;2031.31;-496.61;0.00
0.23;10.37;47.83;3826.58;1900.40;-1926.18;0.00
0.27;9.65;42.65;3412.15;2102.45;-1309.70;0.00
0.22;7.30;33.81;2704.83;1702.08;-1002.75;0.00
0.25;11.50;37.69;3015.42;2067.26;-948.16;0.00
0.25;10.23;43.20;3456.22;1999.18;-1457.04;0.00
0.25;10.52;38.74;3099.29;2008.17;-1091.12;0.00
0.29;9.51;44.74;3579.44;2217.70;-1361.74;0.00
0.20;9.67;36.90;2951.89;1681.63;-1270.26;0.00
0.29;10.80;39.27;3141.34;2282.90;-858.44;0.00
0.29;9.88;32.59;2607.50;2248.17;-359.33;0.00
0.27;8.30;44.95;3596.18;2018.32;-1577.86;0.00
0.28;9.39;37.02;2961.48;2115.75;-845.74;0.00
0.24;9.78;30.28;2422.45;1952.24;-470.21;0.00
0.20;10.88;37.91;3032.89;1749.62;-1283.27;0.00
0.24;10.76;38.85;3108.28;1971.66;-1136.62;0.00
0.21;8.94;44.54;3562.92;1686.75;-1876.18;0.00
0.23;8.99;39.57;3165.54;1805.08;-1360.46;0.00
0.25;10.64;36.82;2945.96;2009.28;-936.68;0.00
0.21;9.79;41.81;3344.95;1775.93;-1569.02;0.00
0.23;7.08;26.42;2113.36;1712.73;-400.64;0.00
0.22;11.12;43.04;3443.09;1884.09;-1559.01;0.00
0.27;11.16;36.33;2906.62;2172.13;-734.49;0.00
0.28;9.97;44.42;3553.52;2186.91;-1366.62;0.00
0.29;9.99;41.69;3335.59;2226.96;-1108.62;0.00
0.28;9.53;44.90;3591.98;2156.68;-1435.29;0.00
0.28;10.81;41.77;3341.85;2220.06;-1121.79;0.00
0.28;11.93;32.87;2629.61;2270.02;-359.59;0.00
0.25;9.30;42.75;3419.60;1935.64;-1483.96;0.00
0.25;9.92;38.75;3100.31;2014.75;-1085.56;0.00
0.29;7.98;43.57;3485.52;2121.86;-1363.65;0.00
0.28;10.92;42.26;3381.05;2213.41;-1167.64;0.00
0.21;9.84;37.14;2971.00;1763.98;-1207.02;0.00
0.28;9.89;46.32;3705.68;2194.22;-1511.46;0.00
0.23;10.69;35.88;2870.64;1920.74;-949.90;0.00
0.26;10.28;37.63;3010.58;2086.01;-924.57;0.00
0.29;9.35;42.82;3425.89;2198.99;-1226.91;0.00
0.22;8.84;38.76;3100.94;1777.71;-1323.24;0.00
0.30;9.06;35.02;2801.32;2259.81;-541.50;0.00
0.29;9.32;27.95;2235.74;2211.09;-24.65;0.00
0.27;12.02;38.10;3047.79;2206.70;-841.09;0.00
0.24;9.20;39.81;3184.65;1883.17;-1301.48;0.00
0.26;10.41;46.95;3756.02;2100.36;-1655.66;0.00
0.24;7.90;33.18;2654.69;1807.02;-847.68;0.00
0.22;10.50;34.27;2741.94;1834.47;-907.47;0.00
0.27;11.13;40.62;3249.25;2183.12;-1066.14;0.00
0.25;10.66;35.51;2840.60;2055.42;-785.18;0.00
0.27;9.16;45.20;3616.03;2063.56;-1552.47;0.00
0.22;9.51;36.47;2917.67;1823.17;-1094.50;0.00
0.25;10.12;40.35;3227.90;1991.26;-1236.64;0.00
0.26;9.66;45.03;3602.30;2062.53;-1539.77;0.00
0.28;8.66;38.67;3093.44;2091.69;-1001.75;0.00
0.24;10.87;39.17;3133.85;2007.05;-1126.80;0.00
0.25;9.39;46.60;3728.06;1941.20;-1786.86;0.00
0.27;10.24;32.93;2634.61;2121.08;-513.53;0.00
0.25;8.26;42.95;3435.64;1916.23;-1519.41;0.00
0.25;10.70;34.92;2793.82;2032.94;-760.87;0.00
0.23;9.25;45.46;3636.71;1847.35;-1789.35;0.00
0.24;10.74;38.48;3078.68;1959.85;-1118.83;0.00
0.23;8.46;31.72;2537.83;1803.23;-734.60;0.00
0.23;9.74;50.17;4013.68;1857.89;-2155.79;0.00
0.26;10.18;34.53;2762.70;2071.05;-691.65;0.00
0.24;9.54;36.47;2917.67;1919.76;-997.91;0.00
0.30;9.43;40.23;3218.66;2238.68;-979.98;0.00
0.24;9.75;43.59;3486.93;1928.90;-1558.04;0.00
0.25;8.68;45.97;3677.73;1931.77;-1745.96;0.00
0.22;10.38;37.73;3018.56;1838.65;-1179.91;0.00
0.24;10.47;44.64;3571.16;1981.76;-1589.40;0.00
0.30;12.83;42.71;3416.46;2430.58;-985.89;0.00
0.26;11.48;33.76;2700.41;2127.24;-573.17;0.00
0.26;10.28;48.65;3891.61;2053.91;-1837.70;0.00
0.31;11.61;41.46;3316.46;2429.70;-886.76;0.00
0.27;12.44;48.14;3850.83;2238.37;-1612.46;0.00
0.22;11.11;37.88;3030.15;1882.55;-1147.59;0.00
0.28;9.79;34.55;2764.01;2187.50;-576.51;0.00
0.24;10.10;37.02;2961.61;1942.24;-1019.36;0.00
0.24;11.49;42.50;3399.96;2003.90;-1396.06;0.00
0.29;10.31;42.34;3386.95;2227.40;-1159.54;0.00
0.24;10.02;44.46;3557.03;1939.48;-1617.55;0.00
0.26;8.97;42.30;3383.80;1979.63;-1404.16;0.00
0.21;10.16;42.82;3425.61;1798.00;-1627.61;0.00
0.24;9.70;41.73;3338.55;1924.83;-1413.72;0.00
0.27;9.42;30.61;2448.59;2064.68;-383.91;0.00
0.27;10.13;40.74;3259.00;2093.88;-1165.12;0.00
0.24;12.16;44.71;3577.04;2061.84;-1515.21;0.00
0.23;10.69;41.24;3299.09;1902.37;-1396.72;0.00
0.21;10.79;39.77;3181.45;1810.48;-1370.96;0.00
0.22;12.31;36.29;2903.01;1954.10;-948.91;0.00
0.31;10.83;43.37;3469.47;2406.95;-1062.52;0.00
0.27;9.25;46.24;3698.85;2095.95;-1602.90;0.00
0.24;8.39;41.74;3339.43;1880.96;-1458.47;0.00
0.27;8.65;41.98;3358.53;2022.37;-1336.16;0.00
0.25;10.37;37.38;2990.10;2026.86;-963.24;0.00
0.25;10.62;38.31;3064.45;2024.48;-1039.97;0.00
0.25;10.02;43.07;3445.32;2002.55;-1442.77;0.00
0.27;11.80;35.63;2850.76;2223.14;-627.62;0.00
0.23;11.09;41.37;3309.22;1953.89;-1355.33;0.00
0.28;9.76;47.32;3785.41;2165.08;-1620.32;0.00
0.27;10.52;36.96;2956.99;2161.79;-795.20;0.00
0.29;9.29;42.22;3377.59;2179.74;-1197.85;0.00
0.28;10.55;36.65;2932.24;2198.29;-733.94;0.00
0.22;9.71;39.29;3142.82;1795.62;-1347.20;0.00
0.24;10.89;43.58;3486.63;1995.44;-1491.20;0.00
0.29;9.57;33.32;2665.79;2194.35;-471.44;0.00
0.27;12.96;44.47;3557.91;2298.70;-1259.21;0.00
0.26;9.30;47.01;3761.12;1996.33;-1764.78;0.00
0.22;11.30;42.32;3385.92;1920.94;-1464.98;0.00
0.29;8.16;41.36;3308.42;2127.37;-1181.05;0.00
0.23;10.34;33.62;2689.35;1894.99;-794.37;0.00
0.26;10.30;34.74;2778.84;2076.62;-702.22;0.00
0.27;8.50;41.14;3290.89;2046.58;-1244.31;0.00
0.24;10.51;41.45;3316.06;1990.67;-1325.39;0.00
0.23;9.15;36.89;2950.80;1852.20;-1098.60;0.00
0.25;11.06;40.91;3272.81;2064.16;-1208.66;0.00
0.22;10.19;41.22;3297.55;1861.55;-1436.00;0.00
0.24;10.38;39.61;3169.17;1979.29;-1189.88;0.00
0.23;10.01;41.64;3331.03;1885.77;-1445.25;0.00
0.20;10.43;40.49;3239.49;1750.34;-1489.15;0.00
0.26;10.82;39.85;3187.61;2102.34;-1085.27;0.00
0.22;9.17;41.19;3295.28;1754.85;-1540.44;0.00
0.26;8.75;39.49;3159.27;1986.76;-1172.51;0.00
0.29;10.79;49.20;3936.26;2292.00;-1644.26;0.00
0.27;10.55;44.12;3529.30;2160.90;-1368.40;0.00
0.26;9.62;40.94;3275.15;2028.96;-1246.19;0.00
0.22;10.06;35.42;2833.83;1833.61;-1000.22;0.00
0.24;11.47;37.02;2961.99;2012.63;-949.36;0.00
0.26;10.09;43.01;3440.88;2033.66;-1407.22;0.00
0.28;8.96;38.92;3113.45;2111.58;-1001.87;0.00
0.30;11.90;38.80;3103.67;2404.55;-699.13;0.00
0.30;8.04;42.68;3414.52;2156.89;-1257.63;0.00
0.24;9.67;37.97;3037.40;1915.56;-1121.83;0.00
0.23;9.99;34.43;2754.04;1860.34;-893.71;0.00
0.23;9.07;44.29;3543.48;1823.36;-1720.12;0.00
0.24;13.06;35.57;2845.23;2122.83;-722.40;0.00
0.26;11.16;38.63;3090.21;2121.31;-968.90;0.00
0.27;9.34;45.35;3628.28;2063.67;-1564.60;0.00
0.28;10.25;40.44;3235.03;2187.94;-1047.09;0.00
0.24;10.57;41.61;3328.95;1962.25;-1366.70;0.00
0.25;9.28;34.16;2732.76;1975.09;-757.67;0.00
0.27;9.04;46.76;3740.84;2044.28;-1696.56;0.00
0.28;10.07;45.43;3634.11;2163.98;-1470.13;0.00
0.23;11.74;45.93;3674.78;1963.44;-1711.34;0.00
0.23;10.15;48.24;3859.58;1884.85;-1974.74;0.00
0.28;10.08;35.06;2805.18;2175.94;-629.24;0.00
0.26;11.78;45.65;3651.63;2174.63;-1477.00;0.00
0.26;9.10;49.39;3951.51;2027.55;-1923.96;0.00
0.22;10.65;33.05;2644.16;1875.72;-768.44;0.00
0.20;9.38;37.96;3037.08;1690.46;-1346.61;0.00
0.23;11.07;45.92;3673.65;1965.69;-1707.96;0.00
0.24;9.71;44.18;3534.09;1930.86;-1603.23;0.00
0.25;9.17;34.88;2790.20;1942.80;-847.40;0.00
0.25;10.22;29.82;2385.23;1994.32;-390.91;0.00
0.27;9.28;38.78;3102.67;2051.08;-1051.59;0.00
0.23;8.76;40.66;3252.75;1814.86;-1437.89;0.00
0.29;9.94;31.09;2487.57;2218.41;-269.16;0.00
0.31;11.60;39.79;3183.25;2420.93;-762.31;0.00
0.26;11.84;38.59;3087.14;2164.15;-923.00;0.00
0.26;10.48;42.63;3410.21;2089.55;-1320.65;0.00
0.22;9.19;38.24;3059.39;1773.26;-1286.13;0.00
0.23;10.17;43.39;3471.07;1915.91;-1555.16;0.00
0.22;9.12;40.44;3235.48;1762.88;-1472.60;0.00
0.25;12.31;46.98;3758.44;2148.31;-1610.13;0.00
0.28;9.67;36.98;2958.24;2148.14;-810.10;0.00
0.28;10.47;32.41;2592.44;2184.11;-408.33;0.00
0.26;10.57;40.29;3223.01;2076.36;-1146.65;0.00
0.27;10.13;35.74;2858.83;2133.08;-725.75;0.00
0.25;10.45;32.41;2592.75;2016.75;-576.01;0.00
0.24;9.63;42.76;3420.72;1922.21;-1498.51;0.00
0.24;11.43;45.90;3671.85;2040.47;-1631.38;0.00
0.26;12.24;48.38;3870.54;2185.06;-1685.48;0.00
0.28;10.52;32.32;2585.46;2196.25;-389.21;0.00
0.24;9.59;39.81;3184.77;1927.06;-1257.71;0.00
0.24;8.77;41.39;3311.33;1846.57;-1464.77;0.00
0.28;9.15;36.77;2941.76;2131.93;-809.83;0.00
0.24;10.03;36.05;2884.35;1964.67;-919.68;0.00
0.28;12.51;43.15;3451.64;2314.31;-1137.33;0.00
0.24;9.91;37.94;3035.42;1909.62;-1125.80;0.00
0.21;9.64;36.90;2951.66;1723.16;-1228.50;0.00
0.26;9.95;48.24;3858.84;2060.43;-1798.42;0.00
0.31;10.27;31.30;2503.94;2335.28;-168.66;0.00
0.23;11.10;55.80;4464.39;1927.04;-2537.34;0.00
0.24;9.31;42.95;3435.64;1890.06;-1545.57;0.00
0.28;10.55;30.99;2479.33;2192.40;-286.93;0.00
0.26;9.40;37.90;3032.09;2011.62;-1020.48;0.00
0.26;8.21;44.40;3551.81;1967.79;-1584.01;0.00
0.24;9.70;35.27;2821.27;1900.27;-921.00;0.00
0.29;10.27;37.31;2985.04;2231.78;-753.26;0.00
0.27;11.02;29.39;2351.13;2195.90;-155.23;0.00
0.28;13.75;32.41;2593.00;2366.10;-226.90;0.00
0.23;9.63;35.52;2841.73;1858.55;-983.18;0.00
0.24;9.88;37.89;3031.25;1924.65;-1106.60;0.00
0.25;12.64;50.27;4021.22;2114.17;-1907.06;0.00
0.24;11.91;35.66;2852.65;2058.98;-793.67;0.00
0.27;10.69;41.76;3341.04;2154.99;-1186.05;0.00
0.22;8.67;42.22;3377.43;1731.41;-1646.01;0.00
0.26;12.26;35.32;2825.47;2182.67;-642.81;0.00
0.26;8.94;46.45;3715.69;2007.44;-1708.25;0.00
0.27;9.42;32.68;2614.62;2106.97;-507.66;0.00
0.25;9.91;41.49;3319.13;2018.83;-1300.30;0.00
0.22;9.29;39.59;3167.49;1804.98;-1362.51;0.00
0.25;11.28;36.53;2922.37;2053.17;-869.20;0.00
0.25;8.12;36.29;2903.10;1923.70;-979.40;0.00
0.25;10.16;42.81;3424.84;2031.57;-1393.27;0.00
0.29;8.88;35.37;2829.63;2190.62;-639.02;0.00
0.26;7.82;43.31;3464.47;1952.55;-1511.92;0.00
0.27;11.39;40.26;3220.53;2174.46;-1046.07;0.00
0.26;10.71;41.85;3348.20;2083.10;-1265.10;0.00
0.31;8.68;40.98;3278.74;2281.93;-996.81;0.00
0.24;10.27;37.33;2986.77;1966.91;-1019.86;0.00
0.28;11.29;49.86;3988.70;2222.23;-1766.47;0.00
0.28;12.57;43.21;3457.19;2283.83;-1173.36;0.00
0.25;10.14;40.14;3210.99;2000.16;-1210.83;0.00
0.27;8.98;37.63;3010.73;2035.66;-975.07;0.00
0.24;10.17;35.72;2857.54;1932.23;-925.32;0.00
0.23;12.70;47.24;3779.40;2054.72;-1724.68;0.00
0.21;8.71;35.91;2872.99;1675.98;-1197.01;0.00
0.26;8.95;42.87;3429.99;2013.58;-1416.41;0.00
0.21;8.16;45.47;3637.58;1658.26;-1979.31;0.00
0.24;9.51;29.10;2328.19;1934.76;-393.43;0.00
0.20;12.00;35.11;2808.78;1819.78;-989.00;0.00
0.25;10.92;36.77;2941.43;2025.71;-915.72;0.00
0.25;10.19;37.18;2974.75;2006.36;-968.39;0.00
0.22;10.34;41.09;3287.42;1862.54;-1424.88;0.00
0.26;10.43;40.22;3217.78;2082.46;-1135.32;0.00
0.23;12.17;36.21;2896.84;1981.22;-915.63;0.00
0.23;11.85;45.79;3662.98;1986.44;-1676.54;0.00
0.24;10.25;35.96;2877.18;1924.80;-952.38;0.00
0.24;11.22;54.03;4322.75;1986.00;-2336.75;0.00
0.24;10.60;34.48;2758.12;2000.12;-758.00;0.00
0.26;9.45;39.45;3156.19;2034.74;-1121.45;0.00
0.28;9.83;47.79;3823.16;2172.82;-1650.34;0.00
0.26;10.88;43.31;3464.87;2133.14;-1331.73;0.00
0.26;11.35;41.91;3352.61;2122.70;-1229.91;0.00
0.31;9.86;42.64;3411.21;2365.85;-1045.36;0.00
0.28;10.30;34.95;2795.71;2188.74;-606.96;0.00
0.29;9.66;47.47;3797.31;2191.15;-1606.16;0.00
0.24;10.75;36.35;2908.26;1974.21;-934.04;0.00
0.22;10.22;43.24;3459.40;1819.33;-1640.07;0.00
0.23;10.12;41.24;3298.87;1858.49;-1440.38;0.00
0.25;10.78;32.97;2637.62;2011.21;-626.41;0.00
0.25;10.33;48.07;3845.52;2039.78;-1805.74;0.00
0.20;11.83;41.88;3350.13;1823.86;-1526.27;0.00
0.28;11.83;36.16;2892.84;2282.44;-610.40;0.00
0.24;10.30;35.04;2802.89;1963.05;-839.85;0.00
0.27;8.74;35.59;2846.83;2052.99;-793.84;0.00
0.26;11.10;35.34;2827.34;2104.96;-722.38;0.00
0.23;8.84;49.07;3925.92;1802.53;-2123.38;0.00
0.27;10.25;43.37;3469.42;2149.03;-1320.39;0.00
0.21;9.57;29.93;2394.11;1715.70;-678.42;0.00
0.29;10.91;43.63;3490.56;2265.72;-1224.84;0.00
0.23;9.99;39.39;3150.90;1897.27;-1253.62;0.00
0.25;9.96;37.46;2996.76;1996.45;-1000.31;0.00
0.24;10.45;41.22;3297.30;1956.32;-1340.98;0.00
0.29;8.59;37.40;2992.22;2167.01;-825.21;0.00
0.28;8.26;43.37;3469.22;2077.50;-1391.72;0.00
0.25;8.37;35.45;2836.11;1898.60;-937.50;0.00
0.27;9.84;37.21;2977.19;2127.37;-849.82;0.00
0.22;10.89;34.75;2780.38;1850.27;-930.11;0.00
0.22;9.97;42.63;3410.49;1846.46;-1564.03;0.00
0.21;8.59;35.94;2874.83;1674.66;-1200.17;0.00
0.25;8.69;47.21;3776.46;1911.49;-1864.97;0.00
0.25;10.16;34.79;2783.47;1993.83;-789.64;0.00
0.29;10.56;49.32;3945.92;2244.58;-1701.34;0.00
0.26;10.56;38.31;3064.99;2112.20;-952.78;0.00
0.26;8.81;42.61;3408.97;2005.82;-1403.15;0.00
0.25;11.56;38.31;3064.72;2107.00;-957.72;0.00
0.21;9.66;43.51;3480.55;1757.77;-1722.78;0.00
0.23;11.58;35.55;2843.60;1958.41;-885.19;0.00
0.25;9.38;44.27;3541.23;1941.19;-1600.04;0.00
0.20;10.99;42.78;3422.55;1759.81;-1662.74;0.00
0.22;10.30;35.20;2816.14;1847.69;-968.46;0.00
0.23;11.54;38.10;3048.21;1987.25;-1060.96;0.00
0.21;10.92;44.47;3557.39;1789.94;-1767.45;0.00
0.29;9.72;42.33;3386.02;2214.61;-1171.41;0.00
0.31;8.30;43.31;3464.82;2247.00;-1217.82;0.00
0.29;10.16;55.87;4469.60;2222.76;-2246.84;0.00
0.28;11.93;40.14;3211.37;2265.26;-946.11;0.00
0.27;10.70;46.95;3756.18;2126.25;-1629.93;0.00
0.23;8.38;36.32;2905.31;1776.83;-1128.48;0.00
0.26;10.95;34.89;2791.50;2102.54;-688.95;0.00
0.26;12.50;40.97;3277.84;2192.44;-1085.39;0.00
0.25;11.06;30.47;2437.77;2042.94;-394.82;0.00
0.21;11.28;41.26;3300.93;1856.80;-1444.13;0.00
0.25;11.41;45.38;3630.41;2068.88;-1561.53;0.00
0.23;12.12;44.07;3525.42;2024.52;-1500.90;0.00
0.23;10.45;37.85;3027.78;1895.45;-1132.33;0.00
0.25;9.45;47.34;3787.35;1940.56;-1846.80;0.00
0.28;11.24;35.29;2822.88;2222.40;-600.48;0.00
0.26;9.68;45.34;3626.88;2018.53;-1608.35;0.00
0.22;10.26;46.84;3747.31;1862.18;-1885.13;0.00
0.23;8.01;41.24;3299.22;1800.51;-1498.71;0.00
0.30;11.92;40.76;3260.71;2368.26;-892.46;0.00
0.25;8.62;45.92;3673.69;1918.64;-1755.06;0.00
0.26;8.66;45.18;3614.52;1988.41;-1626.11;0.00
0.25;11.15;37.47;2997.86;2046.33;-951.54;0.00
0.26;9.47;39.45;3155.63;2042.25;-1113.38;0.00
0.27;9.01;52.44;4195.56;2069.76;-2125.80;0.00
0.24;10.61;38.20;3056.15;1991.02;-1065.12;0.00
0.26;10.84;38.82;3105.71;2072.78;-1032.93;0.00
0.23;11.22;38.81;3104.57;1975.33;-1129.24;0.00
0.21;10.68;51.03;4082.49;1779.15;-2303.35;0.00
0.25;9.91;40.26;3220.64;2004.07;-1216.57;0.00
0.26;10.79;43.21;3456.93;2113.18;-1343.74;0.00
0.24;9.48;35.99;2879.21;1924.92;-954.28;0.00
0.19;11.22;45.06;3605.07;1712.17;-1892.89;0.00
0.22;11.01;33.40;2672.03;1890.19;-781.83;0.00
0.25;8.35;36.63;2930.50;1895.06;-1035.44;0.00
0.26;8.64;34.22;2737.68;1996.03;-741.65;0.00
0.20;11.62;45.17;3613.48;1793.45;-1820.03;0.00
0.22;11.55;42.25;3380.08;1910.15;-1469.93;0.00
0.21;8.03;36.87;2949.94;1679.48;-1270.46;0.00
0.22;9.47;41.14;3291.42;1792.41;-1499.01;0.00
0.23;10.32;37.32;2985.80;1872.44;-1113.35;0.00
0.28;11.33;36.03;2882.46;2244.89;-637.57;0.00
0.21;11.35;39.56;3164.41;1826.52;-1337.89;0.00
0.22;9.02;46.82;3745.33;1766.75;-1978.58;0.00
0.27;11.27;31.85;2547.71;2174.26;-373.45;0.00
0.20;8.70;37.96;3037.13;1665.20;-1371.94;0.00
0.26;11.27;45.99;3679.36;2118.53;-1560.83;0.00
0.22;9.62;45.77;3661.21;1828.76;-1832.44;0.00
0.23;10.91;28.86;2309.10;1926.72;-382.38;0.00
0.27;10.42;46.58;3726.67;2135.98;-1590.69;0.00
0.27;10.55;44.07;3525.74;2160.87;-1364.87;0.00
0.26;9.51;39.24;3139.60;2052.00;-1087.60;0.00
0.25;11.76;45.37;3629.99;2066.94;-1563.04;0.00
0.26;10.58;42.59;3407.06;2066.51;-1340.55;0.00
0.27;9.78;43.55;3484.17;2103.39;-1380.78;0.00
0.24;10.53;42.08;3366.34;1974.18;-1392.16;0.00
0.27;8.96;34.32;2745.26;2079.11;-666.15;0.00
0.25;8.60;35.29;2823.10;1900.52;-922.58;0.00
0.26;11.76;40.59;3247.48;2152.88;-1094.60;0.00
0.27;11.43;39.97;3197.47;2198.86;-998.60;0.00
0.23;9.99;41.97;3357.66;1889.98;-1467.68;0.00
0.27;8.29;32.45;2595.64;2049.78;-545.86;0.00
0.22;10.47;42.60;3408.36;1866.94;-1541.42;0.00
0.21;11.71;34.00;2719.79;1851.17;-868.62;0.00
0.30;9.45;38.60;3088.22;2234.44;-853.78;0.00
0.28;8.80;39.01;3121.17;2108.65;-1012.52;0.00
0.25;10.90;48.52;3881.70;2055.48;-1826.22;0.00
0.25;11.30;43.85;3507.74;2055.83;-1451.91;0.00
0.23;10.22;35.92;2873.93;1868.46;-1005.47;0.00
0.26;10.09;45.78;3662.64;2046.43;-1616.21;0.00
0.27;9.42;32.64;2611.16;2096.47;-514.69;0.00
0.24;10.02;44.99;3598.90;1930.29;-1668.61;0.00
0.23;11.15;28.69;2295.58;1967.15;-328.42;0.00
0.27;11.43;41.85;3347.66;2202.95;-1144.72;0.00
0.26;9.41;34.98;2798.42;2007.20;-791.23;0.00
0.19;9.25;42.10;3367.64;1616.11;-1751.53;0.00
0.24;9.89;46.82;3745.22;1932.30;-1812.92;0.00
0.25;8.29;35.02;2801.75;1895.80;-905.95;0.00
0.22;10.26;45.55;3643.62;1859.53;-1784.08;0.00
0.24;9.87;40.17;3213.99;1927.89;-1286.09;0.00
0.25;10.99;36.19;2895.06;2040.76;-854.30;0.00
0.25;9.70;41.54;3323.46;1967.02;-1356.44;0.00
0.22;7.49;44.34;3546.85;1699.84;-1847.00;0.00
0.24;9.21;47.92;3833.49;1916.31;-1917.18;0.00
0.23;10.51;42.59;3406.82;1923.08;-1483.74;0.00
0.28;12.12;41.02;3281.73;2293.41;-988.32;0.00
0.27;10.24;39.19;3135.00;2099.77;-1035.23;0.00
0.23;11.61;34.71;2777.18;1987.82;-789.36;0.00
0.26;8.42;44.86;3588.80;1971.11;-1617.69;0.00
0.25;10.72;41.07;3285.58;2015.62;-1269.96;0.00
0.28;10.50;40.89;3271.56;2181.88;-1089.68;0.00
0.23;9.78;40.32;3225.50;1854.51;-1370.99;0.00
0.25;9.49;38.80;3104.23;1954.14;-1150.10;0.00
0.31;10.95;37.77;3021.28;2375.68;-645.60;0.00
0.28;9.95;36.86;2949.06;2189.12;-759.94;0.00
0.25;8.70;42.60;3408.03;1951.82;-1456.22;0.00
0.27;9.88;40.49;3239.54;2126.88;-1112.66;0.00
0.21;11.44;43.32;3465.70;1834.84;-1630.86;0.00
0.27;9.61;41.11;3288.96;2066.14;-1222.82;0.00
0.26;9.87;38.39;3070.84;2039.13;-1031.71;0.00
0.26;8.84;38.51;3080.85;2017.87;-1062.98;0.00
0.30;12.35;41.87;3349.64;2402.42;-947.22;0.00
0.24;8.22;38.26;3060.95;1832.27;-1228.68;0.00
0.22;11.32;38.48;3078.04;1913.16;-1164.88;0.00
0.25;8.94;40.73;3258.38;1917.85;-1340.54;0.00
0.24;8.46;36.16;2892.53;1848.03;-1044.50;0.00
0.27;7.15;33.41;2672.63;1948.46;-724.16;0.00
0.25;10.31;38.69;3095.17;2032.00;-1063.17;0.00
0.25;11.06;42.32;3385.88;2054.25;-1331.63;0.00
0.23;9.13;43.04;3442.84;1825.40;-1617.44;0.00
0.24;10.25;42.54;3403.07;1934.55;-1468.52;0.00
0.26;10.95;44.10;3527.80;2114.06;-1413.74;0.00
0.24;10.10;46.39;3711.06;1927.97;-1783.09;0.00
0.27;9.19;33.00;2639.71;2090.17;-549.54;0.00
0.26;9.53;32.84;2627.52;2034.82;-592.70;0.00
0.26;8.60;38.44;3075.45;1972.78;-1102.67;0.00
0.24;11.81;48.49;3879.33;2016.00;-1863.33;0.00
0.22;10.50;38.01;3040.53;1873.45;-1167.08;0.00
0.24;12.16;41.57;3325.30;2037.11;-1288.19;0.00
0.28;11.38;39.84;3187.04;2262.96;-924.08;0.00
0.19;11.92;34.91;2792.79;1773.91;-1018.89;0.00
0.23;10.71;40.25;3220.28;1937.17;-1283.11;0.00
0.26;8.49;41.66;3333.08;1996.64;-1336.44;0.00
0.27;9.48;45.35;3627.66;2097.04;-1530.62;0.00
0.27;10.10;47.43;3794.62;2125.09;-1669.53;0.00
0.27;11.50;40.48;3238.64;2190.27;-1048.38;0.00
0.21;11.19;40.75;3260.17;1815.80;-1444.37;0.00
0.23;12.14;44.95;3596.20;2006.68;-1589.53;0.00
0.27;9.84;42.58;3406.57;2085.30;-1321.27;0.00
0.23;10.74;43.47;3477.59;1902.02;-1575.57;0.00
0.22;9.41;47.73;3818.22;1774.60;-2043.62;0.00
0.27;9.45;39.79;3182.90;2104.04;-1078.86;0.00
0.21;10.81;35.45;2836.31;1812.48;-1023.83;0.00
0.25;11.21;37.41;2993.13;2092.07;-901.06;0.00
0.25;9.56;38.20;3055.85;1953.40;-1102.44;0.00
0.21;11.34;42.68;3414.47;1839.12;-1575.35;0.00
0.25;12.20;39.40;3151.99;2096.31;-1055.68;0.00
0.30;11.85;37.45;2996.13;2374.02;-622.11;0.00
0.24;11.45;46.48;3718.15;2009.28;-1708.86;0.00
0.27;9.01;49.85;3988.39;2048.81;-1939.58;0.00
0.19;10.43;32.53;2602.65;1693.35;-909.31;0.00
0.24;11.60;46.16;3693.01;2002.18;-1690.84;0.00
0.25;10.21;43.42;3473.29;2007.23;-1466.05;0.00
0.24;11.82;44.00;3520.23;2065.03;-1455.20;0.00
0.25;9.56;36.34;2906.99;1967.14;-939.85;0.00
0.25;11.10;44.34;3547.33;2079.25;-1468.08;0.00
0.22;10.41;40.49;3239.35;1869.85;-1369.49;0.00
0.27;10.96;44.17;3533.54;2189.04;-1344.50;0.00
0.27;9.40;29.61;2368.51;2055.61;-312.91;0.00
0.26;9.93;34.80;2783.90;2044.45;-739.45;0.00
0.25;10.54;45.76;3661.09;2012.92;-1648.16;0.00
0.29;11.88;32.09;2566.81;2304.25;-262.56;0.00
0.24;10.23;44.46;3556.96;1945.47;-1611.49;0.00
0.28;10.08;46.00;3679.64;2184.82;-1494.83;0.00
0.29;11.10;38.62;3089.47;2304.04;-785.43;0.00
0.23;9.05;34.12;2729.41;1855.17;-874.24;0.00
0.23;11.37;41.89;3351.37;1962.05;-1389.32;0.00
0.22;10.60;32.79;2623.05;1850.64;-772.41;0.00
0.26;10.63;44.69;3575.23;2064.59;-1510.64;0.00
0.29;11.14;39.71;3176.76;2282.21;-894.54;0.00
0.25;9.74;29.75;2380.05;1995.41;-384.65;0.00
0.25;10.37;33.75;2700.19;2046.70;-653.48;0.00
0.27;9.30;38.67;3093.29;2086.07;-1007.22;0.00
0.20;9.96;41.65;3331.98;1730.09;-1601.89;0.00
0.21;10.86;39.67;3173.99;1818.45;-1355.53;0.00
0.23;9.14;34.41;2753.17;1862.98;-890.19;0.00
0.19;12.73;47.05;3763.99;1815.72;-1948.27;0.00
0.20;9.30;40.65;3251.89;1660.68;-1591.21;0.00
0.25;9.76;36.14;2890.95;1970.57;-920.39;0.00
0.24;9.48;43.86;3508.63;1888.26;-1620.38;0.00
0.25;11.45;37.70;3016.03;2066.66;-949.37;0.00
0.21;10.71;41.13;3290.03;1830.93;-1459.10;0.00
0.21;9.44;45.13;3610.32;1750.96;-1859.36;0.00
0.24;9.65;32.93;2634.03;1924.35;-709.68;0.00
0.23;9.83;38.30;3064.24;1897.81;-1166.43;0.00
0.24;9.20;45.87;3669.56;1888.06;-1781.50;0.00
0.27;9.92;48.14;3850.82;2099.66;-1751.16;0.00
0.26;11.55;34.76;2780.85;2134.89;-645.96;0.00
0.22;9.03;38.73;3098.05;1753.46;-1344.60;0.00
0.27;10.71;40.15;3212.04;2158.33;-1053.71;0.00
0.25;10.54;41.54;3323.05;2048.94;-1274.12;0.00
0.24;11.98;40.18;3214.77;2018.83;-1195.94;0.00
0.24;10.61;41.28;3302.71;1988.71;-1314.01;0.00
0.25;10.08;40.33;3226.62;2030.28;-1196.34;0.00
0.26;9.98;43.68;3494.57;2080.85;-1413.72;0.00
0.29;11.16;37.86;3028.48;2282.84;-745.64;0.00
0.29;9.56;31.95;2555.99;2208.42;-347.57;0.00
0.26;9.49;50.12;4009.80;2003.23;-2006.58;0.00
0.32;10.31;41.51;3320.94;2425.26;-895.68;0.00
0.28;12.25;38.15;3051.94;2283.44;-768.50;0.00
0.26;11.70;39.76;3180.47;2167.00;-1013.47;0.00
0.26;10.75;33.66;2692.80;2121.45;-571.35;0.00
0.26;9.87;40.21;3216.96;2054.83;-1162.14;0.00
0.26;8.71;36.64;2931.02;2001.16;-929.86;0.00
0.29;10.00;45.87;3669.73;2211.43;-1458.31;0.00
0.26;10.44;43.92;3513.52;2103.30;-1410.21;0.00
0.23;8.63;40.40;3231.78;1835.17;-1396.61;0.00
0.24;10.95;36.79;2943.21;1996.43;-946.78;0.00
0.25;7.92;37.62;3009.34;1879.02;-1130.32;0.00
0.24;8.39;41.42;3313.35;1865.71;-1447.64;0.00
0.23;11.74;39.14;3130.95;1953.06;-1177.89;0.00
0.25;9.67;32.98;2638.20;1955.15;-683.04;0.00
0.23;10.99;39.41;3153.01;1907.23;-1245.78;0.00
0.25;8.25;43.59;3487.16;1929.21;-1557.94;0.00
0.23;8.67;46.82;3745.94;1817.44;-1928.50;0.00
0.24;10.48;27.07;2165.70;1955.66;-210.04;0.00
0.23;10.03;43.22;3457.56;1905.64;-1551.92;0.00
0.23;10.73;37.38;2990.29;1904.87;-1085.42;0.00
0.23;10.67;34.21;2736.76;1907.70;-829.06;0.00
0.22;11.40;37.27;2981.21;1879.57;-1101.64;0.00
0.24;12.58;37.55;3003.91;2052.02;-951.89;0.00
0.27;10.63;41.12;3289.50;2124.41;-1165.09;0.00
0.25;10.62;44.26;3541.20;2015.34;-1525.86;0.00
0.21;12.09;40.67;3253.37;1889.00;-1364.37;0.00
0.24;8.14;46.53;3722.15;1842.12;-1880.03;0.00
0.24;11.43;32.13;2570.18;2014.75;-555.42;0.00
0.26;11.47;47.68;3814.05;2122.42;-1691.63;0.00
0.23;9.27;39.97;3197.47;1867.94;-1329.53;0.00
0.21;11.13;40.71;3256.74;1797.05;-1459.69;0.00
0.23;8.59;41.74;3339.14;1812.33;-1526.81;0.00
0.30;8.60;37.16;2972.89;2216.04;-756.85;0.00
0.27;11.02;42.01;3360.59;2185.89;-1174.70;0.00
0.20;9.76;38.56;3084.97;1697.60;-1387.37;0.00
0.25;9.89;40.71;3256.98;2011.41;-1245.57;0.00
0.26;10.39;40.80;3264.27;2072.60;-1191.66;0.00
0.29;11.26;36.14;2891.00;2316.80;-574.20;0.00
0.23;10.41;40.67;3253.86;1912.14;-1341.72;0.00
0.28;10.98;32.31;2585.05;2217.62;-367.44;0.00
0.24;9.22;43.17;3453.26;1869.79;-1583.47;0.00
0.30;9.92;47.31;3784.47;2311.90;-1472.58;0.00
0.23;10.41;41.69;3335.06;1920.63;-1414.43;0.00
0.25;9.23;42.56;3405.09;1951.83;-1453.26;0.00
0.24;10.92;46.13;3690.04;1965.72;-1724.32;0.00
0.29;10.68;46.49;3718.88;2286.94;-1431.94;0.00
0.27;9.26;43.75;3499.65;2050.28;-1449.38;0.00
0.27;10.40;39.69;3175.18;2123.35;-1051.84;0.00
0.26;8.63;32.38;2590.57;1958.23;-632.34;0.00
0.26;10.93;48.50;3880.09;2095.05;-1785.04;0.00
0.25;10.71;41.65;3331.72;2014.89;-1316.83;0.00
0.23;10.94;38.99;3119.27;1922.00;-1197.27;0.00
0.29;8.46;41.18;3294.34;2150.40;-1143.94;0.00
0.25;10.58;34.25;2739.73;2057.84;-681.90;0.00
0.27;10.86;46.86;3748.90;2145.91;-1602.98;0.00
0.21;9.60;35.85;2868.37;1739.02;-1129.36;0.00
0.27;10.68;42.29;3383.32;2149.68;-1233.64;0.00
0.25;9.80;35.55;2844.21;1998.74;-845.47;0.00
0.22;9.71;45.95;3676.02;1779.79;-1896.23;0.00
0.22;10.99;39.76;3180.60;1847.62;-1332.98;0.00
0.26;10.39;42.31;3384.50;2073.13;-1311.37;0.00
0.25;9.39;38.21;3056.88;1992.15;-1064.73;0.00
0.29;11.12;41.23;3298.59;2283.86;-1014.73;0.00
0.26;9.67;35.17;2813.57;2015.23;-798.34;0.00
0.23;8.51;36.20;2896.27;1828.58;-1067.69;0.00
0.30;10.33;34.17;2733.97;2322.46;-411.51;0.00
0.26;7.96;36.15;2892.38;1924.83;-967.55;0.00
0.21;9.42;38.34;3067.51;1746.74;-1320.77;0.00
0.28;10.19;40.38;3230.69;2178.73;-1051.96;0.00
0.25;9.62;41.56;3325.18;1977.34;-1347.83;0.00
0.23;9.95;40.37;3229.98;1873.00;-1356.99;0.00
0.25;10.71;38.54;3083.12;2015.62;-1067.50;0.00
0.29;10.19;41.07;3285.22;2232.23;-1053.00;0.00
0.23;10.46;39.25;3139.70;1921.58;-1218.12;0.00
0.22;10.05;48.73;3898.49;1854.90;-2043.59;0.00
0.24;8.73;42.35;3387.88;1887.15;-1500.73;0.00
0.26;9.29;39.93;3194.56;1999.73;-1194.83;0.00
0.28;9.85;44.00;3519.69;2180.22;-1339.47;0.00
0.21;9.64;42.11;3369.15;1762.81;-1606.35;0.00
0.23;10.95;45.63;3650.11;1959.81;-1690.29;0.00
0.23;9.69;37.20;2976.08;1859.08;-1117.00;0.00
0.28;11.87;31.77;2541.97;2297.85;-244.12;0.00
0.23;11.59;36.76;2941.20;1959.13;-982.07;0.00
0.25;10.42;35.82;2865.35;2006.84;-858.51;0.00
0.20;9.06;41.19;3295.06;1663.67;-1631.38;0.00
0.28;11.86;36.30;2903.98;2282.29;-621.68;0.00
0.31;10.84;46.18;3694.01;2370.32;-1323.68;0.00
0.27;10.25;30.01;2401.08;2103.59;-297.49;0.00
0.27;11.51;40.88;3270.73;2182.64;-1088.09;0.00
0.25;8.54;35.74;2859.19;1902.52;-956.67;0.00
0.27;10.87;29.64;2371.35;2132.76;-238.59;0.00
0.22;11.16;39.14;3131.49;1865.24;-1266.25;0.00
0.23;9.59;46.52;3721.55;1858.98;-1862.57;0.00
0.24;7.69;39.82;3185.77;1798.31;-1387.46;0.00
0.26;9.99;37.37;2989.63;2035.42;-954.21;0.00
0.24;10.03;43.92;3513.93;1928.12;-1585.81;0.00
0.22;10.18;36.22;2897.30;1834.27;-1063.03;0.00
0.23;11.05;42.62;3409.72;1910.31;-1499.41;0.00
0.28;7.40;39.80;3184.01;2011.21;-1172.80;0.00
0.25;11.48;43.47;3477.52;2100.56;-1376.96;0.00
0.29;9.08;40.92;3273.79;2172.29;-1101.49;0.00
0.24;9.56;43.05;3443.67;1890.80;-1552.87;0.00
0.28;9.16;41.82;3345.77;2143.04;-1202.73;0.00
0.23;11.00;31.74;2539.44;1941.02;-598.42;0.00
0.25;10.14;38.99;3119.19;2022.03;-1097.16;0.00
0.24;9.65;41.54;3322.94;1949.40;-1373.54;0.00
0.23;11.49;38.64;3091.43;1944.14;-1147.30;0.00
0.23;10.56;45.16;3613.04;1908.97;-1704.07;0.00
0.25;10.07;40.04;3203.22;2002.37;-1200.85;0.00
0.25;8.88;45.47;3637.44;1943.36;-1694.08;0.00
0.22;12.30;44.87;3589.26;1964.00;-1625.26;0.00
0.28;8.10;33.09;2647.28;2082.02;-565.25;0.00
0.24;11.53;43.05;3444.16;2001.32;-1442.83;0.00
0.24;10.29;38.29;3062.95;1928.43;-1134.52;0.00
0.26;11.37;43.51;3480.78;2140.90;-1339.88;0.00
0.21;8.26;34.63;2770.01;1654.80;-1115.22;0.00
0.24;10.32;39.94;3195.14;1965.86;-1229.29;0.00
0.24;7.65;41.68;3334.16;1817.49;-1516.67;0.00
0.28;10.49;45.56;3644.51;2192.46;-1452.06;0.00
0.25;11.54;32.19;2575.44;2084.42;-491.03;0.00
0.24;9.57;46.10;3687.91;1925.32;-1762.59;0.00
0.26;11.89;41.11;3289.12;2134.18;-1154.94;0.00
0.24;10.86;48.03;3842.08;1995.92;-1846.16;0.00
0.23;11.95;43.99;3519.07;1970.77;-1548.30;0.00
0.23;9.43;40.93;3274.29;1864.94;-1409.35;0.00
0.24;9.63;40.81;3265.16;1924.14;-1341.02;0.00
0.25;9.28;37.97;3037.94;1974.83;-1063.11;0.00
0.26;10.07;38.21;3056.74;2061.71;-995.03;0.00
0.19;9.72;39.92;3193.45;1659.34;-1534.11;0.00
0.26;10.06;40.37;3229.76;2081.66;-1148.10;0.00
0.26;9.89;47.30;3784.17;2077.93;-1706.24;0.00
0.19;9.33;41.43;3314.10;1627.36;-1686.73;0.00
0.28;10.80;33.99;2719.47;2189.94;-529.53;0.00
0.24;12.10;46.54;3723.23;2041.51;-1681.72;0.00
0.24;10.53;44.30;3543.77;1960.47;-1583.31;0.00
0.23;10.33;41.10;3287.98;1916.04;-1371.93;0.00
0.24;9.81;37.37;2989.76;1932.89;-1056.87;0.00
0.23;10.06;43.48;3478.56;1871.15;-1607.41;0.00
0.25;9.31;36.66;2932.49;1987.22;-945.28;0.00
0.23;11.11;45.86;3668.51;1935.19;-1733.31;0.00
0.31;8.57;47.19;3775.47;2286.06;-1489.41;0.00
0.22;10.50;39.75;3180.04;1834.64;-1345.41;0.00
0.25;11.96;40.53;3242.68;2092.91;-1149.77;0.00
0.24;10.08;45.04;3603.08;1951.49;-1651.58;0.00
0.27;10.99;45.55;3644.06;2161.09;-1482.97;0.00
0.27;10.68;36.59;2927.56;2156.74;-770.82;0.00
0.31;10.64;35.89;2871.41;2409.86;-461.55;0.00
0.26;11.50;47.63;3810.16;2122.04;-1688.13;0.00
0.27;8.21;35.90;2872.36;2037.84;-834.52;0.00
0.24;10.36;36.99;2959.34;1936.36;-1022.98;0.00
0.24;8.65;39.49;3159.39;1844.81;-1314.57;0.00
0.22;10.22;41.14;3290.92;1862.81;-1428.11;0.00
0.21;9.25;31.64;2531.46;1741.35;-790.11;0.00
0.23;10.17;34.11;2728.69;1892.28;-836.41;0.00
0.23;6.84;44.13;3530.38;1709.81;-1820.57;0.00
0.24;12.23;43.41;3472.91;2084.36;-1388.55;0.00
0.21;11.00;44.92;3593.71;1799.62;-1794.09;0.00
0.22;8.86;36.93;2954.73;1763.92;-1190.81;0.00
0.30;7.94;33.31;2664.69;2180.31;-484.37;0.00
0.24;10.20;46.50;3720.38;1936.09;-1784.29;0.00
0.26;9.81;37.02;2961.91;2023.19;-938.72;0.00
0.21;9.86;39.11;3128.80;1748.04;-1380.77;0.00
0.25;10.98;42.28;3382.57;2039.55;-1343.02;0.00
0.27;11.15;36.37;2909.35;2184.35;-725.00;0.00
0.26;10.21;45.53;3642.14;2084.69;-1557.45;0.00
0.28;11.12;39.35;3147.95;2254.74;-893.21;0.00
0.27;9.36;37.82;3025.48;2061.90;-963.58;0.00
0.26;10.02;37.49;2999.40;2041.49;-957.91;0.00
0.22;10.87;39.07;3125.55;1878.78;-1246.77;0.00
0.27;9.54;38.77;3101.22;2101.34;-999.89;0.00
0.24;11.46;43.03;3442.02;1992.49;-1449.54;0.00
0.23;10.33;42.88;3430.73;1891.24;-1539.49;0.00
0.20;11.08;45.90;3671.99;1790.64;-1881.36;0.00
0.24;9.67;42.47;3397.53;1943.84;-1453.69;0.00
0.27;9.89;39.36;3148.72;2094.70;-1054.02;0.00
0.24;9.50;40.90;3272.17;1900.39;-1371.78;0.00
0.22;9.54;42.13;3370.54;1790.91;-1579.63;0.00
0.25;10.10;40.94;3274.90;1990.04;-1284.86;0.00
0.26;13.81;36.78;2942.16;2240.67;-701.50;0.00
0.21;9.82;39.72;3177.60;1749.98;-1427.62;0.00
0.27;9.44;43.61;3488.80;2080.11;-1408.69;0.00
0.23;11.94;40.41;3233.05;1994.18;-1238.87;0.00
0.24;9.99;46.36;3708.85;1927.79;-1781.06;0.00
0.23;10.89;45.05;3603.85;1912.49;-1691.36;0.00
0.24;10.80;40.41;3232.65;1958.94;-1273.71;0.00
0.28;10.66;37.05;2963.64;2197.20;-766.44;0.00
0.29;9.49;33.84;2706.95;2191.54;-515.42;0.00
0.27;9.66;39.08;3126.00;2084.56;-1041.45;0.00
0.27;12.27;37.89;3031.55;2228.28;-803.27;0.00
0.21;10.23;34.72;2777.57;1782.10;-995.47;0.00
0.24;8.21;37.11;2968.98;1848.56;-1120.41;0.00
0.31;10.17;40.59;3247.59;2348.78;-898.81;0.00
0.22;9.88;34.80;2783.81;1802.65;-981.15;0.00
0.27;8.83;38.61;3089.07;2023.92;-1065.15;0.00
0.22;10.63;35.81;2865.03;1849.81;-1015.22;0.00
