# X_0;X_1;X_2;R_0;S_0;G_0;I_0
0.24;11.19;45.93;3674.69;1984.79;-1689.91;0.00
0.26;8.51;44.79;3583.41;1953.78;-1629.63;0.00
0.21;10.58;38.59;3086.84;1780.94;-1305.89;0.00
0.28;10.17;43.76;3501.05;2161.22;-1339.83;0.00
0.26;11.02;40.29;3223.51;2093.48;-1130.03;0.00
0.23;10.17;49.83;3986.02;1895.23;-2090.80;0.00
0.25;11.13;45.36;3628.80;2031.77;-1597.03;0.00
0.25;10.09;48.47;3877.55;2019.81;-1857.75;0.00
0.23;13.34;28.10;2248.25;2088.44;-159.80;0.00
0.22;10.58;43.80;3504.05;1867.43;-1636.63;0.00
0.21;7.32;38.15;3052.12;1643.16;-1408.96;0.00
0.25;11.22;33.32;2665.65;2089.85;-575.80;0.00
0.26;10.49;39.54;3163.47;2096.21;-1067.26;0.00
0.23;11.65;41.44;3315.33;1989.10;-1326.24;0.00
0.27;9.38;34.52;2761.50;2071.29;-690.21;0.00
0.21;10.38;32.71;2616.47;1813.22;-803.26;0.00
0.28;7.71;37.22;2977.53;2048.16;-929.37;0.00
0.26;8.56;35.09;2807.22;1997.20;-810.02;0.00
0.21;9.31;35.99;2879.01;1734.50;-1144.51;0.00
0.24;8.76;40.08;3206.19;1895.63;-1310.56;0.00
0.26;8.28;42.71;3417.17;1958.03;-1459.15;0.00
0.32;11.27;44.59;3566.84;2485.38;-1081.46;0.00
0.25;9.27;38.84;3107.12;1963.72;-1143.40;0.00
0.27;9.53;32.97;2637.56;2110.53;-527.03;0.00
0.24;9.62;38.92;3113.79;1896.30;-1217.49;0.00
0.22;8.48;37.53;3002.25;1725.72;-1276.52;0.00
0.24;11.19;39.64;3171.06;1985.28;-1185.77;0.00
0.25;10.81;43.25;3460.39;2016.47;-1443.92;0.00
0.23;11.67;43.21;3456.47;1956.83;-1499.65;0.00
0.24;9.12;44.56;3564.43;1906.34;-1658.09;0.00
0.21;9.23;40.95;3276.28;1731.11;-1545.17;0.00
0.25;8.46;38.30;3063.82;1933.04;-1130.78;0.00
0.25;10.40;40.93;3274.49;2028.66;-1245.83;0.00
0.28;10.46;36.48;2918.06;2217.00;-701.06;0.00
0.26;9.12;40.63;3250.21;2027.25;-1222.96;0.00
0.25;11.02;47.74;3819.04;2039.26;-1779.79;0.00
0.30;9.77;32.25;2579.82;2258.17;-321.65;0.00
0.25;9.75;38.81;3104.88;1966.99;-1137.89;0.00
0.26;9.95;38.40;3072.32;2043.65;-1028.68;0.00
0.26;11.79;42.54;3403.11;2171.89;-1231.21;0.00
0.22;10.44;39.96;3196.47;1839.95;-1356.53;0.00
0.26;8.68;45.51;3640.54;1968.10;-1672.43;0.00
0.24;11.29;30.29;2423.29;2008.73;-414.56;0.00
0.30;11.04;53.13;4250.31;2374.19;-1876.12;0.00
0.28;8.61;33.03;2642.78;2082.42;-560.36;0.00
0.28;11.65;44.98;3598.76;2257.11;-1341.65;0.00
0.27;9.12;36.85;2948.21;2071.45;-876.76;0.00
0.24;10.52;42.79;3423.18;1975.58;-1447.61;0.00
0.24;10.59;38.59;3087.31;1945.96;-1141.35;0.00
0.25;14.42;37.31;2984.79;2220.89;-763.89;0.00
0.25;10.91;36.39;2911.27;2055.52;-855.75;0.00
0.25;10.25;32.05;2564.10;2020.85;-543.25;0.00
0.26;10.28;41.79;3342.93;2086.49;-1256.44;0.00
0.27;7.89;36.24;2899.34;2006.30;-893.04;0.00
0.28;10.13;41.79;3342.81;2185.86;-1156.95;0.00
0.24;11.73;39.36;3149.14;2022.44;-1126.70;0.00
0.27;10.03;43.63;3490.57;2103.93;-1386.64;0.00
0.27;9.89;31.71;2536.90;2089.01;-447.89;0.00
0.27;9.89;40.25;3220.25;2090.48;-1129.77;0.00
0.21;9.63;38.82;3105.57;1728.87;-1376.70;0.00
0.26;9.44;37.86;3028.42;2014.31;-1014.11;0.00
0.21;9.31;49.32;3945.96;1733.60;-2212.36;0.00
0.25;10.07;44.58;3566.57;1984.03;-1582.54;0.00
0.21;9.73;41.77;3341.82;1729.23;-1612.59;0.00
0.24;8.73;35.00;2799.66;1851.60;-948.06;0.00
0.22;9.90;36.95;2955.70;1833.32;-1122.37;0.00
0.22;10.90;43.88;3510.48;1875.88;-1634.60;0.00
0.25;10.42;43.44;3474.89;2024.48;-1450.41;0.00
0.25;9.54;42.50;3400.29;1967.51;-1432.78;0.00
0.25;10.17;39.48;3158.38;1984.17;-1174.22;0.00
0.26;8.55;38.18;3054.35;1950.37;-1103.97;0.00
0.25;10.47;37.73;3018.27;1999.23;-1019.05;0.00
0.30;8.04;43.11;3449.08;2173.67;-1275.40;0.00
0.24;11.71;41.86;3348.50;2007.94;-1340.57;0.00
0.23;9.65;36.27;2901.92;1876.20;-1025.72;0.00
0.26;9.96;39.92;3193.63;2073.14;-1120.49;0.00
0.27;10.82;40.02;3201.64;2167.94;-1033.70;0.00
0.22;11.07;37.42;2993.45;1909.56;-1083.89;0.00
0.27;10.45;40.62;3249.38;2152.03;-1097.35;0.00
0.27;12.23;33.45;2676.09;2238.69;-437.40;0.00
0.22;9.55;35.08;2806.51;1819.54;-986.97;0.00
0.28;10.60;47.49;3799.51;2225.77;-1573.74;0.00
0.24;7.88;43.99;3518.81;1809.05;-1709.76;0.00
0.25;10.75;46.80;3744.35;2053.29;-1691.06;0.00
0.27;9.48;34.32;2745.61;2065.23;-680.38;0.00
0.22;8.11;35.19;2815.12;1695.78;-1119.35;0.00
0.23;9.19;50.31;4024.94;1846.90;-2178.04;0.00
0.26;11.19;39.14;3131.06;2103.42;-1027.64;0.00
0.27;10.67;31.57;2525.76;2157.83;-367.93;0.00
0.27;10.46;39.40;3152.31;2130.99;-1021.31;0.00
0.27;9.40;42.83;3426.64;2056.67;-1369.97;0.00
0.25;9.06;37.73;3018.50;1976.50;-1042.00;0.00
0.25;10.67;34.12;2729.27;2034.33;-694.94;0.00
0.23;10.78;34.75;2780.19;1900.55;-879.64;0.00
0.25;9.27;45.93;3674.70;1958.15;-1716.55;0.00
0.24;9.23;45.28;3622.53;1925.51;-1697.03;0.00
0.23;10.03;42.05;3364.26;1897.35;-1466.92;0.00
0.23;11.38;42.64;3411.20;1980.06;-1431.14;0.00
0.26;9.62;34.75;2779.80;2010.99;-768.82;0.00
0.27;10.58;41.47;3317.91;2134.91;-1183.00;0.00
0.23;9.20;43.96;3517.12;1863.78;-1653.34;0.00
0.24;9.46;41.57;3325.90;1908.24;-1417.66;0.00
0.30;9.02;35.95;2875.60;2231.06;-644.55;0.00
0.26;7.69;38.01;3040.53;1941.63;-1098.91;0.00
0.21;9.36;42.05;3363.70;1748.12;-1615.58;0.00
0.24;10.38;36.76;2941.19;1976.19;-965.00;0.00
0.22;8.31;47.19;3774.97;1751.05;-2023.91;0.00
0.23;9.90;49.44;3955.52;1881.36;-2074.16;0.00
0.24;12.48;35.39;2830.85;2053.25;-777.61;0.00
0.25;11.97;34.14;2731.44;2117.77;-613.68;0.00
0.27;10.37;40.86;3268.53;2123.73;-1144.80;0.00
0.28;10.13;37.75;3020.35;2207.78;-812.57;0.00
0.27;10.52;41.75;3339.64;2117.04;-1222.60;0.00
0.24;10.63;30.04;2402.91;1994.82;-408.08;0.00
0.25;11.17;42.18;3374.27;2086.35;-1287.92;0.00
0.28;10.60;41.34;3306.86;2213.67;-1093.19;0.00
0.25;9.38;32.83;2626.06;1981.52;-644.54;0.00
0.28;10.22;45.86;3668.45;2194.10;-1474.35;0.00
0.24;10.23;43.54;3483.15;1974.03;-1509.11;0.00
0.24;8.98;41.29;3302.92;1870.51;-1432.41;0.00
0.24;9.98;31.60;2528.12;1964.51;-563.61;0.00
0.31;10.25;31.58;2526.64;2342.37;-184.27;0.00
0.23;8.82;31.98;2558.39;1811.96;-746.44;0.00
0.28;10.54;34.57;2765.49;2228.27;-537.22;0.00
0.28;9.43;42.51;3400.87;2149.27;-1251.61;0.00
0.24;8.92;46.01;3680.75;1884.91;-1795.84;0.00
0.30;10.89;43.94;3514.99;2324.96;-1190.03;0.00
0.30;11.03;35.17;2813.73;2317.51;-496.22;0.00
0.18;9.28;39.19;3134.93;1560.31;-1574.62;0.00
0.21;9.21;43.76;3500.90;1714.92;-1785.98;0.00
0.27;10.07;40.79;3263.31;2136.88;-1126.43;0.00
0.22;9.40;47.87;3829.34;1811.71;-2017.63;0.00
0.27;11.17;38.90;3111.73;2162.53;-949.21;0.00
0.22;10.25;43.65;3492.24;1828.43;-1663.80;0.00
0.27;9.84;44.43;3554.49;2083.68;-1470.80;0.00
0.24;9.94;39.11;3128.45;1914.03;-1214.43;0.00
0.27;11.57;38.51;3081.15;2197.01;-884.14;0.00
0.25;10.82;42.87;3429.63;2016.35;-1413.28;0.00
0.26;9.57;37.46;2997.17;2039.16;-958.01;0.00
0.22;11.15;46.19;3695.40;1908.62;-1786.78;0.00
0.26;10.89;37.49;2998.85;2117.40;-881.45;0.00
0.26;8.60;46.26;3700.84;1990.50;-1710.34;0.00
0.27;9.05;43.06;3445.01;2063.89;-1381.13;0.00
0.31;12.02;45.36;3629.06;2433.31;-1195.75;0.00
0.26;9.51;44.89;3591.58;2031.28;-1560.30;0.00
0.25;10.93;43.11;3448.78;2056.04;-1392.73;0.00
0.21;10.04;35.98;2878.33;1750.72;-1127.61;0.00
0.22;9.71;41.31;3304.99;1831.85;-1473.14;0.00
0.26;11.48;39.67;3173.26;2146.03;-1027.22;0.00
0.24;9.96;33.43;2674.32;1924.70;-749.62;0.00
0.21;10.77;41.70;3336.21;1835.03;-1501.18;0.00
0.23;9.60;32.26;2581.18;1847.00;-734.18;0.00
0.22;9.43;41.42;3313.33;1771.57;-1541.76;0.00
0.24;10.28;36.30;2904.28;1942.58;-961.70;0.00
0.26;10.13;34.83;2786.68;2040.55;-746.13;0.00
0.28;10.68;39.51;3160.80;2238.32;-922.48;0.00
0.23;9.28;38.04;3043.60;1846.16;-1197.44;0.00
0.28;9.94;40.00;3199.68;2163.17;-1036.51;0.00
0.26;10.47;39.22;3137.54;2103.50;-1034.04;0.00
0.29;8.07;46.65;3731.71;2128.85;-1602.86;0.00
0.26;10.83;42.11;3368.47;2095.21;-1273.26;0.00
0.25;10.04;39.21;3136.91;2023.23;-1113.68;0.00
0.26;8.04;38.89;3110.82;1964.55;-1146.26;0.00
0.28;8.75;43.65;3492.17;2106.48;-1385.69;0.00
0.24;11.15;45.60;3648.07;1982.90;-1665.16;0.00
0.25;9.66;42.53;3402.31;2001.61;-1400.70;0.00
0.24;10.02;50.64;4051.12;1952.07;-2099.04;0.00
0.29;11.28;51.29;4103.27;2316.70;-1786.57;0.00
0.23;9.82;42.64;3410.91;1849.56;-1561.35;0.00
0.24;9.82;40.75;3260.08;1924.65;-1335.43;0.00
0.18;10.77;39.72;3177.22;1648.52;-1528.70;0.00
0.30;8.72;38.77;3101.76;2214.60;-887.15;0.00
0.26;12.50;38.46;3077.15;2181.74;-895.42;0.00
0.22;10.57;34.89;2791.09;1846.94;-944.14;0.00
0.23;10.29;38.04;3043.41;1914.61;-1128.80;0.00
0.22;10.39;35.09;2807.39;1861.51;-945.88;0.00
0.25;10.89;39.75;3180.25;2048.35;-1131.89;0.00
0.25;9.84;49.52;3961.33;1979.28;-1982.05;0.00
0.23;8.91;38.75;3100.14;1845.70;-1254.44;0.00
0.26;8.39;37.10;2967.65;1982.16;-985.49;0.00
0.21;10.97;44.26;3540.90;1834.25;-1706.64;0.00
0.22;10.51;38.44;3075.24;1872.45;-1202.79;0.00
0.25;10.31;46.99;3759.19;2028.38;-1730.81;0.00
0.20;10.12;44.89;3590.86;1736.18;-1854.68;0.00
0.24;10.33;45.99;3679.03;1944.79;-1734.23;0.00
0.26;8.73;35.23;2818.70;1969.55;-849.15;0.00
0.30;8.96;42.34;3387.20;2221.33;-1165.87;0.00
0.22;9.28;36.00;2880.10;1777.38;-1102.72;0.00
0.25;11.74;42.71;3416.76;2080.99;-1335.77;0.00
0.25;10.41;35.27;2821.47;2006.03;-815.44;0.00
0.29;9.05;48.42;3873.45;2188.99;-1684.45;0.00
0.23;12.17;33.00;2640.08;2019.91;-620.18;0.00
0.25;10.46;38.61;3088.57;2030.90;-1057.67;0.00
0.26;10.28;46.56;3724.93;2080.91;-1644.02;0.00
0.21;10.94;40.08;3206.57;1840.93;-1365.64;0.00
0.29;10.46;40.09;3207.24;2242.59;-964.65;0.00
0.27;9.14;42.73;3418.50;2050.40;-1368.10;0.00
0.27;9.13;41.28;3302.67;2095.97;-1206.70;0.00
0.24;10.36;41.12;3289.51;1950.55;-1338.96;0.00
0.24;11.99;39.46;3156.80;2056.64;-1100.16;0.00
0.20;11.85;49.05;3924.32;1805.81;-2118.51;0.00
0.29;10.04;40.97;3277.89;2223.63;-1054.26;0.00
0.29;10.65;40.21;3217.00;2242.18;-974.82;0.00
0.28;10.24;43.51;3480.97;2160.55;-1320.43;0.00
0.23;11.96;39.27;3141.88;1990.54;-1151.35;0.00
0.26;10.42;35.81;2864.45;2075.02;-789.43;0.00
0.26;12.70;37.99;3039.38;2191.45;-847.93;0.00
0.24;8.86;42.10;3367.65;1900.85;-1466.80;0.00
0.26;8.97;48.17;3853.69;2003.80;-1849.89;0.00
0.19;9.11;42.96;3436.98;1592.12;-1844.87;0.00
0.27;8.64;41.69;3334.99;2022.57;-1312.42;0.00
0.22;8.99;37.68;3014.44;1767.69;-1246.75;0.00
0.25;8.43;39.80;3183.73;1941.95;-1241.78;0.00
0.22;10.66;35.83;2866.64;1883.62;-983.01;0.00
0.25;9.81;44.96;3596.82;2015.51;-1581.31;0.00
0.27;11.58;38.15;3051.91;2215.41;-836.50;0.00
0.24;8.04;36.50;2919.80;1837.02;-1082.79;0.00
0.23;8.51;31.30;2503.75;1809.82;-693.94;0.00
0.25;10.24;38.10;3048.00;2009.54;-1038.46;0.00
0.31;10.97;42.41;3392.50;2419.25;-973.25;0.00
0.28;8.92;48.71;3896.53;2085.53;-1811.00;0.00
0.23;12.63;43.32;3465.28;2001.30;-1463.98;0.00
0.21;12.47;45.00;3600.28;1913.17;-1687.12;0.00
0.22;10.37;42.62;3409.21;1842.38;-1566.83;0.00
0.22;10.26;38.70;3095.89;1815.56;-1280.33;0.00
0.22;6.60;44.61;3568.52;1658.46;-1910.06;0.00
0.27;7.87;45.28;3622.76;1998.21;-1624.54;0.00
0.24;12.28;39.74;3179.48;2077.09;-1102.38;0.00
0.25;9.00;37.52;3001.72;1945.68;-1056.03;0.00
0.25;11.43;39.73;3178.25;2071.10;-1107.14;0.00
0.25;9.45;40.02;3201.63;1989.87;-1211.76;0.00
0.26;8.98;44.24;3539.28;1979.63;-1559.65;0.00
0.28;9.53;30.23;2418.64;2144.42;-274.22;0.00
0.21;10.46;44.07;3525.73;1762.95;-1762.79;0.00
0.24;8.94;45.85;3668.12;1879.52;-1788.60;0.00
0.24;9.87;40.89;3271.26;1913.08;-1358.17;0.00
0.31;11.69;35.71;2856.76;2456.42;-400.34;0.00
0.28;10.22;38.96;3116.92;2213.37;-903.55;0.00
0.27;10.12;37.28;2982.40;2105.27;-877.13;0.00
0.24;9.34;48.70;3895.90;1904.49;-1991.40;0.00
0.26;9.06;43.58;3486.79;2006.68;-1480.11;0.00
0.25;9.04;49.48;3958.78;1918.22;-2040.56;0.00
0.29;12.37;43.10;3448.34;2374.40;-1073.95;0.00
0.23;11.67;40.76;3260.47;1972.05;-1288.42;0.00
0.27;9.88;40.70;3255.67;2116.35;-1139.32;0.00
0.27;11.59;49.94;3995.46;2189.10;-1806.36;0.00
0.24;9.97;44.18;3534.70;1965.37;-1569.33;0.00
0.25;10.38;30.63;2450.64;2012.29;-438.35;0.00
0.26;10.42;42.81;3424.46;2052.63;-1371.84;0.00
0.21;8.91;41.57;3325.60;1702.28;-1623.33;0.00
0.29;9.27;42.32;3385.75;2212.37;-1173.38;0.00
0.26;8.93;38.56;3084.96;1995.94;-1089.02;0.00
0.25;10.08;48.07;3845.25;2031.06;-1814.20;0.00
0.29;10.13;46.58;3726.06;2211.85;-1514.20;0.00
0.22;10.73;40.73;3258.40;1839.55;-1418.85;0.00
0.26;10.83;40.96;3276.42;2105.13;-1171.29;0.00
0.25;9.19;36.34;2906.91;1926.51;-980.41;0.00
0.23;11.69;43.38;3470.72;1994.67;-1476.04;0.00
0.25;10.65;37.97;3037.53;2055.86;-981.67;0.00
0.23;9.82;39.63;3170.19;1898.00;-1272.19;0.00
0.25;10.62;38.53;3082.65;2051.37;-1031.29;0.00
0.24;9.69;35.68;2854.34;1950.83;-903.51;0.00
0.25;10.63;34.97;2797.88;2031.19;-766.69;0.00
0.26;11.42;38.26;3061.03;2126.49;-934.54;0.00
0.24;10.49;36.97;2957.32;1958.60;-998.73;0.00
0.21;10.96;32.46;2596.46;1836.61;-759.85;0.00
0.26;10.62;42.14;3371.44;2069.96;-1301.48;0.00
0.30;8.24;45.43;3634.74;2205.04;-1429.71;0.00
0.28;8.89;29.07;2325.23;2136.20;-189.03;0.00
0.26;11.63;38.03;3042.21;2156.47;-885.74;0.00
0.23;10.11;37.68;3014.74;1882.56;-1132.18;0.00
0.27;10.01;36.55;2923.68;2129.19;-794.49;0.00
0.22;9.84;40.89;3271.59;1837.34;-1434.25;0.00
0.26;10.74;34.00;2720.01;2092.92;-627.09;0.00
0.25;9.45;44.72;3577.94;1977.37;-1600.57;0.00
0.26;12.10;35.75;2860.06;2167.79;-692.27;0.00
0.25;8.96;47.31;3784.99;1915.61;-1869.38;0.00
0.23;8.88;43.03;3442.66;1833.63;-1609.03;0.00
0.27;8.90;39.50;3160.03;2026.72;-1133.31;0.00
0.22;10.60;48.87;3909.33;1879.70;-2029.63;0.00
0.24;10.95;44.15;3531.98;1998.68;-1533.30;0.00
0.24;8.30;41.63;3330.77;1834.66;-1496.10;0.00
0.29;9.77;42.56;3404.80;2210.07;-1194.73;0.00
0.25;10.27;41.71;3336.94;2021.39;-1315.56;0.00
0.25;11.51;35.32;2825.79;2100.88;-724.91;0.00
0.31;11.29;40.20;3215.89;2420.08;-795.81;0.00
0.22;10.52;42.74;3418.93;1852.08;-1566.85;0.00
0.23;10.65;42.53;3402.14;1931.35;-1470.79;0.00
0.25;8.80;38.58;3086.10;1942.59;-1143.50;0.00
0.23;9.41;39.91;3192.83;1873.88;-1318.96;0.00
0.25;10.67;39.71;3177.14;2052.70;-1124.44;0.00
0.27;10.23;37.81;3024.99;2145.42;-879.57;0.00
0.28;10.37;42.19;3375.00;2191.28;-1183.72;0.00
0.23;10.60;45.47;3637.50;1910.34;-1727.17;0.00
0.25;11.00;35.13;2810.20;2032.82;-777.38;0.00
0.24;10.38;33.76;2701.14;1965.58;-735.56;0.00
0.23;9.38;41.87;3349.51;1874.75;-1474.76;0.00
0.30;10.42;38.58;3086.39;2289.92;-796.47;0.00
0.24;9.63;41.85;3347.91;1948.36;-1399.55;0.00
0.20;9.93;37.76;3020.70;1709.82;-1310.88;0.00
0.22;9.65;42.59;3407.21;1802.52;-1604.69;0.00
0.23;10.72;36.47;2917.34;1942.41;-974.93;0.00
0.21;9.12;37.39;2990.93;1735.53;-1255.39;0.00
0.28;9.05;39.28;3142.28;2094.97;-1047.31;0.00
0.26;12.03;36.01;2880.79;2188.25;-692.53;0.00
0.28;12.09;40.25;3219.74;2278.07;-941.66;0.00
0.29;9.97;44.58;3566.61;2227.69;-1338.92;0.00
0.22;11.00;33.41;2673.01;1874.39;-798.62;0.00
0.24;9.65;45.73;3658.10;1924.13;-1733.96;0.00
0.23;10.22;36.13;2890.42;1897.73;-992.69;0.00
0.27;10.94;42.06;3365.13;2161.39;-1203.75;0.00
0.26;9.27;45.88;3670.21;2036.81;-1633.40;0.00
0.26;10.06;42.02;3361.59;2052.44;-1309.14;0.00
0.25;10.85;43.23;3458.15;2059.91;-1398.24;0.00
0.29;10.58;46.98;3758.51;2237.07;-1521.43;0.00
0.24;10.91;44.67;3573.82;1962.81;-1611.01;0.00
0.27;10.86;38.25;3060.13;2146.16;-913.97;0.00
0.31;9.67;33.21;2656.61;2345.31;-311.30;0.00
0.25;10.06;36.67;2933.59;2017.27;-916.32;0.00
0.24;8.78;34.67;2773.98;1889.28;-884.70;0.00
0.28;10.91;45.53;3642.46;2205.09;-1437.38;0.00
0.30;9.98;36.61;2928.85;2307.68;-621.17;0.00
0.22;11.01;37.13;2970.62;1872.24;-1098.38;0.00
0.20;10.02;44.65;3572.14;1732.54;-1839.60;0.00
0.25;10.16;42.84;3427.13;2027.78;-1399.35;0.00
0.29;7.61;40.84;3267.06;2103.37;-1163.69;0.00
0.24;11.41;43.02;3441.82;2037.84;-1403.98;0.00
0.23;9.22;37.20;2976.34;1836.64;-1139.70;0.00
0.25;11.33;42.28;3382.77;2053.06;-1329.71;0.00
0.25;12.45;42.31;3384.83;2109.72;-1275.11;0.00
0.25;10.15;36.68;2934.08;1995.79;-938.29;0.00
0.27;10.01;34.90;2792.35;2113.48;-678.87;0.00
0.25;10.03;42.12;3369.49;2021.76;-1347.74;0.00
0.24;8.75;41.97;3357.89;1874.51;-1483.38;0.00
0.20;9.73;38.94;3115.40;1693.15;-1422.26;0.00
0.27;8.12;44.51;3560.49;2014.98;-1545.50;0.00
0.25;10.15;33.83;2706.05;1986.61;-719.44;0.00
0.25;10.28;46.53;3722.53;2014.48;-1708.05;0.00
0.27;11.76;40.57;3245.53;2225.51;-1020.02;0.00
0.27;9.56;36.09;2887.51;2063.25;-824.26;0.00
0.22;9.46;38.32;3065.34;1818.32;-1247.02;0.00
0.28;8.53;37.16;2973.02;2112.65;-860.37;0.00
0.24;8.87;45.55;3643.89;1894.57;-1749.32;0.00
0.26;12.23;38.81;3104.77;2195.27;-909.49;0.00
0.22;10.49;40.48;3238.39;1842.87;-1395.51;0.00
0.26;11.94;38.50;3079.80;2160.82;-918.98;0.00
0.25;11.66;48.02;3841.44;2068.17;-1773.28;0.00
0.20;10.45;39.40;3151.69;1752.63;-1399.06;0.00
0.21;10.26;43.17;3453.70;1778.27;-1675.43;0.00
0.26;10.65;38.51;3080.85;2104.12;-976.72;0.00
0.27;10.90;41.88;3350.78;2189.51;-1161.27;0.00
0.28;8.71;44.01;3521.10;2115.86;-1405.24;0.00
0.26;10.71;41.42;3313.37;2120.61;-1192.76;0.00
0.24;9.42;42.47;3397.65;1915.47;-1482.18;0.00
0.25;9.97;31.07;2485.52;2020.94;-464.58;0.00
0.23;8.75;40.54;3242.83;1805.01;-1437.83;0.00
0.25;10.52;46.01;3680.81;2017.15;-1663.66;0.00
0.29;9.75;33.20;2655.90;2229.43;-426.47;0.00
0.24;9.51;42.34;3387.07;1918.87;-1468.20;0.00
0.29;9.07;38.18;3054.66;2160.45;-894.21;0.00
0.33;9.18;35.89;2870.87;2397.75;-473.12;0.00
0.25;9.66;41.74;3338.99;1973.33;-1365.65;0.00
0.24;9.80;44.31;3544.82;1910.15;-1634.67;0.00
0.23;10.28;38.11;3048.78;1905.94;-1142.83;0.00
0.26;11.75;34.91;2793.00;2168.20;-624.81;0.00
0.24;9.32;38.22;3057.39;1917.46;-1139.93;0.00
0.20;11.34;45.67;3653.67;1781.41;-1872.27;0.00
0.27;9.12;36.34;2907.35;2051.64;-855.71;0.00
0.23;11.04;32.38;2590.61;1955.88;-634.73;0.00
0.25;9.73;36.57;2925.47;1987.92;-937.55;0.00
0.23;10.91;38.43;3074.48;1929.43;-1145.05;0.00
0.24;10.13;36.11;2889.06;1932.00;-957.06;0.00
0.26;11.39;33.27;2661.55;2155.95;-505.60;0.00
0.27;10.64;38.05;3043.74;2165.75;-877.99;0.00
0.24;8.10;48.73;3898.39;1817.02;-2081.38;0.00
0.23;10.45;38.57;3085.80;1922.78;-1163.02;0.00
0.23;11.00;46.89;3751.04;1915.95;-1835.09;0.00
0.24;9.16;33.66;2692.98;1882.08;-810.90;0.00
0.25;12.60;38.17;3053.38;2123.60;-929.79;0.00
0.24;8.98;30.98;2478.45;1909.39;-569.06;0.00
0.21;8.30;36.40;2912.14;1674.59;-1237.55;0.00
0.22;10.16;48.25;3859.86;1839.89;-2019.98;0.00
0.26;11.17;46.80;3743.80;2115.04;-1628.76;0.00
0.23;9.05;39.22;3137.61;1821.14;-1316.47;0.00
0.24;10.20;39.20;3135.74;1958.79;-1176.95;0.00
0.25;8.52;36.84;2947.05;1910.34;-1036.71;0.00
0.24;8.79;44.45;3555.83;1878.97;-1676.87;0.00
0.25;8.42;34.87;2789.32;1890.64;-898.67;0.00
0.28;9.86;42.76;3421.07;2180.46;-1240.60;0.00
0.24;10.83;45.41;3633.06;1986.72;-1646.34;0.00
0.29;8.76;37.38;2990.30;2168.13;-822.17;0.00
0.31;10.06;44.25;3539.77;2332.25;-1207.52;0.00
0.23;9.13;39.09;3126.80;1824.38;-1302.43;0.00
0.26;8.94;36.21;2896.90;2016.49;-880.41;0.00
0.27;10.29;40.15;3211.89;2104.58;-1107.31;0.00
0.25;11.60;41.64;3331.30;2061.65;-1269.65;0.00
0.27;10.04;45.27;3621.71;2088.70;-1533.01;0.00
0.27;6.96;43.11;3448.57;1965.55;-1483.02;0.00
0.27;6.90;36.58;2926.69;1938.40;-988.29;0.00
0.26;8.68;42.23;3378.74;1985.16;-1393.58;0.00
0.27;10.00;41.19;3295.07;2135.90;-1159.17;0.00
0.23;10.14;39.31;3144.61;1912.85;-1231.76;0.00
0.22;12.71;48.88;3910.36;1989.25;-1921.11;0.00
0.24;8.94;49.98;3998.03;1898.94;-2099.09;0.00
0.26;11.07;30.32;2425.78;2115.33;-310.44;0.00
0.25;10.74;42.46;3396.47;2016.43;-1380.03;0.00
0.25;9.84;43.26;3460.96;2006.78;-1454.19;0.00
0.27;9.64;38.27;3061.25;2086.42;-974.83;0.00
0.25;9.56;40.59;3246.81;1952.32;-1294.48;0.00
0.28;9.09;43.10;3447.81;2111.64;-1336.17;0.00
0.26;9.20;45.30;3624.27;2032.48;-1591.79;0.00
0.29;10.40;41.43;3314.10;2248.69;-1065.41;0.00
0.26;10.38;37.87;3029.25;2069.84;-959.41;0.00
0.25;11.69;40.31;3224.89;2101.16;-1123.74;0.00
0.24;10.29;36.77;2941.62;1940.79;-1000.83;0.00
0.22;12.87;43.02;3441.25;1994.89;-1446.36;0.00
0.28;10.21;47.22;3777.90;2173.37;-1604.54;0.00
0.24;9.44;38.79;3103.35;1899.60;-1203.75;0.00
0.24;9.32;37.95;3035.76;1877.03;-1158.72;0.00
0.25;8.82;46.33;3706.65;1936.47;-1770.18;0.00
0.26;10.25;43.57;3485.81;2049.94;-1435.87;0.00
0.25;10.47;29.23;2338.24;2052.00;-286.24;0.00
0.24;10.09;50.38;4030.56;1950.55;-2080.01;0.00
0.23;9.25;50.82;4065.42;1869.36;-2196.06;0.00
0.27;11.25;40.37;3229.49;2190.94;-1038.55;0.00
0.25;10.58;40.41;3232.83;2046.69;-1186.14;0.00
0.27;7.72;35.33;2826.03;1968.49;-857.54;0.00
0.25;10.36;38.72;3097.58;2002.01;-1095.58;0.00
0.21;9.82;44.62;3569.69;1755.72;-1813.96;0.00
0.29;10.79;43.14;3451.51;2249.49;-1202.02;0.00
0.25;10.38;36.63;2930.05;2030.92;-899.13;0.00
0.26;11.04;37.70;3016.25;2120.46;-895.79;0.00
0.30;10.82;41.30;3304.09;2362.95;-941.14;0.00
0.23;11.50;44.60;3568.15;1943.68;-1624.47;0.00
0.25;10.65;34.51;2760.99;2029.88;-731.11;0.00
0.24;12.42;34.30;2743.79;2078.78;-665.02;0.00
0.25;10.09;41.90;3352.31;1978.15;-1374.16;0.00
0.27;9.26;35.24;2819.28;2075.35;-743.93;0.00
0.22;11.27;43.59;3487.51;1890.56;-1596.95;0.00
0.29;10.04;33.97;2717.30;2246.07;-471.23;0.00
0.25;11.41;38.93;3114.63;2068.84;-1045.79;0.00
0.24;10.66;42.40;3392.29;1962.61;-1429.67;0.00
0.24;10.46;38.87;3109.32;1953.93;-1155.39;0.00
0.28;10.08;43.34;3467.04;2199.25;-1267.80;0.00
0.26;10.33;39.22;3137.23;2047.00;-1090.23;0.00
0.28;10.08;37.44;2995.14;2172.61;-822.52;0.00
0.26;8.42;27.21;2177.13;1955.35;-221.77;0.00
0.28;8.77;35.76;2860.77;2113.33;-747.44;0.00
0.26;10.26;37.14;2971.17;2069.13;-902.05;0.00
0.27;10.79;39.84;3187.26;2136.24;-1051.03;0.00
0.29;8.80;40.42;3233.42;2177.35;-1056.07;0.00
0.25;8.98;36.46;2916.57;1918.92;-997.65;0.00
0.27;10.76;47.69;3814.80;2171.86;-1642.95;0.00
0.23;8.97;35.16;2812.68;1842.10;-970.58;0.00
0.24;9.66;36.14;2890.89;1950.60;-940.29;0.00
0.22;11.24;39.97;3197.62;1883.73;-1313.89;0.00
0.28;11.83;40.62;3249.96;2291.95;-958.01;0.00
0.21;9.82;38.42;3073.55;1779.91;-1293.64;0.00
0.24;10.81;40.02;3201.25;1971.31;-1229.94;0.00
0.30;10.54;46.57;3725.70;2317.13;-1408.57;0.00
0.23;9.14;41.61;3328.88;1830.37;-1498.52;0.00
0.25;8.42;37.56;3004.84;1922.08;-1082.76;0.00
0.25;11.48;42.50;3399.93;2055.93;-1344.00;0.00
0.27;10.83;37.04;2963.25;2170.76;-792.49;0.00
0.23;10.96;33.21;2657.17;1947.72;-709.46;0.00
0.24;9.70;39.46;3156.79;1906.45;-1250.34;0.00
0.28;10.81;40.70;3256.01;2195.92;-1060.09;0.00
0.27;12.54;37.06;2964.99;2248.36;-716.63;0.00
0.21;11.92;41.55;3323.70;1862.90;-1460.80;0.00
0.26;10.11;35.89;2871.29;2090.04;-781.24;0.00
0.18;11.31;47.31;3784.52;1641.43;-2143.09;0.00
0.25;7.97;44.94;3594.99;1907.45;-1687.53;0.00
0.23;8.98;37.09;2967.46;1843.57;-1123.89;0.00
0.29;11.15;53.60;4288.11;2290.26;-1997.85;0.00
0.23;9.21;35.78;2862.14;1829.02;-1033.12;0.00
0.26;9.65;45.10;3607.79;2008.73;-1599.06;0.00
0.25;9.47;45.79;3663.04;1947.10;-1715.94;0.00
0.25;11.03;36.07;2885.65;2064.28;-821.38;0.00
0.26;8.21;36.87;2949.76;1931.38;-1018.38;0.00
0.25;11.05;39.74;3179.40;2036.04;-1143.36;0.00
0.26;9.35;36.95;2955.86;2018.75;-937.12;0.00
0.22;10.25;44.86;3588.99;1828.77;-1760.22;0.00
0.25;11.30;28.55;2284.39;2042.87;-241.51;0.00
0.29;10.57;39.67;3173.97;2235.59;-938.39;0.00
0.27;10.84;38.75;3100.16;2166.28;-933.88;0.00
0.23;10.32;30.53;2442.79;1919.45;-523.34;0.00
0.28;11.64;41.94;3355.04;2267.35;-1087.69;0.00
0.27;9.84;36.86;2948.81;2128.19;-820.62;0.00
0.21;12.53;36.50;2920.03;1921.68;-998.35;0.00
0.23;11.86;41.77;3341.70;2007.49;-1334.22;0.00
0.23;9.30;46.76;3740.76;1831.14;-1909.62;0.00
0.23;9.36;51.61;4129.00;1834.87;-2294.13;0.00
0.24;9.78;42.12;3369.24;1909.66;-1459.58;0.00
0.26;9.97;46.73;3738.37;2049.11;-1689.26;0.00
0.24;10.54;52.85;4228.27;1978.50;-2249.78;0.00
0.29;12.07;43.44;3474.87;2316.85;-1158.02;0.00
0.26;10.12;43.34;3466.99;2047.83;-1419.16;0.00
0.26;11.19;39.98;3198.28;2113.29;-1085.00;0.00
0.25;9.63;39.30;3143.92;1998.09;-1145.84;0.00
0.25;11.91;36.92;2953.72;2091.58;-862.14;0.00
0.28;10.01;36.87;2949.81;2187.92;-761.89;0.00
0.21;9.82;42.98;3438.08;1761.60;-1676.47;0.00
0.25;11.16;41.46;3316.76;2051.19;-1265.57;0.00
0.23;10.31;42.53;3402.64;1897.21;-1505.43;0.00
0.23;8.86;40.20;3215.74;1846.85;-1368.89;0.00
0.25;10.41;35.25;2820.19;2008.29;-811.90;0.00
0.25;8.81;34.42;2753.85;1924.90;-828.95;0.00
0.21;10.10;36.58;2926.50;1746.01;-1180.49;0.00
0.22;10.03;37.73;3018.56;1839.74;-1178.82;0.00
0.25;8.17;32.50;2600.13;1900.76;-699.36;0.00
0.20;10.17;39.06;3125.04;1723.42;-1401.62;0.00
0.21;11.71;44.14;3531.31;1867.86;-1663.45;0.00
0.24;8.51;36.16;2893.00;1855.56;-1037.45;0.00
0.27;11.61;39.43;3154.39;2200.22;-954.18;0.00
0.26;10.06;33.65;2691.73;2043.03;-648.70;0.00
0.26;11.20;41.47;3317.77;2128.14;-1189.63;0.00
0.26;9.73;43.24;3458.81;2033.42;-1425.39;0.00
0.27;10.82;41.87;3349.32;2158.96;-1190.36;0.00
0.25;11.46;35.26;2820.87;2071.13;-749.74;0.00
0.25;9.07;46.36;3708.43;1957.39;-1751.04;0.00
0.29;10.47;46.20;3695.91;2233.92;-1461.99;0.00
0.25;10.16;38.44;3075.58;2004.39;-1071.19;0.00
0.23;9.59;39.61;3168.51;1852.81;-1315.71;0.00
0.27;9.75;44.10;3528.07;2087.83;-1440.24;0.00
0.24;10.32;45.60;3647.63;1964.32;-1683.31;0.00
0.26;11.68;36.12;2889.24;2164.14;-725.11;0.00
0.23;10.18;41.65;3331.69;1892.43;-1439.27;0.00
0.22;9.63;50.15;4011.67;1776.18;-2235.49;0.00
0.25;10.33;44.67;3573.62;1991.52;-1582.10;0.00
0.28;11.08;52.85;4227.98;2217.42;-2010.56;0.00
0.27;11.02;45.76;3661.07;2170.31;-1490.76;0.00
0.21;9.90;38.49;3079.39;1757.88;-1321.51;0.00
0.22;9.04;34.49;2758.99;1781.82;-977.18;0.00
0.32;11.12;26.62;2129.49;2440.15;310.66;1.00
0.24;10.38;35.72;2857.65;1959.96;-897.69;0.00
0.26;10.74;44.57;3565.50;2116.20;-1449.30;0.00
0.26;11.32;42.92;3433.55;2105.12;-1328.42;0.00
0.28;9.72;38.64;3091.00;2174.13;-916.86;0.00
0.26;9.55;37.66;3012.74;2059.21;-953.53;0.00
0.26;11.48;41.65;3332.00;2144.12;-1187.88;0.00
0.22;11.68;42.55;3404.09;1915.46;-1488.63;0.00
0.25;9.99;39.68;3174.11;2015.34;-1158.77;0.00
0.27;8.62;35.35;2828.16;2035.32;-792.83;0.00
0.25;9.61;42.41;3393.17;1996.58;-1396.59;0.00
0.23;11.24;40.55;3243.85;1951.10;-1292.76;0.00
0.21;10.95;42.83;3426.01;1830.51;-1595.50;0.00
0.24;10.41;38.99;3119.18;1969.13;-1150.05;0.00
0.28;9.12;49.12;3929.91;2096.89;-1833.02;0.00
0.26;7.46;44.76;3580.95;1902.68;-1678.27;0.00
0.24;9.43;45.23;3618.49;1900.36;-1718.13;0.00
0.27;12.07;55.15;4411.95;2243.33;-2168.62;0.00
0.23;10.25;47.77;3821.92;1894.29;-1927.63;0.00
0.27;9.27;41.91;3353.13;2048.23;-1304.90;0.00
0.22;9.90;36.53;2922.26;1822.18;-1100.07;0.00
0.28;8.83;43.02;3441.53;2120.23;-1321.30;0.00
0.23;11.28;40.20;3215.97;1973.77;-1242.19;0.00
0.28;9.18;34.31;2745.09;2142.24;-602.85;0.00
0.21;10.29;40.51;3241.17;1769.38;-1471.79;0.00
0.27;9.23;40.61;3248.72;2067.70;-1181.02;0.00
0.26;10.01;38.18;3054.06;2056.28;-997.78;0.00
0.23;10.24;37.83;3026.79;1884.03;-1142.76;0.00
0.28;9.51;39.97;3197.38;2156.37;-1041.01;0.00
0.23;8.62;37.60;3007.99;1816.78;-1191.20;0.00
0.25;8.77;40.33;3226.05;1942.83;-1283.22;0.00
0.22;10.72;37.38;2990.50;1838.02;-1152.49;0.00
0.29;9.95;42.33;3386.47;2227.90;-1158.57;0.00
0.21;10.67;37.98;3038.33;1807.62;-1230.71;0.00
0.24;10.74;51.22;4097.39;1984.31;-2113.08;0.00
0.26;10.25;32.91;2633.07;2048.91;-584.17;0.00
0.28;10.28;36.89;2951.42;2178.14;-773.28;0.00
0.28;11.52;39.30;3144.00;2255.03;-888.96;0.00
0.32;8.69;40.76;3260.55;2361.94;-898.61;0.00
0.28;8.84;34.42;2753.73;2096.81;-656.92;0.00
0.21;8.92;42.55;3403.95;1708.79;-1695.17;0.00
0.31;10.71;37.67;3013.87;2389.83;-624.04;0.00
0.25;10.24;32.70;2615.91;2017.57;-598.34;0.00
0.21;9.75;31.43;2514.31;1756.80;-757.51;0.00
0.24;9.64;33.35;2667.97;1946.07;-721.90;0.00
0.21;9.43;38.47;3077.79;1747.22;-1330.57;0.00
0.24;11.50;36.43;2914.51;1996.97;-917.54;0.00
0.24;9.80;38.33;3066.38;1933.19;-1133.19;0.00
0.30;10.55;45.45;3635.74;2327.23;-1308.51;0.00
0.25;8.84;44.80;3584.25;1929.92;-1654.33;0.00
0.22;10.80;39.02;3121.42;1854.51;-1266.92;0.00
0.24;11.59;45.99;3678.85;2024.68;-1654.17;0.00
0.24;10.07;42.89;3431.19;1943.42;-1487.77;0.00
0.23;12.42;40.94;3275.59;2022.02;-1253.57;0.00
0.25;11.06;41.51;3320.77;2055.73;-1265.04;0.00
0.27;10.11;34.44;2755.24;2093.54;-661.70;0.00
0.29;8.88;40.70;3255.64;2168.31;-1087.33;0.00
0.25;8.86;38.62;3089.94;1925.27;-1164.66;0.00
0.24;10.27;45.74;3659.60;1969.88;-1689.71;0.00
0.27;9.14;39.31;3144.63;2073.08;-1071.55;0.00
0.25;10.11;35.13;2810.26;2011.59;-798.67;0.00
0.26;8.39;50.65;4052.27;1955.45;-2096.83;0.00
0.26;10.38;44.13;3530.64;2077.93;-1452.71;0.00
0.26;9.57;41.50;3320.37;2051.64;-1268.73;0.00
0.27;8.96;33.56;2684.82;2035.88;-648.94;0.00
0.27;10.30;41.79;3343.18;2145.33;-1197.85;0.00
0.26;11.98;31.03;2482.09;2152.91;-329.18;0.00
0.27;8.93;40.61;3248.44;2031.28;-1217.16;0.00
0.25;9.84;35.51;2840.79;1982.00;-858.78;0.00
0.25;9.60;40.54;3243.50;1977.83;-1265.67;0.00
0.21;8.09;44.56;3564.58;1690.50;-1874.08;0.00
0.27;10.35;48.17;3853.69;2134.49;-1719.20;0.00
0.27;11.51;42.72;3417.40;2167.52;-1249.88;0.00
0.29;9.80;36.58;2926.35;2215.27;-711.09;0.00
0.27;9.73;45.07;3605.93;2083.16;-1522.77;0.00
0.25;11.81;44.75;3580.27;2114.98;-1465.29;0.00
0.23;9.37;46.85;3748.29;1846.83;-1901.46;0.00
0.25;9.77;35.60;2848.10;1967.90;-880.20;0.00
0.25;9.45;40.70;3256.14;1988.96;-1267.17;0.00
0.25;11.54;30.81;2464.72;2057.94;-406.79;0.00
0.28;9.41;37.88;3030.70;2117.51;-913.19;0.00
0.23;9.68;36.99;2959.25;1872.70;-1086.55;0.00
0.24;11.56;40.02;3201.67;2049.52;-1152.15;0.00
0.24;8.48;42.55;3403.76;1872.55;-1531.21;0.00
0.24;9.12;41.21;3297.15;1863.73;-1433.42;0.00
0.28;10.09;37.21;2977.01;2173.88;-803.12;0.00
0.27;11.91;42.70;3416.14;2237.80;-1178.33;0.00
0.24;11.09;40.71;3256.77;1992.23;-1264.54;0.00
0.23;10.30;29.48;2358.11;1920.25;-437.86;0.00
0.24;11.35;47.25;3779.93;2033.34;-1746.59;0.00
0.23;10.22;46.45;3715.67;1914.72;-1800.95;0.00
0.23;10.72;41.66;3332.87;1917.93;-1414.94;0.00
0.25;10.41;42.55;3403.95;2004.76;-1399.19;0.00
0.25;10.16;48.08;3846.27;2000.12;-1846.15;0.00
0.26;11.51;40.71;3256.42;2113.60;-1142.82;0.00
0.28;9.52;40.07;3205.34;2130.43;-1074.91;0.00
0.25;8.88;42.99;3438.99;1943.65;-1495.34;0.00
0.26;8.18;42.92;3433.99;1963.13;-1470.86;0.00
0.26;8.29;45.88;3670.06;1958.32;-1711.73;0.00
0.27;9.98;38.26;3061.18;2098.02;-963.15;0.00
0.24;9.57;45.50;3640.23;1905.15;-1735.08;0.00
0.28;11.25;41.58;3326.01;2253.53;-1072.48;0.00
0.25;12.18;35.47;2837.38;2128.54;-708.84;0.00
0.28;10.79;41.40;3311.64;2193.16;-1118.48;0.00
0.28;11.36;36.46;2916.69;2230.82;-685.86;0.00
0.22;9.67;39.88;3190.54;1824.23;-1366.32;0.00
0.24;10.41;31.16;2493.04;1970.61;-522.42;0.00
0.25;10.20;39.72;3177.37;2035.45;-1141.92;0.00
0.26;10.14;39.26;3140.81;2083.79;-1057.02;0.00
0.28;10.64;44.20;3535.89;2214.84;-1321.05;0.00
0.26;10.18;34.93;2794.26;2060.31;-733.95;0.00
0.24;9.76;39.89;3190.93;1948.02;-1242.92;0.00
0.24;10.43;38.11;3048.61;1946.99;-1101.63;0.00
0.27;11.92;38.28;3062.67;2200.54;-862.14;0.00
0.21;9.23;40.79;3263.10;1732.14;-1530.96;0.00
0.25;12.32;36.52;2921.26;2105.46;-815.80;0.00
0.29;10.64;38.71;3097.05;2286.69;-810.35;0.00
0.27;9.18;44.48;3558.39;2042.82;-1515.57;0.00
0.27;10.57;32.38;2590.06;2148.46;-441.60;0.00
0.24;11.26;36.00;2880.01;2017.74;-862.28;0.00
0.28;12.03;38.66;3093.11;2284.03;-809.08;0.00
0.21;11.32;42.13;3370.22;1856.35;-1513.86;0.00
0.23;11.06;39.40;3152.10;1910.67;-1241.43;0.00
0.24;10.84;46.11;3688.48;1981.78;-1706.69;0.00
0.26;8.03;40.15;3211.73;1928.09;-1283.64;0.00
0.27;8.88;43.50;3479.67;2073.23;-1406.44;0.00
0.30;12.42;39.50;3160.21;2407.60;-752.60;0.00
0.24;10.95;41.67;3333.34;2006.77;-1326.57;0.00
0.24;8.46;43.05;3443.80;1834.40;-1609.40;0.00
0.25;8.86;31.45;2515.75;1948.84;-566.91;0.00
0.19;9.59;37.12;2969.53;1639.88;-1329.65;0.00
0.19;9.73;46.64;3731.12;1623.76;-2107.36;0.00
0.24;11.53;39.25;3140.05;2050.86;-1089.19;0.00
0.25;11.29;37.35;2987.79;2051.12;-936.67;0.00
0.26;9.25;46.30;3704.27;2014.63;-1689.64;0.00
0.26;9.67;46.95;3756.39;2025.19;-1731.20;0.00
0.25;9.45;36.18;2894.49;1984.85;-909.65;0.00
0.28;8.31;40.56;3244.42;2058.34;-1186.08;0.00
0.23;9.85;40.22;3217.51;1899.61;-1317.89;0.00
0.25;9.75;42.83;3426.00;1985.70;-1440.30;0.00
0.26;10.85;39.57;3165.28;2114.19;-1051.08;0.00
0.23;10.37;44.10;3527.72;1914.15;-1613.58;0.00
0.23;9.64;34.29;2743.14;1855.63;-887.51;0.00
0.23;10.11;29.46;2356.71;1901.24;-455.47;0.00
0.22;10.97;36.77;2941.75;1865.35;-1076.41;0.00
0.22;11.43;43.24;3458.82;1904.82;-1554.00;0.00
0.24;9.46;39.71;3176.91;1885.41;-1291.50;0.00
0.24;11.55;44.25;3539.87;2024.94;-1514.93;0.00
0.19;10.35;37.83;3026.61;1676.86;-1349.75;0.00
0.23;9.47;45.10;3608.03;1865.87;-1742.16;0.00
0.21;11.59;42.26;3381.02;1854.02;-1527.00;0.00
0.26;10.27;31.12;2489.86;2057.55;-432.32;0.00
0.25;9.69;37.95;3036.04;1958.89;-1077.15;0.00
0.29;9.87;49.96;3997.06;2211.31;-1785.75;0.00
0.23;9.37;30.41;2432.71;1830.30;-602.41;0.00
0.24;9.69;35.60;2847.62;1915.64;-931.98;0.00
0.25;9.68;47.67;3813.82;1990.64;-1823.18;0.00
0.25;9.51;37.79;3023.24;1955.45;-1067.79;0.00
0.27;10.32;39.52;3161.59;2123.90;-1037.69;0.00
0.30;9.86;38.28;3062.38;2278.78;-783.60;0.00
0.26;9.00;38.97;3117.77;2005.24;-1112.53;0.00
0.21;8.40;46.46;3717.10;1678.46;-2038.64;0.00
0.22;11.35;35.85;2867.70;1924.24;-943.46;0.00
0.26;10.82;43.47;3477.96;2114.44;-1363.52;0.00
0.27;7.33;35.72;2857.89;1952.89;-905.00;0.00
0.28;11.23;35.85;2868.10;2226.48;-641.62;0.00
0.25;11.90;38.45;3075.69;2096.24;-979.45;0.00
0.21;10.20;35.40;2831.96;1798.41;-1033.54;0.00
0.27;10.21;37.67;3013.36;2126.27;-887.10;0.00
0.28;10.80;36.69;2934.89;2197.34;-737.54;0.00
0.27;12.06;44.61;3568.92;2231.54;-1337.38;0.00
0.26;8.46;41.79;3343.07;1965.27;-1377.79;0.00
0.19;11.26;41.95;3355.61;1711.12;-1644.49;0.00
0.27;9.83;41.80;3344.09;2078.72;-1265.37;0.00
0.27;10.08;33.78;2702.31;2103.30;-599.02;0.00
0.23;8.59;43.10;3448.24;1780.79;-1667.45;0.00
0.22;11.32;38.68;3094.17;1920.01;-1174.16;0.00
0.24;9.99;43.01;3440.54;1951.13;-1489.41;0.00
0.22;11.63;39.72;3177.95;1913.65;-1264.30;0.00
0.31;9.24;42.01;3361.10;2293.05;-1068.05;0.00
0.24;8.13;42.93;3434.04;1844.07;-1589.96;0.00
0.21;10.35;36.98;2958.27;1771.24;-1187.03;0.00
0.28;11.02;39.10;3128.03;2256.78;-871.25;0.00
0.25;9.92;44.40;3552.16;1968.15;-1584.02;0.00
0.27;10.83;42.06;3364.94;2158.74;-1206.20;0.00
0.26;10.39;37.12;2969.21;2095.40;-873.81;0.00
0.26;10.42;36.22;2897.75;2091.42;-806.33;0.00
0.22;12.30;35.62;2849.86;1975.83;-874.03;0.00
0.19;9.60;39.56;3164.96;1604.02;-1560.94;0.00
0.20;10.33;35.26;2821.19;1733.81;-1087.37;0.00
0.28;10.38;35.40;2832.40;2198.72;-633.68;0.00
0.27;9.21;40.93;3274.50;2087.68;-1186.82;0.00
0.23;11.12;39.88;3190.04;1924.91;-1265.13;0.00
0.25;9.68;38.99;3119.32;2006.01;-1113.30;0.00
0.26;9.50;42.47;3397.84;2013.99;-1383.85;0.00
0.24;11.20;43.47;3477.31;1991.94;-1485.37;0.00
0.24;9.75;40.15;3212.35;1932.31;-1280.05;0.00
0.24;9.63;46.19;3695.31;1894.95;-1800.36;0.00
0.30;9.92;39.03;3122.43;2261.14;-861.29;0.00
0.26;8.11;41.16;3292.78;1981.83;-1310.95;0.00
0.29;10.86;36.05;2884.36;2248.70;-635.67;0.00
0.22;10.17;41.32;3305.93;1807.69;-1498.24;0.00
0.27;10.62;40.53;3242.23;2138.97;-1103.26;0.00
0.21;11.17;36.48;2918.64;1828.83;-1089.81;0.00
0.29;9.91;41.79;3343.19;2242.29;-1100.90;0.00
0.28;10.28;41.56;3324.91;2160.19;-1164.71;0.00
0.28;10.68;38.51;3080.91;2214.44;-866.47;0.00
0.25;11.14;38.72;3097.94;2030.34;-1067.60;0.00
0.25;10.56;39.73;3178.16;2006.75;-1171.41;0.00
0.23;9.10;47.06;3764.60;1828.43;-1936.18;0.00
0.26;9.74;36.74;2939.01;2051.73;-887.27;0.00
0.22;9.02;31.34;2506.82;1766.14;-740.68;0.00
0.26;9.19;41.78;3342.28;2023.32;-1318.96;0.00
0.28;7.52;40.26;3220.63;2018.08;-1202.55;0.00
0.27;10.99;41.81;3344.87;2158.33;-1186.54;0.00
0.27;10.24;36.02;2881.62;2143.36;-738.26;0.00
0.25;10.46;38.13;3050.37;2008.14;-1042.23;0.00
0.22;10.92;45.80;3664.00;1869.14;-1794.87;0.00
0.27;10.33;47.57;3805.35;2145.87;-1659.48;0.00
0.30;11.38;35.77;2861.89;2368.97;-492.93;0.00
0.24;9.15;43.95;3516.31;1884.19;-1632.11;0.00
0.30;9.85;38.75;3099.69;2270.47;-829.22;0.00
0.28;10.04;39.85;3188.17;2159.93;-1028.23;0.00
0.25;9.37;37.09;2967.36;1977.27;-990.09;0.00
0.24;12.62;38.15;3052.22;2107.44;-944.78;0.00
0.26;11.65;39.51;3161.06;2150.13;-1010.93;0.00
0.22;8.65;33.93;2714.29;1738.62;-975.67;0.00
0.26;8.04;37.93;3034.07;1927.85;-1106.22;0.00
0.27;9.81;40.07;3205.98;2077.85;-1128.13;0.00
0.27;10.46;43.88;3510.42;2126.42;-1384.00;0.00
0.27;10.55;50.34;4026.87;2126.10;-1900.77;0.00
0.25;8.45;38.95;3116.27;1892.47;-1223.80;0.00
0.22;10.47;50.55;4043.98;1831.28;-2212.70;0.00
0.25;9.88;44.96;3597.13;2015.34;-1581.78;0.00
0.27;11.25;44.54;3563.20;2197.10;-1366.10;0.00
0.24;10.43;38.63;3090.16;1947.64;-1142.52;0.00
0.21;9.56;38.53;3082.03;1748.28;-1333.75;0.00
0.27;10.63;35.51;2840.83;2128.84;-711.99;0.00
0.27;9.59;44.68;3574.43;2091.84;-1482.59;0.00
0.25;9.73;45.15;3611.99;1971.38;-1640.61;0.00
0.25;9.86;37.99;3039.01;2016.88;-1022.13;0.00
0.19;11.18;50.67;4053.26;1717.38;-2335.88;0.00
0.25;9.35;32.40;2592.18;1984.14;-608.04;0.00
0.22;10.41;44.19;3535.40;1819.22;-1716.18;0.00
0.26;11.48;34.20;2735.97;2141.42;-594.55;0.00
0.25;8.74;46.20;3695.85;1901.54;-1794.31;0.00
0.23;11.16;33.68;2694.50;1928.43;-766.07;0.00
0.23;8.20;30.96;2477.11;1786.34;-690.78;0.00
0.24;9.42;42.72;3417.59;1887.62;-1529.97;0.00
0.23;12.43;43.85;3508.05;2036.30;-1471.75;0.00
0.25;10.04;42.68;3414.66;1979.13;-1435.53;0.00
0.22;11.79;39.07;3125.90;1911.00;-1214.90;0.00
0.27;12.59;38.08;3046.62;2229.47;-817.15;0.00
0.28;7.30;45.89;3671.27;2021.32;-1649.94;0.00
0.24;6.64;46.17;3693.27;1779.78;-1913.49;0.00
0.17;12.06;50.69;4055.13;1614.61;-2440.51;0.00
0.28;10.49;37.76;3020.84;2222.50;-798.34;0.00
0.25;8.90;38.72;3097.84;1937.49;-1160.35;0.00
0.24;12.57;36.17;2893.68;2052.47;-841.21;0.00
0.25;10.15;43.34;3467.30;1988.86;-1478.44;0.00
0.23;10.34;36.84;2947.46;1906.28;-1041.18;0.00
0.25;10.34;43.56;3484.94;2005.76;-1479.18;0.00
0.23;7.30;43.65;3492.05;1743.81;-1748.24;0.00
0.29;12.75;52.42;4193.64;2363.19;-1830.46;0.00
0.23;10.78;31.95;2555.89;1915.70;-640.19;0.00
0.29;11.11;32.55;2603.83;2264.05;-339.79;0.00
0.24;10.89;44.70;3575.89;1989.80;-1586.09;0.00
0.26;10.94;37.00;2960.30;2083.31;-876.99;0.00
0.22;9.88;43.44;3475.42;1796.99;-1678.43;0.00
0.26;11.42;37.95;3035.79;2108.93;-926.86;0.00
0.26;9.74;37.15;2972.35;2020.45;-951.89;0.00
0.26;8.26;42.37;3389.32;1943.69;-1445.63;0.00
0.24;11.02;47.75;3819.70;2003.62;-1816.08;0.00
0.25;10.20;42.58;3406.26;1990.17;-1416.08;0.00
0.24;9.78;54.46;4356.95;1954.94;-2402.00;0.00
0.28;9.23;34.85;2788.32;2132.56;-655.76;0.00
0.26;10.49;38.32;3065.39;2063.46;-1001.94;0.00
0.26;11.10;40.72;3257.28;2141.16;-1116.12;0.00
0.26;9.04;43.86;3508.81;1991.73;-1517.08;0.00
0.28;12.75;40.10;3207.99;2324.14;-883.85;0.00
0.22;10.62;42.66;3413.05;1864.63;-1548.42;0.00
0.24;9.71;31.81;2544.95;1899.67;-645.28;0.00
0.24;9.60;35.04;2803.51;1946.23;-857.28;0.00
0.26;9.37;39.36;3148.53;2038.64;-1109.89;0.00
0.26;11.86;38.94;3115.00;2133.07;-981.93;0.00
0.25;10.26;40.25;3220.30;2030.00;-1190.30;0.00
0.24;8.46;39.26;3140.95;1871.89;-1269.06;0.00
0.24;9.57;37.52;3001.65;1890.84;-1110.82;0.00
0.23;11.26;42.59;3407.31;1929.67;-1477.64;0.00
0.22;9.04;34.46;2757.01;1788.78;-968.23;0.00
0.27;11.61;33.08;2646.62;2204.31;-442.31;0.00
0.30;8.42;38.55;3084.25;2208.67;-875.58;0.00
0.22;11.00;43.94;3514.92;1867.63;-1647.29;0.00
0.30;8.65;37.21;2976.48;2193.49;-782.99;0.00
0.21;9.89;39.13;3130.50;1773.94;-1356.56;0.00
0.26;10.05;32.93;2634.52;2037.49;-597.02;0.00
0.24;10.02;40.45;3235.66;1913.22;-1322.45;0.00
0.27;11.85;39.19;3135.04;2193.36;-941.68;0.00
0.24;11.64;41.41;3312.93;2022.51;-1290.42;0.00
0.23;10.07;34.19;2735.59;1873.39;-862.19;0.00
0.26;10.98;42.15;3371.78;2082.68;-1289.10;0.00
0.28;8.91;42.27;3381.54;2090.21;-1291.33;0.00
0.22;8.12;45.09;3607.04;1704.65;-1902.39;0.00
0.26;9.90;39.35;3148.22;2026.16;-1122.06;0.00
0.25;9.23;41.79;3343.05;1982.06;-1361.00;0.00
0.26;10.00;38.39;3071.41;2029.73;-1041.68;0.00
0.27;11.59;44.97;3597.86;2175.61;-1422.25;0.00
0.25;9.94;43.17;3453.26;2011.70;-1441.55;0.00
0.30;10.29;33.83;2706.40;2312.12;-394.28;0.00
0.24;11.82;45.93;3674.23;2065.13;-1609.10;0.00
0.25;7.96;33.14;2651.48;1869.18;-782.30;0.00
0.23;9.00;39.10;3128.23;1855.74;-1272.49;0.00
0.25;10.45;46.75;3739.70;2049.88;-1689.82;0.00
0.27;9.48;30.75;2459.75;2064.71;-395.04;0.00
0.26;7.72;44.70;3575.86;1928.80;-1647.06;0.00
0.24;10.64;43.87;3509.80;1960.71;-1549.09;0.00
0.25;9.67;37.99;3039.23;1991.51;-1047.71;0.00
0.27;10.77;37.68;3014.05;2169.96;-844.08;0.00
0.28;10.71;48.62;3889.36;2239.77;-1649.59;0.00
0.25;8.16;43.12;3449.64;1911.77;-1537.88;0.00
0.23;10.45;44.47;3557.96;1896.56;-1661.41;0.00
0.25;10.57;39.23;3138.53;2009.68;-1128.85;0.00
0.25;9.39;31.63;2530.07;1976.06;-554.01;0.00
0.27;13.34;33.84;2707.37;2293.09;-414.28;0.00
0.29;10.67;45.23;3618.65;2242.11;-1376.53;0.00
0.27;12.63;40.44;3234.93;2241.11;-993.82;0.00
0.23;10.91;35.47;2837.24;1952.24;-885.00;0.00
0.23;12.40;45.69;3655.49;1989.40;-1666.08;0.00
0.25;9.23;35.08;2806.01;1974.37;-831.64;0.00
0.24;9.89;42.49;3399.56;1961.06;-1438.50;0.00
0.28;9.91;36.03;2882.29;2144.11;-738.18;0.00
0.25;11.95;45.37;3629.92;2119.40;-1510.52;0.00
0.25;10.72;38.73;3098.62;2026.61;-1072.00;0.00
0.27;9.47;45.48;3638.49;2108.89;-1529.59;0.00
0.24;10.63;34.57;2765.31;1951.43;-813.88;0.00
0.26;9.43;40.24;3219.04;2041.60;-1177.45;0.00
0.25;12.11;44.49;3559.36;2109.55;-1449.81;0.00
0.23;10.36;45.08;3606.34;1918.71;-1687.64;0.00
0.23;10.74;43.00;3439.96;1925.88;-1514.07;0.00
0.23;10.39;40.68;3254.20;1897.75;-1356.45;0.00
0.23;10.97;41.09;3287.07;1955.61;-1331.46;0.00
0.25;9.41;37.81;3024.64;1976.88;-1047.76;0.00
0.25;11.61;34.92;2793.42;2093.31;-700.11;0.00
0.22;10.91;39.83;3186.02;1888.20;-1297.82;0.00
0.21;9.73;40.23;3218.01;1747.66;-1470.35;0.00
0.27;12.00;34.23;2738.78;2237.89;-500.89;0.00
0.23;10.16;36.92;2953.24;1906.72;-1046.52;0.00
0.27;9.65;34.30;2744.16;2092.07;-652.09;0.00
0.27;11.88;36.99;2958.94;2211.01;-747.93;0.00
0.21;9.63;30.66;2453.07;1721.31;-731.76;0.00
0.25;10.47;32.74;2619.22;1994.71;-624.51;0.00
0.25;11.72;46.97;3757.45;2072.77;-1684.69;0.00
0.24;9.08;45.64;3650.90;1879.51;-1771.40;0.00
0.28;9.39;44.93;3594.36;2150.77;-1443.59;0.00
0.25;11.33;38.05;3044.30;2048.90;-995.40;0.00
0.28;8.43;40.10;3208.30;2089.10;-1119.20;0.00
0.24;9.08;37.90;3032.28;1914.27;-1118.01;0.00
0.26;11.44;35.27;2821.20;2112.04;-709.17;0.00
0.21;9.10;37.67;3013.75;1692.09;-1321.66;0.00
0.26;13.32;48.10;3848.05;2210.77;-1637.28;0.00
0.24;10.56;36.79;2942.93;1983.01;-959.91;0.00
0.24;8.73;37.42;2993.70;1893.97;-1099.73;0.00
0.24;10.68;37.41;2993.11;1958.96;-1034.15;0.00
0.27;9.32;45.75;3660.20;2097.58;-1562.62;0.00
0.21;9.37;33.74;2699.00;1720.79;-978.21;0.00
0.28;9.94;51.43;4114.39;2185.38;-1929.02;0.00
0.24;9.55;40.18;3214.27;1941.86;-1272.41;0.00
0.26;11.26;41.77;3341.74;2118.97;-1222.77;0.00
0.27;10.09;40.01;3201.12;2101.74;-1099.38;0.00
0.25;11.42;41.52;3321.69;2065.16;-1256.53;0.00
0.21;11.43;42.53;3402.24;1854.98;-1547.26;0.00
0.23;9.17;44.68;3574.53;1832.81;-1741.72;0.00
0.23;10.77;38.14;3050.82;1905.46;-1145.36;0.00
0.26;9.48;42.64;3411.00;2014.28;-1396.73;0.00
0.25;10.77;42.92;3433.77;2053.78;-1379.99;0.00
0.27;9.82;42.53;3402.72;2113.40;-1289.32;0.00
0.22;11.82;39.17;3133.45;1927.88;-1205.57;0.00
0.23;9.91;41.34;3307.08;1892.82;-1414.27;0.00
0.28;10.25;55.82;4465.95;2189.48;-2276.47;0.00
0.24;9.56;37.09;2967.37;1942.40;-1024.97;0.00
0.24;11.64;40.19;3215.50;2049.96;-1165.54;0.00
0.25;10.27;45.68;3654.16;2024.76;-1629.40;0.00
0.29;10.51;45.87;3669.45;2240.82;-1428.64;0.00
0.29;9.10;46.49;3719.14;2175.92;-1543.22;0.00
0.25;10.76;39.90;3191.75;2041.00;-1150.75;0.00
0.28;9.47;44.69;3575.09;2132.80;-1442.29;0.00
0.25;10.91;38.24;3059.54;2035.69;-1023.85;0.00
0.27;9.20;46.10;3688.04;2095.51;-1592.52;0.00
0.19;9.23;42.39;3391.44;1633.16;-1758.28;0.00
0.26;9.33;44.57;3565.97;2004.79;-1561.18;0.00
0.28;8.46;52.71;4216.47;2070.86;-2145.61;0.00
0.28;11.63;36.33;2906.15;2239.93;-666.22;0.00
0.28;9.56;45.14;3611.58;2177.59;-1433.99;0.00
0.24;12.15;38.28;3062.39;2033.25;-1029.14;0.00
0.24;9.40;50.70;4055.80;1893.22;-2162.58;0.00
0.20;8.45;37.34;2987.58;1641.59;-1345.99;0.00
0.27;8.85;31.51;2521.17;2066.47;-454.70;0.00
0.25;10.11;33.99;2719.18;2027.38;-691.81;0.00
0.28;10.81;43.71;3496.97;2237.36;-1259.61;0.00
0.26;11.26;37.69;3015.27;2145.95;-869.32;0.00
0.26;10.42;41.44;3315.31;2065.11;-1250.20;0.00
0.20;9.61;42.60;3408.02;1689.59;-1718.43;0.00
0.25;10.91;45.16;3613.13;2075.40;-1537.73;0.00
0.26;10.69;40.41;3232.90;2084.37;-1148.53;0.00
0.24;9.04;38.31;3064.57;1877.43;-1187.14;0.00
0.26;9.83;39.11;3128.72;2064.62;-1064.10;0.00
0.25;10.68;48.38;3870.69;2019.61;-1851.08;0.00
0.27;11.67;38.42;3073.67;2181.23;-892.44;0.00
0.24;10.36;40.34;3227.54;1939.66;-1287.88;0.00
0.29;11.05;43.66;3492.89;2278.13;-1214.76;0.00
0.22;9.35;43.31;3464.69;1800.09;-1664.60;0.00
0.27;10.40;32.74;2618.88;2141.62;-477.27;0.00
0.23;11.34;42.10;3368.32;1962.77;-1405.55;0.00
0.22;9.81;35.84;2867.03;1801.15;-1065.88;0.00
0.25;10.32;35.19;2815.42;2026.46;-788.97;0.00
0.20;10.23;40.03;3202.21;1745.97;-1456.25;0.00
0.28;10.45;45.47;3637.30;2205.24;-1432.06;0.00
0.26;11.19;39.81;3184.83;2128.27;-1056.56;0.00
0.27;10.68;37.45;2996.32;2140.48;-855.84;0.00
0.26;9.30;38.72;3097.54;2036.49;-1061.05;0.00
0.31;12.29;34.83;2786.06;2444.59;-341.47;0.00
0.26;9.95;41.27;3301.40;2071.75;-1229.65;0.00
0.22;9.18;37.28;2982.74;1780.34;-1202.40;0.00
0.25;10.61;40.94;3275.03;2052.57;-1222.46;0.00
0.23;9.95;47.13;3770.10;1873.19;-1896.91;0.00
0.28;10.98;35.75;2859.96;2203.64;-656.32;0.00
0.24;11.50;46.22;3697.29;2035.42;-1661.87;0.00
0.27;8.89;36.75;2940.11;2028.60;-911.51;0.00
0.27;10.13;47.38;3790.19;2093.66;-1696.53;0.00
0.29;10.64;47.93;3834.13;2275.33;-1558.80;0.00
0.25;7.12;31.71;2536.95;1866.07;-670.88;0.00
0.25;10.34;37.93;3034.31;2024.21;-1010.10;0.00
0.25;9.34;39.46;3157.02;1989.38;-1167.64;0.00
0.21;11.00;31.55;2524.40;1820.45;-703.95;0.00
0.25;9.55;46.32;3705.54;1945.69;-1759.86;0.00
0.27;9.94;38.82;3105.49;2090.51;-1014.99;0.00
0.18;9.64;32.27;2581.53;1563.33;-1018.20;0.00
0.23;10.21;35.11;2808.88;1898.65;-910.23;0.00
0.22;9.51;33.90;2711.81;1813.07;-898.74;0.00
0.28;10.04;26.27;2101.45;2202.38;100.94;1.00
0.24;10.93;46.37;3709.87;1964.74;-1745.14;0.00
0.24;9.79;46.45;3715.82;1909.97;-1805.85;0.00
0.28;10.58;41.10;3287.80;2214.47;-1073.33;0.00
0.29;9.51;42.07;3365.76;2181.59;-1184.18;0.00
0.25;8.66;40.43;3234.38;1912.26;-1322.12;0.00
0.26;9.32;42.85;3428.23;2009.87;-1418.36;0.00
0.24;11.69;34.86;2788.76;2025.78;-762.98;0.00
0.26;10.14;48.80;3903.93;2040.61;-1863.31;0.00
0.30;9.03;42.90;3432.39;2252.59;-1179.80;0.00
0.24;11.26;49.88;3990.21;2022.29;-1967.92;0.00
0.32;10.51;33.46;2676.49;2404.78;-271.71;0.00
0.22;10.19;43.17;3453.65;1851.98;-1601.67;0.00
0.26;9.73;38.32;3065.56;2044.47;-1021.09;0.00
0.22;11.26;48.48;3878.71;1871.60;-2007.11;0.00
0.27;9.35;41.86;3349.15;2069.20;-1279.95;0.00
0.27;10.98;47.62;3809.52;2169.36;-1640.16;0.00
0.26;10.58;45.19;3615.37;2115.49;-1499.88;0.00
0.25;11.70;29.95;2395.90;2108.68;-287.22;0.00
0.20;10.13;46.83;3746.40;1687.67;-2058.72;0.00
0.23;9.41;37.17;2973.46;1833.29;-1140.17;0.00
0.25;10.78;43.36;3468.89;2056.18;-1412.71;0.00
0.26;10.07;44.69;3575.60;2056.91;-1518.69;0.00
0.26;10.46;44.92;3593.70;2056.71;-1536.99;0.00
0.25;9.66;28.80;2304.17;1979.61;-324.56;0.00
0.28;11.45;40.42;3233.26;2263.45;-969.81;0.00
0.23;10.36;33.08;2646.04;1899.65;-746.39;0.00
0.28;8.67;28.68;2294.47;2109.92;-184.55;0.00
0.26;13.38;33.86;2708.46;2251.63;-456.83;0.00
0.30;9.76;34.76;2780.74;2260.08;-520.66;0.00
0.23;13.49;38.88;3110.71;2052.77;-1057.95;0.00
0.22;9.83;32.89;2631.16;1808.96;-822.20;0.00
0.24;11.86;46.21;3697.14;2052.34;-1644.80;0.00
0.26;10.62;37.38;2990.75;2097.53;-893.22;0.00
0.23;10.87;35.50;2839.64;1948.88;-890.76;0.00
0.31;10.51;37.61;3008.42;2354.94;-653.48;0.00
0.23;9.22;37.20;2975.89;1852.69;-1123.20;0.00
0.23;10.17;42.86;3428.97;1862.15;-1566.82;0.00
0.28;11.26;44.04;3523.40;2237.85;-1285.54;0.00
0.23;11.32;40.17;3213.65;1964.94;-1248.71;0.00
0.22;9.50;37.16;2972.88;1822.71;-1150.17;0.00
0.28;11.35;40.54;3242.92;2237.65;-1005.26;0.00
0.22;11.28;36.72;2937.73;1905.29;-1032.44;0.00
0.23;12.16;32.27;2581.30;1998.15;-583.15;0.00
0.22;9.27;44.38;3550.23;1791.38;-1758.84;0.00
0.25;9.83;36.77;2941.65;1970.08;-971.58;0.00
0.23;8.21;39.51;3160.76;1809.24;-1351.52;0.00
0.22;10.94;41.04;3283.44;1886.49;-1396.96;0.00
0.22;9.59;41.88;3350.69;1799.78;-1550.91;0.00
0.27;10.54;40.43;3234.77;2137.62;-1097.15;0.00
0.25;11.49;37.33;2986.29;2083.29;-903.01;0.00
0.27;10.09;35.36;2828.73;2146.93;-681.80;0.00
0.22;10.82;41.56;3324.67;1893.99;-1430.68;0.00
0.26;10.81;39.48;3158.20;2115.67;-1042.53;0.00
0.24;10.12;37.93;3034.73;1952.49;-1082.25;0.00
0.22;10.03;30.49;2439.46;1852.86;-586.60;0.00
0.27;10.79;40.69;3255.31;2166.72;-1088.60;0.00
0.22;9.03;39.24;3139.26;1781.44;-1357.81;0.00
0.28;9.35;40.10;3207.85;2124.45;-1083.40;0.00
0.23;10.20;31.48;2518.26;1878.89;-639.37;0.00
0.27;10.88;44.52;3561.68;2141.06;-1420.62;0.00
0.18;10.57;39.67;3173.71;1620.67;-1553.05;0.00
0.27;8.66;40.06;3204.79;2044.70;-1160.09;0.00
0.27;9.97;39.51;3160.64;2089.14;-1071.50;0.00
0.25;11.61;44.82;3585.51;2093.14;-1492.37;0.00
0.24;10.63;39.56;3164.84;1991.24;-1173.60;0.00
0.24;10.92;44.31;3544.71;1965.03;-1579.68;0.00
0.23;12.50;38.77;3101.80;2022.36;-1079.44;0.00
0.28;7.80;44.50;3560.12;2060.30;-1499.82;0.00
0.26;9.42;36.22;2897.20;2053.77;-843.43;0.00
0.26;10.94;44.48;3558.61;2086.10;-1472.50;0.00
0.28;9.24;33.76;2700.85;2153.91;-546.94;0.00
0.22;9.99;40.56;3244.55;1837.92;-1406.63;0.00
0.24;12.02;40.38;3230.56;2037.10;-1193.47;0.00
0.27;10.51;39.22;3137.40;2167.82;-969.58;0.00
0.24;10.11;34.69;2775.03;1949.00;-826.03;0.00
0.24;9.53;43.25;3459.81;1905.68;-1554.12;0.00
0.28;8.89;40.35;3228.31;2098.47;-1129.84;0.00
0.24;9.74;31.55;2523.69;1917.89;-605.80;0.00
0.27;11.36;47.52;3801.74;2195.58;-1606.16;0.00
0.26;11.22;24.67;1973.67;2135.87;162.19;1.00
0.25;8.81;46.26;3700.65;1954.93;-1745.72;0.00
0.25;8.98;43.49;3479.25;1949.31;-1529.94;0.00
0.28;9.48;43.80;3503.67;2169.99;-1333.68;0.00
0.26;11.02;38.70;3096.35;2114.98;-981.37;0.00
0.26;9.76;40.42;3233.30;2022.27;-1211.03;0.00
0.21;9.36;32.72;2617.88;1730.10;-887.79;0.00
0.21;11.56;42.14;3370.88;1841.57;-1529.31;0.00
0.25;9.95;37.43;2994.78;2014.76;-980.03;0.00
0.29;10.14;39.42;3153.53;2260.75;-892.77;0.00
0.29;8.53;41.92;3353.44;2131.72;-1221.71;0.00
0.25;11.45;45.66;3652.67;2102.80;-1549.87;0.00
0.23;9.09;39.92;3193.34;1860.43;-1332.91;0.00
0.28;9.95;34.12;2729.39;2141.85;-587.54;0.00
0.20;9.05;48.39;3870.87;1681.45;-2189.41;0.00
0.28;10.55;50.87;4069.58;2179.07;-1890.51;0.00
0.24;11.08;48.17;3853.65;2009.29;-1844.36;0.00
0.25;9.67;41.15;3292.23;1963.15;-1329.08;0.00
0.23;11.10;36.95;2956.15;1913.29;-1042.86;0.00
0.27;10.15;41.42;3313.50;2144.86;-1168.64;0.00
0.28;10.10;41.66;3332.88;2175.59;-1157.29;0.00
0.25;8.63;43.11;3448.80;1898.29;-1550.51;0.00
0.25;10.18;47.08;3766.43;2035.27;-1731.16;0.00
0.23;10.93;42.92;3433.74;1942.47;-1491.27;0.00
0.25;10.24;35.43;2834.08;2034.35;-799.72;0.00
0.26;10.90;46.82;3745.45;2088.06;-1657.39;0.00
0.23;8.63;47.20;3776.03;1784.55;-1991.48;0.00
0.27;11.61;29.51;2360.45;2177.32;-183.12;0.00
0.23;11.18;43.76;3500.96;1930.29;-1570.67;0.00
0.26;9.50;41.66;3333.00;2041.41;-1291.59;0.00
0.24;9.02;37.86;3028.76;1900.20;-1128.56;0.00
0.24;9.68;36.98;2958.73;1915.44;-1043.30;0.00
0.30;10.34;40.14;3211.44;2329.12;-882.32;0.00
0.29;9.48;33.16;2652.74;2222.59;-430.15;0.00
0.20;9.09;42.76;3420.49;1672.06;-1748.43;0.00
0.23;10.71;49.52;3961.66;1946.21;-2015.45;0.00
0.20;11.65;46.32;3705.25;1823.34;-1881.91;0.00
0.25;9.68;41.36;3308.73;1979.81;-1328.92;0.00
0.27;8.77;32.81;2624.54;2061.28;-563.26;0.00
0.23;10.48;42.56;3404.87;1905.37;-1499.50;0.00
0.27;10.63;48.65;3892.27;2172.57;-1719.69;0.00
0.23;9.75;37.96;3037.16;1853.56;-1183.59;0.00
0.28;10.57;37.87;3029.63;2195.78;-833.84;0.00
0.24;11.16;36.07;2885.96;2006.38;-879.58;0.00
0.21;12.01;44.66;3572.49;1868.14;-1704.35;0.00
0.26;11.26;47.82;3825.85;2105.35;-1720.50;0.00
0.21;11.94;40.59;3247.28;1865.83;-1381.45;0.00
0.23;11.37;33.33;2666.46;1980.71;-685.75;0.00
0.28;11.16;38.92;3113.69;2234.65;-879.04;0.00
0.26;10.37;40.55;3244.34;2096.74;-1147.60;0.00
0.27;10.71;39.02;3121.89;2158.37;-963.52;0.00
0.27;9.77;49.69;3975.43;2098.84;-1876.58;0.00
0.26;10.10;46.07;3685.77;2042.13;-1643.64;0.00
0.25;10.72;40.92;3273.49;2021.15;-1252.34;0.00
0.25;8.41;43.36;3469.14;1897.37;-1571.77;0.00
0.27;10.77;43.15;3452.08;2148.56;-1303.52;0.00
0.23;11.07;42.84;3427.04;1919.19;-1507.85;0.00
0.20;11.05;38.01;3040.66;1776.87;-1263.79;0.00
0.29;8.20;49.14;3931.15;2151.00;-1780.15;0.00
0.25;9.43;31.16;2492.44;1944.43;-548.01;0.00
0.24;9.50;41.06;3285.12;1940.83;-1344.29;0.00
0.26;9.94;37.69;3014.92;2031.98;-982.94;0.00
0.23;9.88;37.83;3026.54;1882.19;-1144.35;0.00
0.23;11.20;35.75;2859.78;1948.93;-910.85;0.00
0.22;11.06;42.12;3369.81;1879.59;-1490.22;0.00
0.20;10.60;45.60;3648.30;1720.56;-1927.74;0.00
0.25;8.84;36.30;2904.15;1950.92;-953.24;0.00
0.24;8.76;34.94;2795.60;1901.31;-894.29;0.00
0.22;10.06;34.18;2734.76;1830.07;-904.69;0.00
0.26;9.68;37.88;3030.31;2055.55;-974.76;0.00
0.24;9.24;42.50;3399.69;1898.71;-1500.98;0.00
0.24;11.67;37.61;3008.90;2005.70;-1003.19;0.00
0.28;10.83;40.29;3223.19;2244.10;-979.09;0.00
0.25;9.26;40.96;3277.08;1957.83;-1319.25;0.00
0.25;11.85;48.59;3887.55;2109.95;-1777.60;0.00
0.30;8.07;34.61;2768.78;2176.31;-592.47;0.00
0.23;11.94;42.44;3395.23;2014.66;-1380.58;0.00
0.29;8.51;36.35;2908.29;2160.43;-747.87;0.00
0.25;9.44;34.00;2719.93;1951.22;-768.72;0.00
0.24;9.32;40.48;3238.37;1921.46;-1316.91;0.00
0.26;10.73;33.50;2680.05;2083.75;-596.30;0.00
0.25;10.85;37.46;2996.42;2024.24;-972.18;0.00
0.24;10.21;38.04;3043.08;1977.98;-1065.10;0.00
0.24;10.96;43.43;3474.17;2002.11;-1472.06;0.00
0.24;10.61;41.15;3292.23;1977.97;-1314.26;0.00
0.26;10.20;44.12;3529.35;2050.74;-1478.61;0.00
0.27;7.61;38.23;3058.08;2004.96;-1053.12;0.00
0.24;8.66;37.72;3017.39;1847.47;-1169.92;0.00
0.22;9.23;36.40;2911.91;1774.79;-1137.12;0.00
0.25;10.75;41.44;3315.22;2047.89;-1267.33;0.00
0.25;10.34;34.43;2754.74;2012.36;-742.38;0.00
0.24;9.15;37.07;2965.45;1910.67;-1054.77;0.00
0.25;9.56;43.39;3471.35;1964.59;-1506.76;0.00
0.27;9.13;37.48;2998.46;2074.72;-923.75;0.00
0.26;10.29;39.72;3177.46;2052.72;-1124.74;0.00
0.20;6.95;27.31;2184.56;1515.26;-669.30;0.00
0.25;10.42;43.89;3511.14;2008.72;-1502.42;0.00
0.28;9.44;36.51;2920.72;2121.27;-799.45;0.00
0.24;8.62;37.12;2969.65;1868.71;-1100.95;0.00
0.24;11.45;33.71;2696.66;2004.30;-692.37;0.00
0.27;7.86;44.15;3532.40;1970.29;-1562.11;0.00
0.26;11.65;32.70;2615.71;2147.26;-468.45;0.00
0.25;9.39;31.17;2493.87;1965.10;-528.77;0.00
0.24;11.35;36.58;2926.21;2028.52;-897.69;0.00
0.23;10.79;41.65;3332.05;1925.88;-1406.17;0.00
0.25;9.00;42.73;3418.79;1918.79;-1500.00;0.00
0.28;7.88;41.55;3323.92;2086.09;-1237.83;0.00
0.28;9.52;37.62;3009.83;2150.80;-859.03;0.00
0.26;10.77;33.05;2643.76;2087.90;-555.86;0.00
0.24;9.99;38.08;3046.40;1917.10;-1129.30;0.00
0.29;8.84;36.88;2950.57;2158.70;-791.86;0.00
0.27;9.61;42.63;3410.77;2066.99;-1343.78;0.00
0.24;10.82;38.21;3056.95;1989.41;-1067.55;0.00
0.24;9.84;38.44;3075.11;1951.91;-1123.20;0.00
0.23;10.98;43.74;3498.85;1917.73;-1581.12;0.00
0.21;8.44;37.03;2962.62;1662.50;-1300.13;0.00
0.26;10.21;37.22;2977.82;2050.00;-927.82;0.00
0.26;11.01;43.09;3447.16;2120.88;-1326.28;0.00
0.23;9.33;41.97;3357.34;1818.95;-1538.39;0.00
0.26;9.19;36.81;2945.05;2017.94;-927.11;0.00
0.29;10.41;49.87;3989.26;2227.19;-1762.08;0.00
0.23;10.86;39.32;3145.60;1926.62;-1218.98;0.00
0.28;10.80;41.14;3291.26;2204.59;-1086.68;0.00
0.23;10.94;43.83;3506.74;1952.91;-1553.83;0.00
0.24;10.38;34.24;2739.34;1974.03;-765.31;0.00
0.28;9.70;35.48;2838.73;2170.50;-668.24;0.00
0.28;9.84;38.55;3084.18;2177.16;-907.02;0.00
0.22;9.32;48.97;3917.58;1764.82;-2152.75;0.00
0.26;9.79;34.25;2740.13;2033.34;-706.79;0.00
0.28;8.79;39.54;3163.53;2105.31;-1058.22;0.00
0.26;8.68;38.03;3042.52;1997.49;-1045.03;0.00
0.21;12.03;39.99;3199.01;1898.83;-1300.17;0.00
0.30;8.28;42.55;3404.04;2196.66;-1207.37;0.00
0.24;10.51;39.95;3195.99;1964.53;-1231.46;0.00
0.28;8.52;42.28;3382.54;2111.25;-1271.29;0.00
0.26;9.89;37.49;2999.41;2029.89;-969.52;0.00
0.30;9.89;37.36;2988.65;2293.05;-695.60;0.00
0.25;9.98;39.59;3166.92;1993.52;-1173.40;0.00
0.29;10.12;39.38;3150.63;2234.23;-916.40;0.00
0.19;9.58;37.01;2960.56;1652.89;-1307.67;0.00
0.25;11.06;43.61;3488.78;2057.82;-1430.96;0.00
0.20;10.71;37.69;3015.43;1722.53;-1292.90;0.00
0.24;9.75;32.48;2598.18;1921.09;-677.09;0.00
0.23;9.42;42.87;3429.87;1824.41;-1605.46;0.00
0.24;11.33;48.28;3862.01;2011.93;-1850.08;0.00
0.28;11.59;52.12;4169.23;2252.22;-1917.01;0.00
0.25;10.04;45.71;3656.77;1987.69;-1669.08;0.00
0.28;8.67;30.19;2415.06;2110.75;-304.31;0.00
0.25;9.19;40.26;3220.45;1940.93;-1279.52;0.00
0.24;7.64;40.42;3233.21;1783.78;-1449.43;0.00
0.26;10.57;41.94;3355.11;2110.77;-1244.34;0.00
0.26;12.59;37.45;2996.09;2206.26;-789.83;0.00
0.24;9.89;43.74;3499.17;1946.88;-1552.29;0.00
0.26;10.05;37.07;2965.58;2074.72;-890.86;0.00
0.29;9.39;41.28;3302.06;2179.61;-1122.45;0.00
0.23;10.35;43.89;3510.94;1923.87;-1587.07;0.00
0.33;10.86;29.06;2324.62;2485.64;161.02;1.00
0.23;10.03;48.02;3841.43;1862.76;-1978.67;0.00
0.22;8.76;39.13;3130.38;1780.25;-1350.14;0.00
0.25;10.41;41.95;3356.08;1996.60;-1359.48;0.00
0.29;9.62;36.06;2884.80;2236.11;-648.68;0.00
0.26;10.89;51.86;4148.43;2088.80;-2059.63;0.00
0.23;10.07;39.89;3191.11;1902.39;-1288.71;0.00
0.22;11.83;38.13;3050.03;1917.17;-1132.86;0.00
0.28;9.76;47.54;3802.99;2160.61;-1642.37;0.00
0.25;11.47;40.56;3245.01;2049.12;-1195.89;0.00
0.27;11.15;36.42;2913.73;2192.29;-721.44;0.00
0.23;10.97;43.87;3509.88;1950.77;-1559.11;0.00
0.24;11.74;37.17;2973.46;2015.58;-957.89;0.00
0.27;10.74;34.00;2720.08;2169.04;-551.04;0.00
0.26;10.25;44.80;3584.25;2076.98;-1507.28;0.00
0.23;10.66;46.25;3700.09;1920.58;-1779.51;0.00
0.27;10.25;40.12;3209.60;2111.20;-1098.40;0.00
0.25;11.38;33.85;2708.03;2063.96;-644.07;0.00
0.28;10.18;44.44;3555.60;2191.08;-1364.52;0.00
0.29;10.66;37.53;3002.43;2256.74;-745.69;0.00
0.29;10.56;31.29;2503.31;2259.88;-243.42;0.00
0.28;8.44;39.40;3152.19;2064.69;-1087.50;0.00
0.25;10.94;36.20;2895.71;2051.42;-844.29;0.00
0.27;10.20;39.44;3155.47;2099.98;-1055.49;0.00
0.22;12.33;47.23;3778.80;1949.15;-1829.65;0.00
0.31;10.32;39.30;3144.06;2354.12;-789.94;0.00
0.23;12.11;39.88;3190.79;1994.30;-1196.49;0.00
0.18;9.63;40.93;3274.70;1579.06;-1695.63;0.00
0.26;9.10;35.54;2843.02;2027.18;-815.83;0.00
0.23;9.58;39.25;3140.04;1854.53;-1285.50;0.00
0.25;11.26;35.55;2843.96;2082.93;-761.03;0.00
0.30;10.45;35.36;2828.84;2288.21;-540.63;0.00
0.24;11.14;41.11;3288.60;1986.40;-1302.20;0.00
0.24;10.94;27.72;2217.29;1976.01;-241.28;0.00
0.25;9.30;42.55;3403.86;1949.69;-1454.17;0.00
0.27;11.22;40.45;3235.93;2203.49;-1032.44;0.00
0.23;8.32;42.44;3394.81;1782.05;-1612.76;0.00
0.23;8.29;41.48;3318.15;1789.48;-1528.67;0.00
0.23;11.18;39.35;3148.05;1921.83;-1226.22;0.00
0.21;10.13;41.55;3324.13;1784.16;-1539.98;0.00
0.25;8.80;36.20;2896.35;1951.74;-944.61;0.00
0.28;10.45;32.04;2563.09;2176.95;-386.14;0.00
0.26;10.70;41.61;3328.92;2066.25;-1262.66;0.00
0.25;9.14;43.37;3469.41;1939.57;-1529.84;0.00
0.26;9.68;46.23;3698.21;2060.96;-1637.25;0.00
0.23;9.43;38.19;3055.53;1863.55;-1191.98;0.00
0.24;11.51;43.78;3502.62;2039.10;-1463.52;0.00
0.27;9.01;43.40;3472.11;2070.93;-1401.18;0.00
0.30;10.48;44.19;3535.14;2315.91;-1219.23;0.00
0.19;9.85;40.05;3204.25;1651.12;-1553.13;0.00
0.27;11.04;39.52;3161.21;2185.64;-975.57;0.00
0.24;10.42;40.60;3247.85;1942.86;-1304.99;0.00
0.28;9.66;38.95;3116.19;2149.10;-967.09;0.00
0.23;10.09;39.06;3124.60;1878.86;-1245.74;0.00
0.26;10.36;40.59;3247.15;2067.72;-1179.43;0.00
0.26;9.51;32.41;2592.47;2036.74;-555.72;0.00
0.25;10.07;40.32;3225.36;2005.51;-1219.85;0.00
0.27;10.64;36.53;2922.29;2162.36;-759.93;0.00
0.26;11.36;43.95;3515.96;2135.80;-1380.16;0.00
0.29;8.83;40.02;3201.40;2141.04;-1060.37;0.00
0.24;12.84;41.73;3338.43;2114.06;-1224.37;0.00
0.23;9.82;50.41;4033.13;1894.97;-2138.16;0.00
0.27;11.22;37.74;3019.07;2181.62;-837.45;0.00
0.27;10.25;31.69;2535.06;2141.70;-393.37;0.00
0.30;10.14;39.00;3119.75;2292.59;-827.16;0.00
0.23;11.72;36.82;2945.76;1975.37;-970.38;0.00
0.25;9.59;38.56;3084.73;1993.62;-1091.11;0.00
0.26;8.56;36.88;2950.48;1979.00;-971.48;0.00
0.23;10.13;46.17;3693.87;1864.26;-1829.61;0.00
0.20;11.67;44.47;3557.99;1803.94;-1754.05;0.00
0.31;7.53;37.01;2960.48;2198.00;-762.48;0.00
0.23;10.81;45.49;3639.30;1942.71;-1696.59;0.00
0.21;11.53;38.64;3091.17;1868.45;-1222.71;0.00
0.21;11.23;35.82;2865.45;1857.77;-1007.68;0.00
0.22;9.27;35.38;2830.05;1788.65;-1041.39;0.00
0.20;10.45;39.08;3126.56;1715.12;-1411.44;0.00
0.30;10.68;46.34;3706.91;2306.08;-1400.83;0.00
0.25;11.07;40.44;3235.55;2062.47;-1173.08;0.00
0.28;11.43;41.45;3315.86;2278.03;-1037.83;0.00
0.26;10.25;34.04;2723.32;2098.66;-624.67;0.00
0.23;9.46;32.70;2615.75;1872.22;-743.53;0.00
0.26;10.60;43.96;3517.10;2116.02;-1401.08;0.00
0.27;9.43;40.20;3216.21;2060.18;-1156.04;0.00
0.24;10.51;43.30;3464.10;1953.53;-1510.56;0.00
0.27;10.00;34.37;2749.74;2143.40;-606.35;0.00
0.25;11.02;47.69;3815.25;2042.43;-1772.81;0.00
0.23;10.05;38.31;3064.44;1887.04;-1177.41;0.00
0.25;11.61;44.37;3549.53;2099.54;-1449.99;0.00
0.26;8.75;39.10;3127.80;1991.70;-1136.10;0.00
0.26;11.59;38.75;3099.97;2165.33;-934.63;0.00
0.24;10.43;46.11;3689.20;1962.92;-1726.28;0.00
0.24;8.95;32.23;2578.11;1890.32;-687.79;0.00
0.23;9.13;44.15;3531.89;1848.11;-1683.78;0.00
0.25;9.23;35.40;2831.66;1934.40;-897.26;0.00
0.23;11.35;27.79;2222.99;1943.33;-279.66;0.00
0.23;11.40;40.86;3268.94;1939.51;-1329.43;0.00
0.27;9.93;37.38;2990.29;2114.60;-875.69;0.00
0.26;8.35;42.33;3386.76;1942.14;-1444.62;0.00
0.26;9.42;43.33;3466.66;2021.82;-1444.85;0.00
0.26;8.68;33.80;2703.83;1989.75;-714.07;0.00
0.24;9.21;40.24;3219.43;1904.62;-1314.81;0.00
0.25;8.57;41.99;3359.04;1910.92;-1448.12;0.00
0.22;9.35;42.07;3365.89;1810.94;-1554.95;0.00
0.23;11.67;38.99;3119.54;1947.05;-1172.49;0.00
0.22;11.21;39.65;3171.61;1914.99;-1256.62;0.00
0.25;7.82;45.47;3637.61;1901.01;-1736.60;0.00
0.21;8.95;35.58;2846.59;1728.71;-1117.88;0.00
0.23;9.37;41.18;3294.21;1822.54;-1471.66;0.00
0.25;10.62;42.01;3360.61;2050.25;-1310.36;0.00
0.27;9.16;38.24;3059.28;2082.57;-976.71;0.00
0.27;10.19;41.52;3321.37;2109.65;-1211.72;0.00
0.26;11.63;39.51;3160.96;2127.38;-1033.58;0.00
0.27;10.87;45.13;3610.32;2167.81;-1442.51;0.00
0.25;9.83;51.44;4115.57;1977.06;-2138.51;0.00
0.21;12.14;45.27;3621.31;1864.12;-1757.18;0.00
0.26;10.70;41.85;3348.17;2091.35;-1256.82;0.00
0.23;12.32;39.39;3151.50;2011.82;-1139.68;0.00
0.24;11.96;38.96;3117.20;2037.24;-1079.96;0.00
0.24;9.97;37.75;3020.16;1965.99;-1054.17;0.00
0.26;9.72;38.54;3083.00;2024.43;-1058.57;0.00
0.23;10.13;43.51;3480.68;1887.48;-1593.20;0.00
0.29;8.88;38.12;3049.94;2168.27;-881.67;0.00
0.27;10.67;44.11;3528.96;2151.34;-1377.62;0.00
0.20;10.30;46.04;3682.94;1702.72;-1980.21;0.00
0.23;11.15;43.61;3488.78;1956.41;-1532.37;0.00
0.22;8.98;37.04;2963.17;1764.61;-1198.57;0.00
0.24;9.51;44.61;3568.88;1884.72;-1684.16;0.00
0.20;10.95;33.97;2717.30;1755.48;-961.82;0.00
0.26;10.12;42.59;3407.35;2084.63;-1322.72;0.00
0.29;9.09;46.28;3702.17;2210.74;-1491.42;0.00
0.25;10.52;49.17;3933.52;2014.34;-1919.19;0.00
0.28;7.49;45.41;3633.10;2023.90;-1609.20;0.00
0.21;9.65;35.17;2813.69;1723.53;-1090.16;0.00
0.26;10.87;39.27;3141.81;2077.09;-1064.71;0.00
0.24;11.92;37.46;2996.58;2017.49;-979.09;0.00
0.27;8.24;31.99;2559.43;1993.90;-565.53;0.00
0.23;11.61;30.79;2463.22;1995.89;-467.34;0.00
0.28;10.43;42.99;3438.97;2198.67;-1240.31;0.00
0.26;10.20;37.44;2995.07;2050.01;-945.06;0.00
0.26;9.21;44.42;3553.43;2028.19;-1525.23;0.00
0.26;8.80;43.46;3476.79;1971.82;-1504.97;0.00
0.24;9.82;36.26;2900.71;1926.87;-973.84;0.00
0.25;9.04;50.71;4056.47;1959.83;-2096.64;0.00
0.26;9.68;43.04;3443.23;2023.21;-1420.02;0.00
0.24;9.87;45.43;3634.77;1905.37;-1729.40;0.00
0.24;9.60;38.86;3108.63;1920.76;-1187.87;0.00
0.24;10.98;46.81;3745.11;2015.23;-1729.88;0.00
0.27;10.04;38.00;3039.86;2142.67;-897.19;0.00
0.24;10.90;40.23;3218.36;1986.21;-1232.15;0.00
0.26;11.02;31.81;2544.75;2085.67;-459.08;0.00
0.24;10.53;37.78;3022.47;1962.00;-1060.48;0.00
0.27;10.81;43.50;3479.72;2178.67;-1301.05;0.00
0.26;8.70;47.84;3827.06;1991.63;-1835.43;0.00
0.27;11.35;40.81;3264.63;2204.49;-1060.14;0.00
0.25;10.61;40.96;3276.99;2024.62;-1252.36;0.00
0.22;9.53;36.51;2920.77;1785.44;-1135.33;0.00
0.23;10.53;38.88;3110.04;1928.74;-1181.30;0.00
0.19;9.67;38.34;3066.88;1654.83;-1412.05;0.00
0.26;11.15;39.72;3177.34;2098.84;-1078.50;0.00
0.20;10.83;45.12;3609.51;1742.71;-1866.80;0.00
0.23;8.10;40.75;3260.16;1766.53;-1493.63;0.00
0.21;9.88;39.94;3195.49;1754.95;-1440.54;0.00
0.22;11.93;41.98;3358.64;1916.63;-1442.01;0.00
0.27;9.44;37.96;3036.88;2113.10;-923.77;0.00
0.23;11.40;42.25;3380.25;1927.91;-1452.34;0.00
0.25;10.41;34.26;2741.11;2011.48;-729.62;0.00
0.23;12.62;38.11;3048.68;2039.33;-1009.35;0.00
0.20;10.96;48.92;3913.69;1744.43;-2169.26;0.00
0.25;9.49;38.30;3064.11;1961.22;-1102.89;0.00
0.26;9.39;33.55;2684.35;2037.32;-647.03;0.00
0.25;10.71;49.21;3937.04;2045.23;-1891.81;0.00
0.24;10.14;50.62;4049.82;1938.31;-2111.51;0.00
0.23;9.19;44.91;3592.92;1824.63;-1768.29;0.00
0.23;10.57;35.31;2824.99;1889.22;-935.76;0.00
0.22;9.55;31.98;2558.77;1811.80;-746.97;0.00
0.23;9.85;41.99;3359.30;1890.53;-1468.77;0.00
0.27;10.79;48.54;3883.01;2161.57;-1721.44;0.00
0.25;11.19;30.73;2458.44;2064.23;-394.22;0.00
0.25;9.48;32.51;2600.92;1978.79;-622.13;0.00
0.24;8.28;42.40;3392.40;1825.07;-1567.32;0.00
0.23;8.58;43.22;3457.30;1815.08;-1642.22;0.00
0.23;10.36;46.51;3720.47;1915.01;-1805.46;0.00
0.27;11.97;34.03;2722.13;2205.90;-516.23;0.00
0.28;9.88;39.55;3163.96;2157.02;-1006.95;0.00
0.25;10.88;35.00;2800.26;2052.79;-747.47;0.00
0.28;11.08;43.89;3510.99;2219.79;-1291.21;0.00
0.24;10.07;34.62;2769.69;1915.25;-854.44;0.00
0.29;11.65;39.62;3169.85;2334.85;-835.00;0.00
0.22;10.05;38.19;3055.39;1823.47;-1231.92;0.00
0.26;9.97;47.12;3769.70;2050.75;-1718.95;0.00
0.26;11.10;40.30;3224.24;2098.21;-1126.03;0.00
0.29;10.54;43.62;3489.47;2246.57;-1242.91;0.00
0.23;10.53;44.76;3580.99;1893.26;-1687.73;0.00
0.28;10.62;47.22;3777.21;2220.41;-1556.80;0.00
0.24;12.76;43.74;3498.84;2092.55;-1406.29;0.00
0.23;8.06;41.15;3292.10;1801.04;-1491.05;0.00
0.22;9.33;42.02;3361.33;1799.69;-1561.64;0.00
0.28;9.07;41.98;3358.26;2139.83;-1218.43;0.00
0.24;9.26;47.09;3766.97;1923.17;-1843.79;0.00
0.19;9.86;47.08;3766.55;1663.81;-2102.74;0.00
0.26;9.68;39.72;3177.54;2012.57;-1164.97;0.00
0.22;11.53;40.75;3260.29;1892.94;-1367.35;0.00
0.29;9.21;36.24;2898.97;2208.19;-690.78;0.00
0.27;10.73;38.34;3066.88;2134.03;-932.85;0.00
0.25;11.85;43.40;3472.34;2099.85;-1372.48;0.00
0.27;11.32;39.92;3193.98;2213.29;-980.68;0.00
0.28;10.27;45.59;3647.26;2168.92;-1478.35;0.00
0.22;8.50;39.09;3127.09;1764.03;-1363.06;0.00
0.28;11.69;38.38;3070.15;2238.52;-831.63;0.00
0.28;10.82;35.04;2803.34;2210.54;-592.81;0.00
0.22;9.62;45.27;3621.31;1796.29;-1825.02;0.00
0.26;10.81;37.19;2974.83;2125.05;-849.78;0.00
0.21;12.02;39.96;3197.14;1881.78;-1315.35;0.00
0.21;9.01;38.74;3099.48;1693.62;-1405.85;0.00
0.23;11.48;44.75;3579.91;1976.88;-1603.03;0.00
0.25;8.67;35.46;2836.97;1918.24;-918.72;0.00
0.26;10.80;37.18;2974.79;2122.50;-852.30;0.00
0.22;11.63;38.74;3099.38;1923.67;-1175.71;0.00
0.29;10.38;40.46;3236.42;2261.34;-975.09;0.00
0.24;9.22;45.40;3631.67;1874.83;-1756.84;0.00
0.24;9.60;29.93;2394.47;1904.50;-489.97;0.00
0.29;10.50;43.60;3487.79;2252.28;-1235.51;0.00
0.19;12.01;38.79;3102.96;1778.72;-1324.24;0.00
0.22;11.06;38.66;3092.84;1875.20;-1217.64;0.00
0.26;12.73;40.60;3248.07;2229.07;-1019.00;0.00
0.22;10.06;38.53;3082.03;1808.32;-1273.71;0.00
0.24;10.44;37.97;3037.38;1982.44;-1054.94;0.00
0.25;12.19;38.52;3081.31;2106.59;-974.72;0.00
0.26;9.58;39.47;3157.45;2032.76;-1124.70;0.00
0.22;8.94;44.02;3521.50;1792.72;-1728.79;0.00
0.20;10.21;43.33;3466.29;1732.23;-1734.05;0.00
0.22;9.84;38.27;3061.79;1816.18;-1245.61;0.00
0.23;9.81;40.01;3200.61;1890.13;-1310.48;0.00
0.28;8.59;43.07;3445.82;2114.66;-1331.16;0.00
0.21;9.74;46.65;3731.94;1755.97;-1975.96;0.00
0.24;10.35;40.56;3245.16;1983.34;-1261.82;0.00
0.22;8.97;39.31;3144.51;1781.72;-1362.78;0.00
0.25;9.26;44.06;3525.12;1977.12;-1548.00;0.00
0.24;9.49;49.38;3950.17;1914.55;-2035.62;0.00
0.27;10.51;47.82;3825.67;2113.31;-1712.36;0.00
0.23;9.71;36.80;2944.08;1860.67;-1083.41;0.00
0.22;10.15;37.94;3035.52;1814.83;-1220.69;0.00
0.23;11.54;33.38;2670.45;1988.62;-681.83;0.00
0.24;9.35;37.86;3028.51;1884.17;-1144.34;0.00
0.27;10.63;41.41;3313.04;2166.81;-1146.23;0.00
0.25;9.92;36.62;2929.87;1985.72;-944.15;0.00
0.29;9.45;39.04;3123.03;2194.32;-928.71;0.00
0.29;10.25;42.30;3383.63;2240.46;-1143.17;0.00
0.33;9.47;36.76;2941.16;2433.35;-507.81;0.00
0.31;9.48;34.86;2788.82;2291.50;-497.32;0.00
0.25;10.55;33.88;2710.34;2000.61;-709.72;0.00
0.27;9.75;43.74;3499.17;2127.26;-1371.90;0.00
0.29;11.08;43.11;3448.67;2296.69;-1151.98;0.00
0.28;10.83;27.44;2195.37;2195.44;0.07;1.00
0.26;9.76;37.45;2996.26;2064.41;-931.85;0.00
0.23;9.15;47.50;3799.86;1816.44;-1983.42;0.00
0.20;10.32;28.11;2248.59;1733.97;-514.62;0.00
0.31;11.73;42.98;3438.07;2421.44;-1016.63;0.00
0.29;10.82;45.42;3633.67;2257.37;-1376.29;0.00
0.23;9.85;35.35;2828.01;1856.01;-972.00;0.00
0.23;11.15;29.60;2368.01;1943.55;-424.46;0.00
0.20;9.73;45.84;3666.84;1717.28;-1949.56;0.00
0.25;12.16;36.54;2923.05;2095.29;-827.76;0.00
0.29;10.35;44.73;3578.05;2248.65;-1329.41;0.00
0.26;9.61;41.50;3320.37;2047.06;-1273.31;0.00
0.22;9.52;45.17;3613.74;1789.79;-1823.95;0.00
0.25;10.17;44.21;3536.61;1978.94;-1557.67;0.00
0.25;10.67;45.46;3637.18;2057.47;-1579.72;0.00
0.26;9.63;44.64;3570.91;2014.78;-1556.13;0.00
0.24;12.70;40.57;3245.40;2101.65;-1143.75;0.00
0.30;10.85;42.47;3397.80;2330.65;-1067.16;0.00
0.23;10.42;39.84;3186.91;1882.33;-1304.58;0.00
0.30;10.54;38.06;3044.74;2319.06;-725.68;0.00
0.27;11.57;38.84;3107.57;2187.83;-919.73;0.00
0.26;10.88;44.69;3575.52;2094.09;-1481.43;0.00
0.24;9.88;48.91;3913.15;1952.62;-1960.53;0.00
0.30;10.23;31.12;2489.42;2280.50;-208.91;0.00
0.27;11.97;37.35;2988.34;2246.21;-742.13;0.00
0.21;8.94;43.69;3494.90;1695.19;-1799.71;0.00
0.29;12.74;33.47;2677.50;2376.50;-301.01;0.00
0.31;10.95;43.82;3505.60;2395.85;-1109.75;0.00
0.20;11.62;36.34;2907.56;1785.92;-1121.64;0.00
0.25;10.72;44.13;3530.24;2014.87;-1515.36;0.00
0.28;8.54;35.98;2878.54;2069.53;-809.01;0.00
0.27;11.96;42.87;3429.36;2197.20;-1232.16;0.00
0.24;11.62;43.74;3498.90;2044.89;-1454.00;0.00
0.24;11.97;50.56;4044.75;2029.43;-2015.32;0.00
0.25;9.68;42.87;3429.96;1982.39;-1447.57;0.00
0.23;10.97;37.99;3039.42;1929.12;-1110.30;0.00
0.23;10.79;38.23;3058.11;1913.55;-1144.57;0.00
0.25;9.09;43.53;3482.43;1926.68;-1555.75;0.00
0.29;10.01;33.77;2701.76;2217.39;-484.37;0.00
0.22;10.50;46.03;3682.69;1869.11;-1813.58;0.00
0.26;10.02;37.01;2961.11;2047.72;-913.39;0.00
0.24;8.72;49.50;3959.84;1866.24;-2093.60;0.00
0.26;10.07;35.51;2840.91;2055.03;-785.88;0.00
0.29;9.80;34.03;2722.05;2244.05;-478.00;0.00
0.30;10.06;38.17;3053.62;2293.63;-759.99;0.00
0.28;8.25;40.02;3201.35;2099.83;-1101.52;0.00
0.25;11.06;42.51;3400.60;2051.60;-1349.00;0.00
0.22;8.22;36.51;2920.62;1746.64;-1173.99;0.00
0.21;10.24;47.28;3782.75;1790.36;-1992.38;0.00
0.22;12.29;31.03;2482.05;1937.62;-544.44;0.00
0.28;10.29;32.71;2616.89;2190.15;-426.74;0.00
0.25;11.13;39.43;3154.55;2036.56;-1117.99;0.00
0.22;8.86;34.90;2792.28;1772.09;-1020.19;0.00
0.25;13.09;38.78;3102.33;2146.83;-955.50;0.00
0.24;10.01;41.49;3318.97;1922.40;-1396.57;0.00
0.25;10.15;42.46;3397.00;1999.45;-1397.55;0.00
0.27;11.67;39.07;3125.67;2205.75;-919.92;0.00
0.24;10.08;44.74;3579.52;1957.57;-1621.95;0.00
0.26;11.32;38.18;3054.57;2128.69;-925.88;0.00
0.24;11.11;36.63;2930.13;1998.19;-931.94;0.00
0.26;11.24;31.54;2522.81;2136.67;-386.14;0.00
0.25;10.06;39.80;3183.97;1985.64;-1198.33;0.00
0.24;10.95;41.84;3347.54;2006.52;-1341.03;0.00
0.26;9.53;43.85;3507.97;2041.32;-1466.65;0.00
0.24;9.72;34.56;2764.63;1896.40;-868.22;0.00
0.28;10.19;36.58;2926.13;2173.02;-753.11;0.00
0.27;12.22;31.84;2547.08;2254.18;-292.90;0.00
0.24;8.60;36.52;2921.82;1870.76;-1051.06;0.00
0.25;10.89;38.12;3049.57;2020.38;-1029.18;0.00
0.25;10.48;41.76;3341.19;2030.55;-1310.65;0.00
0.28;9.07;41.94;3355.37;2149.79;-1205.58;0.00
0.24;9.52;39.42;3153.48;1908.84;-1244.64;0.00
0.23;9.09;42.66;3412.55;1835.47;-1577.08;0.00
0.25;9.68;46.28;3702.26;1994.17;-1708.09;0.00
0.25;9.47;45.70;3656.13;1947.97;-1708.16;0.00
0.25;10.11;44.41;3553.19;2022.00;-1531.18;0.00
0.25;12.42;42.71;3416.76;2122.68;-1294.07;0.00
0.22;9.67;31.78;2542.76;1810.26;-732.50;0.00
0.26;11.24;47.89;3831.45;2102.83;-1728.62;0.00
0.23;8.93;41.16;3293.08;1842.25;-1450.83;0.00
0.25;9.40;34.75;2779.81;1963.92;-815.89;0.00
0.25;8.46;37.32;2985.26;1902.69;-1082.57;0.00
0.27;10.76;31.18;2494.61;2172.82;-321.79;0.00
0.20;13.19;39.89;3191.20;1881.95;-1309.25;0.00
0.29;9.44;38.83;3106.51;2174.40;-932.12;0.00
0.24;10.18;42.56;3405.19;1969.09;-1436.10;0.00
0.25;10.68;37.91;3032.49;2055.23;-977.26;0.00
0.26;9.76;40.11;3209.00;2067.44;-1141.55;0.00
0.24;10.64;42.53;3402.45;1963.11;-1439.35;0.00
0.26;11.22;38.27;3061.73;2094.08;-967.66;0.00
0.23;9.27;41.24;3299.00;1837.42;-1461.59;0.00
0.22;10.07;43.98;3518.52;1831.32;-1687.20;0.00
0.28;8.97;46.17;3693.38;2122.54;-1570.85;0.00
0.24;9.30;36.66;2933.06;1886.82;-1046.24;0.00
0.24;8.76;40.60;3248.23;1897.47;-1350.77;0.00
0.30;8.83;49.02;3921.21;2198.52;-1722.68;0.00
0.21;10.05;40.13;3210.52;1767.84;-1442.69;0.00
0.25;11.38;37.47;2997.75;2059.17;-938.57;0.00
0.29;12.19;37.25;2980.39;2349.11;-631.27;0.00
0.24;8.66;44.61;3569.15;1890.48;-1678.67;0.00
0.28;11.57;43.90;3512.26;2260.95;-1251.31;0.00
0.25;9.81;35.42;2833.43;1962.84;-870.59;0.00
0.22;8.91;41.00;3279.89;1766.69;-1513.19;0.00
0.25;9.76;36.84;2947.17;1983.75;-963.41;0.00
0.26;9.60;39.48;3158.46;2057.06;-1101.40;0.00
0.24;9.49;39.13;3130.71;1934.54;-1196.17;0.00
0.25;11.31;37.02;2961.58;2072.36;-889.22;0.00
0.24;9.95;40.18;3214.11;1950.61;-1263.50;0.00
0.30;11.09;33.25;2660.06;2319.63;-340.43;0.00
0.28;9.81;40.63;3250.73;2175.80;-1074.94;0.00
0.28;9.32;44.11;3528.46;2135.70;-1392.77;0.00
0.21;10.65;49.17;3933.24;1828.36;-2104.88;0.00
0.23;11.09;42.99;3439.12;1927.02;-1512.10;0.00
0.26;10.49;41.06;3284.93;2089.45;-1195.47;0.00
0.26;10.30;41.47;3317.40;2095.36;-1222.03;0.00
0.22;12.48;40.65;3251.97;1977.01;-1274.96;0.00
0.22;11.02;39.90;3191.81;1896.78;-1295.03;0.00
0.22;10.88;39.47;3157.85;1880.62;-1277.22;0.00
0.20;9.47;37.05;2964.33;1677.20;-1287.12;0.00
0.26;10.70;41.64;3330.93;2096.39;-1234.54;0.00
0.25;7.93;48.84;3907.20;1906.02;-2001.17;0.00
0.23;9.84;44.12;3529.53;1882.45;-1647.08;0.00
0.18;11.44;38.70;3095.86;1669.25;-1426.61;0.00
0.26;8.46;35.23;2818.48;1973.60;-844.88;0.00
0.26;9.98;39.24;3138.95;2046.71;-1092.24;0.00
0.30;9.05;39.96;3197.00;2254.32;-942.68;0.00
0.28;9.77;38.30;3064.25;2133.25;-931.00;0.00
0.24;10.13;36.60;2927.98;1924.76;-1003.22;0.00
0.31;11.95;41.74;3339.01;2479.20;-859.81;0.00
0.22;10.53;35.32;2825.24;1858.27;-966.97;0.00
0.24;8.96;27.92;2233.25;1897.14;-336.11;0.00
0.24;11.43;45.47;3637.61;2016.26;-1621.36;0.00
0.26;11.37;47.57;3805.47;2112.45;-1693.02;0.00
0.24;9.65;36.77;2941.35;1903.49;-1037.86;0.00
0.26;8.24;43.95;3516.20;1955.07;-1561.13;0.00
0.26;11.31;36.89;2951.40;2137.76;-813.64;0.00
0.24;9.85;42.81;3424.67;1957.82;-1466.85;0.00
0.22;10.01;40.48;3238.76;1827.84;-1410.92;0.00
0.24;11.42;38.40;3071.93;2013.91;-1058.02;0.00
0.23;11.46;43.66;3492.41;1959.33;-1533.08;0.00
0.25;10.73;34.59;2767.41;2041.07;-726.34;0.00
0.22;10.91;33.07;2645.90;1862.18;-783.72;0.00
0.23;10.33;39.04;3123.49;1895.05;-1228.44;0.00
0.29;9.81;35.90;2871.99;2241.44;-630.56;0.00
0.27;11.47;44.85;3588.22;2209.26;-1378.97;0.00
0.25;11.74;36.67;2933.59;2095.99;-837.60;0.00
0.20;9.38;33.53;2682.18;1676.12;-1006.06;0.00
0.29;10.33;39.63;3170.18;2247.65;-922.53;0.00
0.25;10.51;40.04;3203.29;2035.89;-1167.40;0.00
