# X_0;X_1;X_2;R_0;S_0;G_0;I_0
0.21;9.78;41.98;3358.18;1770.72;-1587.45;0.00
0.23;10.08;35.20;2815.93;1876.24;-939.69;0.00
0.24;10.61;40.09;3207.37;2000.92;-1206.45;0.00
0.29;9.07;46.14;3691.25;2167.99;-1523.26;0.00
0.23;9.39;40.06;3204.83;1824.53;-1380.29;0.00
0.23;9.94;40.75;3260.10;1887.17;-1372.93;0.00
0.27;10.42;34.57;2765.45;2144.50;-620.96;0.00
0.24;10.48;40.33;3226.42;1938.11;-1288.31;0.00
0.26;9.28;45.40;3631.65;1989.21;-1642.43;0.00
0.21;10.99;40.55;3243.92;1826.55;-1417.37;0.00
0.23;10.57;41.33;3306.65;1939.92;-1366.73;0.00
0.29;9.76;45.56;3644.87;2198.23;-1446.63;0.00
0.25;9.76;40.04;3203.19;1996.52;-1206.67;0.00
0.22;8.80;29.76;2380.60;1776.92;-603.68;0.00
0.22;9.64;35.61;2848.89;1787.37;-1061.51;0.00
0.24;8.51;43.18;3454.09;1842.91;-1611.19;0.00
0.22;11.51;33.96;2717.13;1918.87;-798.26;0.00
0.22;11.42;44.76;3580.70;1925.91;-1654.80;0.00
0.27;8.73;38.13;3050.32;2061.61;-988.71;0.00
0.22;11.74;31.07;2485.54;1921.57;-563.97;0.00
0.24;11.75;37.45;2995.95;2038.04;-957.91;0.00
0.26;9.86;43.44;3475.18;2036.06;-1439.11;0.00
0.27;11.93;39.44;3154.90;2212.14;-942.75;0.00
0.26;9.87;37.45;2996.14;2072.97;-923.17;0.00
0.24;11.02;37.06;2965.08;1992.46;-972.62;0.00
0.26;10.79;35.61;2848.47;2081.05;-767.42;0.00
0.26;8.26;46.83;3746.43;1986.79;-1759.64;0.00
0.26;10.10;37.69;3014.84;2074.01;-940.83;0.00
0.25;10.17;46.48;3718.34;2020.33;-1698.01;0.00
0.23;11.36;36.79;2942.94;1963.00;-979.94;0.00
0.24;9.54;29.29;2343.51;1941.56;-401.95;0.00
0.23;10.54;36.40;2911.94;1918.19;-993.75;0.00
0.22;10.02;38.22;3057.38;1831.34;-1226.04;0.00
0.23;10.15;44.42;3553.87;1911.72;-1642.15;0.00
0.29;10.94;42.08;3366.18;2272.83;-1093.35;0.00
0.28;8.50;40.11;3208.77;2075.45;-1133.32;0.00
0.26;10.46;38.75;3099.90;2107.29;-992.61;0.00
0.29;9.40;37.31;2984.73;2180.55;-804.18;0.00
0.22;12.25;46.25;3699.63;1964.03;-1735.60;0.00
0.29;9.90;42.51;3401.16;2246.13;-1155.04;0.00
0.24;11.77;37.19;2975.03;2012.07;-962.96;0.00
0.26;10.75;45.34;3627.46;2082.72;-1544.74;0.00
0.23;11.66;39.07;3125.35;1959.55;-1165.79;0.00
0.25;10.39;46.37;3709.20;2016.99;-1692.21;0.00
0.26;11.13;45.94;3675.35;2112.94;-1562.40;0.00
0.19;10.62;40.01;3201.18;1675.33;-1525.85;0.00
0.23;9.44;39.16;3132.67;1876.04;-1256.63;0.00
0.27;11.47;36.26;2900.69;2198.08;-702.61;0.00
0.24;10.70;37.98;3038.49;1963.92;-1074.58;0.00
0.24;11.16;48.40;3872.28;1988.07;-1884.21;0.00
0.31;10.74;43.70;3496.25;2384.83;-1111.42;0.00
0.27;8.80;32.32;2585.87;2041.06;-544.81;0.00
0.28;11.07;42.67;3413.89;2201.94;-1211.94;0.00
0.23;8.91;39.94;3194.98;1806.45;-1388.53;0.00
0.25;10.66;39.56;3165.12;2025.76;-1139.36;0.00
0.22;11.39;38.20;3056.34;1910.04;-1146.30;0.00
0.24;8.32;36.84;2946.91;1821.03;-1125.88;0.00
0.28;8.95;44.22;3537.63;2130.43;-1407.20;0.00
0.28;12.00;42.75;3420.21;2276.24;-1143.97;0.00
0.25;9.40;38.84;3107.07;1950.28;-1156.78;0.00
0.21;9.89;41.64;3331.55;1779.71;-1551.84;0.00
0.27;10.73;39.37;3149.49;2134.04;-1015.45;0.00
0.24;12.98;43.55;3484.39;2093.47;-1390.92;0.00
0.22;10.22;42.64;3410.83;1835.17;-1575.66;0.00
0.27;9.94;38.02;3041.62;2098.87;-942.74;0.00
0.27;10.47;35.55;2844.23;2166.46;-677.77;0.00
0.23;10.57;36.39;2911.42;1933.60;-977.82;0.00
0.24;12.85;42.38;3390.24;2071.69;-1318.55;0.00
0.24;8.89;47.31;3784.45;1884.36;-1900.08;0.00
0.27;9.37;50.55;4044.23;2100.62;-1943.61;0.00
0.30;9.53;32.86;2628.81;2284.00;-344.82;0.00
0.26;10.04;36.47;2917.59;2035.18;-882.41;0.00
0.22;11.96;46.46;3717.07;1925.13;-1791.94;0.00
0.26;10.55;33.88;2710.54;2101.46;-609.08;0.00
0.25;11.40;32.82;2625.51;2083.89;-541.62;0.00
0.28;11.01;36.86;2948.68;2203.74;-744.94;0.00
0.26;9.74;35.77;2861.27;2036.33;-824.95;0.00
0.26;13.23;41.80;3343.98;2249.93;-1094.05;0.00
0.25;9.49;47.87;3829.76;1998.98;-1830.79;0.00
0.27;10.17;45.76;3660.70;2134.93;-1525.77;0.00
0.29;9.81;37.32;2985.49;2234.67;-750.81;0.00
0.22;11.90;43.79;3502.98;1930.96;-1572.02;0.00
0.26;8.64;40.99;3279.40;1965.35;-1314.06;0.00
0.24;10.55;31.49;2519.37;1984.80;-534.57;0.00
0.29;10.00;37.18;2974.14;2213.73;-760.41;0.00
0.21;10.54;40.90;3271.68;1793.07;-1478.61;0.00
0.22;10.36;38.47;3077.98;1821.14;-1256.84;0.00
0.26;9.07;42.87;3429.31;1982.79;-1446.52;0.00
0.27;9.11;38.73;3098.38;2058.00;-1040.38;0.00
0.27;10.83;41.81;3344.98;2173.56;-1171.42;0.00
0.29;10.06;38.43;3074.52;2212.44;-862.08;0.00
0.28;8.81;38.60;3087.69;2087.64;-1000.05;0.00
0.27;8.85;43.75;3499.96;2034.61;-1465.35;0.00
0.27;9.18;45.39;3630.86;2045.29;-1585.57;0.00
0.23;8.29;34.53;2762.17;1812.31;-949.86;0.00
0.27;10.62;30.41;2432.54;2141.06;-291.47;0.00
0.23;9.80;40.94;3275.44;1868.31;-1407.14;0.00
0.27;9.37;42.75;3419.80;2098.32;-1321.48;0.00
0.26;10.31;44.74;3579.27;2057.89;-1521.38;0.00
0.21;9.38;45.64;3650.82;1727.16;-1923.67;0.00
0.26;10.14;42.29;3383.34;2038.64;-1344.70;0.00
0.24;7.61;45.20;3615.84;1827.99;-1787.85;0.00
0.30;11.29;39.39;3151.17;2339.98;-811.19;0.00
0.27;9.99;42.03;3362.72;2117.56;-1245.15;0.00
0.24;9.79;38.83;3106.10;1937.87;-1168.22;0.00
0.27;10.05;40.03;3202.56;2091.58;-1110.98;0.00
0.26;10.59;38.21;3056.71;2103.74;-952.97;0.00
0.22;11.01;38.05;3044.40;1851.04;-1193.35;0.00
0.27;12.09;33.39;2671.15;2252.05;-419.10;0.00
0.28;10.63;35.13;2810.28;2221.69;-588.59;0.00
0.26;9.50;40.76;3261.08;2005.98;-1255.10;0.00
0.24;8.75;47.54;3802.86;1896.92;-1905.94;0.00
0.22;10.02;38.51;3080.42;1834.42;-1246.00;0.00
0.27;10.89;48.66;3892.41;2140.34;-1752.07;0.00
0.26;10.94;33.52;2681.69;2114.81;-566.88;0.00
0.24;8.53;37.16;2972.76;1887.00;-1085.76;0.00
0.22;10.04;37.67;3013.37;1825.21;-1188.16;0.00
0.28;9.96;34.32;2745.39;2188.77;-556.62;0.00
0.28;11.89;48.98;3918.31;2298.22;-1620.10;0.00
0.27;9.55;36.96;2956.81;2082.46;-874.35;0.00
0.21;12.20;41.91;3352.64;1905.53;-1447.11;0.00
0.29;10.85;46.64;3731.55;2291.68;-1439.87;0.00
0.25;10.62;45.84;3666.97;2022.54;-1644.43;0.00
0.24;10.08;37.85;3028.32;1948.42;-1079.90;0.00
0.26;11.85;30.37;2429.63;2165.93;-263.70;0.00
0.29;9.47;40.34;3227.21;2183.52;-1043.69;0.00
0.22;10.21;35.75;2860.38;1831.02;-1029.36;0.00
0.27;9.51;42.09;3367.13;2114.53;-1252.59;0.00
0.23;9.13;34.36;2748.49;1820.25;-928.23;0.00
0.23;9.70;41.75;3339.63;1836.41;-1503.22;0.00
0.25;9.53;35.86;2869.13;1971.99;-897.14;0.00
0.25;11.46;42.30;3384.05;2105.80;-1278.25;0.00
0.26;10.35;36.05;2884.17;2087.60;-796.57;0.00
0.25;10.88;46.65;3732.19;2057.18;-1675.01;0.00
0.28;9.21;41.60;3327.90;2112.13;-1215.77;0.00
0.27;8.73;43.06;3444.97;2023.60;-1421.37;0.00
0.28;8.31;40.72;3257.29;2092.14;-1165.16;0.00
0.27;10.83;47.29;3783.14;2134.73;-1648.41;0.00
0.25;11.20;39.57;3165.82;2054.65;-1111.16;0.00
0.27;9.74;47.06;3764.70;2073.39;-1691.32;0.00
0.25;11.38;40.97;3277.94;2074.90;-1203.04;0.00
0.21;10.38;43.16;3452.96;1778.28;-1674.69;0.00
0.22;11.10;41.65;3332.25;1877.43;-1454.82;0.00
0.26;8.32;38.99;3119.59;1957.24;-1162.35;0.00
0.25;9.50;33.61;2688.55;1978.84;-709.71;0.00
0.21;10.28;36.68;2934.09;1783.62;-1150.47;0.00
0.27;10.37;38.80;3104.38;2140.68;-963.70;0.00
0.26;12.86;34.98;2798.49;2201.00;-597.49;0.00
0.24;9.71;30.33;2426.05;1930.76;-495.29;0.00
0.31;10.39;36.41;2912.79;2371.36;-541.43;0.00
0.26;9.21;30.98;2478.08;1998.67;-479.41;0.00
0.23;8.03;48.13;3850.46;1763.44;-2087.02;0.00
0.24;9.87;36.28;2902.70;1912.56;-990.15;0.00
0.22;10.79;40.21;3216.70;1837.70;-1379.01;0.00
0.24;7.52;43.20;3455.72;1806.78;-1648.94;0.00
0.25;7.86;38.62;3089.44;1899.79;-1189.65;0.00
0.26;9.84;40.08;3206.79;2068.81;-1137.98;0.00
0.27;13.51;38.72;3097.98;2293.97;-804.01;0.00
0.29;9.90;45.76;3660.53;2206.12;-1454.40;0.00
0.23;10.48;42.26;3380.86;1910.55;-1470.31;0.00
0.24;8.64;46.28;3702.61;1847.85;-1854.76;0.00
0.22;9.29;39.98;3198.04;1779.26;-1418.78;0.00
0.23;10.66;48.42;3873.75;1896.92;-1976.83;0.00
0.26;9.00;39.44;3155.39;2000.24;-1155.15;0.00
0.27;10.04;41.43;3314.19;2136.62;-1177.57;0.00
0.27;7.55;38.01;3040.42;2001.01;-1039.42;0.00
0.27;9.65;38.62;3089.75;2084.32;-1005.42;0.00
0.28;9.16;35.72;2857.57;2125.55;-732.03;0.00
0.28;9.83;38.47;3077.60;2182.97;-894.63;0.00
0.23;11.83;36.07;2885.55;1956.00;-929.55;0.00
0.23;9.75;39.29;3143.03;1883.51;-1259.52;0.00
0.23;11.88;45.28;3622.19;1962.54;-1659.65;0.00
0.25;10.22;50.70;4055.81;1997.21;-2058.61;0.00
0.20;8.57;43.08;3446.71;1606.35;-1840.36;0.00
0.27;8.17;41.82;3345.21;1997.05;-1348.16;0.00
0.23;10.19;37.36;2988.90;1910.83;-1078.07;0.00
0.24;8.95;46.22;3697.41;1898.29;-1799.12;0.00
0.27;10.83;31.94;2554.97;2176.08;-378.88;0.00
0.22;10.25;50.97;4077.27;1829.26;-2248.00;0.00
0.31;9.83;39.95;3196.38;2318.56;-877.81;0.00
0.24;9.43;39.57;3165.96;1886.96;-1279.00;0.00
0.25;9.29;42.41;3392.97;1974.44;-1418.53;0.00
0.24;8.21;41.56;3324.46;1856.88;-1467.58;0.00
0.25;10.25;33.66;2693.17;1999.17;-694.00;0.00
0.28;10.19;35.42;2833.64;2168.03;-665.61;0.00
0.27;11.91;43.47;3477.64;2212.87;-1264.77;0.00
0.27;10.05;39.82;3185.74;2142.55;-1043.18;0.00
0.23;9.76;34.62;2769.49;1848.59;-920.90;0.00
0.33;10.78;33.54;2683.39;2479.24;-204.14;0.00
0.23;10.29;32.54;2602.91;1917.16;-685.75;0.00
0.22;12.76;46.12;3689.23;1967.47;-1721.76;0.00
0.29;9.03;33.76;2700.48;2188.69;-511.79;0.00
0.28;10.90;45.07;3605.75;2214.68;-1391.07;0.00
0.30;10.18;36.36;2909.17;2293.38;-615.79;0.00
0.27;11.01;31.70;2536.17;2143.69;-392.48;0.00
0.25;8.92;49.29;3943.59;1910.64;-2032.95;0.00
0.26;11.22;40.01;3200.83;2147.71;-1053.11;0.00
0.24;9.27;37.72;3017.99;1923.70;-1094.28;0.00
0.29;10.63;31.73;2538.54;2280.51;-258.03;0.00
0.25;9.62;40.02;3201.21;1982.36;-1218.85;0.00
0.26;9.43;42.37;3389.24;2036.57;-1352.68;0.00
0.26;10.54;35.58;2846.22;2068.94;-777.28;0.00
0.31;9.30;37.08;2966.22;2334.71;-631.52;0.00
0.24;9.94;42.42;3393.34;1935.30;-1458.04;0.00
0.27;7.64;38.69;3095.12;1989.09;-1106.03;0.00
0.27;11.25;31.55;2523.60;2176.63;-346.97;0.00
0.29;9.96;42.41;3392.40;2229.95;-1162.45;0.00
0.31;11.49;40.12;3209.30;2422.96;-786.34;0.00
0.26;10.78;33.23;2658.68;2116.84;-541.84;0.00
0.23;10.57;45.45;3635.74;1924.74;-1710.99;0.00
0.24;9.28;42.18;3374.76;1914.84;-1459.91;0.00
0.27;9.93;39.03;3122.34;2121.84;-1000.49;0.00
0.27;11.05;39.65;3171.87;2197.07;-974.79;0.00
0.26;8.85;34.36;2748.52;1990.60;-757.92;0.00
0.24;9.08;35.29;2823.08;1894.24;-928.84;0.00
0.27;9.76;39.12;3129.68;2076.02;-1053.66;0.00
0.27;9.45;32.40;2591.93;2075.93;-516.00;0.00
0.25;10.69;44.03;3522.05;2041.96;-1480.09;0.00
0.29;10.73;33.48;2678.44;2296.22;-382.22;0.00
0.23;11.27;36.12;2889.90;1932.21;-957.68;0.00
0.27;11.35;47.90;3832.33;2158.43;-1673.89;0.00
0.27;10.90;48.37;3869.56;2145.53;-1724.03;0.00
0.25;8.61;34.67;2773.61;1912.73;-860.88;0.00
0.25;8.68;45.59;3647.42;1949.43;-1697.99;0.00
0.26;10.83;34.33;2746.63;2077.58;-669.04;0.00
0.22;9.12;41.56;3324.62;1792.67;-1531.94;0.00
0.26;9.85;47.11;3769.04;2035.07;-1733.97;0.00
0.27;11.81;43.96;3516.92;2191.24;-1325.68;0.00
0.24;10.90;37.65;3011.67;1993.34;-1018.33;0.00
0.23;8.82;38.39;3071.12;1789.85;-1281.28;0.00
0.23;8.89;40.61;3248.50;1832.96;-1415.54;0.00
0.26;10.57;40.96;3276.47;2087.62;-1188.84;0.00
0.25;8.29;37.95;3035.85;1904.90;-1130.95;0.00
0.24;9.14;39.23;3138.71;1893.24;-1245.47;0.00
0.27;10.86;46.18;3694.19;2163.69;-1530.51;0.00
0.19;8.52;38.64;3090.84;1574.81;-1516.03;0.00
0.27;8.99;43.15;3451.99;2053.02;-1398.98;0.00
0.20;9.42;35.12;2809.92;1651.85;-1158.07;0.00
0.24;10.67;38.41;3073.04;1982.33;-1090.71;0.00
0.24;10.37;49.26;3940.46;1935.06;-2005.40;0.00
0.22;9.15;35.81;2864.89;1766.21;-1098.68;0.00
0.29;10.17;39.61;3169.15;2215.14;-954.01;0.00
0.25;8.95;47.58;3806.15;1918.24;-1887.91;0.00
0.23;9.44;37.88;3030.56;1829.46;-1201.10;0.00
0.26;9.08;44.54;3562.85;1991.39;-1571.46;0.00
0.21;8.96;35.12;2809.22;1715.59;-1093.62;0.00
0.19;7.44;40.03;3202.16;1508.33;-1693.83;0.00
0.23;8.36;41.89;3351.54;1800.30;-1551.24;0.00
0.29;10.31;33.73;2698.05;2235.48;-462.57;0.00
0.26;8.50;42.15;3371.85;1956.81;-1415.04;0.00
0.23;10.42;44.64;3570.81;1880.38;-1690.43;0.00
0.19;9.00;46.62;3730.00;1592.14;-2137.86;0.00
0.26;11.31;41.62;3329.20;2110.77;-1218.44;0.00
0.22;10.89;36.54;2923.08;1863.85;-1059.23;0.00
0.27;11.94;37.91;3032.99;2228.27;-804.72;0.00
0.24;9.23;36.59;2927.00;1878.39;-1048.61;0.00
0.27;11.32;38.02;3041.51;2205.20;-836.32;0.00
0.25;10.70;31.83;2546.47;2056.24;-490.22;0.00
0.23;10.35;37.09;2967.24;1894.67;-1072.57;0.00
0.27;8.57;40.24;3218.83;2010.58;-1208.26;0.00
0.29;9.83;48.16;3853.10;2217.10;-1636.00;0.00
0.23;9.84;37.21;2976.69;1873.18;-1103.52;0.00
0.23;10.43;37.93;3034.65;1932.27;-1102.39;0.00
0.25;7.49;34.66;2773.04;1885.53;-887.51;0.00
0.24;11.22;41.45;3316.37;1996.34;-1320.03;0.00
0.24;10.11;43.03;3442.15;1924.63;-1517.52;0.00
0.22;9.66;38.65;3092.34;1789.80;-1302.54;0.00
0.29;7.91;35.88;2870.80;2115.78;-755.02;0.00
0.27;10.46;37.47;2997.68;2124.41;-873.27;0.00
0.22;9.66;41.61;3329.14;1810.29;-1518.85;0.00
0.26;10.69;46.72;3737.76;2067.99;-1669.77;0.00
0.28;11.01;33.35;2668.29;2241.94;-426.35;0.00
0.26;9.30;38.08;3046.07;2008.96;-1037.11;0.00
0.24;8.81;40.41;3232.44;1850.81;-1381.63;0.00
0.27;7.64;47.61;3808.41;2008.08;-1800.33;0.00
0.22;9.98;39.23;3138.64;1816.54;-1322.10;0.00
0.21;8.86;45.65;3651.69;1720.82;-1930.87;0.00
0.23;9.68;39.63;3170.62;1837.74;-1332.89;0.00
0.26;10.59;36.05;2884.00;2094.23;-789.77;0.00
0.24;11.07;35.10;2807.72;1980.39;-827.32;0.00
0.30;11.79;41.61;3328.93;2390.61;-938.32;0.00
0.21;9.76;41.83;3346.11;1730.85;-1615.27;0.00
0.25;10.46;37.51;3000.41;2024.86;-975.55;0.00
0.25;8.74;40.52;3241.97;1920.93;-1321.04;0.00
0.28;10.73;42.35;3388.11;2186.01;-1202.10;0.00
0.25;10.09;36.89;2951.52;2003.01;-948.51;0.00
0.24;11.87;32.41;2593.17;2024.60;-568.57;0.00
0.24;7.78;36.49;2919.37;1839.28;-1080.09;0.00
0.24;9.51;43.34;3466.99;1937.55;-1529.44;0.00
0.24;10.08;52.05;4164.27;1957.32;-2206.96;0.00
0.21;11.07;33.14;2650.80;1825.76;-825.05;0.00
0.25;9.81;37.76;3020.68;1965.55;-1055.14;0.00
0.25;9.67;40.86;3268.99;1986.59;-1282.40;0.00
0.24;10.65;44.79;3583.52;1992.87;-1590.65;0.00
0.24;9.40;34.53;2762.27;1894.65;-867.62;0.00
0.28;10.28;46.04;3683.17;2203.59;-1479.59;0.00
0.29;9.57;37.94;3035.36;2203.62;-831.74;0.00
0.27;9.86;50.35;4027.68;2130.61;-1897.07;0.00
0.20;8.09;43.74;3499.05;1614.96;-1884.08;0.00
0.26;10.94;39.68;3174.70;2106.42;-1068.28;0.00
0.22;10.09;48.08;3846.68;1813.66;-2033.02;0.00
0.24;11.97;46.76;3741.12;2074.13;-1666.99;0.00
0.23;9.32;32.03;2562.25;1842.09;-720.16;0.00
0.25;9.91;44.47;3557.58;2008.69;-1548.90;0.00
0.23;9.91;42.69;3415.22;1879.01;-1536.21;0.00
0.29;10.37;41.79;3342.96;2264.97;-1077.99;0.00
0.26;8.05;40.31;3224.79;1967.95;-1256.85;0.00
0.22;9.36;39.53;3162.10;1794.36;-1367.73;0.00
0.23;9.31;41.03;3282.00;1862.65;-1419.35;0.00
0.26;9.47;40.66;3252.72;2045.56;-1207.16;0.00
0.25;11.57;40.19;3215.55;2087.75;-1127.80;0.00
0.19;11.91;47.96;3837.02;1731.07;-2105.95;0.00
0.24;10.43;49.08;3926.13;1992.09;-1934.03;0.00
0.30;11.97;40.35;3228.39;2407.31;-821.08;0.00
0.26;11.47;39.22;3137.80;2135.57;-1002.22;0.00
0.26;11.46;35.47;2837.91;2148.80;-689.11;0.00
0.27;8.52;41.61;3328.50;2034.90;-1293.60;0.00
0.24;10.94;42.20;3376.08;1966.67;-1409.41;0.00
0.24;8.81;30.74;2459.10;1882.17;-576.92;0.00
0.29;10.86;36.30;2904.20;2272.48;-631.72;0.00
0.25;10.49;48.03;3842.73;2011.09;-1831.64;0.00
0.25;8.26;33.74;2698.81;1899.82;-799.00;0.00
0.24;9.52;40.70;3256.34;1905.03;-1351.31;0.00
0.27;9.31;42.41;3392.87;2067.05;-1325.82;0.00
0.25;9.64;35.12;2809.84;1970.78;-839.06;0.00
0.22;11.04;42.29;3383.32;1867.91;-1515.40;0.00
0.26;11.09;28.18;2254.47;2135.99;-118.47;0.00
0.24;11.62;37.51;3000.82;2045.92;-954.91;0.00
0.28;9.92;38.95;3116.30;2170.99;-945.31;0.00
0.25;8.61;38.89;3111.45;1947.96;-1163.49;0.00
0.23;9.36;43.97;3517.88;1853.09;-1664.79;0.00
0.23;10.85;39.87;3189.35;1921.05;-1268.30;0.00
0.28;8.79;39.62;3169.86;2094.32;-1075.53;0.00
0.24;10.63;39.68;3174.36;1982.77;-1191.59;0.00
0.24;8.56;34.38;2750.36;1861.45;-888.91;0.00
0.24;10.98;43.90;3512.13;2011.86;-1500.28;0.00
0.25;9.62;45.14;3611.21;1957.52;-1653.69;0.00
0.28;10.13;35.04;2803.50;2196.59;-606.92;0.00
0.29;13.94;42.17;3373.69;2427.11;-946.57;0.00
0.27;11.91;42.34;3387.55;2238.66;-1148.88;0.00
0.27;9.50;33.93;2714.06;2096.67;-617.39;0.00
0.21;9.92;44.55;3563.94;1754.26;-1809.69;0.00
0.27;10.29;42.62;3409.73;2137.45;-1272.28;0.00
0.27;10.73;36.53;2922.06;2170.39;-751.68;0.00
0.26;10.28;38.63;3090.72;2050.84;-1039.89;0.00
0.23;9.93;36.55;2923.96;1883.82;-1040.14;0.00
0.25;10.64;39.45;3156.39;2007.84;-1148.55;0.00
0.27;10.92;33.49;2679.43;2151.51;-527.92;0.00
0.28;11.01;41.29;3303.12;2246.76;-1056.36;0.00
0.28;8.89;42.59;3407.49;2117.78;-1289.71;0.00
0.23;7.81;38.14;3051.02;1740.94;-1310.08;0.00
0.22;11.31;43.92;3513.97;1871.40;-1642.57;0.00
0.31;11.90;36.47;2917.47;2447.48;-470.00;0.00
0.24;9.89;42.72;3417.41;1904.70;-1512.71;0.00
0.24;8.96;47.33;3786.55;1892.61;-1893.93;0.00
0.25;8.43;38.73;3098.49;1912.62;-1185.87;0.00
0.25;10.53;37.49;2999.58;2000.14;-999.44;0.00
0.25;10.80;44.49;3558.81;2047.74;-1511.07;0.00
0.25;11.09;36.97;2957.94;2081.95;-875.99;0.00
0.24;10.84;37.29;2983.04;2010.46;-972.58;0.00
0.28;9.03;34.27;2741.89;2106.00;-635.89;0.00
0.24;10.30;33.44;2674.96;1927.42;-747.55;0.00
0.22;9.26;42.88;3430.10;1807.08;-1623.02;0.00
0.23;10.08;33.57;2685.42;1896.55;-788.87;0.00
0.27;10.08;36.87;2949.80;2147.96;-801.84;0.00
0.25;9.38;36.35;2907.90;1948.78;-959.12;0.00
0.24;10.87;40.07;3205.29;1999.45;-1205.84;0.00
0.25;8.68;35.88;2870.64;1923.10;-947.54;0.00
0.26;9.94;46.09;3687.05;2041.21;-1645.84;0.00
0.30;10.85;43.13;3450.61;2334.59;-1116.02;0.00
0.27;10.61;45.24;3619.15;2125.65;-1493.50;0.00
0.23;10.89;51.39;4110.91;1919.90;-2191.02;0.00
0.25;10.67;33.94;2714.87;2056.76;-658.11;0.00
0.23;11.54;40.74;3259.18;1983.99;-1275.19;0.00
0.23;8.23;38.86;3108.97;1798.61;-1310.36;0.00
0.28;9.57;41.67;3333.33;2127.21;-1206.12;0.00
0.25;12.73;30.68;2454.73;2141.41;-313.32;0.00
0.21;9.63;43.85;3507.94;1768.92;-1739.01;0.00
0.22;10.88;36.66;2933.03;1894.58;-1038.45;0.00
0.28;10.05;43.66;3492.59;2174.39;-1318.19;0.00
0.23;9.01;46.89;3750.86;1829.05;-1921.80;0.00
0.24;10.14;27.81;2225.14;1972.47;-252.67;0.00
0.25;9.99;36.70;2936.39;2004.87;-931.51;0.00
0.21;11.46;41.80;3343.86;1831.35;-1512.52;0.00
0.22;10.14;38.16;3052.91;1811.70;-1241.21;0.00
0.26;11.60;41.33;3306.02;2170.21;-1135.81;0.00
0.25;8.33;35.66;2853.00;1895.72;-957.28;0.00
0.30;9.42;40.40;3231.70;2246.66;-985.04;0.00
0.27;9.35;37.18;2974.55;2079.97;-894.58;0.00
0.29;10.62;41.26;3301.05;2239.09;-1061.96;0.00
0.23;9.28;44.83;3586.67;1824.78;-1761.88;0.00
0.24;11.69;41.66;3333.19;2015.97;-1317.22;0.00
0.29;11.25;29.68;2374.64;2273.68;-100.96;0.00
0.25;10.88;40.51;3241.08;2049.40;-1191.68;0.00
0.26;12.58;37.00;2960.16;2221.25;-738.90;0.00
0.26;8.90;40.89;3271.58;1991.11;-1280.47;0.00
0.27;9.68;33.36;2668.49;2074.06;-594.43;0.00
0.24;9.06;44.31;3544.79;1887.75;-1657.04;0.00
0.26;10.41;37.70;3015.84;2105.45;-910.39;0.00
0.30;10.09;32.24;2579.07;2313.92;-265.15;0.00
0.28;9.71;44.22;3537.53;2160.47;-1377.06;0.00
0.29;10.35;41.60;3327.77;2238.83;-1088.95;0.00
0.27;9.26;35.68;2854.63;2067.75;-786.88;0.00
0.22;11.59;27.46;2196.41;1916.63;-279.78;0.00
0.26;9.24;35.38;2830.57;1994.34;-836.23;0.00
0.24;9.28;36.31;2904.43;1923.83;-980.60;0.00
0.24;11.89;39.92;3193.60;2054.02;-1139.58;0.00
0.23;12.11;37.29;2983.46;1996.44;-987.02;0.00
0.26;7.60;40.23;3218.46;1930.96;-1287.51;0.00
0.24;11.91;38.28;3062.04;2063.89;-998.15;0.00
0.26;10.60;34.56;2764.48;2068.80;-695.68;0.00
0.23;7.17;38.93;3114.66;1749.00;-1365.66;0.00
0.26;10.35;37.69;3015.39;2096.99;-918.40;0.00
0.29;8.61;41.04;3283.21;2155.42;-1127.79;0.00
0.28;10.80;43.93;3514.56;2215.40;-1299.16;0.00
0.26;10.20;33.42;2673.41;2063.21;-610.20;0.00
0.26;10.68;40.38;3230.30;2110.52;-1119.78;0.00
0.26;9.22;46.62;3729.37;2011.70;-1717.67;0.00
0.25;12.35;41.80;3343.71;2103.90;-1239.81;0.00
0.21;9.87;39.76;3180.70;1779.33;-1401.37;0.00
0.21;11.65;45.44;3634.98;1861.28;-1773.70;0.00
0.30;9.93;39.25;3140.36;2291.88;-848.48;0.00
0.26;9.41;41.26;3300.82;2003.94;-1296.88;0.00
0.30;10.35;50.16;4013.11;2319.33;-1693.78;0.00
0.29;10.31;38.68;3094.15;2275.87;-818.28;0.00
0.21;10.92;35.85;2867.86;1821.36;-1046.51;0.00
0.27;10.71;38.76;3100.59;2163.13;-937.46;0.00
0.19;9.82;47.36;3789.12;1634.65;-2154.47;0.00
0.26;9.99;40.22;3217.39;2034.96;-1182.43;0.00
0.23;11.57;38.21;3056.49;1940.24;-1116.25;0.00
0.22;7.72;36.22;2897.78;1718.69;-1179.09;0.00
0.27;10.35;42.15;3371.68;2122.30;-1249.38;0.00
0.25;9.83;35.35;2828.31;1963.26;-865.06;0.00
0.28;11.59;43.57;3485.60;2245.69;-1239.91;0.00
0.22;10.03;45.01;3600.69;1819.43;-1781.26;0.00
0.23;8.39;39.04;3123.48;1806.61;-1316.87;0.00
0.28;10.41;31.46;2516.51;2196.83;-319.68;0.00
0.23;10.85;47.43;3794.24;1950.83;-1843.41;0.00
0.21;9.74;38.94;3115.19;1778.45;-1336.73;0.00
0.27;10.54;30.46;2437.02;2159.64;-277.38;0.00
0.28;10.03;37.28;2982.41;2154.18;-828.23;0.00
0.24;8.76;41.31;3305.05;1860.67;-1444.38;0.00
0.20;9.29;42.40;3391.88;1680.15;-1711.73;0.00
0.23;9.55;42.41;3393.18;1852.93;-1540.24;0.00
0.26;9.82;32.06;2564.74;2024.15;-540.59;0.00
0.25;8.27;33.51;2680.88;1883.06;-797.82;0.00
0.23;8.72;35.85;2867.67;1794.80;-1072.87;0.00
0.27;11.27;38.74;3099.47;2207.72;-891.75;0.00
0.25;10.86;44.23;3538.26;2028.74;-1509.52;0.00
0.21;10.62;35.52;2841.33;1791.23;-1050.10;0.00
0.22;10.26;40.19;3215.06;1835.98;-1379.08;0.00
0.24;10.75;39.44;3155.12;1970.33;-1184.79;0.00
0.26;10.56;39.01;3121.10;2107.86;-1013.25;0.00
0.26;9.74;38.84;3107.15;2060.69;-1046.45;0.00
0.23;9.46;44.86;3589.07;1840.63;-1748.44;0.00
0.25;8.69;36.33;2906.42;1945.44;-960.97;0.00
0.26;9.74;38.38;3070.47;2042.71;-1027.76;0.00
0.26;8.71;43.43;3474.36;1984.51;-1489.85;0.00
0.24;10.55;34.97;2797.53;1980.04;-817.49;0.00
0.20;9.37;40.79;3262.94;1653.43;-1609.51;0.00
0.26;11.49;46.90;3751.69;2161.01;-1590.68;0.00
0.26;11.46;28.89;2311.19;2137.03;-174.16;0.00
0.22;11.06;44.72;3577.79;1862.48;-1715.31;0.00
0.22;10.07;48.17;3853.35;1847.70;-2005.65;0.00
0.20;10.17;34.31;2745.07;1721.16;-1023.91;0.00
0.30;10.86;48.03;3842.31;2354.70;-1487.62;0.00
0.23;10.66;38.02;3041.82;1923.60;-1118.22;0.00
0.26;9.43;42.48;3398.70;2002.74;-1395.97;0.00
0.27;10.52;37.57;3005.82;2160.02;-845.80;0.00
0.28;10.74;52.97;4237.21;2224.83;-2012.38;0.00
0.24;9.51;44.66;3573.09;1922.79;-1650.30;0.00
0.25;10.69;39.88;3190.76;2009.34;-1181.41;0.00
0.26;9.29;39.54;3163.50;1989.88;-1173.62;0.00
0.21;9.11;41.21;3296.64;1728.47;-1568.16;0.00
0.27;11.20;39.35;3148.04;2182.67;-965.38;0.00
0.26;9.24;42.72;3417.77;2021.07;-1396.70;0.00
0.24;13.28;37.22;2977.36;2140.09;-837.27;0.00
0.24;10.74;45.37;3629.57;1965.12;-1664.45;0.00
0.24;10.30;34.70;2776.39;1968.50;-807.89;0.00
0.27;10.14;36.64;2931.32;2107.93;-823.39;0.00
0.24;10.95;34.73;2778.60;1996.71;-781.89;0.00
0.25;10.55;44.58;3566.66;2011.80;-1554.86;0.00
0.22;9.63;43.50;3479.97;1799.86;-1680.11;0.00
0.22;11.35;34.23;2738.22;1903.82;-834.40;0.00
0.25;9.47;39.47;3157.69;1944.10;-1213.59;0.00
0.26;9.57;36.01;2880.92;2017.99;-862.93;0.00
0.26;9.45;43.33;3466.39;2010.51;-1455.88;0.00
0.27;10.28;45.94;3674.89;2123.19;-1551.70;0.00
0.22;9.79;39.87;3189.26;1797.06;-1392.20;0.00
0.26;8.24;36.89;2951.24;1953.97;-997.27;0.00
0.21;11.07;42.87;3429.64;1830.23;-1599.41;0.00
0.27;10.50;36.57;2925.39;2134.13;-791.26;0.00
0.24;9.59;44.95;3595.66;1910.00;-1685.65;0.00
0.28;9.19;38.31;3064.63;2109.50;-955.13;0.00
0.26;10.20;34.70;2775.83;2044.05;-731.78;0.00
0.24;10.70;36.13;2890.42;1999.64;-890.77;0.00
0.21;9.72;47.16;3772.67;1757.20;-2015.47;0.00
0.29;7.47;34.20;2736.19;2091.25;-644.95;0.00
0.28;10.92;41.56;3324.95;2241.24;-1083.72;0.00
0.21;11.53;28.05;2244.12;1843.12;-401.00;0.00
0.24;11.35;40.27;3221.52;2033.23;-1188.29;0.00
0.23;8.80;39.97;3197.73;1820.65;-1377.08;0.00
0.23;11.50;47.78;3822.55;1938.17;-1884.38;0.00
0.28;11.15;47.48;3798.43;2217.34;-1581.09;0.00
0.24;11.09;49.24;3939.56;1971.59;-1967.97;0.00
0.21;11.35;48.98;3918.33;1812.48;-2105.84;0.00
0.21;11.07;39.49;3158.91;1832.04;-1326.87;0.00
0.25;8.07;41.40;3312.36;1920.89;-1391.47;0.00
0.23;9.20;40.96;3276.72;1839.08;-1437.64;0.00
0.26;10.04;36.69;2934.96;2061.90;-873.05;0.00
0.27;10.62;36.92;2953.92;2176.62;-777.29;0.00
0.21;11.29;32.91;2632.77;1806.05;-826.72;0.00
0.26;13.37;37.00;2960.10;2226.64;-733.46;0.00
0.26;10.21;43.22;3457.84;2047.20;-1410.64;0.00
0.25;7.63;42.11;3368.94;1856.83;-1512.11;0.00
0.23;10.72;43.12;3449.37;1921.48;-1527.89;0.00
0.22;10.11;39.86;3188.50;1842.02;-1346.48;0.00
0.26;11.25;35.29;2823.23;2118.96;-704.27;0.00
0.24;9.35;40.71;3257.17;1897.73;-1359.45;0.00
0.25;10.26;40.74;3259.50;2011.61;-1247.90;0.00
0.21;11.68;30.09;2407.20;1831.62;-575.58;0.00
0.27;11.08;37.97;3037.46;2193.71;-843.75;0.00
0.26;10.53;43.98;3518.16;2081.02;-1437.14;0.00
0.24;8.56;42.79;3423.23;1859.66;-1563.57;0.00
0.28;8.72;40.57;3245.44;2090.89;-1154.55;0.00
0.26;9.14;36.31;2904.76;2038.18;-866.58;0.00
0.24;10.21;34.42;2753.85;1964.88;-788.97;0.00
0.23;10.48;45.62;3649.44;1898.60;-1750.84;0.00
0.25;10.83;37.64;3010.84;2026.72;-984.12;0.00
0.25;12.47;41.86;3348.74;2137.41;-1211.33;0.00
0.24;9.81;40.70;3255.69;1950.40;-1305.30;0.00
0.25;9.05;42.85;3427.75;1947.88;-1479.87;0.00
0.27;11.88;42.71;3416.80;2213.81;-1202.99;0.00
0.27;9.90;36.26;2900.50;2090.36;-810.14;0.00
0.25;10.71;28.14;2250.95;2013.03;-237.92;0.00
0.23;10.93;47.53;3802.41;1924.61;-1877.80;0.00
0.21;11.07;33.79;2703.23;1835.26;-867.96;0.00
0.27;11.23;38.36;3068.88;2164.16;-904.72;0.00
0.28;12.16;45.86;3668.90;2262.45;-1406.45;0.00
0.25;9.73;41.93;3354.45;1962.32;-1392.13;0.00
0.28;12.31;49.98;3998.43;2325.57;-1672.85;0.00
0.26;10.05;38.70;3096.06;2038.43;-1057.63;0.00
0.25;13.04;39.17;3133.73;2175.04;-958.70;0.00
0.25;12.69;39.99;3198.84;2133.87;-1064.96;0.00
0.22;11.18;26.57;2125.64;1887.81;-237.83;0.00
0.26;9.35;45.02;3601.70;2026.40;-1575.30;0.00
0.21;11.76;43.72;3497.63;1884.29;-1613.34;0.00
0.27;11.17;44.09;3526.80;2201.29;-1325.52;0.00
0.29;12.62;38.30;3063.96;2397.27;-666.69;0.00
0.22;10.44;40.90;3272.05;1819.53;-1452.53;0.00
0.29;11.33;39.16;3132.50;2274.93;-857.56;0.00
0.25;9.98;33.20;2656.34;1968.51;-687.82;0.00
0.27;11.30;41.12;3289.31;2161.27;-1128.04;0.00
0.27;10.03;35.53;2842.54;2109.94;-732.61;0.00
0.26;10.69;37.00;2959.75;2095.19;-864.56;0.00
0.24;10.33;41.68;3334.30;1979.78;-1354.52;0.00
0.27;11.28;29.18;2334.34;2164.69;-169.66;0.00
0.25;9.98;48.13;3850.00;1992.50;-1857.50;0.00
0.28;10.21;38.45;3076.30;2212.73;-863.58;0.00
0.27;9.96;38.85;3107.85;2124.47;-983.39;0.00
0.26;12.49;37.26;2980.47;2185.53;-794.94;0.00
0.26;10.36;35.25;2820.39;2080.73;-739.66;0.00
0.26;10.59;43.77;3501.87;2097.73;-1404.14;0.00
0.28;9.18;46.18;3694.57;2154.86;-1539.71;0.00
0.27;12.05;51.07;4085.32;2209.70;-1875.61;0.00
0.26;12.52;40.28;3222.04;2166.29;-1055.74;0.00
0.30;9.25;34.26;2741.06;2262.53;-478.53;0.00
0.22;12.98;38.95;3116.21;1986.71;-1129.51;0.00
0.25;8.81;40.63;3250.19;1956.33;-1293.87;0.00
0.24;9.21;37.59;3006.87;1925.71;-1081.16;0.00
0.26;10.30;49.86;3989.19;2051.63;-1937.56;0.00
0.25;10.01;51.74;4139.41;2017.75;-2121.66;0.00
0.21;9.45;46.91;3752.90;1754.12;-1998.78;0.00
0.25;10.75;51.26;4100.71;2057.38;-2043.33;0.00
0.27;9.24;46.97;3757.61;2047.32;-1710.29;0.00
0.28;9.44;31.48;2518.48;2148.64;-369.84;0.00
0.26;10.11;44.91;3592.71;2056.16;-1536.55;0.00
0.28;11.51;37.12;2969.34;2258.08;-711.26;0.00
0.23;10.37;43.80;3504.05;1924.33;-1579.73;0.00
0.27;8.08;34.33;2746.11;2010.82;-735.28;0.00
0.24;10.12;38.71;3096.91;1932.37;-1164.54;0.00
0.20;11.52;41.71;3336.42;1796.25;-1540.17;0.00
0.22;10.84;39.33;3146.61;1892.60;-1254.01;0.00
0.21;8.01;46.65;3732.37;1637.94;-2094.43;0.00
0.21;9.70;43.43;3474.07;1769.93;-1704.15;0.00
0.26;9.16;37.65;3012.38;2014.32;-998.06;0.00
0.28;11.27;38.65;3092.34;2257.96;-834.38;0.00
0.26;10.26;41.48;3318.73;2085.20;-1233.53;0.00
0.22;10.54;46.30;3704.29;1833.92;-1870.37;0.00
0.23;9.20;43.99;3519.10;1849.84;-1669.26;0.00
0.24;10.12;40.20;3216.21;1922.18;-1294.03;0.00
0.27;11.18;39.13;3130.12;2182.09;-948.03;0.00
0.23;10.69;46.11;3688.78;1894.12;-1794.66;0.00
0.22;11.36;43.47;3477.56;1904.34;-1573.23;0.00
0.25;11.99;33.86;2708.93;2113.88;-595.05;0.00
0.25;9.54;42.97;3437.68;1971.97;-1465.71;0.00
0.27;10.46;41.83;3346.01;2150.38;-1195.63;0.00
0.27;10.18;43.03;3442.55;2130.39;-1312.15;0.00
0.30;10.01;36.14;2891.48;2298.64;-592.84;0.00
0.24;9.50;40.21;3216.76;1912.00;-1304.76;0.00
0.23;7.79;41.49;3319.44;1742.11;-1577.33;0.00
0.28;9.78;41.35;3308.34;2172.35;-1135.99;0.00
0.22;9.97;37.64;3010.85;1847.25;-1163.60;0.00
0.24;10.30;46.79;3742.87;1960.57;-1782.29;0.00
0.25;10.98;29.43;2354.68;2031.32;-323.36;0.00
0.30;11.78;39.33;3146.13;2406.35;-739.78;0.00
0.23;11.17;33.00;2640.40;1958.92;-681.48;0.00
0.21;10.23;39.20;3135.77;1768.52;-1367.26;0.00
0.27;10.44;39.39;3150.89;2141.08;-1009.81;0.00
0.23;10.40;40.67;3253.44;1894.78;-1358.66;0.00
0.26;7.10;35.73;2858.64;1880.61;-978.04;0.00
0.21;11.19;44.64;3571.13;1801.91;-1769.22;0.00
0.28;9.63;36.32;2905.38;2138.27;-767.11;0.00
0.25;10.00;43.74;3498.80;1968.85;-1529.95;0.00
0.25;11.06;35.14;2811.40;2030.82;-780.58;0.00
0.28;10.78;40.14;3211.11;2193.47;-1017.65;0.00
0.23;10.60;38.66;3092.92;1930.38;-1162.54;0.00
0.30;10.34;40.79;3263.27;2283.26;-980.01;0.00
0.26;8.68;36.02;2881.32;1957.41;-923.91;0.00
0.27;11.50;45.43;3634.70;2175.27;-1459.43;0.00
0.28;12.49;45.51;3640.61;2313.67;-1326.93;0.00
0.25;8.68;29.18;2334.58;1922.17;-412.41;0.00
0.25;11.86;50.74;4059.21;2090.15;-1969.06;0.00
0.27;10.41;30.36;2429.10;2146.50;-282.59;0.00
0.30;10.68;45.22;3617.64;2299.07;-1318.57;0.00
0.21;11.73;40.35;3227.69;1838.56;-1389.12;0.00
0.23;10.69;49.27;3941.23;1935.81;-2005.41;0.00
0.24;11.85;35.51;2840.57;2046.26;-794.31;0.00
0.24;8.97;42.95;3435.66;1892.59;-1543.07;0.00
0.25;12.17;42.36;3389.11;2102.14;-1286.97;0.00
0.25;9.12;40.06;3204.77;1958.63;-1246.14;0.00
0.22;11.62;41.24;3299.17;1894.81;-1404.35;0.00
0.23;10.97;37.57;3005.66;1946.76;-1058.90;0.00
0.25;11.29;39.85;3188.06;2053.90;-1134.17;0.00
0.25;9.20;35.12;2809.78;1926.45;-883.32;0.00
0.23;9.08;44.69;3575.03;1828.29;-1746.74;0.00
0.29;9.42;38.88;3110.60;2178.16;-932.44;0.00
0.28;11.85;32.67;2613.35;2253.14;-360.22;0.00
0.24;11.07;44.29;3543.18;1984.79;-1558.39;0.00
0.29;10.59;31.73;2538.03;2272.39;-265.63;0.00
0.26;10.96;37.64;3011.06;2114.87;-896.18;0.00
0.23;10.74;41.47;3317.89;1950.30;-1367.59;0.00
0.26;10.75;36.20;2895.72;2095.82;-799.90;0.00
0.25;9.31;43.25;3460.05;1984.91;-1475.14;0.00
0.22;11.08;36.52;2921.25;1895.45;-1025.79;0.00
0.23;10.71;43.62;3489.89;1946.12;-1543.77;0.00
0.27;9.05;40.07;3205.36;2083.20;-1122.16;0.00
0.24;8.65;43.08;3446.57;1882.99;-1563.58;0.00
0.23;9.79;27.65;2212.21;1870.31;-341.89;0.00
0.23;10.48;33.91;2712.44;1899.30;-813.14;0.00
0.23;10.84;35.63;2850.23;1930.71;-919.52;0.00
0.25;8.19;44.94;3595.46;1884.09;-1711.37;0.00
0.25;10.37;40.26;3221.09;2008.47;-1212.62;0.00
0.24;8.29;45.89;3670.84;1824.99;-1845.85;0.00
0.28;8.18;34.84;2787.14;2057.09;-730.05;0.00
0.21;13.24;39.88;3190.77;1963.17;-1227.61;0.00
0.25;9.61;45.15;3612.16;1970.55;-1641.61;0.00
0.22;9.86;44.66;3572.97;1818.67;-1754.31;0.00
0.20;12.63;41.65;3331.87;1872.12;-1459.75;0.00
0.20;10.55;39.02;3121.95;1749.41;-1372.55;0.00
0.28;8.94;45.73;3658.63;2088.76;-1569.87;0.00
0.24;10.69;37.83;3026.11;1984.69;-1041.42;0.00
0.26;11.30;40.04;3203.56;2109.94;-1093.62;0.00
0.24;11.70;39.59;3166.89;2023.35;-1143.53;0.00
0.28;8.49;44.52;3561.84;2068.25;-1493.59;0.00
0.26;11.67;33.78;2702.18;2128.57;-573.61;0.00
0.23;8.48;41.34;3307.50;1791.75;-1515.75;0.00
0.27;11.30;44.55;3563.90;2177.39;-1386.51;0.00
0.26;9.12;44.41;3552.54;1982.23;-1570.31;0.00
0.26;9.85;35.88;2870.59;2063.98;-806.61;0.00
0.23;9.70;40.71;3256.78;1859.22;-1397.56;0.00
0.27;9.94;48.28;3862.18;2099.78;-1762.40;0.00
0.27;9.75;35.81;2864.51;2091.31;-773.20;0.00
0.21;9.86;47.29;3782.81;1765.47;-2017.33;0.00
0.27;8.82;33.52;2681.90;2028.98;-652.92;0.00
0.23;11.63;37.46;2997.17;1974.61;-1022.57;0.00
0.24;13.31;32.40;2591.98;2145.45;-446.54;0.00
0.26;12.09;34.04;2723.28;2178.82;-544.46;0.00
0.23;11.16;40.59;3247.41;1936.54;-1310.87;0.00
0.25;10.52;38.06;3044.96;2020.78;-1024.18;0.00
0.29;10.83;42.32;3385.64;2280.16;-1105.48;0.00
0.22;10.15;34.09;2727.08;1847.31;-879.77;0.00
0.26;12.04;33.43;2674.14;2177.92;-496.22;0.00
0.24;9.19;34.59;2767.00;1897.10;-869.91;0.00
0.27;10.19;44.03;3522.13;2104.76;-1417.37;0.00
0.28;10.22;37.23;2978.07;2159.03;-819.05;0.00
0.26;8.60;45.69;3655.02;1968.04;-1686.98;0.00
0.24;11.15;36.22;2897.89;1993.86;-904.03;0.00
0.30;9.25;38.68;3094.32;2230.75;-863.57;0.00
0.26;11.10;43.50;3479.96;2095.05;-1384.91;0.00
0.29;10.47;42.76;3420.75;2231.46;-1189.29;0.00
0.22;10.90;46.46;3716.60;1849.96;-1866.64;0.00
0.23;9.00;41.02;3281.68;1798.89;-1482.79;0.00
0.29;10.31;32.55;2603.70;2257.86;-345.84;0.00
0.25;8.49;46.54;3723.14;1896.27;-1826.86;0.00
0.19;12.00;35.63;2850.42;1727.01;-1123.40;0.00
0.27;10.87;38.67;3093.42;2183.90;-909.52;0.00
0.27;10.28;31.75;2540.24;2148.38;-391.87;0.00
0.23;10.41;43.32;3465.38;1918.41;-1546.97;0.00
0.24;10.93;43.49;3479.29;2000.24;-1479.05;0.00
0.26;9.25;36.95;2956.07;2017.90;-938.17;0.00
0.25;10.04;42.37;3389.34;1986.11;-1403.23;0.00
0.24;7.84;40.63;3250.72;1820.93;-1429.79;0.00
0.20;11.25;37.29;2982.85;1765.22;-1217.62;0.00
0.22;12.79;36.62;2929.27;1981.87;-947.40;0.00
0.26;9.67;48.43;3874.27;2019.24;-1855.03;0.00
0.26;11.08;42.96;3436.40;2115.78;-1320.62;0.00
0.29;9.33;32.78;2622.48;2173.52;-448.95;0.00
0.29;11.18;41.53;3322.79;2307.45;-1015.34;0.00
0.26;10.39;42.32;3385.45;2070.65;-1314.81;0.00
0.27;10.74;38.25;3059.62;2149.87;-909.74;0.00
0.23;11.33;47.74;3819.47;1939.46;-1880.01;0.00
0.27;9.77;37.18;2974.74;2085.76;-888.98;0.00
0.27;10.84;41.35;3308.07;2160.51;-1147.55;0.00
0.26;10.43;32.67;2613.67;2064.95;-548.73;0.00
0.24;9.35;33.79;2703.50;1929.28;-774.22;0.00
0.30;9.35;37.69;3015.11;2244.97;-770.13;0.00
0.24;10.99;41.02;3281.86;1978.12;-1303.74;0.00
0.27;11.78;37.62;3009.57;2215.24;-794.33;0.00
0.24;11.55;34.79;2782.93;2051.10;-731.83;0.00
0.21;10.41;47.88;3830.23;1774.77;-2055.46;0.00
0.29;9.97;37.47;2997.80;2219.83;-777.97;0.00
0.26;10.59;47.51;3801.11;2116.03;-1685.08;0.00
0.23;9.80;44.50;3560.02;1841.93;-1718.09;0.00
0.21;11.15;41.21;3296.94;1829.31;-1467.62;0.00
0.28;9.55;32.73;2618.45;2134.51;-483.94;0.00
0.22;10.53;35.84;2867.02;1852.07;-1014.94;0.00
0.23;8.62;37.25;2979.80;1801.18;-1178.63;0.00
0.25;10.14;47.89;3831.45;2002.25;-1829.20;0.00
0.31;10.03;42.79;3423.05;2373.80;-1049.25;0.00
0.24;10.04;37.97;3037.67;1921.04;-1116.63;0.00
0.27;10.83;29.19;2335.36;2150.88;-184.48;0.00
0.27;9.40;51.47;4117.79;2085.63;-2032.15;0.00
0.28;10.05;38.33;3066.40;2185.21;-881.18;0.00
0.21;10.60;40.16;3213.06;1779.91;-1433.16;0.00
0.25;12.44;40.99;3279.60;2138.93;-1140.67;0.00
0.25;9.63;47.40;3792.32;1976.96;-1815.36;0.00
0.25;7.81;40.03;3202.45;1858.33;-1344.12;0.00
0.28;11.47;41.86;3348.44;2246.37;-1102.07;0.00
0.19;9.62;47.87;3829.99;1620.95;-2209.04;0.00
0.27;10.88;39.16;3132.91;2148.82;-984.09;0.00
0.19;11.40;33.49;2679.16;1735.94;-943.21;0.00
0.28;10.41;34.35;2748.13;2216.49;-531.65;0.00
0.27;11.05;47.41;3793.01;2174.76;-1618.25;0.00
0.24;10.41;45.37;3629.75;1984.56;-1645.19;0.00
0.25;8.48;39.47;3157.75;1938.31;-1219.44;0.00
0.23;10.69;41.24;3299.39;1934.88;-1364.51;0.00
0.28;11.99;39.64;3170.96;2284.26;-886.70;0.00
0.22;11.46;36.34;2907.13;1915.84;-991.28;0.00
0.25;8.31;45.04;3602.90;1907.50;-1695.40;0.00
0.23;12.98;42.99;3439.31;2019.05;-1420.26;0.00
0.25;10.56;37.09;2966.93;2021.63;-945.31;0.00
0.27;8.92;49.42;3953.73;2030.21;-1923.52;0.00
0.28;11.34;37.22;2977.38;2237.76;-739.63;0.00
0.26;12.10;39.56;3164.61;2164.47;-1000.14;0.00
0.23;10.61;43.74;3499.53;1921.70;-1577.83;0.00
0.27;11.13;44.34;3547.28;2203.07;-1344.20;0.00
0.26;9.13;36.28;2902.43;2026.95;-875.48;0.00
0.26;11.31;31.59;2527.30;2106.27;-421.02;0.00
0.25;7.79;47.65;3811.99;1861.75;-1950.24;0.00
0.23;8.04;43.92;3513.51;1762.12;-1751.38;0.00
0.23;10.59;36.40;2912.09;1920.25;-991.84;0.00
0.30;10.53;31.74;2539.00;2316.99;-222.02;0.00
0.29;7.97;35.05;2804.24;2092.82;-711.42;0.00
0.22;11.96;45.49;3639.15;1936.27;-1702.88;0.00
0.24;10.46;35.67;2853.70;1967.30;-886.40;0.00
0.24;9.96;40.51;3240.97;1963.39;-1277.58;0.00
0.26;9.90;41.84;3346.95;2074.05;-1272.90;0.00
0.22;8.87;45.95;3675.64;1753.70;-1921.94;0.00
0.27;10.07;39.03;3122.41;2126.63;-995.78;0.00
0.27;8.38;36.42;2913.20;2022.18;-891.02;0.00
0.26;11.21;31.80;2544.00;2115.21;-428.79;0.00
0.27;10.26;40.95;3275.63;2109.99;-1165.64;0.00
0.24;9.64;40.01;3201.18;1918.57;-1282.61;0.00
0.26;11.00;39.56;3165.03;2083.45;-1081.58;0.00
0.26;10.29;34.54;2763.21;2069.17;-694.04;0.00
0.25;10.24;44.88;3590.50;1993.40;-1597.10;0.00
0.27;8.95;40.54;3243.09;2040.64;-1202.45;0.00
0.25;10.84;43.88;3510.26;2067.14;-1443.12;0.00
0.26;10.77;38.54;3083.08;2107.52;-975.56;0.00
0.21;10.71;45.56;3644.41;1802.67;-1841.74;0.00
0.24;6.94;41.47;3317.62;1790.13;-1527.50;0.00
0.26;10.95;43.38;3470.18;2123.70;-1346.48;0.00
0.19;12.32;42.78;3422.02;1757.31;-1664.70;0.00
0.26;9.92;38.03;3042.75;2044.00;-998.74;0.00
0.23;12.07;39.57;3165.98;2004.51;-1161.46;0.00
0.27;10.84;28.75;2300.38;2156.78;-143.60;0.00
0.25;10.15;34.10;2727.94;2011.50;-716.44;0.00
0.17;10.68;44.62;3569.37;1567.65;-2001.72;0.00
0.26;11.26;43.15;3452.39;2120.67;-1331.72;0.00
0.26;11.70;42.59;3407.28;2154.99;-1252.28;0.00
0.18;9.43;31.61;2528.52;1556.23;-972.28;0.00
0.25;10.00;38.60;3088.37;1995.31;-1093.06;0.00
0.29;10.82;42.06;3364.95;2294.79;-1070.16;0.00
0.25;10.26;35.73;2858.12;2016.56;-841.56;0.00
0.26;11.78;32.71;2616.93;2138.63;-478.30;0.00
0.22;10.63;46.31;3704.66;1863.18;-1841.48;0.00
0.25;10.43;46.58;3726.41;2035.56;-1690.85;0.00
0.30;10.72;33.10;2648.31;2308.65;-339.67;0.00
0.24;9.77;37.32;2985.24;1912.38;-1072.86;0.00
0.26;9.12;41.36;3308.76;1996.96;-1311.80;0.00
0.25;10.03;50.90;4072.35;2007.13;-2065.22;0.00
0.26;10.92;43.15;3452.31;2104.56;-1347.75;0.00
0.26;10.54;48.00;3839.79;2073.15;-1766.64;0.00
0.24;9.68;38.33;3066.26;1902.45;-1163.81;0.00
0.27;8.71;33.92;2713.82;2051.26;-662.56;0.00
0.26;12.20;36.22;2897.88;2149.28;-748.60;0.00
0.25;10.16;39.78;3182.16;2028.59;-1153.57;0.00
0.26;9.58;41.38;3310.43;2048.34;-1262.10;0.00
0.24;11.33;38.13;3050.31;2005.62;-1044.70;0.00
0.26;11.01;44.29;3543.21;2084.46;-1458.75;0.00
0.28;10.64;34.24;2739.60;2211.39;-528.20;0.00
0.22;13.91;35.55;2843.88;2012.97;-830.91;0.00
0.23;8.70;37.64;3011.10;1828.86;-1182.24;0.00
0.26;11.45;40.64;3251.22;2106.24;-1144.98;0.00
0.23;9.88;47.67;3813.67;1902.53;-1911.15;0.00
0.27;11.99;44.07;3525.55;2243.29;-1282.26;0.00
0.23;10.35;41.20;3296.09;1884.74;-1411.36;0.00
0.25;9.97;39.84;3187.26;1984.77;-1202.49;0.00
0.25;9.65;38.83;3106.67;1994.23;-1112.43;0.00
0.27;11.49;32.66;2612.85;2208.71;-404.13;0.00
0.27;10.78;41.09;3287.39;2157.45;-1129.94;0.00
0.24;11.56;36.13;2890.63;1996.38;-894.26;0.00
0.24;12.13;37.32;2985.72;2056.97;-928.75;0.00
0.22;11.25;33.38;2670.04;1878.58;-791.46;0.00
0.24;10.85;37.86;3029.18;2009.93;-1019.25;0.00
0.22;10.90;37.32;2985.20;1897.31;-1087.89;0.00
0.25;10.67;25.23;2018.39;2048.94;30.55;1.00
0.29;9.57;51.51;4120.63;2180.93;-1939.70;0.00
0.26;11.83;33.15;2651.88;2133.46;-518.42;0.00
0.26;10.06;47.99;3839.54;2032.54;-1807.00;0.00
0.29;11.10;38.11;3048.85;2275.43;-773.42;0.00
0.24;10.66;35.06;2804.79;2003.49;-801.31;0.00
0.29;10.88;38.98;3118.49;2260.64;-857.85;0.00
0.23;11.27;37.98;3038.69;1975.65;-1063.05;0.00
0.22;11.47;50.93;4074.79;1931.49;-2143.29;0.00
0.26;10.59;42.59;3407.59;2059.69;-1347.89;0.00
0.25;10.11;31.93;2554.44;2008.60;-545.84;0.00
0.26;11.51;37.67;3013.78;2141.37;-872.40;0.00
0.30;9.22;41.65;3332.11;2250.71;-1081.40;0.00
0.27;11.10;38.78;3102.58;2158.25;-944.33;0.00
0.26;11.94;37.73;3018.40;2176.64;-841.77;0.00
0.25;12.26;46.63;3730.21;2130.99;-1599.22;0.00
0.23;11.31;37.84;3027.50;1966.94;-1060.57;0.00
0.21;11.13;40.72;3257.75;1839.40;-1418.36;0.00
0.23;8.06;47.58;3806.58;1777.19;-2029.39;0.00
0.24;10.53;33.93;2714.51;1956.86;-757.65;0.00
0.26;9.82;41.92;3353.66;2042.53;-1311.13;0.00
0.29;9.38;39.56;3164.83;2224.59;-940.24;0.00
0.25;10.21;39.16;3132.83;2023.53;-1109.30;0.00
0.22;10.66;41.83;3346.26;1882.29;-1463.97;0.00
0.23;10.69;48.10;3848.05;1922.02;-1926.03;0.00
0.26;10.40;47.16;3772.89;2089.18;-1683.71;0.00
0.25;6.96;39.81;3185.13;1841.03;-1344.09;0.00
0.25;11.65;39.57;3165.84;2109.06;-1056.77;0.00
0.23;9.68;42.04;3363.02;1854.40;-1508.62;0.00
0.26;9.46;27.04;2163.33;2054.14;-109.19;0.00
0.22;8.33;43.35;3468.03;1730.65;-1737.38;0.00
0.29;10.91;38.64;3091.52;2279.01;-812.50;0.00
0.23;9.56;43.19;3454.82;1880.15;-1574.66;0.00
0.26;10.38;40.57;3245.96;2048.61;-1197.35;0.00
0.29;9.14;41.27;3301.57;2199.41;-1102.16;0.00
0.30;10.62;39.00;3120.29;2345.51;-774.78;0.00
0.26;11.21;37.60;3007.80;2150.05;-857.76;0.00
0.27;8.85;35.77;2861.93;2030.53;-831.40;0.00
0.29;11.26;41.57;3325.60;2270.99;-1054.61;0.00
0.26;8.13;47.77;3821.53;1955.07;-1866.47;0.00
0.24;10.40;35.73;2858.18;1962.42;-895.76;0.00
0.28;8.65;45.15;3612.07;2090.69;-1521.38;0.00
0.23;9.07;37.99;3039.33;1802.03;-1237.29;0.00
0.29;10.01;39.30;3144.07;2231.03;-913.04;0.00
0.29;11.03;38.32;3065.72;2291.82;-773.90;0.00
0.24;9.79;38.94;3115.18;1917.23;-1197.95;0.00
0.24;8.11;41.05;3283.66;1851.81;-1431.85;0.00
0.25;10.74;35.70;2856.06;2023.54;-832.52;0.00
0.26;10.96;37.87;3029.79;2131.62;-898.18;0.00
0.29;10.19;26.33;2106.27;2227.52;121.25;1.00
0.30;8.57;40.63;3250.11;2188.44;-1061.67;0.00
0.24;8.16;41.21;3297.03;1833.40;-1463.62;0.00
0.24;11.16;40.12;3209.68;2004.29;-1205.40;0.00
0.26;10.98;32.23;2578.14;2117.50;-460.64;0.00
0.24;8.34;39.81;3185.11;1840.81;-1344.30;0.00
0.17;10.59;35.22;2817.86;1574.45;-1243.41;0.00
0.24;11.15;39.66;3173.01;2015.44;-1157.56;0.00
0.21;9.94;38.60;3088.21;1784.81;-1303.40;0.00
0.24;10.16;41.93;3354.28;1957.76;-1396.52;0.00
0.20;10.02;38.05;3044.22;1678.45;-1365.76;0.00
0.26;10.23;40.48;3238.78;2052.09;-1186.69;0.00
0.21;10.43;42.34;3387.50;1785.77;-1601.74;0.00
0.26;9.76;41.32;3305.79;2066.49;-1239.30;0.00
0.23;10.93;36.84;2947.39;1924.20;-1023.20;0.00
0.21;10.92;38.18;3054.12;1805.60;-1248.51;0.00
0.26;10.56;42.59;3407.04;2104.91;-1302.13;0.00
0.29;11.23;33.19;2655.55;2283.11;-372.43;0.00
0.23;10.27;42.87;3429.63;1876.60;-1553.02;0.00
0.27;10.10;45.50;3640.16;2094.17;-1545.99;0.00
0.26;11.17;47.41;3792.98;2138.97;-1654.01;0.00
0.21;10.16;37.31;2984.97;1782.86;-1202.11;0.00
0.19;11.31;40.01;3200.90;1712.80;-1488.10;0.00
0.26;8.51;45.66;3652.81;1988.43;-1664.38;0.00
0.24;10.23;34.79;2783.32;1933.55;-849.78;0.00
0.28;10.28;40.64;3250.80;2159.53;-1091.28;0.00
0.25;8.95;30.53;2442.38;1967.19;-475.19;0.00
0.20;8.09;45.97;3677.84;1629.04;-2048.79;0.00
0.24;10.36;43.57;3485.35;1930.26;-1555.09;0.00
0.23;11.10;52.89;4231.35;1919.92;-2311.43;0.00
0.23;10.66;33.83;2706.61;1940.82;-765.78;0.00
0.26;9.84;43.09;3446.83;2071.34;-1375.49;0.00
0.22;10.48;41.72;3337.99;1867.54;-1470.45;0.00
0.25;10.47;40.45;3235.61;1996.23;-1239.37;0.00
0.29;9.80;40.29;3222.98;2212.01;-1010.96;0.00
0.24;8.79;35.66;2852.94;1900.21;-952.73;0.00
0.23;11.59;44.11;3528.77;1974.11;-1554.66;0.00
0.26;11.28;37.27;2981.21;2116.15;-865.06;0.00
0.23;10.69;36.07;2885.37;1920.37;-965.00;0.00
0.20;11.10;44.18;3534.50;1785.50;-1749.00;0.00
0.23;10.77;43.90;3512.15;1924.13;-1588.02;0.00
0.29;10.70;42.21;3377.14;2252.51;-1124.63;0.00
0.24;10.27;41.17;3293.35;1981.02;-1312.33;0.00
0.23;9.04;43.13;3450.31;1828.78;-1621.53;0.00
0.21;12.48;44.47;3557.95;1920.30;-1637.64;0.00
0.28;12.15;45.91;3672.58;2269.09;-1403.49;0.00
0.26;10.03;37.13;2970.27;2078.00;-892.27;0.00
0.25;8.97;46.41;3712.97;1960.00;-1752.97;0.00
0.26;9.01;39.62;3169.77;2002.51;-1167.26;0.00
0.23;9.74;37.64;3011.00;1842.49;-1168.51;0.00
0.27;10.41;45.25;3619.82;2119.60;-1500.22;0.00
0.25;14.12;41.95;3356.10;2244.99;-1111.11;0.00
0.25;9.31;39.34;3147.39;1939.93;-1207.46;0.00
0.24;10.00;40.44;3235.39;1945.16;-1290.23;0.00
0.25;9.28;44.87;3589.56;1937.28;-1652.28;0.00
0.19;9.07;35.87;2869.44;1618.05;-1251.39;0.00
0.22;11.26;39.84;3187.15;1881.42;-1305.73;0.00
0.26;10.91;46.10;3687.70;2092.08;-1595.62;0.00
0.28;10.07;43.51;3480.99;2186.15;-1294.83;0.00
0.28;11.14;31.91;2553.05;2238.24;-314.81;0.00
0.25;12.13;35.48;2838.25;2110.92;-727.33;0.00
0.23;10.28;40.11;3209.09;1890.93;-1318.16;0.00
0.24;12.34;34.93;2794.69;2040.66;-754.03;0.00
0.27;7.85;51.87;4149.92;1995.34;-2154.58;0.00
0.29;10.29;37.03;2962.21;2242.60;-719.61;0.00
0.25;10.71;43.14;3451.25;2056.68;-1394.57;0.00
0.23;8.90;42.30;3383.93;1847.64;-1536.30;0.00
0.25;11.45;37.36;2988.52;2081.57;-906.95;0.00
0.28;10.38;36.83;2946.22;2166.15;-780.07;0.00
0.25;9.69;39.22;3137.72;1972.13;-1165.59;0.00
0.25;11.79;39.67;3173.21;2109.17;-1064.03;0.00
0.26;9.14;34.47;2757.37;2004.53;-752.84;0.00
0.24;9.39;39.81;3184.95;1933.85;-1251.09;0.00
0.27;9.32;38.01;3041.19;2075.20;-965.99;0.00
0.27;9.51;41.53;3322.08;2060.72;-1261.36;0.00
0.26;11.23;48.06;3844.48;2109.76;-1734.72;0.00
0.29;10.24;37.44;2995.26;2229.81;-765.45;0.00
0.25;10.30;43.44;3475.15;2012.14;-1463.01;0.00
0.25;10.13;38.51;3080.52;1987.77;-1092.75;0.00
0.27;10.96;42.42;3393.43;2161.30;-1232.13;0.00
0.24;10.81;44.61;3568.80;1966.71;-1602.09;0.00
0.26;9.88;48.45;3875.92;2066.50;-1809.42;0.00
0.30;11.82;45.68;3654.35;2390.62;-1263.73;0.00
0.23;10.75;36.80;2943.96;1947.92;-996.04;0.00
0.23;9.53;45.73;3658.66;1883.73;-1774.93;0.00
0.29;7.87;44.91;3592.68;2114.38;-1478.30;0.00
0.29;11.43;28.91;2313.20;2321.23;8.03;1.00
0.29;11.25;43.83;3506.32;2271.26;-1235.07;0.00
0.22;9.03;40.16;3213.01;1787.65;-1425.36;0.00
0.22;9.74;40.29;3222.87;1781.51;-1441.36;0.00
0.24;12.88;34.02;2721.94;2072.85;-649.09;0.00
0.24;10.66;36.21;2896.60;1977.27;-919.34;0.00
0.22;9.59;41.42;3313.64;1780.01;-1533.62;0.00
0.21;9.58;37.18;2974.10;1743.46;-1230.64;0.00
0.24;8.73;46.58;3726.01;1871.08;-1854.93;0.00
0.24;10.22;32.03;2562.60;1977.02;-585.58;0.00
0.24;11.88;34.41;2752.77;2027.59;-725.18;0.00
0.22;8.62;39.70;3176.13;1761.25;-1414.88;0.00
0.25;9.71;35.49;2839.14;2005.86;-833.28;0.00
0.28;10.76;38.54;3083.32;2218.62;-864.71;0.00
0.26;10.41;45.70;3656.26;2051.38;-1604.87;0.00
0.27;10.48;39.13;3130.79;2151.37;-979.42;0.00
0.27;10.11;45.10;3608.07;2121.48;-1486.58;0.00
0.25;10.56;39.96;3197.17;2034.45;-1162.71;0.00
0.22;8.49;43.62;3489.57;1719.71;-1769.87;0.00
0.20;10.67;46.49;3718.81;1760.49;-1958.31;0.00
0.24;8.94;43.32;3465.34;1907.78;-1557.56;0.00
0.25;8.70;47.75;3819.85;1953.72;-1866.12;0.00
0.23;10.98;40.98;3278.18;1927.36;-1350.82;0.00
0.24;11.34;39.41;3152.46;1987.92;-1164.54;0.00
0.25;10.57;37.88;3030.30;2001.97;-1028.33;0.00
0.29;11.48;43.58;3486.66;2324.00;-1162.67;0.00
0.22;11.14;40.74;3258.87;1884.94;-1373.93;0.00
0.28;11.34;36.59;2927.57;2232.37;-695.21;0.00
0.26;11.40;44.83;3586.29;2132.54;-1453.74;0.00
0.23;10.26;44.64;3571.00;1908.75;-1662.25;0.00
0.25;11.66;41.54;3323.50;2084.76;-1238.74;0.00
0.23;11.34;47.84;3827.51;1933.49;-1894.02;0.00
0.24;8.39;41.91;3352.68;1855.70;-1496.98;0.00
0.22;10.48;38.88;3110.35;1849.83;-1260.52;0.00
0.26;9.59;33.79;2703.28;2047.68;-655.61;0.00
0.26;10.04;37.81;3024.99;2085.78;-939.20;0.00
0.24;9.22;44.95;3596.12;1875.65;-1720.47;0.00
0.26;7.79;35.25;2819.98;1947.97;-872.01;0.00
0.25;9.87;32.35;2588.09;1963.01;-625.08;0.00
0.26;11.75;44.63;3570.07;2178.35;-1391.71;0.00
0.23;11.64;33.96;2716.73;1964.74;-751.99;0.00
0.28;5.51;41.48;3318.50;1912.72;-1405.79;0.00
0.26;10.27;39.29;3143.37;2082.44;-1060.92;0.00
0.23;11.62;42.63;3410.06;1965.64;-1444.42;0.00
0.25;9.44;43.19;3455.45;1984.43;-1471.01;0.00
0.26;10.99;37.63;3010.52;2125.44;-885.08;0.00
0.25;9.83;35.77;2861.90;1975.05;-886.85;0.00
0.24;8.80;44.22;3537.87;1881.42;-1656.45;0.00
0.26;9.76;31.18;2494.47;2070.01;-424.46;0.00
0.24;10.24;33.87;2709.44;1952.50;-756.94;0.00
0.29;10.90;40.40;3231.84;2253.60;-978.25;0.00
0.27;12.22;42.85;3427.81;2211.83;-1215.98;0.00
0.24;9.95;37.56;3004.58;1953.14;-1051.44;0.00
0.29;11.18;38.20;3055.80;2317.10;-738.70;0.00
0.22;11.81;45.27;3621.72;1939.58;-1682.14;0.00
0.26;11.78;34.42;2753.72;2172.96;-580.76;0.00
0.26;9.59;40.39;3231.47;2031.95;-1199.52;0.00
0.21;9.96;32.33;2586.25;1752.36;-833.90;0.00
0.25;8.58;31.89;2551.00;1907.95;-643.05;0.00
0.31;8.88;35.90;2871.86;2311.18;-560.68;0.00
0.27;11.45;35.22;2817.91;2222.14;-595.77;0.00
0.26;10.58;41.95;3356.19;2073.08;-1283.11;0.00
0.26;12.47;37.63;3010.46;2167.00;-843.46;0.00
0.21;8.13;39.52;3161.37;1681.31;-1480.06;0.00
0.24;8.51;44.97;3597.31;1875.33;-1721.98;0.00
0.27;10.16;42.34;3387.05;2150.24;-1236.81;0.00
0.25;11.45;39.17;3133.59;2092.55;-1041.04;0.00
0.23;9.68;39.23;3138.05;1848.08;-1289.97;0.00
0.26;9.79;45.40;3631.78;2030.75;-1601.03;0.00
0.21;10.44;40.89;3271.18;1806.37;-1464.81;0.00
0.22;10.93;39.02;3121.97;1880.65;-1241.32;0.00
0.26;11.28;42.82;3425.85;2100.80;-1325.05;0.00
0.24;9.37;41.91;3352.73;1891.92;-1460.81;0.00
0.26;10.95;40.01;3200.83;2087.51;-1113.32;0.00
0.23;9.31;46.01;3680.53;1841.84;-1838.70;0.00
0.23;10.37;35.80;2864.17;1927.05;-937.13;0.00
0.25;10.69;45.80;3663.76;2058.37;-1605.39;0.00
0.29;11.25;45.26;3621.20;2295.39;-1325.81;0.00
0.26;8.39;36.82;2945.84;1982.66;-963.18;0.00
0.23;10.02;43.95;3515.72;1875.87;-1639.85;0.00
0.20;8.40;38.49;3078.84;1621.67;-1457.17;0.00
0.25;12.48;37.47;2997.71;2107.43;-890.28;0.00
0.29;10.95;35.81;2864.74;2304.64;-560.10;0.00
0.25;12.04;40.68;3254.79;2119.94;-1134.85;0.00
0.19;12.26;42.70;3416.25;1759.66;-1656.59;0.00
0.28;11.52;48.65;3891.61;2274.55;-1617.06;0.00
0.26;10.36;46.28;3702.05;2066.86;-1635.19;0.00
0.28;10.45;40.71;3257.17;2190.04;-1067.12;0.00
0.27;11.34;42.20;3376.33;2208.77;-1167.56;0.00
0.30;11.18;31.35;2508.06;2331.72;-176.34;0.00
0.25;12.26;36.64;2930.90;2121.19;-809.70;0.00
0.25;9.80;35.26;2821.05;2002.53;-818.52;0.00
0.22;11.08;43.41;3472.55;1897.11;-1575.44;0.00
0.24;10.13;44.36;3548.89;1967.10;-1581.79;0.00
0.27;11.22;37.79;3022.88;2156.33;-866.55;0.00
0.25;11.48;37.07;2965.66;2056.25;-909.40;0.00
0.21;10.64;37.26;2980.43;1821.66;-1158.77;0.00
0.23;9.13;30.99;2479.59;1845.01;-634.59;0.00
0.22;10.66;38.03;3042.66;1874.13;-1168.52;0.00
0.25;10.05;38.46;3077.00;1987.74;-1089.27;0.00
0.19;10.11;44.76;3580.73;1671.25;-1909.48;0.00
0.23;11.30;42.35;3387.73;1923.95;-1463.78;0.00
0.23;9.92;41.42;3313.62;1872.15;-1441.46;0.00
0.19;10.46;46.87;3749.64;1684.16;-2065.48;0.00
0.24;11.65;28.50;2280.33;2045.50;-234.83;0.00
0.26;10.87;41.71;3336.82;2121.53;-1215.29;0.00
0.26;10.35;46.88;3750.17;2050.74;-1699.43;0.00
0.25;7.89;34.56;2764.80;1912.82;-851.98;0.00
0.26;8.53;44.02;3521.39;1987.80;-1533.59;0.00
0.27;10.26;43.94;3515.48;2144.49;-1370.99;0.00
0.27;10.99;32.19;2575.36;2176.23;-399.13;0.00
0.21;10.74;40.99;3279.05;1808.33;-1470.72;0.00
0.24;11.06;35.03;2802.55;2015.37;-787.18;0.00
0.26;9.62;41.37;3309.90;2052.69;-1257.22;0.00
0.24;9.19;40.09;3206.88;1874.57;-1332.32;0.00
0.27;11.02;53.49;4279.60;2142.63;-2136.97;0.00
0.25;10.24;36.54;2923.47;2037.03;-886.45;0.00
0.21;11.17;34.31;2744.86;1816.68;-928.18;0.00
0.25;8.95;44.14;3531.52;1941.67;-1589.85;0.00
0.25;11.29;40.33;3226.51;2068.37;-1158.14;0.00
0.27;9.95;39.18;3134.07;2096.45;-1037.62;0.00
0.26;8.96;37.36;2988.98;2015.05;-973.93;0.00
0.26;10.65;34.56;2764.80;2091.62;-673.18;0.00
0.22;9.02;40.19;3215.16;1785.88;-1429.29;0.00
0.25;10.42;30.12;2409.93;1995.02;-414.91;0.00
0.25;10.27;41.63;3330.18;1986.55;-1343.63;0.00
0.29;11.31;44.26;3541.14;2317.11;-1224.04;0.00
0.22;9.41;45.40;3631.67;1780.01;-1851.66;0.00
0.23;12.41;38.96;3117.15;2013.04;-1104.10;0.00
0.23;9.26;39.41;3153.16;1848.00;-1305.15;0.00
0.27;9.70;40.59;3247.17;2083.65;-1163.52;0.00
0.23;10.64;41.51;3321.01;1943.09;-1377.92;0.00
0.26;11.37;35.70;2855.63;2120.87;-734.76;0.00
0.26;10.69;35.78;2862.26;2104.50;-757.76;0.00
0.25;10.52;36.58;2926.35;2003.23;-923.13;0.00
0.24;8.06;37.20;2975.62;1851.15;-1124.47;0.00
0.23;11.15;37.07;2965.44;1945.69;-1019.75;0.00
0.28;11.63;38.50;3080.05;2236.76;-843.29;0.00
0.24;7.15;52.97;4237.85;1772.10;-2465.75;0.00
0.22;9.73;43.17;3453.99;1782.56;-1671.42;0.00
0.25;9.69;41.58;3326.65;1983.72;-1342.93;0.00
0.24;9.87;43.89;3511.46;1922.35;-1589.11;0.00
0.23;8.99;37.53;3002.78;1801.62;-1201.16;0.00
0.28;9.59;45.95;3675.83;2138.07;-1537.76;0.00
0.26;10.63;40.67;3253.33;2087.96;-1165.37;0.00
0.21;10.64;40.69;3254.98;1806.27;-1448.71;0.00
0.26;10.09;43.72;3497.28;2078.66;-1418.62;0.00
0.27;9.31;40.23;3218.27;2049.11;-1169.16;0.00
0.26;10.05;36.27;2901.76;2085.86;-815.90;0.00
0.25;7.52;32.26;2581.15;1873.06;-708.09;0.00
0.23;10.66;37.49;2999.48;1908.90;-1090.58;0.00
0.21;9.05;33.53;2682.56;1726.03;-956.54;0.00
0.29;10.19;44.27;3541.47;2243.19;-1298.28;0.00
0.29;7.98;39.12;3129.74;2128.35;-1001.39;0.00
0.25;8.77;39.48;3158.10;1922.51;-1235.59;0.00
0.24;9.05;41.22;3297.72;1888.98;-1408.74;0.00
0.30;8.07;43.67;3493.31;2175.14;-1318.17;0.00
0.26;9.31;44.69;3574.95;2003.95;-1571.00;0.00
0.24;9.73;43.71;3497.06;1899.90;-1597.16;0.00
0.25;10.22;45.72;3657.44;2030.59;-1626.86;0.00
0.27;10.50;37.96;3036.67;2127.39;-909.28;0.00
0.26;8.69;45.23;3618.35;2011.77;-1606.58;0.00
0.26;7.67;43.28;3462.67;1916.38;-1546.29;0.00
0.23;11.79;37.86;3029.14;1963.03;-1066.10;0.00
0.24;9.53;33.79;2703.03;1889.97;-813.06;0.00
0.25;10.45;46.43;3714.62;1995.95;-1718.68;0.00
0.21;10.50;38.24;3059.25;1792.10;-1267.15;0.00
0.25;11.54;39.68;3174.37;2087.96;-1086.41;0.00
0.23;10.44;34.20;2735.68;1929.11;-806.57;0.00
0.23;9.64;36.81;2944.97;1839.01;-1105.95;0.00
0.24;10.60;38.87;3109.87;1963.67;-1146.20;0.00
0.24;11.45;49.70;3975.88;2018.07;-1957.81;0.00
0.20;10.18;47.56;3805.03;1736.97;-2068.06;0.00
0.29;12.01;44.53;3562.64;2310.64;-1251.99;0.00
0.23;11.44;39.12;3129.63;1966.47;-1163.16;0.00
0.26;8.67;26.67;2133.75;1999.93;-133.83;0.00
0.25;11.23;53.28;4262.72;2076.80;-2185.92;0.00
0.24;10.37;49.75;3979.64;1945.85;-2033.79;0.00
0.29;12.49;31.20;2495.94;2358.85;-137.10;0.00
0.27;10.68;41.08;3286.36;2122.90;-1163.46;0.00
0.29;10.70;43.92;3513.66;2262.11;-1251.56;0.00
0.20;9.35;43.35;3467.61;1684.17;-1783.43;0.00
0.23;11.10;41.62;3329.93;1941.36;-1388.57;0.00
0.30;10.32;45.98;3678.47;2329.50;-1348.96;0.00
0.20;10.10;43.78;3502.36;1734.14;-1768.21;0.00
0.24;8.35;42.41;3392.91;1874.11;-1518.80;0.00
0.24;9.49;23.38;1870.51;1913.51;43.00;1.00
0.24;11.07;44.31;3544.92;2022.88;-1522.03;0.00
0.26;11.68;39.59;3167.02;2122.94;-1044.09;0.00
0.22;8.39;37.97;3037.72;1730.43;-1307.29;0.00
0.30;10.30;40.52;3241.54;2278.70;-962.84;0.00
0.27;9.39;46.59;3727.02;2099.35;-1627.67;0.00
0.21;9.58;42.81;3424.58;1754.96;-1669.62;0.00
0.25;9.00;40.72;3257.42;1934.78;-1322.64;0.00
0.22;10.89;38.28;3062.61;1845.95;-1216.67;0.00
0.22;11.85;35.42;2833.44;1922.86;-910.58;0.00
0.27;11.26;43.33;3466.53;2159.32;-1307.21;0.00
0.24;11.66;44.62;3569.43;2038.07;-1531.36;0.00
0.22;11.08;36.79;2943.25;1906.02;-1037.24;0.00
0.24;12.47;32.70;2616.02;2096.07;-519.95;0.00
0.24;10.30;46.78;3742.26;1962.73;-1779.54;0.00
0.25;11.31;41.52;3321.29;2058.92;-1262.38;0.00
0.27;9.87;53.30;4263.78;2123.56;-2140.22;0.00
0.24;9.44;38.72;3097.56;1893.38;-1204.19;0.00
0.20;9.75;43.53;3482.32;1683.03;-1799.29;0.00
0.23;9.52;39.70;3176.18;1883.69;-1292.49;0.00
0.27;9.90;32.66;2612.84;2105.88;-506.96;0.00
0.26;8.93;39.60;3167.89;1987.89;-1180.00;0.00
0.31;9.41;36.87;2949.47;2296.59;-652.88;0.00
0.26;11.00;35.90;2872.25;2124.69;-747.56;0.00
0.25;10.16;40.98;3278.68;2023.29;-1255.38;0.00
0.32;9.77;35.12;2809.45;2375.23;-434.21;0.00
0.21;10.42;51.07;4085.52;1816.14;-2269.38;0.00
0.24;10.19;36.50;2920.28;1923.87;-996.41;0.00
0.24;10.38;45.13;3610.56;1975.43;-1635.13;0.00
0.25;10.00;37.52;3001.67;2018.95;-982.72;0.00
0.26;10.06;38.64;3091.52;2035.63;-1055.89;0.00
0.21;10.45;37.10;2967.82;1781.53;-1186.29;0.00
0.28;12.60;33.40;2672.27;2287.93;-384.34;0.00
0.26;8.07;43.93;3514.15;1948.39;-1565.76;0.00
0.22;11.64;42.37;3389.75;1929.50;-1460.25;0.00
0.23;10.19;41.03;3282.69;1878.33;-1404.37;0.00
0.25;8.48;44.31;3544.84;1931.02;-1613.82;0.00
0.27;10.25;45.15;3611.93;2150.43;-1461.50;0.00
0.22;9.73;37.35;2987.98;1817.96;-1170.02;0.00
0.24;8.70;33.30;2664.05;1869.03;-795.02;0.00
0.27;9.43;38.84;3107.19;2086.38;-1020.81;0.00
0.28;12.99;34.92;2793.66;2321.64;-472.02;0.00
0.24;11.13;42.57;3405.61;2013.47;-1392.13;0.00
0.28;9.07;40.36;3228.75;2151.82;-1076.93;0.00
0.26;8.49;39.41;3152.53;1954.76;-1197.77;0.00
0.22;10.82;48.43;3874.67;1871.47;-2003.20;0.00
0.28;9.67;35.89;2871.36;2175.77;-695.59;0.00
0.30;9.67;35.33;2826.09;2279.55;-546.53;0.00
0.22;10.81;37.13;2970.80;1875.93;-1094.87;0.00
0.27;8.44;42.85;3427.67;2006.41;-1421.26;0.00
0.27;10.71;36.05;2884.37;2164.71;-719.66;0.00
0.28;10.58;43.30;3463.91;2216.60;-1247.30;0.00
0.22;8.84;36.01;2880.48;1774.36;-1106.12;0.00
0.28;10.07;45.15;3611.68;2164.10;-1447.57;0.00
0.22;9.41;39.58;3166.69;1769.82;-1396.87;0.00
0.27;8.13;43.62;3489.42;2011.12;-1478.30;0.00
0.20;9.35;36.75;2940.06;1663.13;-1276.93;0.00
0.22;12.18;43.15;3452.10;1962.40;-1489.70;0.00
0.23;10.53;39.19;3134.87;1924.58;-1210.29;0.00
0.27;11.62;43.06;3444.64;2206.04;-1238.59;0.00
0.21;10.39;42.72;3417.82;1776.69;-1641.14;0.00
0.27;10.82;40.11;3208.96;2185.66;-1023.30;0.00
0.24;10.60;51.41;4112.52;1945.91;-2166.61;0.00
0.26;10.62;45.43;3634.56;2088.98;-1545.58;0.00
0.25;11.36;41.36;3308.92;2062.80;-1246.12;0.00
0.26;10.08;41.18;3294.46;2032.75;-1261.72;0.00
0.25;11.52;32.04;2563.28;2085.37;-477.90;0.00
0.23;8.49;43.68;3494.44;1782.04;-1712.39;0.00
0.26;10.41;47.69;3815.36;2097.26;-1718.09;0.00
0.23;11.23;48.62;3889.27;1946.43;-1942.83;0.00
0.25;9.12;44.64;3570.89;1949.89;-1621.01;0.00
0.24;9.06;40.06;3205.10;1875.86;-1329.24;0.00
0.26;11.55;39.19;3135.13;2165.55;-969.59;0.00
0.30;11.13;41.58;3326.74;2360.86;-965.88;0.00
0.26;9.54;42.26;3380.99;2013.92;-1367.06;0.00
0.23;9.42;34.54;2763.56;1864.28;-899.28;0.00
0.27;10.60;35.88;2870.51;2171.40;-699.11;0.00
0.22;9.58;32.63;2610.40;1803.09;-807.31;0.00
0.23;9.75;43.30;3463.61;1882.09;-1581.52;0.00
0.25;9.93;32.76;2620.64;1978.95;-641.70;0.00
0.26;9.95;38.69;3095.09;2040.18;-1054.91;0.00
0.27;9.19;36.65;2931.91;2098.28;-833.63;0.00
0.26;9.15;42.85;3428.22;2014.29;-1413.93;0.00
0.28;10.35;40.15;3212.00;2182.89;-1029.11;0.00
0.27;10.90;41.41;3312.55;2186.35;-1126.20;0.00
0.29;12.69;38.40;3071.62;2362.03;-709.58;0.00
0.26;8.70;44.24;3539.01;1997.93;-1541.08;0.00
0.28;11.47;44.88;3590.13;2231.64;-1358.49;0.00
0.23;10.78;45.88;3670.79;1945.88;-1724.91;0.00
0.25;11.27;32.91;2633.13;2089.57;-543.56;0.00
0.22;11.55;45.70;3655.64;1929.74;-1725.91;0.00
0.23;11.84;45.94;3675.33;1977.68;-1697.66;0.00
0.25;9.38;44.51;3560.43;1946.41;-1614.03;0.00
0.24;7.98;50.54;4042.99;1857.39;-2185.60;0.00
0.24;12.19;39.88;3190.52;2058.00;-1132.52;0.00
0.21;9.68;33.21;2657.18;1750.76;-906.42;0.00
0.28;9.92;41.11;3288.73;2169.51;-1119.22;0.00
0.23;11.51;41.19;3294.84;1984.46;-1310.38;0.00
0.27;10.16;38.74;3099.21;2109.14;-990.07;0.00
0.24;10.96;47.47;3797.37;1995.47;-1801.91;0.00
0.21;9.88;47.33;3786.13;1780.85;-2005.28;0.00
0.21;9.90;32.68;2614.66;1786.62;-828.03;0.00
0.24;8.09;39.57;3165.52;1824.71;-1340.81;0.00
0.21;9.39;41.48;3318.65;1706.72;-1611.93;0.00
0.24;11.23;40.53;3242.59;2003.87;-1238.72;0.00
0.24;8.37;43.59;3487.54;1873.76;-1613.78;0.00
0.27;9.90;40.34;3226.84;2084.81;-1142.02;0.00
0.25;11.14;41.66;3332.98;2079.28;-1253.71;0.00
0.21;10.79;40.53;3242.57;1790.80;-1451.77;0.00
0.26;8.89;47.50;3799.80;1969.46;-1830.34;0.00
0.22;10.01;34.13;2730.32;1849.38;-880.93;0.00
0.21;8.89;37.81;3025.05;1675.79;-1349.26;0.00
0.22;8.65;39.15;3132.13;1724.49;-1407.64;0.00
0.24;8.45;41.58;3326.59;1838.28;-1488.31;0.00
0.25;10.71;41.39;3311.14;2013.26;-1297.88;0.00
0.31;11.52;37.26;2980.94;2449.17;-531.77;0.00
0.24;9.23;37.29;2983.48;1921.69;-1061.80;0.00
0.27;10.74;37.02;2961.40;2150.33;-811.07;0.00
0.25;9.41;40.50;3239.62;1946.94;-1292.68;0.00
0.26;11.98;39.87;3189.99;2152.20;-1037.79;0.00
0.21;8.75;30.61;2448.60;1681.41;-767.19;0.00
0.26;10.03;44.09;3527.48;2052.23;-1475.25;0.00
0.24;9.11;40.37;3229.31;1910.51;-1318.80;0.00
0.21;8.23;39.10;3128.08;1666.95;-1461.13;0.00
0.30;10.47;36.04;2882.85;2314.15;-568.70;0.00
0.29;11.18;39.76;3180.46;2296.44;-884.02;0.00
0.21;10.33;40.75;3259.91;1776.86;-1483.05;0.00
0.24;8.49;32.77;2621.65;1847.30;-774.35;0.00
0.22;10.91;36.57;2925.27;1883.73;-1041.54;0.00
0.29;12.23;46.12;3689.79;2354.89;-1334.90;0.00
0.26;9.87;32.12;2569.88;2051.78;-518.10;0.00
0.25;9.42;37.98;3038.16;1964.12;-1074.04;0.00
0.25;11.77;44.59;3567.14;2093.04;-1474.11;0.00
0.23;11.07;38.05;3043.68;1930.70;-1112.98;0.00
0.29;8.59;41.35;3307.96;2171.60;-1136.36;0.00
0.22;9.23;34.15;2732.30;1802.67;-929.63;0.00
0.27;9.62;35.79;2863.26;2072.40;-790.86;0.00
0.27;9.89;38.34;3067.14;2100.35;-966.79;0.00
0.24;8.25;45.31;3625.02;1833.19;-1791.83;0.00
0.28;10.94;42.55;3403.61;2245.46;-1158.15;0.00
0.22;10.48;45.61;3648.83;1872.60;-1776.23;0.00
0.23;9.87;46.35;3708.36;1880.47;-1827.89;0.00
0.25;9.55;46.83;3746.29;1967.08;-1779.21;0.00
0.24;9.54;41.12;3289.86;1915.17;-1374.69;0.00
0.23;7.62;30.89;2471.30;1756.38;-714.92;0.00
0.24;10.48;41.59;3327.21;1987.54;-1339.67;0.00
0.24;10.95;43.19;3455.15;2016.73;-1438.42;0.00
0.24;10.20;25.52;2041.79;1961.21;-80.58;0.00
0.25;10.56;40.39;3231.30;2019.67;-1211.63;0.00
0.21;10.69;40.31;3224.49;1775.38;-1449.12;0.00
0.24;10.49;39.02;3121.96;1940.23;-1181.73;0.00
0.26;9.36;40.57;3245.89;2029.38;-1216.51;0.00
