# X_0;X_1;X_2;R_0;S_0;G_0;I_0
0.28;11.13;39.05;3123.87;2210.31;-913.56;0.00
0.28;8.95;44.27;3541.92;2093.86;-1448.06;0.00
0.26;9.85;39.13;3130.21;2028.39;-1101.81;0.00
0.27;10.03;35.97;2877.60;2102.40;-775.20;0.00
0.28;11.22;33.55;2684.32;2228.51;-455.80;0.00
0.25;12.31;42.16;3373.13;2117.36;-1255.77;0.00
0.24;10.73;39.67;3173.28;1985.18;-1188.10;0.00
0.26;9.82;40.19;3214.91;2061.34;-1153.57;0.00
0.28;10.43;40.34;3226.90;2222.03;-1004.87;0.00
0.24;11.90;42.70;3416.02;2048.14;-1367.88;0.00
0.26;10.19;33.57;2685.97;2083.37;-602.60;0.00
0.23;11.02;35.39;2830.87;1913.02;-917.85;0.00
0.26;10.44;27.28;2182.74;2059.21;-123.53;0.00
0.23;9.64;33.64;2690.89;1842.91;-847.98;0.00
0.25;10.65;35.45;2835.77;2057.30;-778.47;0.00
0.25;9.89;38.12;3049.85;2011.53;-1038.32;0.00
0.27;9.43;42.64;3411.18;2054.74;-1356.44;0.00
0.21;9.64;34.31;2744.75;1773.71;-971.04;0.00
0.30;9.53;43.56;3484.57;2275.71;-1208.86;0.00
0.29;12.20;37.66;3012.82;2343.55;-669.27;0.00
0.19;10.02;37.69;3014.90;1634.72;-1380.18;0.00
0.26;9.15;40.41;3232.86;2003.95;-1228.91;0.00
0.23;11.77;35.71;2856.71;1995.05;-861.66;0.00
0.26;9.17;33.89;2711.54;2002.21;-709.33;0.00
0.26;10.51;38.62;3089.51;2071.21;-1018.30;0.00
0.22;10.50;36.04;2883.22;1838.22;-1045.01;0.00
0.28;9.97;34.85;2787.97;2161.51;-626.46;0.00
0.20;7.89;34.34;2747.18;1572.71;-1174.47;0.00
0.23;11.05;34.41;2752.44;1960.14;-792.30;0.00
0.27;8.67;46.69;3735.10;2013.91;-1721.18;0.00
0.22;10.77;46.22;3697.72;1842.15;-1855.57;0.00
0.27;6.85;39.00;3120.18;1924.52;-1195.65;0.00
0.29;9.53;37.92;3033.22;2206.64;-826.58;0.00
0.24;10.25;36.83;2946.66;1981.70;-964.96;0.00
0.30;9.58;42.70;3416.16;2250.46;-1165.70;0.00
0.24;12.23;43.83;3506.59;2057.65;-1448.93;0.00
0.27;11.38;45.67;3653.83;2175.68;-1478.14;0.00
0.28;10.91;48.36;3868.51;2204.14;-1664.37;0.00
0.26;8.64;43.43;3474.31;1982.33;-1491.99;0.00
0.23;9.75;35.79;2863.45;1894.04;-969.41;0.00
0.22;10.62;34.41;2752.65;1882.64;-870.01;0.00
0.25;9.98;28.48;2278.72;1992.09;-286.63;0.00
0.23;10.01;37.05;2963.78;1907.64;-1056.14;0.00
0.23;11.58;39.31;3145.05;1968.30;-1176.75;0.00
0.25;10.42;30.47;2437.51;2048.39;-389.12;0.00
0.27;9.05;33.31;2664.50;2057.61;-606.89;0.00
0.24;10.18;43.20;3455.87;1944.43;-1511.43;0.00
0.28;11.75;33.90;2711.84;2262.35;-449.50;0.00
0.21;9.46;35.38;2830.37;1721.40;-1108.98;0.00
0.25;7.45;44.99;3598.94;1853.33;-1745.61;0.00
0.24;11.90;46.76;3740.94;2017.63;-1723.31;0.00
0.26;11.42;40.01;3200.73;2127.95;-1072.78;0.00
0.29;10.62;42.88;3430.51;2255.52;-1174.99;0.00
0.23;9.71;39.98;3198.07;1861.53;-1336.53;0.00
0.22;9.67;42.70;3416.07;1816.91;-1599.16;0.00
0.26;9.06;52.11;4168.92;2030.48;-2138.44;0.00
0.22;10.11;45.65;3652.37;1837.31;-1815.06;0.00
0.25;14.34;38.05;3043.64;2221.39;-822.25;0.00
0.22;10.07;37.26;2981.20;1834.96;-1146.23;0.00
0.22;9.62;41.77;3341.94;1792.35;-1549.59;0.00
0.25;10.87;42.21;3376.58;2059.81;-1316.77;0.00
0.26;10.96;41.87;3349.88;2124.70;-1225.17;0.00
0.25;9.33;42.14;3371.53;1970.44;-1401.09;0.00
0.24;9.61;42.80;3423.66;1898.61;-1525.05;0.00
0.22;9.15;44.16;3532.92;1774.51;-1758.41;0.00
0.22;10.21;39.28;3142.43;1824.26;-1318.17;0.00
0.29;12.55;42.15;3372.18;2360.83;-1011.35;0.00
0.25;12.10;38.41;3072.46;2138.94;-933.52;0.00
0.25;11.95;35.28;2822.46;2079.85;-742.61;0.00
0.20;10.16;45.99;3679.50;1721.18;-1958.32;0.00
0.27;8.90;40.96;3276.62;2053.62;-1223.00;0.00
0.27;11.54;44.47;3557.64;2199.75;-1357.89;0.00
0.23;10.47;42.42;3393.38;1891.52;-1501.86;0.00
0.31;10.32;43.20;3456.15;2340.49;-1115.66;0.00
0.21;10.89;33.12;2649.92;1809.95;-839.97;0.00
0.27;8.65;44.05;3524.18;2035.08;-1489.10;0.00
0.24;8.72;40.56;3244.46;1864.62;-1379.84;0.00
0.24;11.30;32.70;2616.01;2032.82;-583.19;0.00
0.22;11.39;38.02;3041.56;1897.54;-1144.02;0.00
0.21;10.10;43.42;3473.23;1742.33;-1730.90;0.00
0.23;11.98;32.87;2629.53;2002.65;-626.88;0.00
0.26;10.15;41.21;3296.60;2040.44;-1256.17;0.00
0.25;11.10;42.96;3436.95;2065.56;-1371.39;0.00
0.26;9.40;42.41;3392.61;2033.20;-1359.41;0.00
0.23;11.56;44.44;3555.43;1964.02;-1591.41;0.00
0.29;9.92;48.63;3890.74;2216.99;-1673.74;0.00
0.31;9.34;45.51;3640.47;2337.30;-1303.18;0.00
0.24;7.53;42.26;3380.68;1833.96;-1546.72;0.00
0.24;10.14;42.28;3382.11;1921.35;-1460.75;0.00
0.25;11.99;43.94;3515.58;2125.73;-1389.85;0.00
0.32;9.31;43.75;3499.66;2360.27;-1139.39;0.00
0.25;9.44;46.61;3728.93;1955.95;-1772.98;0.00
0.25;10.83;46.99;3759.27;2017.86;-1741.42;0.00
0.24;10.42;42.34;3387.49;1985.40;-1402.08;0.00
0.23;11.38;39.87;3189.35;1938.97;-1250.38;0.00
0.26;10.14;35.20;2816.03;2040.52;-775.52;0.00
0.27;11.02;41.05;3283.81;2164.99;-1118.82;0.00
0.27;9.39;47.65;3812.01;2082.57;-1729.45;0.00
0.23;9.82;37.75;3019.79;1846.41;-1173.38;0.00
0.23;11.61;42.63;3410.02;1962.22;-1447.80;0.00
0.22;10.01;38.53;3082.28;1842.74;-1239.54;0.00
0.24;10.76;43.24;3459.01;1952.53;-1506.47;0.00
0.29;9.70;42.43;3394.46;2218.54;-1175.93;0.00
0.24;10.33;38.47;3077.63;1969.76;-1107.86;0.00
0.23;8.46;39.76;3180.96;1776.01;-1404.95;0.00
0.25;12.23;32.03;2562.38;2104.71;-457.68;0.00
0.25;10.63;33.59;2686.91;2036.02;-650.89;0.00
0.24;10.51;35.09;2807.60;1978.66;-828.94;0.00
0.27;9.02;33.45;2675.89;2057.21;-618.67;0.00
0.22;10.55;48.14;3851.11;1852.49;-1998.61;0.00
0.27;8.65;37.88;3030.59;2017.00;-1013.60;0.00
0.25;10.92;43.36;3468.50;2040.89;-1427.61;0.00
0.24;10.18;46.73;3738.17;1967.94;-1770.24;0.00
0.24;10.43;38.96;3116.44;1952.38;-1164.06;0.00
0.24;11.37;39.61;3168.85;2034.31;-1134.53;0.00
0.26;9.99;29.50;2360.20;2069.20;-291.01;0.00
0.30;9.13;38.70;3095.73;2264.92;-830.81;0.00
0.24;10.76;40.47;3237.86;2003.30;-1234.56;0.00
0.27;9.89;36.41;2912.94;2107.85;-805.09;0.00
0.22;10.53;36.46;2917.11;1844.52;-1072.60;0.00
0.19;10.81;48.14;3851.19;1709.82;-2141.37;0.00
0.25;9.07;41.87;3349.33;1926.23;-1423.10;0.00
0.26;10.10;36.36;2908.82;2056.18;-852.64;0.00
0.28;8.67;45.80;3664.33;2087.38;-1576.95;0.00
0.23;11.32;34.68;2774.32;1979.19;-795.12;0.00
0.25;8.97;46.23;3698.25;1913.73;-1784.52;0.00
0.23;8.41;35.03;2802.56;1795.80;-1006.75;0.00
0.25;9.75;41.97;3357.45;1988.57;-1368.88;0.00
0.23;10.64;53.31;4265.06;1899.79;-2365.27;0.00
0.23;7.63;45.16;3612.46;1764.02;-1848.43;0.00
0.27;11.47;36.80;2944.19;2181.05;-763.15;0.00
0.24;9.29;40.16;3212.50;1906.02;-1306.47;0.00
0.23;10.86;41.04;3283.49;1943.14;-1340.35;0.00
0.24;10.50;41.52;3321.98;1949.76;-1372.22;0.00
0.24;9.88;38.43;3074.31;1945.78;-1128.52;0.00
0.22;11.86;39.82;3185.64;1903.93;-1281.70;0.00
0.22;9.97;39.60;3167.94;1846.24;-1321.70;0.00
0.32;10.57;43.49;3479.29;2421.06;-1058.23;0.00
0.27;8.46;39.92;3193.88;2042.29;-1151.59;0.00
0.27;9.62;36.16;2893.15;2122.90;-770.24;0.00
0.23;9.78;44.74;3578.86;1842.47;-1736.39;0.00
0.23;8.97;39.94;3195.21;1822.91;-1372.30;0.00
0.26;10.43;43.44;3475.52;2052.14;-1423.38;0.00
0.21;10.38;38.44;3075.35;1802.63;-1272.72;0.00
0.23;10.05;47.26;3780.59;1871.23;-1909.37;0.00
0.21;10.32;36.81;2944.80;1787.20;-1157.61;0.00
0.24;9.25;45.08;3606.10;1919.85;-1686.25;0.00
0.23;10.34;34.33;2746.18;1890.96;-855.21;0.00
0.25;9.82;40.22;3217.24;1977.06;-1240.18;0.00
0.24;10.08;42.69;3415.19;1962.21;-1452.98;0.00
0.22;8.76;34.70;2776.15;1734.26;-1041.89;0.00
0.27;8.79;38.34;3067.24;2075.68;-991.56;0.00
0.25;8.16;38.51;3080.63;1917.08;-1163.54;0.00
0.25;11.06;40.43;3234.57;2060.75;-1173.82;0.00
0.22;11.56;35.34;2827.54;1907.60;-919.93;0.00
0.29;10.51;41.00;3279.64;2259.31;-1020.34;0.00
0.22;11.06;36.82;2945.31;1867.50;-1077.81;0.00
0.21;9.56;45.18;3614.64;1720.76;-1893.88;0.00
0.22;8.00;43.19;3455.24;1741.02;-1714.22;0.00
0.25;10.92;44.42;3553.87;2024.62;-1529.25;0.00
0.26;11.74;34.68;2774.79;2129.98;-644.81;0.00
0.30;10.31;40.16;3212.46;2286.61;-925.85;0.00
0.29;10.36;35.57;2845.92;2235.41;-610.51;0.00
0.27;8.87;39.30;3144.15;2075.99;-1068.16;0.00
0.29;10.55;39.75;3179.64;2233.96;-945.69;0.00
0.24;10.96;39.72;3177.85;1966.94;-1210.91;0.00
0.25;7.97;42.44;3394.86;1893.06;-1501.80;0.00
0.23;10.84;34.98;2798.50;1948.82;-849.68;0.00
0.29;10.20;29.99;2399.32;2261.13;-138.19;0.00
0.24;10.46;41.07;3285.53;1969.44;-1316.09;0.00
0.24;11.87;45.58;3646.50;2058.46;-1588.04;0.00
0.21;12.12;39.61;3168.96;1896.58;-1272.38;0.00
0.27;10.82;39.59;3167.53;2171.36;-996.17;0.00
0.24;9.90;38.05;3043.81;1945.80;-1098.01;0.00
0.27;9.05;48.09;3847.56;2078.60;-1768.96;0.00
0.27;9.31;39.58;3166.19;2087.15;-1079.04;0.00
0.21;12.17;31.87;2549.61;1879.61;-670.00;0.00
0.25;9.12;40.74;3259.57;1950.51;-1309.06;0.00
0.24;9.82;48.81;3904.43;1953.68;-1950.74;0.00
0.21;9.15;39.17;3133.90;1743.13;-1390.78;0.00
0.31;11.37;43.94;3515.14;2429.65;-1085.50;0.00
0.27;9.19;35.37;2829.23;2059.29;-769.94;0.00
0.26;9.35;34.79;2782.91;2026.53;-756.38;0.00
0.24;10.53;44.00;3520.08;1959.70;-1560.38;0.00
0.24;10.72;46.63;3730.59;2005.71;-1724.87;0.00
0.22;10.61;41.70;3335.84;1871.41;-1464.43;0.00
0.20;9.84;31.90;2551.87;1716.11;-835.77;0.00
0.22;11.96;37.15;2972.19;1946.76;-1025.42;0.00
0.23;9.38;38.00;3039.98;1839.54;-1200.44;0.00
0.27;9.30;40.75;3259.64;2087.96;-1171.68;0.00
0.31;11.41;47.19;3775.50;2423.31;-1352.19;0.00
0.25;11.04;33.37;2669.64;2039.97;-629.67;0.00
0.27;10.65;43.04;3443.44;2150.08;-1293.36;0.00
0.24;8.86;40.53;3242.17;1904.04;-1338.13;0.00
0.20;12.07;39.77;3181.50;1828.54;-1352.96;0.00
0.25;10.78;29.75;2380.09;2058.22;-321.88;0.00
0.27;10.33;36.96;2956.63;2125.42;-831.21;0.00
0.25;9.82;29.75;2379.69;1981.94;-397.76;0.00
0.25;10.12;43.46;3476.42;1982.32;-1494.10;0.00
0.26;12.22;41.65;3332.16;2169.47;-1162.69;0.00
0.24;11.32;39.39;3150.88;2020.55;-1130.33;0.00
0.26;11.73;41.71;3336.51;2135.49;-1201.02;0.00
0.26;10.50;41.38;3310.10;2103.29;-1206.81;0.00
0.27;11.33;43.22;3457.59;2209.86;-1247.73;0.00
0.27;9.83;44.78;3582.23;2100.87;-1481.36;0.00
0.26;9.90;44.65;3572.06;2052.62;-1519.45;0.00
0.26;9.83;39.84;3187.55;2062.04;-1125.51;0.00
0.21;9.09;40.16;3212.70;1700.12;-1512.59;0.00
0.27;8.40;37.46;2997.12;2045.62;-951.50;0.00
0.30;8.91;38.35;3068.07;2248.96;-819.12;0.00
0.24;8.71;43.20;3456.25;1871.87;-1584.37;0.00
0.25;11.22;38.63;3090.52;2035.55;-1054.97;0.00
0.28;11.59;42.16;3372.40;2237.52;-1134.89;0.00
0.28;10.02;39.57;3165.45;2192.29;-973.16;0.00
0.24;10.62;35.26;2820.71;1984.42;-836.28;0.00
0.24;9.84;32.91;2633.13;1935.23;-697.90;0.00
0.24;10.27;33.51;2680.97;1971.37;-709.60;0.00
0.26;8.21;41.00;3279.92;1943.07;-1336.85;0.00
0.24;10.49;44.52;3561.67;1945.94;-1615.73;0.00
0.26;11.29;38.78;3102.02;2105.69;-996.32;0.00
0.26;9.81;38.19;3055.14;2072.26;-982.88;0.00
0.28;11.74;36.83;2946.67;2258.59;-688.08;0.00
0.30;10.18;29.73;2378.42;2301.56;-76.85;0.00
0.19;9.14;41.59;3327.37;1628.48;-1698.89;0.00
0.22;10.41;32.72;2617.65;1860.37;-757.27;0.00
0.31;12.03;37.49;2999.06;2437.72;-561.34;0.00
0.28;10.32;26.91;2152.66;2185.65;32.99;1.00
0.25;11.80;40.67;3253.43;2082.95;-1170.48;0.00
0.28;10.26;53.21;4256.74;2178.62;-2078.12;0.00
0.23;11.28;41.95;3355.77;1933.42;-1422.34;0.00
0.27;8.26;30.72;2457.74;2015.60;-442.14;0.00
0.26;11.20;33.40;2672.34;2134.49;-537.85;0.00
0.24;10.16;35.70;2855.76;1953.73;-902.03;0.00
0.22;9.56;52.60;4208.19;1807.44;-2400.75;0.00
0.21;8.52;44.35;3548.33;1686.78;-1861.55;0.00
0.22;11.30;44.00;3519.87;1894.25;-1625.62;0.00
0.25;8.93;44.90;3591.73;1922.99;-1668.74;0.00
0.27;10.41;42.00;3359.99;2126.99;-1233.00;0.00
0.23;10.32;35.66;2853.04;1880.89;-972.15;0.00
0.23;10.03;48.39;3871.07;1893.94;-1977.13;0.00
0.26;9.59;43.63;3490.54;2035.41;-1455.13;0.00
0.25;9.18;35.34;2827.53;1931.02;-896.51;0.00
0.23;7.65;39.69;3174.93;1738.18;-1436.75;0.00
0.28;10.77;41.44;3315.42;2199.92;-1115.50;0.00
0.26;10.35;46.26;3700.45;2060.58;-1639.87;0.00
0.23;10.24;38.93;3114.11;1898.46;-1215.65;0.00
0.28;10.20;35.70;2855.78;2154.98;-700.79;0.00
0.26;8.61;37.94;3035.56;1973.11;-1062.45;0.00
0.23;7.66;38.76;3100.43;1752.99;-1347.45;0.00
0.26;8.69;42.73;3418.39;1979.72;-1438.68;0.00
0.28;9.81;42.66;3412.88;2137.77;-1275.11;0.00
0.27;10.25;37.97;3037.56;2111.82;-925.74;0.00
0.24;11.19;35.15;2812.28;1998.82;-813.46;0.00
0.27;8.84;42.39;3391.21;2048.52;-1342.68;0.00
0.24;8.65;36.71;2937.11;1874.09;-1063.02;0.00
0.25;10.77;41.37;3309.36;2023.90;-1285.46;0.00
0.24;10.22;53.40;4272.17;1938.91;-2333.26;0.00
0.27;7.73;40.63;3250.45;1976.03;-1274.42;0.00
0.22;8.69;50.16;4013.06;1746.44;-2266.62;0.00
0.24;11.26;39.77;3181.71;2024.76;-1156.95;0.00
0.29;8.56;44.42;3553.33;2141.90;-1411.43;0.00
0.25;8.07;45.05;3603.80;1903.22;-1700.57;0.00
0.28;9.22;39.05;3123.91;2126.64;-997.27;0.00
0.27;10.23;46.97;3757.76;2130.26;-1627.50;0.00
0.28;9.41;43.79;3503.15;2138.93;-1364.22;0.00
0.23;11.08;43.88;3510.68;1937.05;-1573.63;0.00
0.23;8.81;43.39;3470.83;1810.42;-1660.40;0.00
0.24;10.13;31.35;2508.19;1943.79;-564.39;0.00
0.29;11.45;46.54;3723.53;2282.22;-1441.30;0.00
0.27;12.38;36.16;2892.90;2250.01;-642.89;0.00
0.25;9.68;37.82;3025.46;2009.14;-1016.33;0.00
0.26;9.84;38.14;3050.96;2048.58;-1002.39;0.00
0.26;10.45;39.05;3124.18;2062.43;-1061.75;0.00
0.21;10.04;38.64;3090.98;1752.16;-1338.82;0.00
0.24;9.93;35.98;2878.53;1952.44;-926.09;0.00
0.24;11.16;43.83;3506.75;2001.10;-1505.65;0.00
0.24;10.82;39.38;3150.62;2003.95;-1146.67;0.00
0.29;10.25;39.95;3195.98;2261.49;-934.49;0.00
0.23;10.08;39.66;3172.66;1907.63;-1265.03;0.00
0.22;11.10;44.01;3521.15;1868.95;-1652.21;0.00
0.29;8.97;40.09;3207.29;2193.38;-1013.91;0.00
0.27;8.67;36.84;2947.30;2042.18;-905.12;0.00
0.23;8.13;44.10;3528.26;1798.95;-1729.31;0.00
0.20;10.10;33.76;2700.81;1712.27;-988.55;0.00
0.29;10.28;40.15;3212.06;2261.46;-950.60;0.00
0.23;8.61;42.64;3411.39;1804.26;-1607.14;0.00
0.24;10.80;43.54;3483.05;1988.24;-1494.81;0.00
0.25;9.74;44.71;3576.86;1990.74;-1586.12;0.00
0.23;10.85;36.67;2933.76;1930.87;-1002.89;0.00
0.23;11.43;41.21;3296.62;1931.16;-1365.47;0.00
0.29;9.64;40.41;3233.04;2206.11;-1026.93;0.00
0.21;8.86;43.10;3448.12;1690.55;-1757.57;0.00
0.28;10.98;32.67;2613.58;2237.57;-376.01;0.00
0.22;8.86;36.05;2884.02;1736.26;-1147.76;0.00
0.29;10.08;34.66;2772.48;2212.19;-560.29;0.00
0.27;10.28;40.79;3263.59;2132.99;-1130.60;0.00
0.26;12.08;43.42;3473.44;2152.42;-1321.02;0.00
0.25;11.10;35.23;2818.64;2033.34;-785.30;0.00
0.29;9.52;43.04;3443.48;2207.33;-1236.15;0.00
0.25;10.58;48.42;3873.49;2001.26;-1872.23;0.00
0.22;11.69;35.10;2808.17;1930.41;-877.76;0.00
0.27;10.97;38.84;3107.09;2139.27;-967.81;0.00
0.23;10.41;36.79;2943.00;1880.14;-1062.85;0.00
0.25;9.80;38.37;3069.74;1981.79;-1087.95;0.00
0.22;11.83;41.66;3332.66;1931.62;-1401.04;0.00
0.24;9.97;36.91;2952.63;1925.91;-1026.72;0.00
0.23;8.94;45.30;3623.64;1834.77;-1788.87;0.00
0.25;9.38;50.99;4079.14;1945.53;-2133.61;0.00
0.22;9.80;42.71;3416.75;1834.94;-1581.81;0.00
0.22;10.25;52.06;4164.64;1810.78;-2353.86;0.00
0.21;9.26;39.07;3125.51;1717.23;-1408.28;0.00
0.24;11.46;40.56;3244.84;2002.75;-1242.09;0.00
0.26;9.58;51.47;4117.37;2024.44;-2092.94;0.00
0.28;8.85;39.59;3167.13;2088.18;-1078.95;0.00
0.24;9.28;37.46;2997.08;1920.30;-1076.78;0.00
0.20;9.28;41.67;3333.62;1686.72;-1646.91;0.00
0.22;12.84;40.65;3252.25;1987.19;-1265.06;0.00
0.27;11.54;48.71;3896.78;2169.94;-1726.84;0.00
0.30;11.77;36.73;2938.79;2406.15;-532.64;0.00
0.25;8.85;35.68;2854.45;1934.68;-919.77;0.00
0.26;10.02;29.48;2358.03;2039.57;-318.46;0.00
0.25;9.06;35.78;2862.10;1944.84;-917.26;0.00
0.26;9.28;44.25;3539.92;2017.21;-1522.72;0.00
0.24;10.56;45.07;3605.41;1983.81;-1621.61;0.00
0.25;9.17;38.89;3111.55;1979.84;-1131.71;0.00
0.28;10.48;37.73;3018.65;2191.22;-827.43;0.00
0.23;9.22;37.03;2962.36;1847.85;-1114.52;0.00
0.22;10.60;40.47;3237.48;1884.67;-1352.81;0.00
0.28;10.16;49.10;3928.28;2177.21;-1751.07;0.00
0.28;10.10;44.17;3533.45;2151.77;-1381.68;0.00
0.26;12.48;47.73;3818.45;2170.93;-1647.52;0.00
0.26;10.21;40.92;3273.21;2051.51;-1221.70;0.00
0.22;10.28;39.05;3124.00;1827.96;-1296.04;0.00
0.27;11.04;45.50;3639.83;2189.37;-1450.46;0.00
0.22;11.65;35.83;2866.15;1939.87;-926.28;0.00
0.27;11.50;33.46;2676.57;2188.47;-488.10;0.00
0.24;11.52;40.00;3199.82;2016.04;-1183.79;0.00
0.24;12.64;32.78;2622.72;2107.53;-515.19;0.00
0.28;9.62;47.14;3771.08;2150.23;-1620.85;0.00
0.26;11.06;33.46;2677.11;2089.10;-588.01;0.00
0.23;11.46;50.65;4051.67;1979.47;-2072.20;0.00
0.25;8.56;39.85;3187.82;1910.49;-1277.33;0.00
0.27;9.29;39.50;3159.99;2059.18;-1100.81;0.00
0.26;10.52;37.85;3028.28;2067.12;-961.16;0.00
0.26;11.13;32.25;2580.18;2132.36;-447.81;0.00
0.29;10.85;44.25;3539.65;2304.85;-1234.79;0.00
0.25;10.17;46.57;3725.66;1994.80;-1730.86;0.00
0.24;11.38;36.07;2885.47;2025.27;-860.20;0.00
0.27;9.53;49.35;3947.85;2084.81;-1863.04;0.00
0.22;8.83;40.29;3223.30;1785.05;-1438.26;0.00
0.23;9.36;29.11;2328.71;1825.23;-503.48;0.00
0.29;10.32;37.44;2994.98;2241.69;-753.29;0.00
0.29;10.50;48.08;3846.14;2247.91;-1598.23;0.00
0.27;9.09;39.09;3127.41;2084.40;-1043.02;0.00
0.23;11.54;41.93;3354.51;1986.20;-1368.31;0.00
0.24;9.01;44.08;3526.54;1905.70;-1620.84;0.00
0.24;8.55;34.90;2791.61;1848.40;-943.21;0.00
0.28;10.05;42.72;3417.82;2167.79;-1250.03;0.00
0.23;9.49;43.18;3454.16;1828.81;-1625.35;0.00
0.29;10.16;40.37;3229.79;2215.72;-1014.07;0.00
0.27;11.87;35.22;2817.24;2244.68;-572.57;0.00
0.25;10.47;41.59;3327.10;2047.64;-1279.46;0.00
0.28;8.84;44.91;3592.64;2129.62;-1463.03;0.00
0.29;9.14;44.60;3567.93;2184.96;-1382.98;0.00
0.22;10.54;37.67;3013.71;1881.21;-1132.50;0.00
0.33;9.63;31.85;2547.63;2425.02;-122.62;0.00
0.31;9.88;43.05;3444.11;2369.84;-1074.27;0.00
0.26;9.83;40.64;3251.40;2036.51;-1214.89;0.00
0.25;10.75;34.54;2762.91;2020.42;-742.49;0.00
0.28;10.97;42.33;3386.68;2202.70;-1183.97;0.00
0.26;9.96;44.88;3590.57;2062.07;-1528.50;0.00
0.28;7.31;33.41;2672.83;2007.55;-665.28;0.00
0.25;9.15;40.50;3240.06;1966.88;-1273.17;0.00
0.22;9.10;33.37;2669.53;1796.63;-872.91;0.00
0.24;9.23;42.23;3378.12;1924.12;-1454.00;0.00
0.28;7.27;44.78;3582.59;2004.63;-1577.96;0.00
0.25;10.18;45.64;3651.31;1986.37;-1664.94;0.00
0.22;11.17;30.75;2460.38;1875.53;-584.85;0.00
0.25;12.04;39.19;3135.21;2136.03;-999.18;0.00
0.24;12.05;43.55;3483.63;2055.46;-1428.17;0.00
0.20;10.52;34.27;2741.84;1728.62;-1013.22;0.00
0.23;11.07;34.99;2799.52;1919.40;-880.12;0.00
0.29;10.70;38.51;3081.05;2250.50;-830.55;0.00
0.29;11.36;38.90;3111.71;2298.72;-812.99;0.00
0.30;8.86;37.62;3009.60;2227.64;-781.95;0.00
0.25;10.53;39.42;3153.72;2012.80;-1140.92;0.00
0.28;10.27;44.19;3535.26;2192.45;-1342.81;0.00
0.21;7.80;52.97;4237.32;1623.30;-2614.02;0.00
0.28;9.41;37.84;3027.20;2149.10;-878.10;0.00
0.22;11.42;41.60;3328.34;1925.51;-1402.83;0.00
0.23;7.43;45.43;3634.12;1752.68;-1881.44;0.00
0.21;12.29;39.67;3173.61;1868.78;-1304.83;0.00
0.20;11.90;40.03;3202.01;1803.53;-1398.48;0.00
0.27;10.62;40.44;3235.47;2159.95;-1075.52;0.00
0.21;10.66;42.79;3422.97;1806.61;-1616.36;0.00
0.23;12.30;34.74;2779.16;2018.09;-761.07;0.00
0.25;9.40;28.04;2243.24;1977.10;-266.15;0.00
0.22;10.91;40.68;3254.41;1883.35;-1371.06;0.00
0.27;8.91;45.51;3640.98;2063.20;-1577.78;0.00
0.23;8.63;38.65;3092.29;1834.41;-1257.88;0.00
0.25;10.45;35.80;2864.02;2045.29;-818.73;0.00
0.24;9.14;42.94;3435.15;1919.01;-1516.14;0.00
0.22;8.33;49.65;3971.85;1723.13;-2248.73;0.00
0.22;10.09;38.79;3102.97;1856.42;-1246.55;0.00
0.23;10.56;44.69;3575.03;1882.45;-1692.58;0.00
0.29;10.22;43.33;3466.29;2217.20;-1249.09;0.00
0.24;9.69;44.74;3579.11;1929.21;-1649.90;0.00
0.29;9.09;31.33;2506.23;2162.45;-343.78;0.00
0.23;9.94;43.07;3445.91;1854.84;-1591.07;0.00
0.26;9.89;34.07;2725.21;2035.60;-689.61;0.00
0.25;11.87;42.32;3385.40;2115.48;-1269.92;0.00
0.21;9.35;40.04;3202.95;1706.60;-1496.35;0.00
0.23;6.99;39.18;3134.45;1736.23;-1398.22;0.00
0.24;11.67;46.67;3733.72;2050.98;-1682.74;0.00
0.27;10.95;38.22;3057.66;2152.17;-905.50;0.00
0.20;10.34;33.14;2651.01;1721.51;-929.50;0.00
0.18;9.86;49.20;3935.72;1609.86;-2325.86;0.00
0.28;9.14;45.00;3599.67;2114.98;-1484.69;0.00
0.26;9.84;48.65;3892.30;2061.06;-1831.23;0.00
0.29;9.80;40.98;3278.59;2220.28;-1058.30;0.00
0.22;8.63;42.77;3421.97;1753.41;-1668.57;0.00
0.27;11.85;40.87;3269.63;2187.30;-1082.33;0.00
0.27;10.84;43.36;3468.44;2172.15;-1296.29;0.00
0.24;10.83;42.02;3361.33;1973.31;-1388.02;0.00
0.20;11.50;43.05;3443.93;1778.52;-1665.41;0.00
0.27;10.17;32.80;2623.65;2125.33;-498.31;0.00
0.25;12.37;37.24;2978.98;2116.82;-862.17;0.00
0.23;10.16;48.37;3869.81;1894.61;-1975.20;0.00
0.20;10.46;39.28;3142.06;1734.62;-1407.45;0.00
0.23;9.32;42.84;3427.35;1855.76;-1571.59;0.00
0.26;11.10;37.03;2962.41;2133.10;-829.31;0.00
0.27;7.17;42.76;3420.81;1957.93;-1462.87;0.00
0.24;11.94;41.17;3293.47;2039.22;-1254.24;0.00
0.25;8.99;41.15;3291.85;1962.20;-1329.65;0.00
0.24;9.71;42.73;3418.68;1952.92;-1465.76;0.00
0.28;11.58;43.54;3482.93;2252.27;-1230.66;0.00
0.27;10.98;44.57;3565.39;2141.39;-1424.00;0.00
0.28;10.28;40.26;3220.54;2165.06;-1055.48;0.00
0.30;9.74;41.33;3306.44;2274.75;-1031.69;0.00
0.25;9.86;40.86;3269.01;1966.40;-1302.61;0.00
0.26;10.92;38.03;3042.41;2131.42;-910.99;0.00
0.30;11.12;33.83;2706.69;2339.29;-367.40;0.00
0.26;10.38;35.37;2829.61;2053.51;-776.11;0.00
0.24;9.58;51.61;4128.41;1930.83;-2197.58;0.00
0.27;10.94;36.26;2901.00;2139.47;-761.53;0.00
0.25;9.50;41.63;3330.20;1971.45;-1358.75;0.00
0.24;7.30;31.98;2558.16;1799.28;-758.88;0.00
0.24;9.28;36.92;2953.59;1910.95;-1042.64;0.00
0.29;10.07;44.45;3556.17;2237.28;-1318.89;0.00
0.31;8.86;39.26;3140.43;2263.84;-876.59;0.00
0.23;11.22;45.02;3601.74;1927.63;-1674.11;0.00
0.26;10.45;42.72;3417.97;2097.12;-1320.85;0.00
0.25;10.27;38.22;3057.64;1993.73;-1063.91;0.00
0.23;9.36;41.37;3309.87;1830.91;-1478.96;0.00
0.24;11.35;38.03;3042.20;2027.61;-1014.58;0.00
0.23;8.84;45.36;3628.60;1840.14;-1788.46;0.00
0.21;9.49;39.04;3123.18;1722.88;-1400.30;0.00
0.23;9.75;42.01;3360.73;1857.78;-1502.96;0.00
0.24;8.95;42.76;3420.55;1891.55;-1529.00;0.00
0.28;8.26;40.84;3267.42;2051.47;-1215.95;0.00
0.28;11.21;43.11;3449.06;2245.35;-1203.71;0.00
0.25;11.44;40.45;3236.02;2084.60;-1151.42;0.00
0.28;10.14;41.02;3281.71;2167.76;-1113.94;0.00
0.25;9.65;46.78;3742.57;1971.96;-1770.61;0.00
0.27;11.14;36.61;2928.93;2201.01;-727.91;0.00
0.26;11.46;32.72;2617.52;2111.95;-505.57;0.00
0.24;9.62;39.06;3125.01;1927.25;-1197.76;0.00
0.23;10.21;49.54;3963.36;1871.44;-2091.92;0.00
0.29;10.57;40.86;3268.46;2235.96;-1032.50;0.00
0.29;12.23;46.31;3704.55;2345.21;-1359.34;0.00
0.27;10.74;40.10;3208.08;2179.83;-1028.26;0.00
0.22;9.28;37.07;2965.88;1809.42;-1156.45;0.00
0.22;11.68;43.98;3518.34;1915.84;-1602.50;0.00
0.25;11.51;37.16;2972.50;2080.51;-892.00;0.00
0.27;11.66;38.27;3061.64;2221.27;-840.37;0.00
0.19;11.23;37.42;2993.34;1737.49;-1255.85;0.00
0.20;9.54;36.69;2935.20;1669.49;-1265.71;0.00
0.27;9.62;39.96;3196.64;2081.16;-1115.48;0.00
0.28;9.79;43.46;3476.82;2143.02;-1333.80;0.00
0.22;8.63;38.67;3093.62;1769.29;-1324.33;0.00
0.27;10.32;39.58;3166.25;2130.54;-1035.72;0.00
0.21;11.26;38.03;3042.79;1820.80;-1221.98;0.00
0.25;9.82;47.20;3776.01;1991.44;-1784.57;0.00
0.24;8.88;44.33;3546.23;1872.97;-1673.25;0.00
0.25;10.49;43.29;3462.95;2012.96;-1450.00;0.00
0.30;9.82;42.88;3430.26;2284.32;-1145.93;0.00
0.25;11.48;35.86;2868.72;2064.01;-804.72;0.00
0.24;8.51;45.45;3636.28;1855.35;-1780.93;0.00
0.26;9.75;40.19;3215.14;2014.63;-1200.50;0.00
0.24;10.99;40.33;3226.35;1978.02;-1248.32;0.00
0.25;11.75;44.77;3581.45;2115.54;-1465.91;0.00
0.24;8.20;32.65;2611.76;1871.50;-740.26;0.00
0.28;9.47;35.74;2858.90;2142.49;-716.41;0.00
0.26;11.50;31.24;2499.46;2149.62;-349.85;0.00
0.25;10.47;38.66;3092.75;2010.45;-1082.31;0.00
0.27;9.64;43.64;3490.91;2105.85;-1385.06;0.00
0.24;9.13;35.15;2811.70;1878.41;-933.30;0.00
0.24;10.67;35.51;2840.42;1969.52;-870.90;0.00
0.23;10.54;46.75;3740.37;1923.26;-1817.11;0.00
0.22;9.31;38.47;3077.27;1798.75;-1278.53;0.00
0.26;9.08;36.29;2902.97;1985.47;-917.51;0.00
0.28;9.88;39.70;3175.95;2155.17;-1020.78;0.00
0.25;9.93;32.89;2631.03;1991.89;-639.14;0.00
0.23;10.30;38.09;3046.95;1903.14;-1143.81;0.00
0.23;11.29;39.76;3180.47;1927.53;-1252.94;0.00
0.28;10.60;40.84;3267.19;2192.75;-1074.44;0.00
0.29;9.02;35.52;2841.87;2163.77;-678.10;0.00
0.28;8.88;40.77;3261.56;2092.48;-1169.08;0.00
0.23;9.97;37.46;2996.96;1896.18;-1100.78;0.00
0.24;11.33;45.36;3628.65;1984.65;-1644.00;0.00
0.27;11.24;37.44;2995.45;2187.88;-807.57;0.00
0.28;11.48;48.64;3890.93;2277.84;-1613.09;0.00
0.29;10.29;40.72;3257.24;2258.07;-999.18;0.00
0.23;9.66;37.57;3005.76;1850.68;-1155.07;0.00
0.23;9.26;45.12;3609.37;1831.41;-1777.96;0.00
0.23;9.71;38.85;3107.87;1856.64;-1251.23;0.00
0.27;9.23;34.30;2744.23;2097.52;-646.71;0.00
0.23;8.50;49.73;3978.27;1791.33;-2186.95;0.00
0.21;8.70;37.71;3017.03;1686.78;-1330.25;0.00
0.25;9.94;41.15;3291.86;1971.33;-1320.52;0.00
0.23;10.11;37.56;3004.89;1908.00;-1096.89;0.00
0.23;9.27;47.64;3811.20;1854.81;-1956.39;0.00
0.29;9.90;44.02;3521.69;2198.18;-1323.51;0.00
0.25;8.34;31.94;2554.85;1933.91;-620.94;0.00
0.28;10.50;41.73;3338.18;2216.48;-1121.70;0.00
0.25;9.74;41.78;3342.19;1962.91;-1379.27;0.00
0.23;8.12;44.81;3584.50;1776.62;-1807.87;0.00
0.27;10.59;43.71;3496.90;2123.32;-1373.58;0.00
0.21;10.83;34.83;2786.01;1819.94;-966.07;0.00
0.25;11.17;37.60;3008.11;2076.52;-931.59;0.00
0.27;10.19;43.89;3511.06;2101.82;-1409.24;0.00
0.28;10.19;39.85;3188.13;2196.67;-991.46;0.00
0.23;10.11;37.82;3026.00;1882.49;-1143.51;0.00
0.25;8.51;41.61;3328.83;1896.29;-1432.54;0.00
0.25;10.47;45.38;3630.38;2018.81;-1611.57;0.00
0.25;9.21;43.14;3451.50;1944.58;-1506.92;0.00
0.26;8.26;40.42;3233.85;1986.53;-1247.32;0.00
0.29;7.82;41.74;3339.21;2098.48;-1240.73;0.00
0.23;7.79;39.02;3121.82;1760.62;-1361.20;0.00
0.26;9.99;29.97;2397.61;2052.32;-345.28;0.00
0.27;11.00;37.17;2973.54;2140.15;-833.39;0.00
0.22;10.15;42.11;3369.11;1853.81;-1515.30;0.00
0.22;9.67;40.97;3277.97;1821.56;-1456.42;0.00
0.23;11.70;35.30;2823.79;1975.65;-848.14;0.00
0.26;12.19;34.84;2787.06;2156.00;-631.06;0.00
0.23;9.06;40.56;3244.95;1815.48;-1429.47;0.00
0.28;8.06;37.13;2970.03;2051.64;-918.39;0.00
0.25;10.21;41.14;3290.83;1989.91;-1300.92;0.00
0.26;10.62;43.38;3470.74;2063.56;-1407.18;0.00
0.29;8.56;36.72;2937.59;2163.08;-774.51;0.00
0.25;12.18;41.96;3356.90;2127.83;-1229.07;0.00
0.24;10.31;46.75;3740.17;1961.34;-1778.83;0.00
0.25;8.80;41.90;3352.27;1954.35;-1397.92;0.00
0.26;10.37;43.32;3465.47;2083.52;-1381.95;0.00
0.26;10.85;45.58;3646.60;2088.93;-1557.67;0.00
0.24;9.51;40.74;3259.41;1896.00;-1363.41;0.00
0.27;13.31;36.32;2905.97;2267.92;-638.06;0.00
0.25;10.70;46.54;3723.22;2043.42;-1679.80;0.00
0.22;7.14;37.81;3024.89;1665.43;-1359.46;0.00
0.26;9.00;34.01;2720.44;1981.80;-738.65;0.00
0.25;10.37;40.68;3254.56;2042.50;-1212.07;0.00
0.22;9.87;39.42;3153.92;1825.87;-1328.05;0.00
0.22;9.95;39.44;3155.49;1809.85;-1345.64;0.00
0.24;9.78;37.28;2982.17;1923.04;-1059.13;0.00
0.23;10.44;37.28;2982.34;1876.66;-1105.68;0.00
0.25;8.85;35.32;2825.89;1933.27;-892.62;0.00
0.24;9.61;39.06;3124.99;1941.30;-1183.69;0.00
0.25;10.20;41.14;3291.52;2008.70;-1282.82;0.00
0.28;10.10;43.51;3480.50;2182.32;-1298.18;0.00
0.25;10.16;27.80;2223.80;2017.79;-206.01;0.00
0.29;8.32;38.13;3050.42;2122.35;-928.07;0.00
0.23;10.13;42.25;3379.78;1880.12;-1499.66;0.00
0.26;12.43;36.04;2883.55;2187.90;-695.65;0.00
0.27;11.10;41.96;3357.00;2188.84;-1168.17;0.00
0.26;9.35;44.06;3524.50;1997.62;-1526.89;0.00
0.28;9.69;42.45;3395.81;2128.39;-1267.42;0.00
0.21;10.41;45.48;3638.55;1786.09;-1852.45;0.00
0.30;9.04;40.87;3269.37;2261.20;-1008.17;0.00
0.23;9.74;46.46;3717.07;1851.60;-1865.47;0.00
0.27;9.13;38.81;3104.44;2088.41;-1016.03;0.00
0.27;10.57;38.79;3102.93;2131.36;-971.57;0.00
0.26;9.77;45.64;3651.02;2066.38;-1584.64;0.00
0.23;10.03;45.97;3677.40;1877.40;-1800.00;0.00
0.27;12.13;41.92;3353.79;2225.73;-1128.06;0.00
0.23;12.20;38.19;3055.18;2008.53;-1046.65;0.00
0.25;8.79;41.65;3331.63;1937.23;-1394.40;0.00
0.30;9.03;45.98;3678.67;2220.73;-1457.94;0.00
0.27;8.73;36.23;2898.04;2063.21;-834.84;0.00
0.24;7.91;40.86;3268.41;1815.88;-1452.54;0.00
0.23;10.80;44.04;3523.11;1917.79;-1605.32;0.00
0.28;9.49;40.74;3259.15;2145.72;-1113.43;0.00
0.25;8.01;37.17;2973.69;1889.54;-1084.15;0.00
0.26;10.49;34.24;2739.13;2053.99;-685.14;0.00
0.23;8.23;42.71;3417.03;1802.08;-1614.95;0.00
0.29;10.46;47.03;3762.75;2237.34;-1525.41;0.00
0.23;8.75;38.08;3046.39;1790.41;-1255.98;0.00
0.29;9.21;42.72;3417.56;2163.03;-1254.53;0.00
0.26;11.14;44.70;3575.99;2104.00;-1471.98;0.00
0.25;10.38;44.55;3564.14;2027.29;-1536.85;0.00
0.22;9.36;31.69;2535.27;1775.79;-759.48;0.00
0.25;10.50;43.32;3465.32;2039.37;-1425.95;0.00
0.28;11.86;40.01;3201.12;2287.41;-913.71;0.00
0.25;10.04;37.24;2979.54;1971.93;-1007.61;0.00
0.24;10.26;38.38;3070.50;1926.45;-1144.05;0.00
0.24;8.14;38.96;3117.16;1866.57;-1250.59;0.00
0.27;11.11;35.83;2866.43;2147.31;-719.12;0.00
0.24;9.36;33.80;2703.98;1920.02;-783.96;0.00
0.26;12.77;36.07;2885.52;2187.01;-698.51;0.00
0.25;11.00;40.97;3277.87;2052.27;-1225.60;0.00
0.28;11.04;39.69;3175.38;2236.77;-938.62;0.00
