# X_0;X_1;X_2;R_0;S_0;G_0;I_0
0.25;9.12;32.61;2608.84;1971.10;-637.74;0.00
0.28;10.72;36.96;2956.54;2213.86;-742.68;0.00
0.25;9.59;40.57;3245.96;1962.70;-1283.27;0.00
0.25;10.60;33.37;2669.39;2017.34;-652.05;0.00
0.25;10.63;39.43;3154.42;2054.06;-1100.36;0.00
0.26;11.18;40.50;3239.83;2107.81;-1132.03;0.00
0.23;10.48;42.25;3380.18;1910.01;-1470.17;0.00
0.19;10.71;37.75;3020.02;1657.48;-1362.54;0.00
0.25;10.76;37.87;3029.29;2039.05;-990.24;0.00
0.23;10.85;43.33;3466.37;1918.50;-1547.88;0.00
0.29;10.31;37.06;2964.75;2219.87;-744.88;0.00
0.26;10.51;40.28;3222.30;2075.24;-1147.06;0.00
0.25;11.75;45.61;3648.56;2104.01;-1544.55;0.00
0.24;13.07;49.55;3963.69;2121.57;-1842.11;0.00
0.25;11.34;45.08;3606.50;2058.54;-1547.96;0.00
0.26;9.23;35.24;2818.99;2013.81;-805.18;0.00
0.25;10.31;46.75;3740.12;2007.97;-1732.15;0.00
0.27;11.05;28.76;2300.68;2180.66;-120.02;0.00
0.21;11.49;45.16;3612.50;1872.64;-1739.85;0.00
0.25;10.21;40.55;3243.97;2008.15;-1235.82;0.00
0.28;9.04;32.15;2571.81;2120.96;-450.85;0.00
0.21;9.20;45.00;3600.34;1708.95;-1891.39;0.00
0.24;9.98;43.57;3485.49;1951.59;-1533.90;0.00
0.23;8.56;46.71;3736.55;1791.10;-1945.45;0.00
0.27;9.64;47.12;3769.88;2089.86;-1680.01;0.00
0.25;9.70;39.21;3136.78;1952.89;-1183.89;0.00
0.23;10.32;47.75;3819.80;1909.24;-1910.55;0.00
0.26;12.44;46.04;3683.10;2196.21;-1486.89;0.00
0.23;12.04;44.64;3571.13;1987.93;-1583.20;0.00
0.23;10.32;40.38;3230.18;1904.51;-1325.67;0.00
0.24;9.68;44.81;3584.83;1933.13;-1651.70;0.00
0.22;9.89;49.74;3979.20;1843.54;-2135.66;0.00
0.28;11.34;47.47;3797.25;2264.96;-1532.28;0.00
0.23;11.12;38.28;3062.56;1943.68;-1118.89;0.00
0.25;9.37;42.88;3430.47;1977.19;-1453.28;0.00
0.25;11.67;31.58;2526.12;2081.00;-445.13;0.00
0.24;8.32;38.75;3100.39;1838.71;-1261.69;0.00
0.28;9.02;45.06;3604.67;2145.36;-1459.31;0.00
0.24;9.93;39.98;3198.09;1949.96;-1248.14;0.00
0.25;11.23;43.45;3476.17;2052.67;-1423.51;0.00
0.25;10.54;41.39;3311.35;2004.30;-1307.05;0.00
0.28;11.08;39.84;3187.50;2235.28;-952.22;0.00
0.23;10.78;37.51;3000.76;1897.83;-1102.93;0.00
0.27;8.39;33.54;2682.99;2010.57;-672.42;0.00
0.21;11.10;36.05;2884.14;1811.36;-1072.78;0.00
0.22;9.03;38.48;3078.31;1784.72;-1293.59;0.00
0.30;10.64;37.15;2971.72;2313.65;-658.07;0.00
0.24;11.62;42.70;3415.75;2038.31;-1377.44;0.00
0.27;10.95;44.09;3526.83;2182.81;-1344.01;0.00
0.29;7.41;46.21;3697.15;2063.37;-1633.78;0.00
0.23;10.37;36.92;2953.37;1899.22;-1054.15;0.00
0.27;11.96;45.27;3621.31;2246.32;-1374.99;0.00
0.24;9.54;41.17;3293.80;1934.92;-1358.88;0.00
0.20;10.74;41.20;3296.29;1774.24;-1522.05;0.00
0.27;10.56;36.58;2926.43;2131.85;-794.57;0.00
0.30;10.13;42.00;3360.12;2294.55;-1065.57;0.00
0.27;7.92;31.26;2501.16;2016.45;-484.71;0.00
0.23;10.72;41.68;3334.43;1892.60;-1441.83;0.00
0.28;9.51;37.78;3022.35;2163.22;-859.13;0.00
0.25;12.87;45.19;3615.15;2125.64;-1489.51;0.00
0.26;9.62;44.45;3556.01;2017.58;-1538.43;0.00
0.23;10.27;41.03;3282.64;1877.87;-1404.77;0.00
0.25;10.75;46.55;3724.16;2028.42;-1695.74;0.00
0.26;9.94;32.29;2583.51;2034.76;-548.76;0.00
0.24;11.59;43.03;3442.43;2044.39;-1398.04;0.00
0.23;9.84;46.52;3721.31;1860.14;-1861.18;0.00
0.24;11.62;43.35;3468.05;2015.93;-1452.12;0.00
0.25;9.03;34.52;2761.99;1967.32;-794.66;0.00
0.24;11.82;42.61;3408.78;2063.11;-1345.68;0.00
0.23;9.57;41.15;3292.21;1866.22;-1425.99;0.00
0.19;8.93;33.53;2682.64;1598.06;-1084.57;0.00
0.29;10.38;44.70;3575.70;2276.64;-1299.06;0.00
0.28;12.28;39.31;3144.71;2286.64;-858.07;0.00
0.24;9.40;45.94;3674.93;1906.92;-1768.01;0.00
0.24;10.41;43.12;3449.70;1946.85;-1502.85;0.00
0.26;10.09;40.46;3236.48;2038.09;-1198.39;0.00
0.31;12.22;39.20;3136.18;2462.75;-673.44;0.00
0.24;11.24;40.32;3225.35;2003.71;-1221.64;0.00
0.26;9.82;37.83;3026.43;2027.41;-999.02;0.00
0.21;10.01;38.95;3115.96;1767.91;-1348.05;0.00
0.26;9.62;49.71;3976.62;2017.51;-1959.11;0.00
0.21;12.49;39.31;3144.89;1924.92;-1219.97;0.00
0.26;9.43;45.11;3609.00;2051.90;-1557.11;0.00
0.27;8.12;42.76;3421.00;1997.79;-1423.21;0.00
0.24;7.66;31.89;2551.57;1806.06;-745.51;0.00
0.23;10.00;38.94;3115.17;1868.81;-1246.36;0.00
0.28;9.08;40.12;3209.53;2115.50;-1094.04;0.00
0.21;10.90;37.91;3032.44;1834.76;-1197.69;0.00
0.23;11.00;41.10;3287.85;1951.51;-1336.34;0.00
0.26;9.86;41.85;3348.23;2053.67;-1294.56;0.00
0.23;8.84;39.37;3149.70;1802.30;-1347.40;0.00
0.25;7.98;47.97;3837.33;1881.26;-1956.07;0.00
0.22;9.99;43.95;3516.39;1821.31;-1695.08;0.00
0.27;8.86;38.89;3111.50;2042.71;-1068.79;0.00
0.28;9.58;50.28;4022.76;2123.35;-1899.41;0.00
0.21;9.53;40.67;3253.79;1754.84;-1498.95;0.00
0.25;8.33;42.57;3405.29;1924.17;-1481.12;0.00
0.23;10.87;38.35;3067.65;1952.67;-1114.98;0.00
0.23;11.29;40.69;3254.84;1936.15;-1318.69;0.00
0.25;10.46;38.41;3072.93;1996.32;-1076.60;0.00
0.26;7.42;48.94;3914.88;1942.92;-1971.96;0.00
0.23;9.01;45.73;3658.50;1844.55;-1813.95;0.00
0.27;11.48;41.86;3348.50;2191.02;-1157.48;0.00
0.29;8.92;39.33;3146.03;2191.09;-954.94;0.00
0.26;10.78;45.68;3654.17;2109.82;-1544.35;0.00
0.28;11.72;35.76;2860.61;2247.05;-613.56;0.00
0.28;12.33;43.36;3468.82;2307.36;-1161.45;0.00
0.22;9.12;38.16;3053.04;1765.68;-1287.36;0.00
0.26;10.17;43.72;3497.60;2036.98;-1460.62;0.00
0.28;10.40;33.29;2662.91;2193.81;-469.09;0.00
0.28;11.39;44.00;3519.65;2237.79;-1281.86;0.00
0.26;9.67;46.54;3723.17;2025.67;-1697.50;0.00
0.24;8.81;35.25;2819.72;1902.26;-917.46;0.00
0.26;9.16;46.45;3715.69;2029.30;-1686.39;0.00
0.26;10.83;43.37;3469.50;2084.14;-1385.36;0.00
0.27;10.45;31.68;2534.72;2133.03;-401.69;0.00
0.24;11.47;39.89;3190.92;2042.88;-1148.03;0.00
0.22;10.01;32.33;2586.52;1814.90;-771.62;0.00
0.25;10.45;36.39;2911.35;2051.08;-860.27;0.00
0.22;9.91;38.94;3114.86;1838.86;-1276.01;0.00
0.24;11.43;31.22;2497.85;2040.14;-457.71;0.00
0.21;10.40;39.60;3167.66;1790.90;-1376.76;0.00
0.25;10.38;36.28;2902.52;2025.89;-876.63;0.00
0.22;8.31;38.05;3044.06;1751.97;-1292.09;0.00
0.22;11.41;37.71;3016.48;1928.11;-1088.37;0.00
0.26;9.98;40.47;3237.59;2042.42;-1195.17;0.00
0.27;10.65;44.02;3521.21;2158.47;-1362.74;0.00
0.29;9.13;39.78;3182.55;2196.20;-986.35;0.00
0.26;10.80;45.51;3641.02;2109.12;-1531.90;0.00
0.31;9.57;42.21;3376.47;2312.78;-1063.69;0.00
0.20;11.01;48.48;3878.38;1734.95;-2143.43;0.00
0.26;9.35;38.58;3086.43;2028.13;-1058.30;0.00
0.25;9.72;40.38;3230.14;2004.97;-1225.17;0.00
0.27;9.05;35.32;2825.76;2038.31;-787.45;0.00
0.26;11.85;43.02;3441.21;2153.80;-1287.41;0.00
0.30;9.33;36.71;2937.13;2273.23;-663.90;0.00
0.21;9.76;46.68;3734.38;1774.81;-1959.57;0.00
0.21;10.21;46.90;3751.95;1802.79;-1949.16;0.00
0.22;10.47;36.23;2898.22;1826.09;-1072.13;0.00
0.25;8.77;40.56;3244.99;1928.29;-1316.71;0.00
0.26;9.61;39.12;3129.57;2051.86;-1077.71;0.00
0.29;10.01;36.09;2887.24;2210.18;-677.05;0.00
0.27;8.03;37.72;3017.70;2025.29;-992.41;0.00
0.25;9.62;34.54;2763.41;1991.44;-771.97;0.00
0.26;8.99;47.14;3771.55;1998.91;-1772.64;0.00
0.22;10.11;42.88;3430.75;1829.34;-1601.40;0.00
0.20;11.46;36.53;2922.59;1808.47;-1114.12;0.00
0.22;10.45;34.42;2753.52;1863.70;-889.82;0.00
0.28;13.67;40.56;3245.03;2359.13;-885.90;0.00
0.25;9.40;40.14;3211.50;1948.28;-1263.21;0.00
0.27;10.90;44.76;3580.75;2148.66;-1432.10;0.00
0.22;10.42;31.42;2513.40;1843.78;-669.62;0.00
0.23;9.57;37.64;3011.07;1879.50;-1131.58;0.00
0.24;10.29;36.58;2926.67;1984.09;-942.58;0.00
0.24;9.01;41.77;3341.27;1862.38;-1478.90;0.00
0.25;11.62;44.28;3542.59;2096.55;-1446.04;0.00
0.21;9.82;32.27;2581.67;1764.00;-817.67;0.00
0.28;9.28;36.63;2930.50;2135.90;-794.60;0.00
0.26;9.09;47.32;3785.70;1979.21;-1806.49;0.00
0.25;9.08;44.45;3555.80;1967.31;-1588.49;0.00
0.28;9.87;38.88;3110.62;2146.72;-963.90;0.00
0.24;10.56;44.96;3596.89;1943.87;-1653.02;0.00
0.29;10.13;28.89;2310.93;2260.37;-50.56;0.00
0.23;9.77;43.35;3468.16;1883.11;-1585.05;0.00
0.22;11.04;40.35;3228.11;1877.63;-1350.48;0.00
0.25;9.92;44.73;3578.13;2015.47;-1562.66;0.00
0.20;9.74;37.64;3011.53;1687.09;-1324.44;0.00
0.28;9.55;39.31;3144.56;2128.47;-1016.08;0.00
0.26;11.20;34.89;2791.12;2135.97;-655.15;0.00
0.21;8.77;45.77;3661.45;1673.03;-1988.42;0.00
0.23;8.50;46.94;3755.06;1781.18;-1973.88;0.00
0.24;7.61;40.69;3255.17;1828.01;-1427.16;0.00
0.25;10.94;46.08;3686.61;2050.46;-1636.14;0.00
0.29;11.53;44.48;3558.33;2309.17;-1249.16;0.00
0.23;10.37;39.81;3184.52;1901.31;-1283.22;0.00
0.26;9.18;32.28;2582.22;1984.82;-597.40;0.00
0.23;10.15;40.75;3260.20;1896.86;-1363.33;0.00
0.20;9.02;30.28;2422.11;1634.85;-787.26;0.00
0.24;10.14;41.30;3303.67;1959.28;-1344.39;0.00
0.25;9.52;35.94;2875.43;1980.68;-894.74;0.00
0.26;12.02;33.72;2697.59;2144.58;-553.00;0.00
0.24;10.54;40.40;3231.86;1996.16;-1235.70;0.00
0.25;10.07;38.63;3090.47;2006.04;-1084.43;0.00
0.26;11.63;34.43;2754.77;2138.07;-616.70;0.00
0.25;8.59;38.17;3053.50;1898.79;-1154.71;0.00
0.26;10.49;40.05;3203.84;2065.94;-1137.90;0.00
0.27;10.93;38.47;3077.33;2162.46;-914.87;0.00
0.28;9.11;49.64;3971.16;2126.51;-1844.65;0.00
0.23;9.82;41.06;3284.78;1860.03;-1424.75;0.00
0.27;10.38;40.55;3243.86;2154.69;-1089.17;0.00
0.18;7.39;36.85;2947.92;1462.35;-1485.57;0.00
0.26;9.37;41.94;3355.48;2045.67;-1309.81;0.00
0.24;9.84;37.95;3035.75;1933.17;-1102.59;0.00
0.29;9.85;36.19;2894.89;2238.39;-656.49;0.00
0.26;8.57;39.48;3158.45;1994.77;-1163.68;0.00
0.30;8.87;44.26;3540.48;2231.47;-1309.01;0.00
0.29;10.44;39.44;3155.36;2252.00;-903.36;0.00
0.24;9.80;38.31;3064.78;1901.71;-1163.07;0.00
0.29;8.54;35.33;2826.26;2148.05;-678.21;0.00
0.25;9.33;44.00;3520.38;1990.81;-1529.57;0.00
0.22;11.36;41.86;3349.09;1871.58;-1477.52;0.00
0.25;11.07;42.41;3392.96;2060.08;-1332.88;0.00
0.26;9.00;38.99;3119.38;1997.71;-1121.66;0.00
0.31;10.56;35.44;2835.51;2360.59;-474.92;0.00
0.29;9.50;44.23;3538.14;2211.82;-1326.32;0.00
0.25;10.75;42.30;3383.68;2013.07;-1370.61;0.00
0.30;11.02;48.34;3866.95;2343.05;-1523.90;0.00
0.32;9.06;41.11;3289.11;2332.25;-956.86;0.00
0.24;8.59;39.81;3185.02;1845.86;-1339.16;0.00
0.28;8.47;32.96;2636.66;2062.15;-574.51;0.00
0.26;10.18;36.49;2919.03;2045.85;-873.18;0.00
0.27;8.66;45.29;3623.04;2036.23;-1586.81;0.00
0.24;9.98;38.29;3063.59;1961.88;-1101.71;0.00
0.25;9.68;46.64;3731.51;1952.36;-1779.15;0.00
0.24;8.59;45.10;3608.14;1876.98;-1731.17;0.00
0.19;11.08;51.28;4102.21;1733.00;-2369.21;0.00
0.25;11.91;39.24;3138.94;2094.86;-1044.08;0.00
0.22;9.90;44.51;3560.94;1838.70;-1722.25;0.00
0.24;8.47;35.76;2860.62;1828.84;-1031.78;0.00
0.26;11.15;33.90;2712.02;2133.78;-578.24;0.00
0.22;9.80;39.20;3135.83;1817.81;-1318.02;0.00
0.27;13.19;41.07;3285.72;2272.25;-1013.47;0.00
0.23;9.31;26.49;2119.30;1870.29;-249.01;0.00
0.27;9.26;53.08;4246.40;2049.62;-2196.78;0.00
0.28;8.96;44.91;3593.15;2096.57;-1496.58;0.00
0.28;10.61;34.82;2785.37;2216.82;-568.55;0.00
0.26;12.63;34.96;2797.07;2208.76;-588.31;0.00
0.25;8.91;41.61;3329.02;1919.96;-1409.07;0.00
0.21;10.45;45.61;3649.01;1792.16;-1856.85;0.00
0.25;10.29;42.06;3364.75;2026.47;-1338.28;0.00
0.28;8.68;39.15;3132.16;2095.46;-1036.70;0.00
0.25;9.07;36.28;2902.69;1960.17;-942.52;0.00
0.25;10.83;43.85;3507.77;2026.62;-1481.15;0.00
0.26;10.79;36.65;2932.26;2109.24;-823.03;0.00
0.22;11.44;37.45;2996.11;1921.70;-1074.41;0.00
0.24;11.17;38.30;3063.63;1994.49;-1069.14;0.00
0.21;8.74;41.82;3345.39;1670.72;-1674.66;0.00
0.21;9.29;35.56;2844.84;1739.19;-1105.65;0.00
0.24;10.58;40.21;3216.72;1977.22;-1239.49;0.00
0.24;9.82;40.11;3209.11;1917.87;-1291.25;0.00
0.22;11.60;43.27;3461.89;1883.38;-1578.51;0.00
0.28;8.33;39.35;3147.96;2096.45;-1051.51;0.00
0.26;9.69;39.66;3172.54;2031.03;-1141.51;0.00
0.27;8.72;37.60;3008.08;2028.47;-979.61;0.00
0.22;9.30;39.87;3189.95;1788.16;-1401.79;0.00
0.29;9.19;37.72;3017.94;2211.94;-806.00;0.00
0.27;10.30;38.08;3046.77;2153.13;-893.64;0.00
0.22;12.55;39.33;3146.40;1975.19;-1171.21;0.00
0.24;11.84;44.36;3549.11;2037.54;-1511.58;0.00
0.28;10.05;42.35;3387.91;2151.79;-1236.12;0.00
0.25;12.39;40.35;3228.24;2122.89;-1105.35;0.00
0.20;9.53;40.63;3250.17;1705.94;-1544.22;0.00
0.27;8.64;46.55;3723.84;2042.42;-1681.41;0.00
0.25;11.14;37.60;3008.39;2038.52;-969.87;0.00
0.28;9.87;47.40;3791.89;2175.12;-1616.78;0.00
0.23;10.12;44.90;3592.30;1878.28;-1714.02;0.00
0.23;10.40;39.57;3165.93;1928.50;-1237.43;0.00
0.29;10.74;34.85;2787.63;2251.66;-535.97;0.00
0.23;11.49;38.90;3112.02;1948.47;-1163.55;0.00
0.23;10.07;47.77;3821.55;1903.94;-1917.61;0.00
0.27;11.85;45.02;3601.69;2226.71;-1374.98;0.00
0.23;12.32;40.51;3241.11;2012.88;-1228.23;0.00
0.26;10.33;46.72;3737.51;2078.76;-1658.76;0.00
0.25;9.69;39.60;3168.30;1995.90;-1172.40;0.00
0.28;11.63;44.34;3546.91;2286.25;-1260.66;0.00
0.21;11.08;35.70;2856.28;1818.28;-1038.01;0.00
0.26;9.15;33.46;2676.54;2030.77;-645.77;0.00
0.28;11.67;39.34;3147.37;2254.52;-892.84;0.00
0.23;8.88;39.25;3139.86;1841.81;-1298.05;0.00
0.25;10.26;33.73;2698.36;2004.88;-693.49;0.00
0.19;9.95;28.91;2312.64;1629.30;-683.34;0.00
0.25;10.42;44.03;3522.59;2019.32;-1503.27;0.00
0.20;9.96;41.05;3284.23;1695.30;-1588.94;0.00
0.25;10.39;41.86;3348.59;2041.88;-1306.71;0.00
0.29;9.50;30.16;2412.44;2181.63;-230.81;0.00
0.24;10.37;36.58;2926.16;1982.55;-943.61;0.00
0.23;11.42;44.12;3529.21;1980.40;-1548.82;0.00
0.24;8.45;41.35;3308.14;1875.47;-1432.67;0.00
0.22;9.91;41.76;3340.83;1837.84;-1502.99;0.00
0.26;8.85;42.01;3360.54;1979.77;-1380.77;0.00
0.29;11.18;42.20;3376.03;2271.63;-1104.40;0.00
0.28;13.21;40.43;3234.74;2368.26;-866.48;0.00
0.27;9.74;44.47;3557.95;2073.77;-1484.18;0.00
0.22;9.79;48.51;3880.72;1832.77;-2047.95;0.00
0.30;7.78;43.40;3472.02;2153.75;-1318.27;0.00
0.26;9.37;42.89;3431.17;2047.35;-1383.82;0.00
0.23;10.58;43.90;3511.98;1888.33;-1623.65;0.00
0.26;8.39;39.40;3151.64;1996.27;-1155.37;0.00
0.24;10.48;41.02;3281.86;1981.87;-1300.00;0.00
0.21;10.57;34.22;2737.49;1806.42;-931.07;0.00
0.24;9.52;42.24;3379.28;1886.34;-1492.95;0.00
0.24;11.08;35.31;2824.62;1995.73;-828.89;0.00
0.27;10.71;38.85;3107.65;2165.38;-942.27;0.00
0.27;9.92;37.61;3008.87;2084.88;-923.98;0.00
0.24;10.50;40.40;3231.80;1969.85;-1261.96;0.00
0.26;8.31;43.67;3493.88;1961.85;-1532.03;0.00
0.28;11.46;38.22;3057.76;2236.97;-820.79;0.00
0.25;11.97;37.10;2967.68;2087.12;-880.56;0.00
0.28;10.65;39.36;3149.08;2218.40;-930.68;0.00
0.23;9.33;45.99;3678.83;1817.53;-1861.30;0.00
0.23;10.61;38.32;3065.66;1942.45;-1123.21;0.00
0.23;9.27;39.63;3170.54;1843.21;-1327.33;0.00
0.25;10.47;37.41;2993.12;2004.37;-988.75;0.00
0.30;10.01;40.95;3276.20;2281.10;-995.10;0.00
0.22;10.75;36.87;2949.49;1856.80;-1092.69;0.00
0.23;8.39;45.94;3675.36;1803.62;-1871.74;0.00
0.25;9.28;44.71;3576.91;1966.52;-1610.39;0.00
0.25;12.12;45.08;3606.36;2101.07;-1505.30;0.00
0.23;11.29;37.21;2976.63;1976.69;-999.94;0.00
0.20;13.11;41.16;3292.83;1848.88;-1443.95;0.00
0.28;9.85;34.80;2783.69;2189.22;-594.47;0.00
0.26;10.71;42.59;3407.27;2118.94;-1288.33;0.00
0.23;9.94;39.90;3191.67;1899.72;-1291.95;0.00
0.26;12.17;36.78;2942.61;2179.25;-763.36;0.00
0.25;11.36;33.52;2681.82;2069.03;-612.79;0.00
0.27;10.05;47.62;3809.65;2129.42;-1680.23;0.00
0.25;8.23;38.09;3047.55;1923.86;-1123.69;0.00
0.22;10.85;36.00;2880.12;1891.09;-989.03;0.00
0.28;10.28;35.82;2865.92;2194.28;-671.64;0.00
0.28;9.12;40.03;3202.21;2098.25;-1103.97;0.00
0.27;10.97;36.07;2885.47;2141.52;-743.94;0.00
0.23;11.80;41.43;3314.17;1982.51;-1331.66;0.00
0.25;10.98;40.85;3268.10;2021.60;-1246.50;0.00
0.24;9.55;42.48;3398.79;1944.22;-1454.57;0.00
0.30;10.59;35.94;2875.45;2312.04;-563.41;0.00
0.25;9.12;46.01;3680.98;1965.91;-1715.07;0.00
0.24;11.10;41.13;3290.77;2028.42;-1262.35;0.00
0.29;10.07;41.41;3313.08;2217.09;-1095.98;0.00
0.30;14.90;31.23;2498.34;2533.05;34.71;1.00
0.23;10.13;43.53;3482.53;1910.20;-1572.32;0.00
0.28;10.29;43.03;3442.35;2171.87;-1270.48;0.00
0.31;10.09;41.36;3308.65;2356.02;-952.63;0.00
0.26;10.85;44.78;3582.44;2122.10;-1460.33;0.00
0.23;10.09;37.03;2962.74;1898.49;-1064.25;0.00
0.25;9.96;40.44;3235.44;1970.07;-1265.36;0.00
0.24;9.18;44.13;3530.00;1871.34;-1658.66;0.00
0.26;9.81;48.09;3847.07;2033.71;-1813.36;0.00
0.27;9.73;30.52;2441.49;2121.10;-320.39;0.00
0.26;9.35;38.15;3051.68;2044.84;-1006.83;0.00
0.30;10.63;41.56;3325.11;2349.46;-975.65;0.00
0.29;10.12;44.51;3561.20;2218.59;-1342.61;0.00
0.26;9.56;42.12;3369.42;2038.44;-1330.98;0.00
0.26;9.81;36.37;2909.72;2040.89;-868.83;0.00
0.24;9.04;40.56;3245.09;1883.78;-1361.32;0.00
0.25;8.93;41.72;3337.56;1956.03;-1381.53;0.00
0.25;11.03;50.09;4007.26;2074.74;-1932.52;0.00
0.26;10.29;43.21;3456.46;2088.45;-1368.01;0.00
0.22;9.81;31.44;2515.36;1839.32;-676.04;0.00
0.25;10.52;38.98;3118.35;2042.33;-1076.03;0.00
0.27;11.99;38.12;3049.79;2232.10;-817.69;0.00
0.25;10.47;36.49;2918.88;2050.08;-868.79;0.00
0.28;10.38;36.53;2922.36;2170.94;-751.42;0.00
0.21;12.41;37.58;3006.09;1909.93;-1096.16;0.00
0.22;10.23;49.64;3971.23;1813.00;-2158.23;0.00
0.23;10.65;40.43;3234.30;1899.22;-1335.08;0.00
0.22;10.37;36.84;2947.04;1833.69;-1113.35;0.00
0.25;12.31;39.38;3150.02;2117.91;-1032.11;0.00
0.26;10.05;46.19;3695.49;2088.01;-1607.48;0.00
0.27;9.67;44.61;3569.11;2068.84;-1500.27;0.00
0.27;10.56;30.96;2476.81;2171.17;-305.63;0.00
0.26;9.43;41.53;3322.45;2049.11;-1273.35;0.00
0.29;9.78;40.32;3225.70;2193.04;-1032.66;0.00
0.25;9.50;34.58;2766.32;1947.27;-819.06;0.00
0.19;10.86;41.33;3306.28;1665.95;-1640.33;0.00
0.26;9.72;38.43;3074.55;2036.11;-1038.44;0.00
0.22;9.00;48.94;3915.13;1784.50;-2130.62;0.00
0.27;9.62;37.66;3012.55;2121.51;-891.05;0.00
0.28;11.33;42.82;3425.66;2257.30;-1168.36;0.00
0.27;9.93;50.93;4074.32;2115.80;-1958.52;0.00
0.26;12.65;39.53;3162.63;2185.68;-976.95;0.00
0.29;7.59;44.13;3530.37;2094.70;-1435.67;0.00
0.25;10.93;33.17;2653.51;2066.21;-587.30;0.00
0.28;10.31;45.24;3619.42;2203.39;-1416.03;0.00
0.22;9.76;33.68;2694.19;1795.51;-898.69;0.00
0.26;10.38;44.21;3536.54;2069.00;-1467.53;0.00
0.23;9.37;42.74;3418.88;1835.01;-1583.87;0.00
0.25;9.29;41.31;3304.57;1950.90;-1353.67;0.00
0.26;11.71;36.34;2907.51;2123.26;-784.25;0.00
0.25;9.38;41.53;3322.53;1973.35;-1349.18;0.00
0.25;10.87;36.17;2893.21;2032.58;-860.63;0.00
0.27;9.42;35.69;2855.56;2055.97;-799.59;0.00
0.27;8.48;50.37;4029.39;2045.63;-1983.76;0.00
0.19;9.74;41.75;3339.67;1636.88;-1702.79;0.00
0.20;9.80;47.90;3831.94;1667.18;-2164.76;0.00
0.26;10.17;40.73;3258.47;2081.60;-1176.87;0.00
0.29;10.22;40.33;3226.21;2214.33;-1011.88;0.00
0.27;10.06;42.67;3413.53;2103.71;-1309.82;0.00
0.21;9.81;46.67;3733.68;1760.64;-1973.04;0.00
0.24;11.38;47.95;3836.01;2042.98;-1793.02;0.00
0.28;9.68;32.05;2564.01;2180.99;-383.02;0.00
0.24;11.10;39.17;3133.91;2016.24;-1117.67;0.00
0.26;11.44;47.69;3815.37;2111.29;-1704.08;0.00
0.25;11.13;36.24;2899.11;2032.84;-866.27;0.00
0.22;10.94;42.48;3398.72;1855.29;-1543.43;0.00
0.24;8.61;45.38;3630.65;1836.70;-1793.95;0.00
0.30;9.65;41.64;3331.29;2297.78;-1033.51;0.00
0.23;11.43;32.30;2583.65;1985.44;-598.21;0.00
0.24;12.74;47.91;3832.52;2097.16;-1735.37;0.00
0.27;10.85;44.01;3520.67;2148.63;-1372.04;0.00
0.25;11.12;47.01;3761.01;2062.51;-1698.51;0.00
0.23;13.42;35.79;2863.27;2078.77;-784.50;0.00
0.23;10.57;38.43;3074.11;1892.27;-1181.84;0.00
0.25;9.16;40.29;3223.00;1980.03;-1242.97;0.00
0.22;11.66;34.34;2747.37;1927.99;-819.38;0.00
0.27;10.52;45.13;3610.39;2143.51;-1466.87;0.00
0.31;11.92;39.49;3159.35;2424.43;-734.93;0.00
0.27;9.37;39.37;3149.49;2060.02;-1089.47;0.00
0.22;10.81;46.92;3753.38;1851.32;-1902.06;0.00
0.24;10.58;34.57;2765.84;1945.67;-820.17;0.00
0.24;10.42;35.33;2826.28;1954.18;-872.10;0.00
0.25;9.66;38.46;3076.85;1971.56;-1105.29;0.00
0.25;9.64;45.10;3607.84;1986.40;-1621.44;0.00
0.29;9.56;33.30;2664.31;2216.27;-448.04;0.00
0.23;9.94;38.83;3106.19;1883.11;-1223.07;0.00
0.20;10.48;30.28;2422.52;1757.74;-664.79;0.00
0.24;10.84;40.23;3218.50;1984.65;-1233.86;0.00
0.25;7.32;41.42;3313.57;1847.26;-1466.30;0.00
0.26;11.45;46.47;3717.27;2144.07;-1573.20;0.00
0.27;9.82;34.98;2798.18;2119.30;-678.88;0.00
0.28;11.02;43.47;3477.42;2207.33;-1270.09;0.00
0.23;9.68;44.17;3533.24;1850.04;-1683.20;0.00
0.23;10.27;40.10;3208.32;1909.36;-1298.96;0.00
0.25;10.34;46.42;3713.79;2038.74;-1675.05;0.00
0.27;11.17;46.11;3689.15;2156.08;-1533.06;0.00
0.30;8.43;46.50;3719.93;2226.78;-1493.16;0.00
0.21;9.84;43.89;3511.00;1736.12;-1774.88;0.00
0.24;11.47;38.61;3089.06;2025.03;-1064.03;0.00
0.21;11.40;43.55;3484.11;1818.25;-1665.86;0.00
0.26;10.76;37.97;3037.34;2106.57;-930.77;0.00
0.28;9.77;33.61;2688.48;2157.74;-530.75;0.00
0.26;12.33;46.38;3710.61;2196.47;-1514.14;0.00
0.27;12.32;42.44;3395.51;2238.87;-1156.64;0.00
0.24;10.59;39.54;3162.88;1974.91;-1187.97;0.00
0.27;9.40;41.77;3341.62;2109.26;-1232.36;0.00
0.28;9.40;40.15;3212.10;2116.59;-1095.51;0.00
0.21;11.99;47.68;3814.26;1844.95;-1969.31;0.00
0.28;11.07;41.23;3298.00;2224.62;-1073.39;0.00
0.24;10.46;41.44;3314.83;1974.49;-1340.34;0.00
0.23;11.66;36.30;2904.23;1962.52;-941.71;0.00
0.25;9.32;31.82;2545.51;1946.21;-599.30;0.00
0.28;12.24;43.24;3459.11;2297.11;-1162.00;0.00
0.22;10.99;30.11;2408.86;1868.44;-540.42;0.00
0.26;9.25;41.10;3288.39;2001.27;-1287.13;0.00
0.21;9.12;34.12;2729.45;1723.58;-1005.88;0.00
0.24;9.67;41.01;3281.10;1929.39;-1351.70;0.00
0.24;11.14;39.85;3187.62;1995.42;-1192.20;0.00
0.29;9.81;34.68;2774.39;2222.85;-551.53;0.00
0.23;11.17;36.86;2948.47;1952.34;-996.13;0.00
0.26;11.02;42.02;3361.79;2096.17;-1265.62;0.00
0.26;10.76;42.35;3387.67;2121.67;-1266.00;0.00
0.24;10.15;39.73;3178.00;1938.86;-1239.14;0.00
0.23;9.59;46.43;3714.00;1882.72;-1831.29;0.00
0.25;8.25;39.91;3193.01;1886.27;-1306.73;0.00
0.23;9.53;36.67;2933.31;1844.25;-1089.05;0.00
0.26;9.40;40.97;3277.42;2037.52;-1239.90;0.00
0.24;9.88;30.41;2432.40;1924.65;-507.76;0.00
0.27;10.23;39.81;3185.16;2103.66;-1081.50;0.00
0.23;10.59;39.25;3140.03;1934.80;-1205.24;0.00
0.25;11.29;41.48;3318.59;2091.83;-1226.75;0.00
0.30;9.29;37.12;2969.25;2237.52;-731.73;0.00
0.31;10.33;42.32;3385.63;2337.69;-1047.93;0.00
0.27;10.73;31.77;2541.92;2156.30;-385.62;0.00
0.23;10.95;46.45;3716.28;1960.13;-1756.14;0.00
0.25;9.42;42.30;3384.14;1978.47;-1405.68;0.00
0.24;10.54;45.61;3648.81;1956.84;-1691.97;0.00
0.26;13.09;41.04;3283.41;2231.84;-1051.56;0.00
0.23;11.31;43.51;3480.52;1957.90;-1522.62;0.00
0.26;12.06;44.16;3532.41;2160.76;-1371.65;0.00
0.28;10.70;40.91;3273.17;2191.93;-1081.24;0.00
0.23;11.64;42.26;3381.15;1949.51;-1431.64;0.00
0.23;10.14;40.05;3204.39;1888.53;-1315.85;0.00
0.24;10.10;46.44;3715.10;1924.56;-1790.54;0.00
0.26;9.98;41.75;3340.24;2061.62;-1278.62;0.00
0.22;9.81;43.89;3511.12;1830.69;-1680.44;0.00
0.26;11.24;40.04;3202.91;2144.36;-1058.55;0.00
0.26;11.80;40.81;3264.43;2132.92;-1131.50;0.00
0.29;9.18;45.54;3643.04;2214.08;-1428.96;0.00
0.23;7.58;41.36;3309.05;1731.53;-1577.52;0.00
0.28;9.62;38.77;3101.51;2163.49;-938.02;0.00
0.28;11.23;36.67;2933.27;2227.80;-705.47;0.00
0.27;10.71;37.63;3010.37;2125.51;-884.86;0.00
0.27;9.15;50.48;4038.50;2046.72;-1991.78;0.00
0.21;8.61;35.34;2827.32;1674.30;-1153.02;0.00
0.27;12.58;40.87;3269.32;2232.99;-1036.33;0.00
0.23;11.45;36.83;2946.66;1960.79;-985.87;0.00
0.21;9.63;45.79;3662.84;1760.65;-1902.19;0.00
0.26;10.05;42.27;3381.54;2057.28;-1324.26;0.00
0.23;10.15;48.98;3918.35;1887.83;-2030.52;0.00
0.22;9.99;43.61;3489.12;1825.17;-1663.95;0.00
0.27;9.20;39.94;3195.38;2064.34;-1131.04;0.00
0.27;7.99;47.24;3779.31;1982.31;-1797.00;0.00
0.24;10.24;41.45;3316.13;1951.13;-1365.00;0.00
0.22;11.87;45.57;3645.90;1940.29;-1705.61;0.00
0.24;9.14;43.80;3503.87;1886.85;-1617.02;0.00
0.24;11.60;39.52;3161.39;2006.95;-1154.44;0.00
0.26;10.49;45.73;3658.30;2066.52;-1591.78;0.00
0.26;9.87;46.45;3716.23;2050.29;-1665.94;0.00
0.25;10.39;39.26;3141.08;1994.33;-1146.75;0.00
0.24;10.58;41.07;3285.38;1990.50;-1294.89;0.00
0.24;9.81;42.01;3360.58;1917.69;-1442.89;0.00
0.27;9.33;40.54;3243.25;2081.27;-1161.99;0.00
0.24;9.74;43.19;3454.89;1945.07;-1509.82;0.00
0.27;11.16;35.30;2824.16;2155.75;-668.41;0.00
0.27;9.57;42.69;3415.59;2095.45;-1320.14;0.00
0.22;11.13;43.41;3472.74;1866.38;-1606.35;0.00
0.25;10.49;33.73;2698.30;2052.71;-645.59;0.00
0.26;12.14;44.97;3597.99;2194.44;-1403.55;0.00
0.25;11.03;46.48;3718.72;2055.21;-1663.51;0.00
0.25;10.15;37.34;2987.35;2026.63;-960.73;0.00
0.25;11.43;43.88;3510.41;2084.81;-1425.60;0.00
0.27;11.88;39.43;3154.27;2211.08;-943.18;0.00
0.23;11.64;41.63;3330.57;1954.77;-1375.80;0.00
0.26;8.20;48.00;3840.10;1960.84;-1879.26;0.00
0.26;11.39;48.01;3840.71;2108.68;-1732.04;0.00
0.25;11.31;35.57;2845.78;2043.13;-802.65;0.00
0.26;10.78;47.14;3771.46;2085.68;-1685.78;0.00
0.28;11.00;40.35;3227.74;2199.45;-1028.29;0.00
0.25;8.55;43.54;3483.58;1945.16;-1538.42;0.00
0.25;11.30;38.37;3069.96;2043.07;-1026.89;0.00
0.23;12.38;39.99;3198.89;2005.19;-1193.70;0.00
0.24;8.48;43.07;3445.46;1868.19;-1577.27;0.00
0.28;9.56;37.81;3024.86;2132.41;-892.45;0.00
0.28;10.20;39.90;3192.19;2209.56;-982.63;0.00
0.23;9.24;40.11;3208.99;1866.65;-1342.34;0.00
0.25;10.35;37.34;2987.33;2009.29;-978.04;0.00
0.24;10.14;29.94;2395.43;1972.53;-422.89;0.00
0.30;10.58;38.23;3058.43;2346.25;-712.17;0.00
0.24;9.58;43.79;3503.46;1928.71;-1574.75;0.00
0.27;8.98;34.26;2740.87;2043.28;-697.59;0.00
0.25;11.18;46.62;3729.70;2047.64;-1682.06;0.00
0.24;12.38;39.93;3194.00;2045.69;-1148.31;0.00
0.25;9.83;36.94;2955.44;1985.82;-969.62;0.00
0.23;11.70;40.70;3255.79;1948.93;-1306.86;0.00
0.25;11.32;42.50;3400.25;2056.84;-1343.41;0.00
0.25;8.99;39.73;3178.56;1969.59;-1208.97;0.00
0.25;11.47;44.82;3585.91;2048.00;-1537.91;0.00
0.24;10.17;47.27;3781.47;1963.82;-1817.65;0.00
0.23;11.27;31.30;2504.31;1971.51;-532.80;0.00
0.21;12.71;42.52;3401.45;1908.34;-1493.11;0.00
0.27;10.37;29.94;2395.33;2107.67;-287.66;0.00
0.24;9.40;38.55;3083.88;1912.38;-1171.50;0.00
0.26;9.22;39.89;3191.01;1996.95;-1194.06;0.00
0.25;9.76;34.56;2765.06;2004.70;-760.37;0.00
0.26;11.11;41.92;3353.73;2138.95;-1214.78;0.00
0.23;10.15;41.89;3351.58;1908.61;-1442.97;0.00
0.26;9.42;42.47;3397.91;2050.19;-1347.72;0.00
0.26;11.08;39.58;3166.40;2093.31;-1073.09;0.00
0.27;10.44;46.00;3679.75;2146.04;-1533.70;0.00
0.26;10.69;37.71;3016.56;2096.81;-919.74;0.00
0.23;9.32;39.28;3142.00;1853.60;-1288.40;0.00
0.25;10.28;39.52;3161.22;2024.49;-1136.73;0.00
0.26;10.43;41.99;3359.15;2060.30;-1298.85;0.00
0.26;10.27;42.72;3417.40;2055.39;-1362.01;0.00
0.24;9.76;40.55;3243.62;1933.19;-1310.43;0.00
0.22;8.63;47.24;3778.93;1764.10;-2014.83;0.00
0.24;10.04;35.70;2855.74;1964.87;-890.87;0.00
0.20;10.22;41.50;3320.34;1737.27;-1583.07;0.00
0.25;10.15;44.26;3540.85;2014.35;-1526.50;0.00
0.23;12.03;37.33;2986.37;2003.96;-982.40;0.00
0.22;9.01;46.55;3724.16;1744.69;-1979.47;0.00
0.22;9.79;39.11;3128.50;1830.84;-1297.67;0.00
0.24;10.42;37.74;3019.15;1940.82;-1078.33;0.00
0.27;9.51;36.39;2910.80;2081.79;-829.02;0.00
0.21;9.18;39.07;3125.82;1696.95;-1428.87;0.00
0.24;11.21;48.48;3878.34;2025.09;-1853.25;0.00
0.27;13.20;34.87;2789.94;2265.14;-524.80;0.00
0.26;11.04;40.02;3201.98;2092.03;-1109.95;0.00
0.26;9.95;43.10;3447.88;2063.76;-1384.12;0.00
0.23;10.77;40.05;3203.84;1949.75;-1254.09;0.00
0.28;10.32;40.99;3279.57;2161.86;-1117.70;0.00
0.30;10.91;40.91;3273.03;2363.27;-909.76;0.00
0.23;7.50;48.44;3874.93;1751.72;-2123.21;0.00
0.22;10.54;35.36;2828.84;1846.36;-982.48;0.00
0.27;9.58;40.09;3207.04;2065.00;-1142.03;0.00
0.21;8.55;45.72;3657.26;1708.57;-1948.69;0.00
0.19;10.14;48.68;3894.24;1631.77;-2262.47;0.00
0.22;8.87;47.90;3831.65;1766.23;-2065.42;0.00
0.22;8.54;46.16;3692.89;1761.08;-1931.81;0.00
0.26;9.91;41.20;3295.81;2074.50;-1221.30;0.00
0.28;8.99;37.11;2968.84;2108.21;-860.63;0.00
0.27;9.97;40.89;3271.50;2118.14;-1153.36;0.00
0.22;11.60;43.11;3448.50;1935.64;-1512.85;0.00
0.27;12.43;38.98;3118.40;2262.66;-855.73;0.00
0.29;9.72;37.26;2980.80;2222.35;-758.45;0.00
0.22;11.43;41.87;3349.66;1881.44;-1468.22;0.00
0.21;10.52;37.83;3026.58;1802.08;-1224.49;0.00
0.26;10.39;39.46;3157.01;2081.20;-1075.81;0.00
0.24;7.54;34.25;2740.02;1801.25;-938.77;0.00
0.30;9.07;40.70;3256.32;2224.07;-1032.25;0.00
0.23;10.98;40.89;3271.47;1909.83;-1361.64;0.00
0.25;9.85;41.87;3349.44;1971.52;-1377.92;0.00
0.23;9.54;42.06;3364.76;1859.62;-1505.14;0.00
0.31;9.54;30.73;2458.58;2322.70;-135.89;0.00
0.22;10.36;33.87;2709.78;1848.51;-861.27;0.00
0.23;10.21;37.75;3019.69;1871.63;-1148.06;0.00
0.28;11.20;37.98;3038.44;2244.95;-793.49;0.00
0.26;8.52;34.42;2753.62;2003.82;-749.80;0.00
0.24;11.47;42.44;3395.22;2023.69;-1371.53;0.00
0.25;10.11;46.99;3759.50;2011.50;-1748.00;0.00
0.23;12.03;42.00;3359.66;1983.56;-1376.11;0.00
0.23;11.65;47.77;3821.85;1942.55;-1879.30;0.00
0.27;11.30;37.54;3002.86;2175.71;-827.15;0.00
0.29;8.43;48.79;3903.47;2146.99;-1756.48;0.00
0.26;8.29;41.96;3357.14;1979.17;-1377.97;0.00
0.22;8.81;39.63;3170.79;1782.42;-1388.37;0.00
0.23;9.61;44.41;3553.13;1836.79;-1716.34;0.00
0.22;10.15;40.51;3240.74;1813.87;-1426.87;0.00
0.21;11.53;39.45;3155.81;1840.76;-1315.04;0.00
0.24;9.01;33.97;2717.63;1874.55;-843.08;0.00
0.22;10.35;36.39;2910.81;1849.70;-1061.11;0.00
0.27;8.76;38.62;3089.79;2068.38;-1021.41;0.00
0.23;7.91;46.41;3712.48;1785.82;-1926.66;0.00
0.28;10.19;39.38;3150.09;2160.89;-989.20;0.00
0.24;11.43;32.54;2603.41;2014.06;-589.35;0.00
0.22;10.17;48.10;3848.33;1846.79;-2001.54;0.00
0.29;11.89;43.48;3478.53;2343.88;-1134.65;0.00
0.24;6.96;35.83;2866.15;1786.31;-1079.84;0.00
0.23;9.93;37.34;2987.10;1889.06;-1098.04;0.00
0.24;9.98;39.76;3180.91;1919.03;-1261.88;0.00
0.25;8.27;32.94;2635.38;1928.95;-706.43;0.00
0.22;10.02;42.46;3396.57;1824.32;-1572.25;0.00
0.25;9.23;39.92;3193.45;1941.45;-1252.00;0.00
0.22;6.89;40.77;3261.79;1630.81;-1630.98;0.00
0.22;10.60;37.93;3034.64;1835.63;-1199.01;0.00
0.23;8.92;37.36;2989.12;1806.16;-1182.96;0.00
0.28;9.72;32.01;2560.98;2167.52;-393.47;0.00
0.27;9.82;38.96;3117.06;2100.23;-1016.83;0.00
0.23;11.58;43.66;3492.72;1978.70;-1514.01;0.00
0.26;9.82;36.30;2903.87;2029.11;-874.76;0.00
0.27;11.48;30.16;2412.75;2191.45;-221.30;0.00
0.25;9.57;36.09;2887.11;1990.63;-896.47;0.00
0.26;9.78;45.86;3668.66;2021.23;-1647.43;0.00
0.27;8.77;39.06;3124.87;2038.80;-1086.08;0.00
0.25;9.36;40.05;3203.66;1973.22;-1230.44;0.00
0.24;9.16;40.26;3221.09;1898.16;-1322.93;0.00
0.27;10.18;44.74;3579.04;2115.33;-1463.70;0.00
0.28;9.79;27.90;2231.84;2155.29;-76.55;0.00
0.26;10.06;36.80;2943.75;2066.60;-877.15;0.00
0.28;11.12;42.66;3412.46;2225.23;-1187.23;0.00
0.25;10.03;48.72;3897.24;2011.64;-1885.60;0.00
0.21;9.26;36.82;2945.99;1732.97;-1213.02;0.00
0.26;9.82;39.20;3135.94;2033.87;-1102.07;0.00
0.27;9.99;39.98;3198.39;2089.99;-1108.39;0.00
0.23;10.58;44.59;3567.48;1929.38;-1638.10;0.00
0.26;11.31;39.73;3178.33;2119.96;-1058.37;0.00
0.28;9.45;37.96;3037.19;2155.93;-881.26;0.00
0.25;8.88;41.45;3315.95;1918.03;-1397.92;0.00
0.26;9.47;45.45;3635.61;2043.19;-1592.41;0.00
0.27;10.42;37.51;3000.48;2114.63;-885.85;0.00
0.26;10.92;41.49;3319.48;2134.73;-1184.75;0.00
0.25;9.34;39.33;3146.42;1991.23;-1155.19;0.00
0.27;11.05;45.53;3642.60;2185.94;-1456.65;0.00
0.22;10.65;37.10;2968.24;1833.62;-1134.61;0.00
0.28;11.81;44.99;3599.13;2272.13;-1327.00;0.00
0.21;11.00;39.90;3191.72;1840.98;-1350.74;0.00
0.23;10.31;37.25;2980.22;1874.10;-1106.11;0.00
0.24;8.34;43.73;3498.19;1866.41;-1631.77;0.00
0.22;10.73;42.77;3421.70;1863.65;-1558.05;0.00
0.25;9.99;36.82;2945.24;1978.63;-966.62;0.00
0.29;10.21;47.03;3762.70;2269.88;-1492.82;0.00
0.23;11.11;35.17;2813.40;1967.08;-846.32;0.00
0.28;10.11;46.59;3727.24;2196.95;-1530.30;0.00
0.25;9.35;42.06;3365.14;1953.22;-1411.93;0.00
0.25;9.67;39.43;3154.03;1956.36;-1197.67;0.00
0.24;8.87;37.91;3032.96;1855.80;-1177.15;0.00
0.28;10.02;38.12;3049.26;2187.12;-862.13;0.00
0.25;10.09;43.46;3476.61;2009.57;-1467.04;0.00
0.27;8.56;45.11;3608.56;2015.55;-1593.01;0.00
0.26;9.78;35.62;2849.44;2043.53;-805.91;0.00
0.30;8.95;32.35;2588.35;2220.87;-367.48;0.00
0.31;10.18;41.46;3316.63;2370.62;-946.02;0.00
0.23;9.95;43.01;3440.43;1894.03;-1546.40;0.00
0.27;11.37;33.12;2649.77;2172.31;-477.45;0.00
0.27;10.59;39.36;3148.98;2155.87;-993.10;0.00
0.30;10.44;40.11;3208.63;2328.37;-880.26;0.00
0.24;9.26;43.85;3508.08;1874.67;-1633.40;0.00
0.22;9.67;45.64;3651.04;1819.69;-1831.36;0.00
0.26;10.01;28.59;2287.52;2048.20;-239.32;0.00
0.27;8.29;43.97;3517.57;2017.87;-1499.71;0.00
0.26;8.91;36.55;2924.06;2019.87;-904.19;0.00
0.23;10.13;28.08;2246.30;1897.16;-349.14;0.00
0.25;11.07;28.62;2289.78;2057.25;-232.53;0.00
0.22;8.62;41.70;3335.84;1750.26;-1585.58;0.00
0.24;8.82;41.19;3295.26;1889.04;-1406.23;0.00
0.25;8.07;35.04;2803.06;1901.31;-901.75;0.00
0.26;10.42;39.14;3131.08;2055.82;-1075.26;0.00
0.24;10.23;41.07;3285.51;1971.02;-1314.49;0.00
0.29;10.80;33.82;2705.30;2295.20;-410.10;0.00
0.25;11.54;37.04;2963.35;2078.31;-885.04;0.00
0.22;10.47;42.74;3419.23;1825.91;-1593.32;0.00
0.28;11.28;42.11;3369.06;2226.46;-1142.61;0.00
0.25;11.15;44.71;3577.19;2050.59;-1526.60;0.00
0.24;12.67;38.33;3066.30;2074.02;-992.28;0.00
0.21;8.81;31.97;2557.75;1725.78;-831.97;0.00
0.28;10.40;38.26;3060.50;2170.76;-889.74;0.00
0.23;9.43;31.46;2516.80;1847.89;-668.91;0.00
0.26;9.24;32.98;2638.47;2026.15;-612.32;0.00
0.23;10.25;41.25;3299.99;1906.38;-1393.62;0.00
0.24;11.01;39.22;3137.39;1975.87;-1161.52;0.00
0.21;7.98;44.29;3543.04;1682.42;-1860.63;0.00
0.26;12.62;32.26;2580.79;2202.50;-378.29;0.00
0.28;9.73;46.38;3710.60;2153.96;-1556.64;0.00
0.23;11.51;38.15;3052.06;1958.70;-1093.35;0.00
0.23;7.37;50.98;4078.12;1744.04;-2334.08;0.00
0.22;10.30;39.06;3125.15;1828.07;-1297.08;0.00
0.28;11.21;29.80;2383.77;2216.86;-166.90;0.00
0.27;10.39;28.82;2305.40;2159.16;-146.24;0.00
0.26;11.61;46.32;3705.52;2170.78;-1534.74;0.00
0.21;9.85;41.32;3305.28;1734.74;-1570.55;0.00
0.23;9.29;36.23;2898.20;1823.62;-1074.58;0.00
