# X_0;X_1;X_2;R_0;S_0;G_0;I_0
0.28;8.18;39.52;3161.54;2050.44;-1111.11;0.00
0.22;11.38;42.40;3391.81;1918.87;-1472.94;0.00
0.22;8.89;39.78;3182.02;1789.16;-1392.86;0.00
0.26;9.52;33.93;2714.31;2023.39;-690.92;0.00
0.29;9.84;39.45;3155.88;2221.74;-934.14;0.00
0.26;9.13;35.00;2799.90;2007.29;-792.61;0.00
0.27;9.49;42.08;3366.01;2082.68;-1283.34;0.00
0.28;9.64;41.29;3302.89;2128.25;-1174.64;0.00
0.26;8.60;44.32;3545.71;1977.66;-1568.05;0.00
0.27;11.65;42.77;3421.36;2230.72;-1190.64;0.00
0.28;10.08;40.05;3204.05;2183.66;-1020.39;0.00
0.28;11.77;34.51;2760.56;2246.79;-513.77;0.00
0.28;11.58;42.03;3362.22;2268.82;-1093.39;0.00
0.27;10.24;41.64;3331.29;2125.23;-1206.06;0.00
0.27;9.88;43.04;3443.54;2084.05;-1359.49;0.00
0.24;8.67;46.93;3754.49;1891.14;-1863.34;0.00
0.20;8.53;40.20;3216.31;1609.58;-1606.73;0.00
0.26;12.29;40.18;3214.39;2159.93;-1054.46;0.00
0.26;9.78;38.09;3046.82;2015.98;-1030.84;0.00
0.22;9.91;39.88;3190.40;1822.92;-1367.48;0.00
0.22;10.10;41.43;3314.76;1805.88;-1508.89;0.00
0.23;9.78;36.72;2937.85;1896.60;-1041.26;0.00
0.23;9.65;40.35;3227.84;1881.28;-1346.56;0.00
0.24;11.26;34.41;2753.13;2003.42;-749.71;0.00
0.25;8.74;43.69;3495.26;1920.44;-1574.82;0.00
0.27;9.43;33.75;2700.15;2085.83;-614.32;0.00
0.25;10.92;42.01;3360.89;2035.58;-1325.32;0.00
0.22;10.18;40.85;3268.23;1860.66;-1407.58;0.00
0.25;8.21;44.69;3575.31;1900.89;-1674.42;0.00
0.27;9.99;33.35;2667.62;2123.00;-544.62;0.00
0.26;10.96;38.44;3075.06;2087.44;-987.61;0.00
0.25;10.06;43.54;3483.54;2000.34;-1483.20;0.00
0.21;8.92;40.36;3228.99;1708.19;-1520.80;0.00
0.23;10.66;44.93;3594.45;1897.62;-1696.83;0.00
0.27;9.86;46.87;3749.61;2095.17;-1654.44;0.00
0.27;7.80;43.12;3449.51;1975.80;-1473.71;0.00
0.29;7.95;40.74;3259.09;2103.27;-1155.82;0.00
0.24;13.23;42.70;3415.69;2087.86;-1327.83;0.00
0.26;11.79;50.82;4065.41;2140.21;-1925.20;0.00
0.22;10.46;35.58;2846.09;1841.51;-1004.58;0.00
0.22;9.67;37.31;2984.41;1815.79;-1168.61;0.00
0.28;10.19;43.80;3503.90;2157.40;-1346.50;0.00
0.26;8.08;45.11;3608.50;1931.45;-1677.05;0.00
0.28;11.61;34.61;2768.64;2244.97;-523.67;0.00
0.23;7.63;34.35;2747.85;1758.39;-989.46;0.00
0.22;9.95;43.67;3493.57;1838.53;-1655.04;0.00
0.25;12.16;38.41;3072.77;2135.76;-937.01;0.00
0.28;11.33;34.20;2736.12;2268.79;-467.33;0.00
0.25;11.35;41.56;3324.50;2078.58;-1245.91;0.00
0.23;9.68;40.81;3265.11;1876.85;-1388.26;0.00
0.24;10.42;44.75;3580.11;1959.62;-1620.50;0.00
0.25;12.48;45.15;3612.17;2152.21;-1459.96;0.00
0.31;11.23;40.99;3279.25;2414.80;-864.45;0.00
0.26;9.91;42.64;3411.16;2079.15;-1332.01;0.00
0.28;7.29;31.98;2558.78;2053.39;-505.39;0.00
0.30;10.23;49.54;3963.15;2275.58;-1687.57;0.00
0.26;8.95;44.01;3521.19;1980.32;-1540.87;0.00
0.25;13.75;30.76;2461.19;2203.68;-257.51;0.00
0.27;11.04;43.20;3456.24;2158.55;-1297.69;0.00
0.21;12.32;43.61;3488.66;1918.31;-1570.35;0.00
0.26;8.63;36.66;2933.15;1975.58;-957.58;0.00
0.27;10.06;44.27;3541.49;2126.41;-1415.07;0.00
0.29;8.99;41.67;3333.95;2164.78;-1169.18;0.00
0.24;10.10;39.78;3182.61;1918.15;-1264.46;0.00
0.27;11.37;44.23;3538.05;2200.40;-1337.65;0.00
0.25;11.34;39.26;3140.95;2091.66;-1049.29;0.00
0.27;12.47;37.58;3006.29;2219.67;-786.62;0.00
0.26;10.43;35.82;2865.31;2051.45;-813.85;0.00
0.23;10.98;33.32;2665.35;1948.58;-716.77;0.00
0.29;10.35;42.13;3370.56;2258.13;-1112.43;0.00
0.27;10.19;44.27;3541.35;2135.52;-1405.83;0.00
0.25;12.33;38.71;3096.70;2127.19;-969.51;0.00
0.25;8.92;43.30;3464.25;1933.82;-1530.43;0.00
0.26;9.87;34.42;2753.70;2031.74;-721.96;0.00
0.26;9.35;32.91;2632.67;2009.17;-623.51;0.00
0.27;11.60;35.78;2862.23;2179.16;-683.07;0.00
0.20;9.39;42.30;3384.35;1695.32;-1689.04;0.00
0.25;10.62;39.15;3131.80;2032.36;-1099.45;0.00
0.29;10.19;43.70;3496.03;2222.87;-1273.16;0.00
0.22;10.62;35.72;2857.92;1869.36;-988.55;0.00
0.28;10.28;44.35;3548.38;2194.02;-1354.36;0.00
0.28;10.74;41.78;3342.52;2189.69;-1152.82;0.00
0.24;10.89;39.48;3158.52;2003.96;-1154.56;0.00
0.25;9.70;41.48;3318.63;2005.85;-1312.78;0.00
0.23;7.99;49.19;3935.37;1758.93;-2176.44;0.00
0.29;10.89;37.71;3017.16;2259.55;-757.61;0.00
0.23;9.23;42.32;3385.46;1833.30;-1552.16;0.00
0.25;10.02;46.58;3726.33;1970.32;-1756.01;0.00
0.27;9.32;43.02;3441.66;2059.51;-1382.15;0.00
0.25;8.94;36.94;2955.42;1948.81;-1006.61;0.00
0.25;9.23;45.60;3647.80;1927.87;-1719.93;0.00
0.24;11.80;39.22;3137.96;2038.11;-1099.85;0.00
0.29;11.18;38.64;3091.30;2291.36;-799.94;0.00
0.23;10.08;43.36;3468.69;1904.70;-1563.99;0.00
0.25;11.27;40.27;3221.64;2094.26;-1127.38;0.00
0.25;10.58;40.31;3225.20;2046.61;-1178.58;0.00
0.27;8.56;34.35;2748.25;2027.51;-720.74;0.00
0.28;10.18;44.40;3551.70;2186.99;-1364.71;0.00
0.27;11.76;41.23;3298.53;2237.65;-1060.88;0.00
0.28;10.14;36.18;2894.16;2166.35;-727.81;0.00
0.23;10.22;38.82;3105.26;1864.51;-1240.75;0.00
0.26;10.86;48.55;3884.35;2074.72;-1809.63;0.00
0.24;10.22;43.00;3439.63;1933.14;-1506.48;0.00
0.26;8.77;41.37;3309.56;1976.10;-1333.46;0.00
0.24;11.17;36.05;2883.95;1978.83;-905.13;0.00
0.24;9.09;47.07;3765.92;1868.61;-1897.31;0.00
0.29;9.59;46.38;3710.43;2180.24;-1530.18;0.00
0.27;10.71;40.62;3249.62;2135.83;-1113.79;0.00
0.29;9.92;37.02;2961.90;2224.28;-737.62;0.00
0.25;9.16;36.31;2904.88;1962.47;-942.41;0.00
0.23;10.79;39.11;3128.74;1933.23;-1195.51;0.00
0.27;8.97;37.17;2973.43;2043.45;-929.98;0.00
0.26;12.16;43.06;3444.82;2170.42;-1274.40;0.00
0.24;9.70;44.16;3533.12;1940.14;-1592.98;0.00
0.21;11.04;45.88;3670.59;1837.43;-1833.15;0.00
0.23;9.02;52.97;4237.79;1809.47;-2428.32;0.00
0.25;12.98;46.38;3710.09;2179.78;-1530.31;0.00
0.23;9.36;46.71;3736.85;1867.77;-1869.08;0.00
0.26;12.14;38.77;3101.65;2152.93;-948.72;0.00
0.23;9.91;51.33;4106.64;1877.66;-2228.98;0.00
0.25;9.68;29.60;2367.71;1997.83;-369.88;0.00
0.24;8.68;39.03;3122.35;1891.55;-1230.80;0.00
0.24;11.82;33.40;2671.72;2023.83;-647.89;0.00
0.20;11.96;36.15;2892.35;1822.45;-1069.90;0.00
0.25;9.37;42.36;3388.56;1956.23;-1432.33;0.00
0.25;10.07;42.21;3376.82;1984.27;-1392.55;0.00
0.27;10.14;37.04;2962.86;2114.22;-848.64;0.00
0.25;11.02;38.89;3111.06;2061.26;-1049.80;0.00
0.23;9.70;46.17;3693.65;1891.97;-1801.68;0.00
0.22;11.00;43.79;3502.98;1882.90;-1620.08;0.00
0.24;8.75;41.17;3293.97;1860.96;-1433.02;0.00
0.30;10.66;33.13;2650.61;2320.07;-330.55;0.00
0.24;11.34;39.77;3181.54;2039.36;-1142.18;0.00
0.29;11.43;35.92;2873.68;2313.69;-559.98;0.00
0.28;9.29;36.55;2923.92;2134.07;-789.85;0.00
0.25;9.74;42.06;3365.01;1980.68;-1384.33;0.00
0.21;10.64;39.95;3195.67;1812.53;-1383.14;0.00
0.28;9.99;34.81;2784.57;2164.18;-620.39;0.00
0.27;8.40;41.03;3282.12;2037.54;-1244.58;0.00
0.25;11.71;42.33;3386.13;2097.30;-1288.83;0.00
0.22;10.11;29.87;2389.46;1857.38;-532.07;0.00
0.26;11.58;40.50;3240.27;2132.73;-1107.54;0.00
0.31;8.60;43.38;3470.66;2271.83;-1198.83;0.00
0.24;10.51;47.43;3794.33;1989.42;-1804.91;0.00
0.19;9.97;39.62;3169.74;1642.41;-1527.33;0.00
0.28;11.57;38.37;3069.72;2257.16;-812.56;0.00
0.26;11.15;37.64;3011.02;2125.11;-885.91;0.00
0.26;11.64;47.34;3786.81;2161.71;-1625.09;0.00
0.25;10.08;37.50;2999.83;1973.12;-1026.71;0.00
0.20;10.88;36.81;2945.05;1738.47;-1206.58;0.00
0.26;10.28;48.71;3896.87;2099.69;-1797.18;0.00
0.24;10.63;37.67;3013.27;1981.42;-1031.84;0.00
0.27;9.53;37.60;3008.18;2111.66;-896.52;0.00
0.28;10.61;39.31;3144.63;2191.16;-953.47;0.00
0.29;9.64;47.82;3825.60;2201.94;-1623.66;0.00
0.26;9.01;37.29;2982.86;2028.22;-954.64;0.00
0.23;10.66;43.56;3485.12;1934.34;-1550.79;0.00
0.25;10.11;51.53;4122.29;1998.01;-2124.28;0.00
0.23;11.09;39.32;3145.62;1941.04;-1204.58;0.00
0.28;11.66;41.32;3306.00;2275.11;-1030.89;0.00
0.22;11.65;33.15;2652.37;1921.38;-730.99;0.00
0.24;11.89;43.16;3453.19;2013.33;-1439.86;0.00
0.24;9.19;42.99;3438.93;1908.89;-1530.04;0.00
0.26;10.43;38.27;3061.29;2078.81;-982.48;0.00
0.29;11.22;44.89;3591.22;2306.04;-1285.17;0.00
0.24;9.78;39.84;3187.54;1926.30;-1261.24;0.00
0.22;11.42;41.95;3355.62;1927.87;-1427.75;0.00
0.29;11.34;47.46;3796.83;2316.73;-1480.10;0.00
0.24;10.99;34.64;2771.04;1997.79;-773.25;0.00
0.20;10.67;47.06;3764.52;1769.21;-1995.31;0.00
0.23;7.69;47.86;3828.74;1762.34;-2066.40;0.00
0.22;9.37;38.30;3063.64;1803.79;-1259.85;0.00
0.23;9.57;36.36;2908.64;1881.29;-1027.34;0.00
0.21;10.16;37.22;2977.85;1784.79;-1193.06;0.00
0.26;8.57;42.31;3384.88;1970.05;-1414.82;0.00
0.20;10.71;40.34;3227.46;1727.78;-1499.69;0.00
0.27;10.69;39.59;3167.11;2147.19;-1019.92;0.00
0.26;8.61;40.03;3202.02;2008.99;-1193.03;0.00
0.27;8.11;40.73;3258.58;2021.67;-1236.91;0.00
0.23;8.90;35.66;2852.52;1805.87;-1046.65;0.00
0.25;8.57;38.28;3062.42;1910.02;-1152.41;0.00
0.24;11.27;32.09;2567.16;1981.35;-585.80;0.00
0.21;10.77;40.63;3250.36;1803.84;-1446.51;0.00
0.24;8.17;38.95;3116.27;1816.61;-1299.67;0.00
0.26;9.46;30.53;2442.08;2018.70;-423.37;0.00
0.20;8.81;38.51;3081.00;1667.47;-1413.52;0.00
0.26;9.20;40.77;3261.68;1997.77;-1263.91;0.00
0.28;11.35;48.22;3857.26;2218.98;-1638.27;0.00
0.27;10.69;38.79;3102.96;2138.24;-964.73;0.00
0.24;10.33;41.55;3324.27;1983.52;-1340.75;0.00
0.24;10.47;47.08;3766.02;1976.07;-1789.96;0.00
0.28;10.26;38.45;3076.35;2175.46;-900.89;0.00
0.25;8.18;38.21;3056.82;1924.41;-1132.41;0.00
0.26;9.93;45.35;3627.82;2053.48;-1574.33;0.00
0.27;9.48;36.86;2948.57;2095.84;-852.74;0.00
0.27;9.21;43.45;3476.17;2075.48;-1400.69;0.00
0.29;9.02;41.74;3339.57;2184.70;-1154.87;0.00
0.28;13.60;32.17;2573.93;2380.47;-193.46;0.00
0.24;9.29;43.20;3455.83;1883.62;-1572.21;0.00
0.26;10.96;40.78;3262.61;2107.76;-1154.85;0.00
0.23;11.13;32.19;2575.02;1949.58;-625.44;0.00
0.25;9.47;37.67;3013.86;1957.19;-1056.67;0.00
0.27;9.67;43.12;3449.41;2117.01;-1332.40;0.00
0.24;11.33;39.42;3153.29;2001.95;-1151.34;0.00
0.28;10.09;49.14;3931.08;2175.08;-1756.01;0.00
0.24;10.80;45.14;3610.87;1981.77;-1629.10;0.00
0.25;10.29;39.95;3195.95;2027.94;-1168.00;0.00
0.24;10.09;39.11;3129.00;1954.90;-1174.10;0.00
0.27;8.84;41.98;3358.11;2045.59;-1312.52;0.00
0.26;9.26;42.77;3421.65;2020.49;-1401.16;0.00
0.27;10.28;38.07;3045.85;2113.39;-932.46;0.00
0.25;9.72;41.47;3317.54;1988.00;-1329.54;0.00
0.22;10.39;40.22;3217.76;1842.64;-1375.11;0.00
0.26;11.55;40.18;3214.67;2121.86;-1092.81;0.00
0.22;11.90;38.27;3061.69;1899.06;-1162.63;0.00
0.25;9.85;45.45;3636.37;1999.84;-1636.53;0.00
0.28;10.94;41.56;3324.92;2206.94;-1117.98;0.00
0.25;9.32;40.50;3239.71;1933.48;-1306.23;0.00
0.28;9.09;43.23;3458.17;2097.21;-1360.96;0.00
0.31;9.89;44.43;3554.37;2335.08;-1219.28;0.00
0.29;9.82;39.80;3184.11;2210.69;-973.42;0.00
0.19;10.82;36.61;2928.46;1667.92;-1260.54;0.00
0.20;10.61;45.04;3603.44;1741.30;-1862.14;0.00
0.24;11.62;42.34;3386.88;2024.44;-1362.44;0.00
0.26;10.44;44.54;3563.31;2081.31;-1482.00;0.00
0.24;9.62;29.46;2357.09;1913.11;-443.97;0.00
0.28;9.32;43.09;3446.82;2161.11;-1285.70;0.00
0.21;9.81;34.89;2791.37;1735.15;-1056.22;0.00
0.23;7.92;37.80;3023.94;1783.00;-1240.94;0.00
0.21;9.94;31.89;2551.03;1784.75;-766.28;0.00
0.23;10.23;43.89;3511.14;1874.20;-1636.93;0.00
0.27;9.44;42.02;3361.63;2065.46;-1296.17;0.00
0.25;10.48;46.82;3745.29;2008.95;-1736.35;0.00
0.24;8.23;31.14;2491.09;1815.00;-676.09;0.00
0.27;9.94;40.65;3251.96;2099.66;-1152.30;0.00
0.26;8.26;40.13;3210.57;1962.69;-1247.88;0.00
0.27;7.92;44.13;3530.53;1981.22;-1549.31;0.00
0.27;9.59;42.10;3367.78;2083.01;-1284.77;0.00
0.25;9.84;44.20;3536.04;1992.41;-1543.63;0.00
0.28;12.20;39.66;3172.52;2277.20;-895.32;0.00
0.25;8.02;40.78;3262.19;1891.97;-1370.22;0.00
0.22;8.56;42.25;3379.71;1770.16;-1609.55;0.00
0.28;9.05;37.21;2976.44;2112.88;-863.56;0.00
0.22;11.27;42.27;3381.79;1912.39;-1469.40;0.00
0.27;10.69;36.72;2937.46;2177.47;-759.99;0.00
0.30;9.92;38.23;3058.61;2280.86;-777.75;0.00
0.28;11.11;41.93;3354.22;2261.11;-1093.11;0.00
0.19;11.30;40.77;3261.75;1694.89;-1566.86;0.00
0.27;12.41;40.85;3268.06;2235.37;-1032.69;0.00
0.25;11.94;33.88;2710.41;2123.81;-586.60;0.00
0.26;11.02;39.62;3169.59;2084.42;-1085.16;0.00
0.28;10.70;40.36;3228.67;2233.74;-994.93;0.00
0.24;12.82;43.47;3477.68;2093.41;-1384.26;0.00
0.24;8.07;35.37;2829.36;1848.31;-981.04;0.00
0.21;9.31;44.05;3523.95;1716.49;-1807.46;0.00
0.24;9.32;44.30;3543.80;1930.92;-1612.88;0.00
0.24;8.20;42.78;3422.51;1816.51;-1606.01;0.00
0.25;9.54;41.81;3344.76;2000.79;-1343.97;0.00
0.25;11.46;44.45;3556.31;2070.07;-1486.23;0.00
0.21;10.69;40.53;3242.66;1795.07;-1447.59;0.00
0.23;10.44;32.21;2576.63;1933.12;-643.51;0.00
0.23;10.70;45.57;3645.49;1929.92;-1715.57;0.00
0.27;10.06;40.65;3252.24;2089.84;-1162.39;0.00
0.23;11.04;38.44;3074.98;1965.81;-1109.17;0.00
0.23;8.24;41.27;3301.33;1766.38;-1534.95;0.00
0.27;10.41;32.64;2611.41;2143.73;-467.68;0.00
0.22;8.61;46.04;3683.37;1769.73;-1913.64;0.00
0.23;12.15;38.38;3070.69;1985.08;-1085.61;0.00
0.26;11.66;43.88;3510.32;2137.64;-1372.68;0.00
0.24;10.33;39.74;3178.97;1937.09;-1241.88;0.00
0.29;8.10;30.86;2468.73;2115.12;-353.61;0.00
0.21;7.13;45.59;3647.01;1635.60;-2011.41;0.00
0.29;9.93;42.88;3430.30;2247.23;-1183.06;0.00
0.22;9.58;40.65;3251.89;1805.80;-1446.09;0.00
0.26;9.55;40.25;3220.18;2038.23;-1181.95;0.00
0.21;9.02;37.21;2976.90;1739.70;-1237.20;0.00
0.22;11.22;38.15;3052.11;1912.88;-1139.23;0.00
0.30;11.08;38.70;3096.31;2321.75;-774.56;0.00
0.30;10.02;42.86;3428.55;2315.64;-1112.91;0.00
0.24;11.24;37.64;3011.02;2016.24;-994.78;0.00
0.22;10.07;38.56;3084.92;1837.24;-1247.68;0.00
0.30;10.55;38.79;3102.96;2340.89;-762.07;0.00
0.23;8.29;40.59;3247.20;1803.06;-1444.14;0.00
0.22;10.29;40.13;3210.18;1842.64;-1367.54;0.00
0.29;11.50;40.27;3221.63;2324.06;-897.58;0.00
0.28;10.17;37.16;2972.46;2194.51;-777.96;0.00
0.27;10.84;29.87;2389.48;2157.33;-232.16;0.00
0.28;11.10;34.33;2746.26;2219.15;-527.12;0.00
0.24;12.12;33.46;2676.87;2045.11;-631.76;0.00
0.24;11.03;35.94;2875.13;1979.95;-895.18;0.00
0.22;8.51;50.78;4062.37;1716.88;-2345.49;0.00
0.22;8.58;24.21;1937.17;1755.13;-182.04;0.00
0.28;14.37;33.14;2651.56;2390.26;-261.30;0.00
0.27;8.38;42.31;3384.56;2045.30;-1339.26;0.00
0.22;10.65;50.61;4048.84;1829.91;-2218.94;0.00
0.30;10.16;42.31;3385.18;2311.93;-1073.25;0.00
0.27;12.07;44.90;3592.29;2224.32;-1367.97;0.00
0.25;10.61;39.86;3188.45;2023.48;-1164.98;0.00
0.28;7.95;39.81;3184.89;2045.46;-1139.43;0.00
0.23;10.30;34.70;2775.90;1914.89;-861.01;0.00
0.26;9.58;36.32;2905.31;2018.52;-886.78;0.00
0.27;10.57;31.61;2528.76;2128.04;-400.72;0.00
0.25;9.80;31.48;2518.53;2000.67;-517.86;0.00
0.28;10.19;41.99;3359.31;2156.22;-1203.09;0.00
0.24;9.27;43.61;3488.76;1905.73;-1583.03;0.00
0.30;10.35;39.01;3120.63;2295.25;-825.39;0.00
0.28;11.41;41.39;3311.23;2228.22;-1083.01;0.00
0.26;8.93;38.04;3043.14;2012.33;-1030.81;0.00
0.25;9.51;40.18;3214.10;1950.16;-1263.95;0.00
0.25;10.66;39.82;3185.46;2041.91;-1143.55;0.00
0.26;10.95;44.38;3550.37;2107.44;-1442.93;0.00
0.24;9.33;39.63;3170.45;1920.65;-1249.80;0.00
0.24;11.47;50.91;4072.62;2044.22;-2028.40;0.00
0.28;10.12;47.99;3839.18;2194.17;-1645.01;0.00
0.27;11.14;41.09;3286.96;2170.50;-1116.46;0.00
0.25;10.14;41.98;3358.47;2028.60;-1329.87;0.00
0.25;10.78;33.75;2700.37;2057.50;-642.87;0.00
0.23;8.70;51.48;4118.54;1801.08;-2317.46;0.00
0.22;10.29;42.63;3410.26;1845.36;-1564.90;0.00
0.23;10.13;38.62;3089.22;1870.70;-1218.52;0.00
0.26;11.83;40.95;3275.64;2128.60;-1147.04;0.00
0.23;10.74;33.94;2714.82;1916.43;-798.40;0.00
0.29;9.47;40.49;3239.06;2179.94;-1059.12;0.00
0.24;11.46;43.00;3439.81;1997.49;-1442.32;0.00
0.25;8.30;30.12;2409.32;1924.89;-484.43;0.00
0.25;9.99;45.69;3655.39;1985.09;-1670.30;0.00
0.26;11.39;34.52;2761.91;2129.66;-632.25;0.00
0.27;9.72;39.57;3165.89;2097.23;-1068.66;0.00
0.27;11.35;43.84;3507.26;2199.76;-1307.50;0.00
0.28;10.21;39.55;3164.06;2159.51;-1004.54;0.00
0.27;9.53;44.42;3553.58;2117.33;-1436.25;0.00
0.28;9.01;39.77;3181.41;2141.79;-1039.62;0.00
0.22;9.15;38.75;3099.85;1778.02;-1321.83;0.00
0.25;9.39;30.18;2414.04;1988.08;-425.96;0.00
0.23;9.29;44.03;3522.41;1867.23;-1655.19;0.00
0.22;9.50;40.93;3274.00;1809.68;-1464.32;0.00
0.25;8.65;35.25;2819.77;1949.00;-870.76;0.00
0.24;9.34;42.61;3409.08;1877.59;-1531.50;0.00
0.22;10.30;45.69;3655.56;1846.40;-1809.16;0.00
0.26;10.22;39.62;3169.42;2076.22;-1093.21;0.00
0.25;11.49;33.52;2681.88;2098.10;-583.78;0.00
0.27;11.16;40.94;3275.57;2179.06;-1096.51;0.00
0.29;9.35;37.41;2992.69;2179.19;-813.50;0.00
0.24;9.97;30.51;2441.17;1945.70;-495.48;0.00
0.24;10.10;40.73;3258.48;1925.00;-1333.47;0.00
0.26;11.29;45.72;3657.41;2138.58;-1518.83;0.00
0.25;10.19;34.38;2750.46;1984.85;-765.61;0.00
0.22;7.23;46.05;3683.93;1695.18;-1988.75;0.00
0.26;8.82;41.28;3302.06;2001.35;-1300.71;0.00
0.24;9.96;44.04;3523.24;1940.89;-1582.35;0.00
0.24;7.40;46.44;3714.86;1791.22;-1923.64;0.00
0.27;5.88;41.02;3281.59;1901.13;-1380.45;0.00
0.26;10.51;39.37;3149.96;2062.19;-1087.77;0.00
0.23;10.51;47.68;3814.04;1923.42;-1890.62;0.00
0.28;9.76;40.47;3237.26;2179.07;-1058.18;0.00
0.24;10.93;43.53;3482.21;2000.80;-1481.41;0.00
0.24;12.02;41.30;3304.00;2020.09;-1283.91;0.00
0.25;10.80;39.46;3157.07;2061.56;-1095.50;0.00
0.26;9.07;43.07;3445.47;2000.87;-1444.60;0.00
0.27;10.12;38.30;3064.24;2126.67;-937.57;0.00
0.28;9.79;37.00;2959.74;2172.01;-787.73;0.00
0.22;9.92;44.45;3556.17;1814.29;-1741.88;0.00
0.32;10.55;49.05;3924.13;2453.73;-1470.40;0.00
0.24;10.41;42.74;3419.25;1944.63;-1474.62;0.00
0.30;12.02;37.68;3014.20;2378.80;-635.40;0.00
0.25;9.24;51.22;4097.99;1928.34;-2169.64;0.00
0.23;10.92;42.63;3410.55;1939.41;-1471.14;0.00
0.25;12.14;37.30;2983.87;2086.83;-897.05;0.00
0.25;8.82;32.08;2566.09;1922.85;-643.24;0.00
0.22;8.51;45.22;3617.96;1749.90;-1868.06;0.00
0.23;8.85;30.46;2436.61;1823.89;-612.71;0.00
0.23;9.65;36.27;2901.84;1841.02;-1060.82;0.00
0.29;8.24;35.79;2863.50;2113.92;-749.58;0.00
0.23;9.19;39.31;3144.85;1816.04;-1328.81;0.00
0.24;9.92;37.10;2968.08;1941.86;-1026.22;0.00
0.24;10.39;36.34;2907.05;1976.35;-930.70;0.00
0.24;9.77;34.59;2767.06;1953.80;-813.26;0.00
0.27;9.08;44.95;3596.08;2046.65;-1549.43;0.00
0.28;11.53;42.19;3375.32;2253.87;-1121.44;0.00
0.25;11.03;44.63;3570.58;2070.09;-1500.49;0.00
0.23;8.31;35.82;2865.42;1772.17;-1093.25;0.00
0.24;11.36;42.54;3403.21;2013.37;-1389.85;0.00
0.24;11.11;36.62;2929.85;1972.99;-956.86;0.00
0.30;10.78;43.88;3510.50;2317.34;-1193.15;0.00
0.28;10.50;41.73;3338.26;2187.47;-1150.79;0.00
0.21;9.36;33.19;2654.83;1751.23;-903.61;0.00
0.28;8.35;41.36;3308.63;2082.69;-1225.93;0.00
0.22;10.64;41.36;3309.13;1853.32;-1455.81;0.00
0.25;8.19;37.21;2977.09;1874.87;-1102.22;0.00
0.23;10.12;32.37;2589.49;1898.17;-691.32;0.00
0.24;8.43;44.93;3594.76;1834.21;-1760.55;0.00
0.21;9.48;34.65;2772.37;1718.25;-1054.12;0.00
0.22;10.92;35.42;2833.34;1848.53;-984.81;0.00
0.23;11.36;43.28;3462.54;1982.85;-1479.69;0.00
0.27;10.45;43.36;3468.48;2147.24;-1321.24;0.00
0.26;11.01;40.41;3232.73;2113.27;-1119.46;0.00
0.27;9.75;40.01;3201.12;2079.71;-1121.41;0.00
0.25;10.06;30.44;2435.39;2005.70;-429.69;0.00
0.22;8.56;32.86;2628.94;1760.17;-868.78;0.00
0.24;10.67;39.63;3170.28;1976.89;-1193.39;0.00
0.23;10.28;46.77;3741.66;1902.72;-1838.94;0.00
0.22;9.65;33.51;2681.16;1828.45;-852.71;0.00
0.25;10.39;41.01;3280.40;2037.40;-1243.00;0.00
0.22;9.55;36.10;2887.95;1817.22;-1070.73;0.00
0.26;9.54;45.23;3618.22;2058.66;-1559.56;0.00
0.29;9.22;37.42;2993.36;2165.42;-827.95;0.00
0.24;9.61;49.10;3928.11;1918.26;-2009.85;0.00
0.28;10.82;39.77;3181.31;2215.50;-965.81;0.00
0.21;8.91;49.22;3937.33;1732.88;-2204.45;0.00
0.26;11.97;40.63;3250.13;2184.23;-1065.90;0.00
0.26;9.25;42.78;3422.57;2016.95;-1405.62;0.00
0.23;10.86;36.45;2915.70;1938.06;-977.65;0.00
0.25;8.25;37.94;3034.90;1924.55;-1110.35;0.00
0.19;7.29;41.37;3309.23;1496.49;-1812.74;0.00
0.25;9.84;41.52;3321.44;1981.59;-1339.85;0.00
0.24;9.99;36.30;2904.19;1957.37;-946.82;0.00
0.22;7.70;33.10;2648.30;1689.39;-958.91;0.00
0.24;11.24;39.38;3150.43;1979.24;-1171.19;0.00
0.20;9.53;46.70;3735.65;1685.86;-2049.79;0.00
0.26;10.24;37.72;3017.57;2046.36;-971.21;0.00
0.27;7.21;36.18;2894.20;1989.68;-904.52;0.00
0.24;9.60;42.78;3422.45;1894.01;-1528.44;0.00
0.23;10.41;35.77;2861.35;1885.78;-975.57;0.00
0.25;9.54;44.23;3538.58;1945.37;-1593.22;0.00
0.28;11.91;47.01;3760.84;2303.84;-1457.01;0.00
0.25;11.65;39.72;3177.82;2113.00;-1064.81;0.00
0.24;10.54;48.11;3848.45;1970.38;-1878.07;0.00
0.23;11.06;46.16;3692.90;1946.37;-1746.54;0.00
0.31;9.06;48.79;3903.06;2306.41;-1596.65;0.00
0.22;9.84;36.89;2951.16;1792.26;-1158.91;0.00
0.24;11.93;45.49;3639.05;2030.53;-1608.52;0.00
0.24;9.50;42.29;3383.05;1930.50;-1452.56;0.00
0.27;9.84;42.74;3419.36;2084.45;-1334.91;0.00
0.24;9.49;32.00;2559.98;1934.37;-625.60;0.00
0.26;10.23;46.21;3696.77;2077.86;-1618.91;0.00
0.26;9.73;44.03;3522.54;2048.06;-1474.48;0.00
0.24;9.49;37.84;3027.48;1933.20;-1094.27;0.00
0.24;10.40;35.05;2803.78;1989.19;-814.59;0.00
0.24;8.64;33.81;2704.63;1857.80;-846.83;0.00
0.23;8.35;41.82;3345.46;1774.46;-1571.00;0.00
0.23;10.85;47.79;3823.57;1931.69;-1891.88;0.00
0.22;11.91;45.72;3657.82;1938.86;-1718.97;0.00
0.21;11.78;38.60;3088.20;1876.08;-1212.12;0.00
0.26;10.86;36.01;2880.98;2123.98;-757.00;0.00
0.25;8.04;38.90;3112.07;1888.33;-1223.74;0.00
0.24;10.26;38.71;3096.76;1935.53;-1161.24;0.00
0.22;10.86;37.23;2978.77;1875.27;-1103.50;0.00
0.25;10.48;42.94;3435.34;2012.44;-1422.89;0.00
0.21;10.27;42.54;3403.01;1806.72;-1596.29;0.00
0.23;11.18;30.81;2464.72;1951.45;-513.28;0.00
0.26;10.43;42.77;3421.67;2075.06;-1346.61;0.00
0.24;10.75;40.70;3256.02;1960.39;-1295.63;0.00
0.25;10.81;46.55;3723.99;2034.09;-1689.90;0.00
0.22;9.43;32.50;2600.22;1801.62;-798.61;0.00
0.21;10.85;42.36;3388.50;1832.38;-1556.12;0.00
0.27;11.78;39.89;3191.59;2209.65;-981.95;0.00
0.27;11.32;41.90;3351.87;2189.14;-1162.73;0.00
0.27;10.94;46.30;3703.96;2144.96;-1559.00;0.00
0.28;8.19;38.57;3085.64;2068.14;-1017.51;0.00
0.19;8.36;37.84;3027.03;1586.35;-1440.68;0.00
0.25;10.26;38.44;3075.03;2008.72;-1066.31;0.00
0.22;8.68;36.17;2893.37;1768.18;-1125.19;0.00
0.24;10.40;48.22;3857.87;1961.13;-1896.74;0.00
0.27;10.66;38.09;3047.13;2162.87;-884.26;0.00
0.27;9.67;48.03;3842.12;2097.70;-1744.42;0.00
0.28;10.01;46.07;3685.35;2190.78;-1494.57;0.00
0.26;11.95;40.67;3253.79;2186.72;-1067.07;0.00
0.27;11.81;43.98;3518.67;2184.80;-1333.87;0.00
0.25;11.50;40.15;3212.22;2092.25;-1119.97;0.00
0.24;11.53;48.11;3848.58;2011.90;-1836.68;0.00
0.27;9.60;43.05;3443.71;2091.72;-1351.99;0.00
0.27;11.86;38.51;3080.41;2242.84;-837.58;0.00
0.23;8.88;42.32;3385.41;1804.96;-1580.45;0.00
0.26;10.75;28.82;2305.46;2072.81;-232.65;0.00
0.32;10.17;38.18;3054.09;2410.11;-643.98;0.00
0.27;10.97;43.62;3489.42;2179.23;-1310.19;0.00
0.24;12.60;43.28;3462.65;2089.37;-1373.29;0.00
0.24;9.90;45.99;3679.58;1930.13;-1749.44;0.00
0.29;8.62;35.54;2842.93;2157.00;-685.93;0.00
0.29;10.45;37.65;3011.91;2258.01;-753.90;0.00
0.24;10.67;34.81;2784.52;1972.03;-812.49;0.00
0.25;11.30;48.45;3876.36;2063.18;-1813.18;0.00
0.28;10.46;42.03;3362.60;2192.84;-1169.76;0.00
0.28;12.30;36.78;2942.33;2306.74;-635.59;0.00
0.21;10.18;39.63;3170.02;1774.51;-1395.51;0.00
0.23;10.66;29.62;2369.51;1932.15;-437.37;0.00
0.23;9.94;34.52;2761.34;1857.44;-903.90;0.00
0.24;10.43;44.97;3597.53;1945.30;-1652.23;0.00
0.22;11.77;31.97;2557.60;1897.29;-660.32;0.00
0.23;9.64;46.00;3680.33;1864.11;-1816.22;0.00
0.25;11.14;37.71;3016.67;2033.00;-983.67;0.00
0.26;10.58;33.44;2675.02;2072.18;-602.84;0.00
0.22;12.92;46.45;3715.75;2003.69;-1712.06;0.00
0.26;9.01;47.48;3798.64;2007.21;-1791.43;0.00
0.28;12.85;42.63;3410.16;2303.84;-1106.32;0.00
0.26;10.74;34.51;2760.58;2120.20;-640.38;0.00
0.25;10.28;40.27;3221.28;2035.92;-1185.36;0.00
0.24;10.68;37.87;3029.45;1955.85;-1073.59;0.00
0.23;10.17;37.31;2984.67;1885.44;-1099.23;0.00
0.26;11.31;35.65;2851.94;2130.10;-721.85;0.00
0.22;9.81;44.56;3565.13;1837.08;-1728.04;0.00
0.23;10.45;38.44;3075.03;1928.85;-1146.18;0.00
0.24;11.28;46.44;3714.85;1985.25;-1729.60;0.00
0.26;7.59;46.58;3726.71;1921.05;-1805.66;0.00
0.20;10.48;43.26;3460.49;1727.37;-1733.12;0.00
0.27;10.21;36.88;2950.30;2130.16;-820.14;0.00
0.25;10.21;43.19;3455.39;1981.57;-1473.82;0.00
0.22;10.86;38.98;3118.50;1867.72;-1250.79;0.00
0.26;10.90;40.10;3208.30;2107.52;-1100.79;0.00
0.27;9.28;34.69;2775.53;2082.10;-693.43;0.00
0.25;8.68;45.80;3663.64;1946.67;-1716.97;0.00
0.21;6.67;41.73;3338.60;1580.57;-1758.03;0.00
0.25;10.75;47.71;3816.91;2039.93;-1776.98;0.00
0.26;9.14;35.99;2879.15;2036.73;-842.42;0.00
0.24;11.00;46.37;3709.49;2000.35;-1709.14;0.00
0.26;9.20;34.20;2735.66;2036.99;-698.67;0.00
0.22;9.78;44.69;3575.01;1820.24;-1754.77;0.00
0.25;10.78;47.42;3793.31;2025.87;-1767.43;0.00
0.23;10.47;37.97;3037.44;1884.08;-1153.36;0.00
0.24;10.22;34.74;2779.38;1953.33;-826.05;0.00
0.27;10.96;39.02;3121.52;2139.73;-981.79;0.00
0.23;9.82;36.70;2936.14;1877.66;-1058.49;0.00
0.25;9.84;38.48;3078.31;1961.48;-1116.83;0.00
0.23;10.42;36.41;2913.04;1921.67;-991.37;0.00
0.23;9.78;45.09;3607.55;1898.44;-1709.11;0.00
0.27;11.85;32.48;2598.52;2203.67;-394.86;0.00
0.28;11.83;42.76;3420.61;2281.68;-1138.93;0.00
0.31;8.82;36.85;2948.39;2280.55;-667.84;0.00
0.25;9.54;35.52;2841.21;1950.83;-890.38;0.00
0.22;11.76;45.43;3634.02;1893.73;-1740.29;0.00
0.27;9.22;39.89;3191.07;2091.29;-1099.78;0.00
0.22;9.95;39.50;3159.76;1832.04;-1327.72;0.00
0.24;10.87;38.03;3042.33;1959.01;-1083.32;0.00
0.25;7.95;39.51;3160.95;1915.62;-1245.33;0.00
0.24;9.52;45.64;3651.01;1941.70;-1709.31;0.00
0.24;10.36;39.98;3198.77;1934.04;-1264.73;0.00
0.26;10.17;39.68;3174.69;2082.60;-1092.09;0.00
0.23;11.81;41.23;3298.28;1958.73;-1339.55;0.00
0.20;8.68;39.78;3182.08;1634.41;-1547.67;0.00
0.26;10.02;47.33;3786.11;2045.80;-1740.31;0.00
0.28;12.66;37.23;2978.62;2328.41;-650.21;0.00
0.28;11.03;47.79;3823.26;2249.79;-1573.47;0.00
0.18;9.03;36.55;2923.76;1550.21;-1373.54;0.00
0.21;8.20;37.48;2998.62;1692.91;-1305.70;0.00
0.25;10.28;45.58;3646.22;1991.91;-1654.31;0.00
0.20;10.64;40.72;3257.92;1746.51;-1511.41;0.00
0.28;8.13;36.97;2957.51;2088.77;-868.74;0.00
0.27;10.59;39.65;3171.79;2130.34;-1041.45;0.00
0.27;9.53;40.36;3228.56;2061.93;-1166.64;0.00
0.27;9.42;39.45;3155.71;2098.30;-1057.41;0.00
0.21;8.63;48.96;3916.46;1666.74;-2249.72;0.00
0.26;10.57;34.23;2738.72;2077.91;-660.81;0.00
0.23;11.87;38.90;3111.79;1999.39;-1112.40;0.00
0.23;10.11;39.07;3125.82;1884.50;-1241.31;0.00
0.26;10.27;48.82;3905.84;2062.56;-1843.28;0.00
0.29;10.79;41.99;3359.01;2277.60;-1081.42;0.00
0.24;10.73;39.51;3161.18;1999.35;-1161.83;0.00
0.21;8.14;45.24;3618.90;1690.87;-1928.03;0.00
0.25;9.40;34.25;2740.02;1958.06;-781.96;0.00
0.27;11.54;55.65;4452.10;2184.48;-2267.62;0.00
0.23;10.71;42.56;3405.13;1938.52;-1466.60;0.00
0.27;11.33;35.76;2860.62;2209.63;-650.99;0.00
0.25;8.74;29.02;2321.38;1912.89;-408.49;0.00
0.25;9.32;32.81;2624.55;1970.32;-654.23;0.00
0.29;10.35;42.99;3439.24;2228.88;-1210.36;0.00
0.24;10.51;46.03;3682.24;1970.71;-1711.53;0.00
0.28;9.63;43.40;3471.87;2145.67;-1326.21;0.00
0.25;9.91;42.14;3370.90;1998.70;-1372.20;0.00
0.29;10.13;33.77;2701.22;2216.37;-484.84;0.00
0.25;10.37;37.11;2968.91;2008.18;-960.73;0.00
0.25;10.20;39.77;3181.41;2023.45;-1157.96;0.00
0.26;11.47;48.56;3885.13;2144.69;-1740.45;0.00
0.24;8.26;44.34;3547.05;1816.97;-1730.08;0.00
0.28;9.90;41.91;3352.50;2152.67;-1199.82;0.00
0.25;11.22;46.94;3755.25;2065.00;-1690.25;0.00
0.28;11.81;47.88;3830.68;2270.26;-1560.42;0.00
0.25;9.95;41.29;3303.15;2013.72;-1289.43;0.00
0.25;9.00;39.77;3181.24;1952.25;-1229.00;0.00
0.25;9.89;43.45;3475.79;2020.51;-1455.27;0.00
0.28;10.94;42.07;3365.98;2241.26;-1124.71;0.00
0.25;9.95;50.25;4019.84;1979.26;-2040.58;0.00
0.26;10.16;44.18;3534.37;2053.93;-1480.44;0.00
0.26;10.52;33.78;2702.56;2104.54;-598.02;0.00
0.27;10.77;40.19;3214.92;2149.83;-1065.09;0.00
0.25;10.99;39.21;3137.12;2070.04;-1067.07;0.00
0.28;10.93;34.39;2751.23;2216.73;-534.50;0.00
0.21;10.23;44.46;3556.70;1750.10;-1806.60;0.00
0.28;9.71;47.61;3809.12;2176.94;-1632.19;0.00
0.29;9.56;40.71;3257.17;2188.68;-1068.49;0.00
0.27;8.83;36.84;2946.80;2028.42;-918.38;0.00
0.26;10.99;44.64;3571.19;2083.58;-1487.61;0.00
0.26;8.87;42.38;3390.08;1981.09;-1409.00;0.00
0.22;10.90;40.03;3202.57;1868.99;-1333.59;0.00
0.27;9.49;40.17;3213.90;2112.11;-1101.79;0.00
0.29;9.96;41.61;3329.07;2238.06;-1091.01;0.00
0.22;9.34;35.24;2819.00;1786.46;-1032.53;0.00
0.26;10.91;39.13;3130.66;2113.23;-1017.43;0.00
0.26;10.25;50.96;4077.15;2064.93;-2012.22;0.00
0.25;11.25;44.15;3532.35;2054.89;-1477.46;0.00
0.23;10.75;44.18;3534.22;1935.15;-1599.07;0.00
0.27;11.65;37.92;3033.62;2175.78;-857.84;0.00
0.22;10.02;42.84;3427.54;1832.53;-1595.01;0.00
0.26;10.99;41.31;3304.44;2131.89;-1172.55;0.00
0.24;9.51;38.03;3042.54;1926.67;-1115.87;0.00
0.26;10.42;42.06;3365.04;2076.75;-1288.29;0.00
0.21;10.15;42.62;3409.92;1777.15;-1632.77;0.00
0.26;9.98;36.05;2883.86;2080.35;-803.52;0.00
0.22;11.03;43.18;3454.75;1861.97;-1592.78;0.00
0.25;8.90;40.18;3214.31;1933.66;-1280.65;0.00
0.24;11.15;39.58;3166.78;2018.30;-1148.48;0.00
0.19;11.27;45.76;3661.03;1743.98;-1917.05;0.00
0.25;10.69;42.73;3418.55;2059.51;-1359.04;0.00
0.24;10.46;36.58;2926.57;1964.11;-962.47;0.00
0.28;10.83;34.77;2781.65;2233.20;-548.45;0.00
0.27;10.63;33.48;2678.50;2173.80;-504.69;0.00
0.22;12.04;42.86;3428.93;1931.68;-1497.25;0.00
0.31;9.02;41.52;3321.75;2284.48;-1037.27;0.00
0.24;11.20;37.88;3030.36;1975.24;-1055.11;0.00
0.29;10.12;29.66;2372.91;2232.82;-140.09;0.00
0.23;12.99;39.21;3136.99;2016.49;-1120.49;0.00
0.28;10.58;36.69;2935.10;2201.39;-733.71;0.00
0.26;12.05;41.34;3307.20;2148.06;-1159.14;0.00
0.27;11.27;39.16;3132.63;2201.52;-931.11;0.00
0.29;8.31;38.57;3085.65;2142.67;-942.98;0.00
0.22;9.20;46.06;3684.95;1800.51;-1884.44;0.00
0.27;8.95;44.00;3519.99;2034.23;-1485.76;0.00
0.26;9.23;38.70;3096.36;2010.21;-1086.14;0.00
0.28;11.10;33.90;2712.15;2256.40;-455.75;0.00
0.24;8.42;41.01;3280.66;1863.38;-1417.28;0.00
0.25;10.47;33.64;2691.40;2035.19;-656.21;0.00
0.23;9.41;43.29;3463.01;1831.07;-1631.95;0.00
0.25;7.76;40.14;3211.48;1863.90;-1347.58;0.00
0.30;10.14;40.97;3277.57;2282.51;-995.06;0.00
0.22;10.18;45.89;3671.56;1810.34;-1861.22;0.00
0.25;10.27;31.86;2548.83;2040.21;-508.62;0.00
0.22;9.41;31.63;2530.59;1819.01;-711.58;0.00
0.27;10.89;37.03;2962.27;2149.46;-812.81;0.00
0.26;9.49;44.57;3565.94;2023.35;-1542.59;0.00
0.22;9.96;36.28;2902.14;1805.75;-1096.39;0.00
0.27;11.96;45.22;3617.71;2194.81;-1422.91;0.00
0.27;10.57;43.68;3494.25;2119.28;-1374.96;0.00
0.25;8.92;41.19;3295.48;1944.25;-1351.23;0.00
0.26;11.29;39.61;3168.54;2116.12;-1052.42;0.00
0.24;10.89;40.14;3211.00;1974.34;-1236.66;0.00
0.23;10.66;45.73;3658.09;1896.83;-1761.26;0.00
0.25;10.09;32.83;2626.68;1974.80;-651.88;0.00
0.23;11.47;31.12;2489.75;1941.93;-547.82;0.00
0.23;9.97;43.39;3471.32;1895.49;-1575.83;0.00
0.28;10.73;41.66;3333.04;2223.74;-1109.30;0.00
0.23;10.56;37.72;3017.25;1939.18;-1078.07;0.00
0.22;10.75;41.92;3353.26;1881.00;-1472.26;0.00
0.25;10.06;43.86;3508.59;2022.94;-1485.65;0.00
0.24;10.80;46.78;3742.25;2005.31;-1736.94;0.00
0.25;12.18;39.26;3140.92;2140.00;-1000.92;0.00
0.25;7.63;39.07;3125.53;1863.57;-1261.96;0.00
0.23;11.18;37.63;3010.59;1949.19;-1061.41;0.00
0.23;10.31;30.60;2448.12;1872.71;-575.41;0.00
0.30;8.93;33.87;2709.38;2203.95;-505.42;0.00
0.25;8.77;42.22;3377.43;1956.39;-1421.04;0.00
0.25;10.08;40.37;3229.43;1978.38;-1251.05;0.00
0.23;9.94;41.12;3289.92;1890.25;-1399.67;0.00
0.27;11.06;30.22;2417.70;2167.21;-250.49;0.00
0.26;10.42;53.22;4257.22;2081.50;-2175.72;0.00
0.26;9.87;41.51;3320.70;2065.82;-1254.88;0.00
0.26;11.58;41.86;3348.66;2157.11;-1191.55;0.00
0.24;9.16;41.22;3297.83;1880.71;-1417.12;0.00
0.29;10.04;35.80;2863.90;2228.70;-635.20;0.00
0.28;7.32;38.05;3043.75;2008.83;-1034.92;0.00
0.24;10.75;36.64;2931.54;1970.14;-961.40;0.00
0.26;11.42;35.64;2851.50;2105.05;-746.46;0.00
0.21;10.44;38.69;3094.81;1765.15;-1329.66;0.00
0.22;11.46;34.79;2783.34;1907.46;-875.87;0.00
0.25;9.78;37.42;2993.88;1998.02;-995.86;0.00
0.22;10.38;41.15;3291.68;1870.57;-1421.11;0.00
0.28;10.87;44.56;3564.49;2210.51;-1353.99;0.00
0.24;10.65;42.03;3362.32;1954.27;-1408.06;0.00
0.24;10.23;35.84;2866.96;1942.67;-924.29;0.00
0.26;11.59;44.28;3542.64;2133.89;-1408.74;0.00
0.26;11.13;36.79;2943.03;2125.06;-817.97;0.00
0.25;10.33;33.25;2659.75;2011.57;-648.18;0.00
0.29;11.12;43.29;3463.46;2309.08;-1154.38;0.00
0.24;7.49;39.97;3197.98;1832.08;-1365.90;0.00
0.27;10.69;43.08;3446.10;2180.29;-1265.81;0.00
0.27;11.29;39.44;3155.39;2174.77;-980.63;0.00
0.26;10.29;42.88;3430.16;2075.69;-1354.47;0.00
0.24;10.59;46.86;3748.85;1967.49;-1781.36;0.00
0.23;13.14;38.02;3041.41;2072.17;-969.23;0.00
0.29;10.78;39.99;3199.05;2282.75;-916.30;0.00
0.24;11.08;45.13;3610.48;1988.57;-1621.90;0.00
0.29;10.29;38.27;3061.75;2257.39;-804.36;0.00
0.22;10.13;37.63;3010.36;1815.63;-1194.73;0.00
0.26;10.83;44.56;3564.80;2085.43;-1479.37;0.00
0.23;11.87;37.05;2964.03;1954.01;-1010.02;0.00
0.26;12.98;37.35;2987.72;2240.91;-746.81;0.00
0.24;8.33;27.15;2171.74;1847.26;-324.48;0.00
0.25;10.81;40.46;3236.54;2065.85;-1170.69;0.00
0.28;10.58;50.50;4040.30;2187.64;-1852.65;0.00
0.28;12.00;34.33;2746.34;2282.50;-463.84;0.00
0.28;9.50;37.34;2986.92;2165.79;-821.12;0.00
0.26;11.11;45.18;3614.57;2119.23;-1495.35;0.00
0.24;10.33;46.75;3739.84;1933.12;-1806.72;0.00
0.28;11.10;41.45;3315.60;2209.69;-1105.91;0.00
0.28;9.60;36.69;2934.99;2151.10;-783.90;0.00
0.23;8.31;47.50;3799.81;1785.41;-2014.40;0.00
0.25;11.02;44.58;3566.78;2044.19;-1522.59;0.00
0.31;11.48;44.92;3593.83;2423.91;-1169.91;0.00
0.30;10.18;38.62;3089.54;2272.77;-816.76;0.00
0.22;11.34;40.18;3214.64;1909.30;-1305.34;0.00
0.27;9.25;40.11;3209.04;2085.34;-1123.70;0.00
0.29;9.64;40.42;3233.60;2187.68;-1045.91;0.00
0.26;8.78;41.89;3351.07;1962.30;-1388.77;0.00
0.27;11.73;47.31;3784.76;2217.66;-1567.10;0.00
0.23;10.72;38.96;3117.13;1894.98;-1222.15;0.00
0.29;8.74;43.20;3456.16;2155.84;-1300.32;0.00
0.24;11.31;36.08;2886.79;2011.53;-875.26;0.00
0.26;9.28;35.44;2835.19;1997.26;-837.93;0.00
0.25;10.38;44.14;3531.40;2005.07;-1526.33;0.00
0.25;9.47;37.25;2979.79;1993.60;-986.19;0.00
0.24;10.65;47.26;3780.62;1991.86;-1788.76;0.00
0.22;8.23;37.02;2961.45;1748.65;-1212.81;0.00
0.28;11.67;35.37;2829.51;2264.49;-565.03;0.00
0.23;10.08;39.67;3173.79;1857.79;-1316.00;0.00
0.25;8.11;45.34;3627.28;1914.40;-1712.89;0.00
0.24;10.36;36.56;2924.68;1934.05;-990.63;0.00
0.27;9.26;29.69;2375.00;2045.88;-329.12;0.00
0.28;10.28;36.80;2943.84;2214.96;-728.87;0.00
0.26;11.39;39.64;3170.94;2134.33;-1036.60;0.00
0.25;9.00;42.86;3428.95;1961.46;-1467.49;0.00
0.27;10.88;39.25;3140.22;2152.64;-987.59;0.00
0.24;10.74;31.91;2553.03;2003.25;-549.78;0.00
0.25;10.26;46.28;3702.20;2016.84;-1685.36;0.00
0.25;8.45;33.85;2707.68;1935.83;-771.85;0.00
0.23;11.17;42.91;3432.89;1960.49;-1472.40;0.00
0.26;11.07;37.26;2980.66;2132.00;-848.66;0.00
0.27;10.25;30.80;2464.30;2101.87;-362.43;0.00
0.27;10.16;27.47;2197.93;2131.45;-66.48;0.00
0.25;10.93;40.18;3214.07;2077.46;-1136.62;0.00
0.26;9.38;34.75;2779.90;2014.97;-764.93;0.00
0.25;11.23;44.38;3550.26;2043.05;-1507.21;0.00
0.21;12.10;35.95;2876.33;1854.46;-1021.88;0.00
0.25;12.36;39.68;3174.53;2135.59;-1038.94;0.00
0.22;11.39;50.07;4005.39;1883.54;-2121.85;0.00
0.28;9.71;38.40;3071.99;2184.80;-887.18;0.00
0.27;9.73;41.67;3333.68;2080.47;-1253.21;0.00
0.17;9.47;34.06;2724.99;1491.99;-1233.00;0.00
0.28;11.09;49.44;3955.31;2214.31;-1741.00;0.00
0.27;11.41;36.82;2945.60;2197.03;-748.57;0.00
0.24;8.98;42.86;3428.61;1895.08;-1533.54;0.00
0.25;10.97;43.95;3515.98;2071.62;-1444.35;0.00
0.26;10.75;41.71;3336.65;2072.87;-1263.78;0.00
0.24;9.39;38.00;3040.12;1931.52;-1108.60;0.00
0.22;12.10;33.91;2712.46;1962.70;-749.76;0.00
0.26;11.68;30.10;2407.86;2165.10;-242.75;0.00
0.28;9.85;36.56;2925.00;2175.77;-749.23;0.00
0.25;11.54;37.15;2971.73;2088.33;-883.41;0.00
0.22;10.43;39.91;3192.66;1820.16;-1372.50;0.00
0.27;11.29;34.51;2761.05;2176.01;-585.04;0.00
0.21;10.76;33.06;2644.70;1812.70;-832.00;0.00
0.28;10.58;31.23;2498.09;2220.00;-278.09;0.00
0.23;9.41;38.01;3041.16;1871.32;-1169.84;0.00
0.30;10.32;46.23;3698.13;2289.50;-1408.63;0.00
0.27;9.31;47.27;3781.84;2102.76;-1679.08;0.00
0.26;10.70;34.74;2779.20;2068.76;-710.43;0.00
0.20;10.82;47.21;3777.02;1770.05;-2006.97;0.00
0.23;8.31;45.44;3634.90;1818.02;-1816.88;0.00
0.25;11.46;44.58;3566.56;2093.65;-1472.92;0.00
0.27;11.24;32.38;2590.65;2154.31;-436.34;0.00
0.29;10.86;40.79;3263.44;2268.80;-994.64;0.00
0.24;9.80;44.76;3580.89;1948.00;-1632.89;0.00
0.23;10.28;36.54;2923.47;1898.12;-1025.35;0.00
0.24;9.43;36.44;2914.91;1899.80;-1015.12;0.00
0.20;11.83;33.38;2670.78;1824.74;-846.04;0.00
0.23;11.88;40.53;3242.20;1983.02;-1259.18;0.00
0.26;11.15;39.12;3129.70;2119.73;-1009.97;0.00
0.20;11.52;47.01;3761.13;1811.37;-1949.76;0.00
0.22;10.07;41.22;3297.78;1815.58;-1482.20;0.00
0.29;11.98;38.65;3091.67;2310.96;-780.71;0.00
0.25;11.00;38.92;3113.42;2078.14;-1035.28;0.00
0.25;12.72;33.54;2683.19;2129.89;-553.30;0.00
0.27;9.72;42.80;3423.63;2110.81;-1312.81;0.00
0.21;9.97;41.72;3337.65;1765.06;-1572.58;0.00
0.25;9.77;39.73;3178.75;1957.74;-1221.02;0.00
0.24;11.86;38.67;3093.57;2068.79;-1024.78;0.00
0.30;10.15;37.49;2999.09;2319.24;-679.85;0.00
0.29;8.75;42.69;3414.80;2150.49;-1264.31;0.00
0.25;10.32;35.64;2851.58;2010.86;-840.71;0.00
0.27;9.73;37.78;3022.23;2107.78;-914.45;0.00
0.20;10.90;40.75;3259.85;1739.64;-1520.22;0.00
0.27;9.30;42.83;3426.47;2100.96;-1325.51;0.00
0.27;9.25;42.74;3419.55;2064.79;-1354.76;0.00
0.23;11.72;36.42;2913.40;1985.98;-927.42;0.00
0.28;9.86;44.40;3552.23;2157.87;-1394.36;0.00
0.25;10.69;39.50;3160.28;2009.81;-1150.47;0.00
0.28;12.70;41.09;3287.04;2340.74;-946.30;0.00
0.23;11.03;41.50;3319.82;1912.23;-1407.60;0.00
0.28;8.21;40.29;3223.38;2053.48;-1169.90;0.00
0.29;11.94;44.99;3599.12;2335.07;-1264.05;0.00
0.23;10.13;33.47;2677.27;1871.90;-805.36;0.00
0.25;10.70;36.14;2891.49;2049.32;-842.17;0.00
0.21;11.14;31.46;2516.88;1841.36;-675.52;0.00
0.21;8.58;36.17;2893.38;1675.61;-1217.77;0.00
0.24;9.81;40.70;3255.98;1932.69;-1323.29;0.00
0.27;10.49;39.92;3193.48;2122.77;-1070.71;0.00
0.25;10.41;45.41;3633.02;1995.06;-1637.96;0.00
0.28;9.18;36.36;2908.89;2104.13;-804.76;0.00
0.27;8.13;48.27;3861.31;2017.31;-1844.01;0.00
0.25;11.84;38.33;3066.75;2083.28;-983.47;0.00
0.23;9.51;40.66;3252.97;1852.10;-1400.87;0.00
0.23;8.55;44.98;3598.26;1790.86;-1807.39;0.00
0.23;9.59;45.57;3645.29;1831.42;-1813.87;0.00
0.28;10.63;42.24;3379.26;2222.95;-1156.30;0.00
0.24;12.11;36.66;2932.99;2047.62;-885.36;0.00
0.25;8.43;46.19;3695.03;1935.47;-1759.55;0.00
0.22;11.04;35.09;2807.02;1901.23;-905.79;0.00
0.23;9.62;40.16;3213.03;1884.74;-1328.29;0.00
0.25;9.07;36.04;2883.51;1951.30;-932.21;0.00
0.28;11.53;31.20;2495.85;2236.75;-259.10;0.00
0.25;9.38;51.96;4156.76;1937.90;-2218.87;0.00
0.28;10.93;37.06;2965.08;2233.39;-731.70;0.00
0.24;10.43;36.84;2947.48;1935.17;-1012.30;0.00
0.23;11.36;40.60;3247.93;1934.34;-1313.59;0.00
0.22;10.39;40.85;3267.66;1869.49;-1398.18;0.00
0.28;11.38;46.08;3686.11;2257.21;-1428.90;0.00
0.22;9.40;32.95;2636.33;1799.82;-836.51;0.00
0.28;10.05;42.45;3396.30;2170.86;-1225.44;0.00
0.29;9.76;39.41;3152.64;2241.75;-910.89;0.00
0.25;9.91;41.42;3313.84;1996.13;-1317.71;0.00
0.26;11.05;37.64;3011.36;2098.40;-912.97;0.00
0.20;11.10;49.26;3940.70;1779.08;-2161.62;0.00
0.24;10.36;41.67;3333.40;1933.68;-1399.72;0.00
0.30;9.72;35.08;2806.72;2285.04;-521.67;0.00
0.25;9.90;41.40;3311.89;1967.56;-1344.33;0.00
0.25;8.98;43.80;3503.62;1920.37;-1583.25;0.00
0.25;10.97;34.19;2735.18;2075.44;-659.75;0.00
0.29;7.72;42.04;3362.95;2106.64;-1256.31;0.00
0.28;9.54;44.97;3597.20;2126.08;-1471.12;0.00
0.26;9.37;38.68;3094.59;2045.86;-1048.72;0.00
0.18;10.45;34.51;2760.91;1635.97;-1124.94;0.00
0.28;8.11;44.78;3582.10;2074.31;-1507.79;0.00
0.23;9.23;29.25;2340.12;1816.83;-523.29;0.00
0.21;10.45;39.66;3173.16;1770.46;-1402.70;0.00
0.26;10.47;38.66;3092.40;2063.47;-1028.93;0.00
0.25;9.92;44.96;3596.41;1981.92;-1614.48;0.00
0.27;9.77;38.60;3088.00;2084.25;-1003.75;0.00
0.23;10.25;43.57;3485.99;1904.60;-1581.39;0.00
0.21;10.29;49.47;3957.94;1806.85;-2151.09;0.00
0.25;9.65;38.42;3073.69;1972.82;-1100.87;0.00
0.22;9.04;39.65;3172.35;1790.23;-1382.13;0.00
0.29;10.89;40.63;3250.02;2258.93;-991.09;0.00
0.22;10.31;42.47;3397.40;1842.89;-1554.51;0.00
0.24;9.50;44.02;3521.38;1884.23;-1637.15;0.00
0.23;9.49;42.63;3410.34;1865.67;-1544.67;0.00
0.21;9.23;38.74;3099.12;1743.25;-1355.88;0.00
0.23;11.98;36.70;2935.95;1975.82;-960.14;0.00
0.26;9.70;42.39;3391.48;2011.80;-1379.69;0.00
0.21;10.97;37.60;3007.62;1811.62;-1196.00;0.00
0.28;11.18;32.38;2590.06;2219.80;-370.26;0.00
0.26;10.61;39.44;3154.90;2081.65;-1073.25;0.00
0.24;8.34;49.55;3964.21;1832.75;-2131.46;0.00
0.23;8.88;49.08;3926.02;1805.20;-2120.82;0.00
0.27;11.81;38.67;3093.22;2219.72;-873.50;0.00
0.20;11.11;37.97;3037.41;1786.08;-1251.33;0.00
0.26;9.03;46.70;3735.87;2011.57;-1724.30;0.00
0.23;9.51;39.52;3161.38;1877.46;-1283.92;0.00
0.23;9.30;49.63;3970.45;1831.43;-2139.01;0.00
0.22;7.44;48.95;3916.23;1683.56;-2232.68;0.00
0.23;7.52;51.78;4142.50;1723.80;-2418.70;0.00
0.23;10.26;45.49;3639.23;1874.46;-1764.77;0.00
0.21;10.96;37.29;2983.29;1829.16;-1154.13;0.00
0.25;9.69;42.80;3424.37;1983.97;-1440.40;0.00
0.26;9.46;43.62;3489.88;2035.50;-1454.38;0.00
0.25;11.06;45.28;3622.15;2036.12;-1586.03;0.00
0.27;9.70;44.20;3535.64;2084.64;-1451.00;0.00
0.27;8.14;44.20;3536.17;2005.86;-1530.31;0.00
0.28;11.24;40.70;3256.04;2262.36;-993.68;0.00
0.22;7.66;41.52;3321.44;1701.65;-1619.79;0.00
0.24;10.92;45.47;3637.30;2014.83;-1622.47;0.00
0.25;9.98;41.59;3326.95;1978.36;-1348.59;0.00
0.27;10.63;42.09;3366.85;2139.35;-1227.51;0.00
0.25;10.20;43.48;3478.27;1994.72;-1483.55;0.00
0.24;11.81;39.41;3153.19;2014.52;-1138.67;0.00
0.26;11.98;34.70;2776.29;2145.79;-630.50;0.00
0.26;9.66;38.39;3071.15;2025.86;-1045.29;0.00
0.29;8.28;38.82;3105.95;2120.84;-985.10;0.00
0.23;10.73;45.48;3638.07;1892.11;-1745.97;0.00
0.26;10.80;41.31;3304.59;2126.55;-1178.04;0.00
0.29;9.48;37.30;2983.74;2179.72;-804.02;0.00
0.23;9.17;36.20;2896.22;1858.17;-1038.05;0.00
0.28;10.43;45.42;3633.37;2176.23;-1457.14;0.00
0.23;10.49;31.27;2501.94;1935.13;-566.81;0.00
0.23;9.46;38.31;3065.02;1865.38;-1199.63;0.00
0.26;9.92;40.64;3251.50;2070.90;-1180.60;0.00
0.21;10.45;30.99;2479.00;1781.13;-697.87;0.00
0.28;8.17;36.44;2915.39;2082.40;-832.98;0.00
0.24;11.62;44.98;3598.50;2035.57;-1562.93;0.00
0.25;11.11;41.40;3312.20;2061.79;-1250.41;0.00
0.22;9.92;43.30;3463.98;1827.12;-1636.86;0.00
0.30;10.11;35.94;2875.13;2311.03;-564.10;0.00
0.25;9.79;28.31;2265.14;1994.40;-270.74;0.00
0.26;9.23;39.44;3155.17;2015.18;-1139.99;0.00
0.25;10.12;41.35;3308.03;1982.71;-1325.32;0.00
0.23;10.69;41.97;3357.73;1901.99;-1455.74;0.00
0.28;9.39;42.49;3399.34;2114.61;-1284.73;0.00
0.24;11.05;36.02;2881.21;2004.03;-877.18;0.00
0.25;9.32;34.38;2750.70;1975.98;-774.72;0.00
0.26;9.80;42.30;3383.80;2024.66;-1359.14;0.00
0.25;8.61;43.77;3501.27;1940.07;-1561.20;0.00
0.32;10.12;38.22;3057.48;2433.28;-624.19;0.00
0.21;10.22;40.69;3255.59;1795.90;-1459.69;0.00
0.21;8.63;39.43;3154.79;1679.33;-1475.46;0.00
0.22;9.43;50.66;4053.06;1776.14;-2276.91;0.00
0.26;11.36;44.18;3534.01;2139.14;-1394.88;0.00
0.25;12.82;41.18;3294.29;2176.23;-1118.06;0.00
0.25;9.16;40.55;3244.24;1962.32;-1281.92;0.00
0.25;10.95;27.77;2221.63;2030.12;-191.51;0.00
0.26;9.31;44.09;3527.43;1995.28;-1532.15;0.00
0.30;11.28;46.35;3707.62;2343.86;-1363.75;0.00
0.26;11.33;45.58;3646.78;2140.83;-1505.95;0.00
0.25;11.35;31.59;2527.17;2062.39;-464.78;0.00
0.25;9.94;37.34;2987.01;1997.86;-989.14;0.00
0.24;10.87;40.60;3248.09;1977.91;-1270.18;0.00
0.25;9.96;32.12;2569.28;2017.05;-552.24;0.00
0.26;11.10;37.36;2989.14;2088.93;-900.21;0.00
0.27;11.85;28.26;2260.58;2202.13;-58.45;0.00
0.31;10.04;39.07;3125.93;2370.61;-755.33;0.00
0.24;10.53;51.81;4144.84;1953.36;-2191.49;0.00
0.23;10.24;40.30;3223.83;1908.23;-1315.60;0.00
0.26;8.61;35.73;2858.47;1956.30;-902.18;0.00
0.21;8.50;45.74;3659.17;1695.50;-1963.67;0.00
0.27;11.33;43.55;3483.63;2182.85;-1300.78;0.00
0.26;10.75;47.92;3833.67;2103.75;-1729.92;0.00
0.29;11.46;35.55;2844.06;2291.88;-552.18;0.00
0.28;10.23;35.04;2802.84;2188.56;-614.27;0.00
0.25;10.69;41.64;3330.88;2032.41;-1298.47;0.00
0.25;11.29;33.90;2712.08;2091.92;-620.16;0.00
0.25;9.41;47.55;3803.89;1953.62;-1850.28;0.00
0.23;9.64;45.41;3632.68;1854.41;-1778.27;0.00
0.23;9.76;49.03;3922.72;1896.50;-2026.22;0.00
0.25;10.43;43.03;3442.45;2015.64;-1426.81;0.00
0.22;9.19;39.78;3182.47;1790.02;-1392.46;0.00
0.26;9.48;36.20;2896.02;2041.87;-854.15;0.00
0.25;10.35;40.89;3271.12;2000.33;-1270.79;0.00
0.26;9.90;44.06;3525.11;2044.53;-1480.58;0.00
0.27;11.73;44.58;3566.42;2183.64;-1382.78;0.00
0.24;10.32;44.12;3529.85;1934.14;-1595.71;0.00
0.22;10.94;42.43;3394.31;1894.82;-1499.49;0.00
0.25;9.39;38.90;3112.23;1981.70;-1130.54;0.00
0.26;9.95;33.28;2662.45;2056.04;-606.41;0.00
0.24;11.41;31.36;2509.10;2009.69;-499.41;0.00
0.26;7.35;39.33;3146.03;1912.88;-1233.15;0.00
0.24;10.64;45.49;3638.92;1985.59;-1653.34;0.00
0.26;10.94;41.49;3319.51;2114.38;-1205.13;0.00
0.22;8.62;39.81;3184.77;1757.11;-1427.66;0.00
0.23;10.79;33.14;2651.39;1951.45;-699.95;0.00
0.21;10.20;36.40;2911.69;1797.08;-1114.61;0.00
0.27;12.05;42.07;3365.26;2220.24;-1145.02;0.00
0.22;10.16;40.50;3239.71;1851.64;-1388.07;0.00
0.32;8.77;45.37;3629.83;2360.29;-1269.54;0.00
0.23;10.00;47.95;3836.19;1874.79;-1961.40;0.00
0.28;10.82;42.49;3399.16;2190.53;-1208.63;0.00
0.25;9.14;40.07;3205.69;1931.26;-1274.42;0.00
0.26;11.28;38.01;3040.46;2125.88;-914.59;0.00
0.27;9.77;38.12;3049.87;2096.77;-953.10;0.00
0.26;9.65;40.63;3250.71;2019.45;-1231.26;0.00
0.26;9.27;32.04;2562.99;2033.61;-529.38;0.00
0.22;9.16;40.66;3253.14;1754.82;-1498.32;0.00
0.28;11.38;36.54;2923.02;2239.41;-683.61;0.00
0.30;11.22;34.46;2756.94;2340.68;-416.26;0.00
0.22;10.77;35.25;2820.23;1880.91;-939.32;0.00
0.24;10.26;38.54;3083.25;1955.14;-1128.11;0.00
0.24;9.64;42.66;3412.57;1942.62;-1469.95;0.00
0.27;7.90;41.04;3283.26;2010.56;-1272.70;0.00
0.22;9.92;48.81;3905.05;1803.09;-2101.96;0.00
0.23;9.03;36.17;2893.87;1821.13;-1072.74;0.00
0.24;11.09;36.53;2922.68;1990.29;-932.40;0.00
0.22;9.24;41.29;3303.30;1787.99;-1515.31;0.00
0.25;11.49;38.65;3091.83;2084.96;-1006.87;0.00
0.28;10.93;42.06;3364.78;2243.03;-1121.74;0.00
0.26;8.79;44.05;3523.68;2016.74;-1506.94;0.00
0.22;10.68;40.53;3242.32;1867.80;-1374.52;0.00
0.24;11.25;39.34;3147.36;1982.31;-1165.05;0.00
0.24;8.71;38.05;3043.99;1843.59;-1200.40;0.00
0.22;10.72;39.92;3193.37;1888.75;-1304.62;0.00
0.26;10.09;33.36;2668.76;2032.11;-636.65;0.00
0.26;11.42;41.21;3297.04;2116.23;-1180.81;0.00
0.24;8.90;43.64;3491.48;1888.97;-1602.51;0.00
0.24;11.40;43.61;3488.85;1993.82;-1495.04;0.00
0.25;10.83;33.70;2696.26;2037.26;-659.00;0.00
0.22;9.88;36.68;2934.66;1818.35;-1116.30;0.00
0.30;8.91;42.70;3415.71;2206.25;-1209.46;0.00
0.27;8.59;41.54;3323.39;2035.25;-1288.13;0.00
0.27;10.67;47.68;3814.12;2141.56;-1672.56;0.00
0.29;10.04;40.97;3277.54;2238.09;-1039.45;0.00
0.25;10.35;47.34;3787.42;1994.26;-1793.15;0.00
0.21;9.82;29.38;2350.47;1781.92;-568.55;0.00
0.28;10.55;36.48;2918.03;2184.07;-733.96;0.00
0.26;9.73;44.22;3537.98;2046.18;-1491.80;0.00
0.26;8.07;36.43;2914.15;1925.47;-988.68;0.00
0.26;10.50;42.69;3415.42;2062.23;-1353.19;0.00
0.23;10.19;38.25;3059.96;1910.68;-1149.28;0.00
0.24;10.79;33.71;2697.16;1953.87;-743.29;0.00
0.22;11.19;42.97;3437.66;1884.28;-1553.39;0.00
0.26;9.52;40.57;3245.99;2037.92;-1208.07;0.00
0.24;8.68;45.72;3657.93;1883.22;-1774.71;0.00
0.26;10.64;38.07;3045.93;2077.29;-968.63;0.00
0.23;11.06;33.50;2679.73;1927.20;-752.53;0.00
0.23;11.28;40.47;3237.26;1945.05;-1292.21;0.00
0.21;9.53;34.33;2746.40;1730.40;-1016.01;0.00
0.25;11.74;35.93;2874.51;2112.11;-762.40;0.00
0.27;10.40;46.10;3687.96;2110.42;-1577.55;0.00
0.23;10.85;37.45;2996.08;1947.97;-1048.11;0.00
0.19;11.25;39.50;3160.32;1741.12;-1419.20;0.00
0.21;10.49;42.22;3377.97;1813.97;-1564.00;0.00
0.25;10.54;46.44;3715.29;2046.95;-1668.35;0.00
0.29;11.12;44.32;3545.84;2279.92;-1265.93;0.00
0.27;12.33;37.50;3000.09;2220.26;-779.82;0.00
0.28;8.17;40.40;3231.68;2081.85;-1149.82;0.00
0.24;9.20;42.12;3369.45;1895.15;-1474.30;0.00
0.27;8.73;42.45;3396.01;2018.29;-1377.72;0.00
0.25;11.24;41.57;3325.50;2074.52;-1250.98;0.00
0.24;8.80;40.69;3255.54;1880.30;-1375.24;0.00
0.29;11.13;40.86;3268.80;2303.75;-965.05;0.00
0.29;9.71;51.01;4080.79;2244.90;-1835.89;0.00
0.21;10.81;41.22;3297.24;1817.08;-1480.17;0.00
0.23;9.08;42.51;3400.51;1853.27;-1547.24;0.00
0.23;9.94;39.02;3121.29;1870.84;-1250.44;0.00
0.22;10.56;42.18;3374.28;1863.45;-1510.83;0.00
0.22;9.30;34.99;2799.43;1809.64;-989.79;0.00
0.23;9.25;47.15;3771.84;1856.44;-1915.40;0.00
0.21;11.20;40.27;3221.89;1851.37;-1370.52;0.00
0.27;10.92;37.70;3015.68;2160.04;-855.64;0.00
0.28;7.87;38.72;3097.95;2068.52;-1029.43;0.00
0.25;9.58;48.37;3869.46;2004.61;-1864.85;0.00
0.22;10.88;43.77;3501.21;1894.58;-1606.62;0.00
0.26;11.49;37.92;3033.76;2123.51;-910.26;0.00
0.26;9.82;39.99;3198.84;2062.59;-1136.24;0.00
0.28;12.34;33.90;2711.82;2308.29;-403.52;0.00
0.27;8.71;35.34;2827.33;2059.10;-768.23;0.00
0.26;10.28;35.89;2871.21;2043.35;-827.86;0.00
0.27;11.15;43.99;3518.96;2156.34;-1362.62;0.00
0.22;11.78;33.03;2642.52;1896.88;-745.63;0.00
0.24;10.61;39.80;3183.63;1986.59;-1197.04;0.00
0.24;9.38;50.14;4011.10;1890.78;-2120.32;0.00
0.26;9.95;36.26;2900.76;2036.38;-864.39;0.00
0.25;9.48;44.50;3559.98;1994.51;-1565.46;0.00
0.21;10.81;38.59;3087.18;1785.77;-1301.42;0.00
0.22;9.86;36.88;2950.33;1811.55;-1138.77;0.00
0.24;10.12;43.04;3443.05;1973.73;-1469.32;0.00
0.27;9.05;34.30;2743.67;2068.72;-674.95;0.00
0.30;9.96;33.36;2668.89;2274.68;-394.21;0.00
0.23;8.82;39.72;3177.46;1812.06;-1365.40;0.00
0.21;12.70;34.05;2724.32;1900.28;-824.04;0.00
0.24;12.26;36.46;2916.59;2078.53;-838.06;0.00
0.24;9.12;42.64;3411.12;1893.18;-1517.94;0.00
0.28;9.93;30.15;2412.34;2165.59;-246.75;0.00
0.28;11.13;41.13;3290.39;2230.63;-1059.75;0.00
0.23;9.69;41.36;3308.56;1890.66;-1417.90;0.00
0.27;9.21;39.94;3194.97;2075.22;-1119.74;0.00
0.23;9.15;43.16;3452.85;1824.22;-1628.63;0.00
0.24;10.07;44.25;3539.69;1945.68;-1594.02;0.00
0.27;9.31;40.82;3265.77;2066.63;-1199.13;0.00
0.25;9.85;39.71;3176.52;1997.38;-1179.15;0.00
0.23;10.55;52.79;4223.52;1931.31;-2292.20;0.00
0.24;9.81;39.14;3131.39;1944.04;-1187.34;0.00
0.24;9.75;36.13;2890.43;1937.29;-953.14;0.00
0.27;12.26;42.13;3370.18;2236.77;-1133.41;0.00
0.22;8.22;44.70;3576.28;1746.12;-1830.16;0.00
0.27;11.23;44.71;3576.48;2165.50;-1410.99;0.00
0.29;10.52;42.15;3371.87;2271.40;-1100.47;0.00
0.28;10.05;33.08;2646.48;2159.97;-486.51;0.00
0.24;10.76;47.90;3831.80;1990.10;-1841.70;0.00
0.23;8.61;42.80;3424.31;1807.54;-1616.77;0.00
0.27;9.79;41.35;3307.62;2078.25;-1229.37;0.00
0.24;11.01;41.37;3309.81;1984.54;-1325.27;0.00
0.29;8.75;44.41;3552.66;2179.20;-1373.46;0.00
0.32;9.54;47.56;3804.49;2357.01;-1447.48;0.00
0.24;10.43;40.27;3221.66;1958.86;-1262.81;0.00
0.25;8.52;52.08;4166.62;1890.52;-2276.10;0.00
0.24;11.70;39.29;3143.31;2033.98;-1109.33;0.00
0.22;10.76;41.42;3313.35;1836.48;-1476.87;0.00
0.26;9.77;46.34;3706.95;2031.52;-1675.43;0.00
0.26;11.14;39.19;3134.95;2133.07;-1001.88;0.00
0.23;9.16;41.95;3355.87;1823.43;-1532.44;0.00
0.23;11.81;42.66;3412.58;1974.50;-1438.08;0.00
0.28;11.89;45.55;3643.94;2294.47;-1349.47;0.00
0.22;11.44;42.90;3431.79;1887.13;-1544.66;0.00
0.26;9.64;40.99;3279.14;2062.94;-1216.20;0.00
0.25;10.82;39.70;3175.87;2069.16;-1106.71;0.00
0.23;11.04;39.48;3158.55;1965.06;-1193.49;0.00
0.26;9.28;47.39;3791.43;2024.16;-1767.27;0.00
0.25;7.45;42.43;3394.52;1857.49;-1537.03;0.00
0.23;11.79;41.18;3294.21;1986.27;-1307.94;0.00
0.23;11.21;44.88;3590.34;1954.18;-1636.15;0.00
0.25;9.75;38.34;3066.96;1998.06;-1068.90;0.00
0.25;10.54;38.82;3105.74;2047.23;-1058.51;0.00
0.28;9.54;41.49;3319.31;2125.08;-1194.23;0.00
0.25;11.00;33.53;2682.22;2052.70;-629.52;0.00
0.24;11.50;40.33;3226.51;2013.10;-1213.41;0.00
0.25;9.70;41.57;3325.63;1969.40;-1356.24;0.00
0.23;10.93;45.64;3651.25;1951.44;-1699.81;0.00
0.23;8.96;43.62;3489.80;1853.11;-1636.70;0.00
0.27;9.67;39.73;3178.04;2070.26;-1107.78;0.00
0.25;9.60;45.60;3648.39;1966.14;-1682.25;0.00
0.25;10.73;34.58;2766.28;2024.35;-741.93;0.00
0.27;8.96;40.75;3260.18;2046.63;-1213.55;0.00
0.26;9.24;39.58;3166.73;2006.66;-1160.07;0.00
0.27;11.22;46.63;3730.52;2191.83;-1538.69;0.00
0.24;10.29;34.75;2780.02;1955.71;-824.31;0.00
0.25;12.22;38.54;3083.41;2116.65;-966.76;0.00
0.22;11.32;38.75;3099.78;1912.56;-1187.22;0.00
