# X_0;X_1;X_2;R_0;S_0;G_0;I_0
0.26;10.29;41.97;3357.71;2080.12;-1277.59;0.00
0.25;10.16;33.06;2644.77;2018.06;-626.71;0.00
0.23;10.04;34.53;2762.30;1867.36;-894.94;0.00
0.25;9.09;36.92;2953.26;1965.15;-988.11;0.00
0.20;10.22;43.58;3486.78;1741.61;-1745.17;0.00
0.23;10.42;37.93;3034.68;1886.24;-1148.44;0.00
0.25;9.61;36.14;2890.92;1983.55;-907.37;0.00
0.22;10.52;37.22;2977.79;1875.11;-1102.68;0.00
0.22;10.38;40.07;3205.93;1832.34;-1373.59;0.00
0.21;9.83;44.20;3535.69;1765.01;-1770.68;0.00
0.25;9.28;32.86;2628.54;1932.24;-696.30;0.00
0.25;10.72;41.13;3290.27;2051.30;-1238.97;0.00
0.20;10.23;42.03;3362.19;1712.28;-1649.91;0.00
0.23;11.47;38.57;3085.88;1954.14;-1131.74;0.00
0.26;11.02;34.68;2774.16;2106.84;-667.32;0.00
0.22;9.07;38.83;3106.50;1746.69;-1359.81;0.00
0.27;9.55;41.76;3340.65;2100.83;-1239.82;0.00
0.18;10.89;36.00;2880.39;1643.50;-1236.89;0.00
0.24;9.88;33.72;2697.82;1923.94;-773.88;0.00
0.23;9.28;40.39;3231.13;1833.97;-1397.16;0.00
0.21;11.25;37.16;2972.73;1829.18;-1143.55;0.00
0.22;11.35;38.62;3089.29;1907.44;-1181.85;0.00
0.26;11.58;40.17;3213.59;2144.49;-1069.10;0.00
0.28;11.86;41.91;3352.82;2287.22;-1065.60;0.00
0.25;9.22;33.53;2682.49;1927.65;-754.84;0.00
0.24;11.09;39.70;3175.71;1977.02;-1198.68;0.00
0.21;10.55;33.18;2654.53;1794.48;-860.05;0.00
0.26;9.55;36.37;2909.64;2039.46;-870.18;0.00
0.24;8.11;44.79;3583.28;1828.25;-1755.03;0.00
0.32;10.43;40.22;3217.76;2425.06;-792.70;0.00
0.23;12.28;35.41;2833.09;1981.56;-851.53;0.00
0.26;10.03;41.63;3330.45;2058.48;-1271.96;0.00
0.26;9.34;36.76;2940.81;2011.01;-929.80;0.00
0.20;8.83;45.32;3626.00;1671.28;-1954.72;0.00
0.29;10.46;41.27;3301.70;2252.79;-1048.91;0.00
0.25;10.47;44.83;3586.73;2007.17;-1579.57;0.00
0.22;8.95;48.49;3878.83;1778.45;-2100.39;0.00
0.28;9.51;34.08;2726.66;2137.12;-589.54;0.00
0.18;9.10;44.09;3527.41;1565.21;-1962.20;0.00
0.28;9.57;42.90;3432.33;2175.83;-1256.50;0.00
0.24;13.55;45.10;3608.04;2155.97;-1452.07;0.00
0.27;9.68;39.74;3178.86;2106.90;-1071.96;0.00
0.26;11.81;36.02;2881.88;2174.63;-707.25;0.00
0.22;10.81;48.34;3866.91;1870.21;-1996.70;0.00
0.28;9.21;30.00;2399.85;2150.88;-248.97;0.00
0.26;10.95;44.04;3523.53;2098.51;-1425.02;0.00
0.27;11.27;36.78;2942.23;2175.17;-767.06;0.00
0.27;9.75;39.02;3121.45;2083.24;-1038.21;0.00
0.18;7.77;47.03;3762.32;1447.69;-2314.63;0.00
0.28;9.61;46.84;3747.44;2172.75;-1574.69;0.00
0.24;9.75;39.09;3127.37;1931.89;-1195.48;0.00
0.23;9.83;43.67;3493.24;1894.91;-1598.34;0.00
0.27;10.71;41.14;3291.41;2159.94;-1131.47;0.00
0.22;10.28;49.31;3944.48;1817.02;-2127.46;0.00
0.26;10.53;39.80;3183.84;2055.97;-1127.87;0.00
0.30;10.03;43.67;3493.32;2263.48;-1229.84;0.00
0.24;8.10;38.66;3092.85;1811.94;-1280.91;0.00
0.22;9.68;44.99;3598.86;1815.53;-1783.33;0.00
0.26;10.61;43.13;3450.79;2095.65;-1355.14;0.00
0.23;9.44;37.16;2972.79;1851.67;-1121.12;0.00
0.22;10.31;37.05;2964.21;1837.15;-1127.06;0.00
0.29;9.71;31.82;2545.44;2201.01;-344.43;0.00
0.21;9.46;39.94;3195.20;1715.47;-1479.73;0.00
0.25;9.87;35.50;2839.78;1967.67;-872.11;0.00
0.22;10.41;41.36;3308.83;1854.80;-1454.04;0.00
0.23;11.43;39.43;3154.06;1974.90;-1179.16;0.00
0.25;9.78;41.79;3343.40;1992.20;-1351.20;0.00
0.27;10.54;47.29;3783.48;2115.89;-1667.59;0.00
0.23;10.76;29.49;2359.47;1903.24;-456.24;0.00
0.27;9.75;41.02;3281.83;2087.90;-1193.93;0.00
0.27;10.30;34.51;2761.00;2121.02;-639.98;0.00
0.28;10.32;40.79;3263.57;2163.54;-1100.03;0.00
0.25;10.24;43.78;3502.16;2038.06;-1464.10;0.00
0.25;9.66;40.53;3242.06;1953.89;-1288.17;0.00
0.23;11.04;44.88;3590.74;1960.44;-1630.29;0.00
0.24;11.00;40.25;3219.86;1999.07;-1220.78;0.00
0.24;9.72;35.45;2836.30;1930.77;-905.53;0.00
0.20;10.62;36.94;2954.97;1765.89;-1189.08;0.00
0.24;9.18;31.67;2533.39;1885.76;-647.63;0.00
0.25;10.30;38.59;3087.39;2019.77;-1067.62;0.00
0.23;11.96;42.12;3369.37;1973.51;-1395.85;0.00
0.24;9.43;38.03;3042.09;1887.40;-1154.70;0.00
0.32;9.43;46.10;3688.34;2352.30;-1336.04;0.00
0.20;9.95;44.42;3553.44;1677.59;-1875.85;0.00
0.26;9.87;38.87;3109.82;2077.69;-1032.13;0.00
0.21;11.20;37.88;3030.67;1804.53;-1226.15;0.00
0.23;10.13;44.13;3530.42;1897.86;-1632.56;0.00
0.23;10.66;45.75;3660.15;1915.60;-1744.55;0.00
0.25;8.83;32.40;2591.80;1909.43;-682.36;0.00
0.27;11.09;33.12;2649.41;2149.00;-500.41;0.00
0.26;9.89;37.00;2959.93;2051.98;-907.95;0.00
0.27;10.05;45.81;3664.91;2117.28;-1547.63;0.00
0.30;9.41;49.09;3927.47;2247.21;-1680.26;0.00
0.19;9.83;40.73;3258.69;1640.16;-1618.53;0.00
0.21;8.36;44.96;3596.92;1663.52;-1933.40;0.00
0.21;10.65;29.79;2383.29;1771.70;-611.59;0.00
0.22;8.77;43.79;3503.23;1737.38;-1765.85;0.00
0.27;8.88;36.84;2947.40;2080.25;-867.16;0.00
0.30;11.18;44.84;3587.53;2381.58;-1205.95;0.00
0.21;11.31;36.94;2955.48;1857.09;-1098.39;0.00
0.26;10.25;42.51;3400.73;2092.14;-1308.60;0.00
0.27;9.85;45.46;3636.87;2118.14;-1518.73;0.00
0.22;9.33;42.10;3367.62;1815.29;-1552.33;0.00
0.25;10.83;38.55;3083.89;2028.60;-1055.29;0.00
0.23;9.44;44.95;3596.35;1850.01;-1746.35;0.00
0.23;11.84;42.22;3377.66;1973.54;-1404.13;0.00
0.21;10.77;37.72;3017.37;1805.82;-1211.55;0.00
0.19;8.93;37.32;2985.26;1617.30;-1367.96;0.00
0.25;9.25;35.89;2870.92;1939.51;-931.42;0.00
0.25;9.63;38.06;3045.04;1965.59;-1079.45;0.00
0.25;8.26;39.87;3189.28;1897.07;-1292.21;0.00
0.29;11.08;33.91;2713.08;2269.48;-443.60;0.00
0.25;8.99;44.87;3589.78;1941.57;-1648.20;0.00
0.24;9.89;35.00;2800.05;1911.05;-889.01;0.00
0.26;11.04;34.02;2721.94;2113.11;-608.83;0.00
0.25;10.36;38.12;3049.41;2023.93;-1025.47;0.00
0.24;9.36;38.66;3093.09;1926.99;-1166.09;0.00
0.30;10.91;38.57;3085.93;2359.65;-726.28;0.00
0.31;10.78;40.76;3260.96;2366.39;-894.58;0.00
0.24;10.13;47.90;3831.83;1935.24;-1896.59;0.00
0.23;9.75;35.81;2865.06;1887.30;-977.77;0.00
0.16;12.01;43.82;3505.59;1593.36;-1912.23;0.00
0.27;9.84;32.35;2587.90;2122.80;-465.10;0.00
0.25;9.54;37.87;3029.51;1967.85;-1061.66;0.00
0.25;11.29;29.11;2328.65;2064.54;-264.11;0.00
0.24;8.83;37.70;3016.08;1892.97;-1123.12;0.00
0.24;11.02;48.42;3873.51;2012.20;-1861.31;0.00
0.26;9.24;38.00;3040.34;2023.56;-1016.78;0.00
0.25;9.06;41.95;3356.10;1961.23;-1394.87;0.00
0.26;10.11;41.23;3298.17;2054.12;-1244.05;0.00
0.24;8.39;40.15;3212.08;1868.21;-1343.87;0.00
0.25;10.91;48.75;3900.35;2018.47;-1881.87;0.00
0.25;8.77;37.91;3032.91;1941.67;-1091.24;0.00
0.21;9.07;47.77;3821.72;1691.41;-2130.31;0.00
0.26;11.90;37.62;3009.77;2146.08;-863.69;0.00
0.27;10.58;38.22;3057.84;2136.10;-921.74;0.00
0.22;11.09;43.54;3483.24;1858.53;-1624.71;0.00
0.27;9.65;48.00;3839.83;2110.45;-1729.38;0.00
0.20;11.23;36.77;2941.99;1765.05;-1176.94;0.00
0.27;10.13;36.16;2893.16;2133.90;-759.26;0.00
0.23;10.52;42.12;3369.52;1912.85;-1456.66;0.00
0.21;10.06;40.06;3204.69;1787.11;-1417.58;0.00
0.25;10.61;50.31;4024.50;2036.18;-1988.31;0.00
0.22;13.24;42.82;3425.24;2024.89;-1400.35;0.00
0.24;9.82;41.41;3312.44;1955.72;-1356.71;0.00
0.25;8.19;31.02;2481.95;1890.41;-591.54;0.00
0.25;10.61;41.40;3311.79;2048.85;-1262.94;0.00
0.24;10.70;38.25;3060.24;2003.54;-1056.70;0.00
0.20;9.36;34.12;2729.91;1693.40;-1036.52;0.00
0.26;8.25;38.45;3076.37;1951.07;-1125.29;0.00
0.27;10.16;40.27;3221.98;2122.17;-1099.80;0.00
0.27;11.13;41.69;3334.94;2184.13;-1150.81;0.00
0.24;10.30;31.39;2511.28;1972.68;-538.60;0.00
0.25;12.42;40.71;3257.06;2141.99;-1115.06;0.00
0.23;10.85;38.47;3077.55;1947.60;-1129.95;0.00
0.27;12.09;47.62;3809.24;2201.30;-1607.93;0.00
0.27;10.51;40.07;3205.66;2122.00;-1083.66;0.00
0.26;9.38;36.99;2958.86;2022.34;-936.52;0.00
0.29;12.56;35.83;2866.29;2397.11;-469.19;0.00
0.26;9.60;41.84;3346.89;2052.00;-1294.90;0.00
0.23;9.46;39.42;3153.66;1875.64;-1278.02;0.00
0.22;9.05;36.00;2880.22;1796.70;-1083.52;0.00
0.28;7.89;35.69;2855.20;2068.01;-787.19;0.00
0.20;10.52;38.20;3055.94;1745.69;-1310.25;0.00
0.24;8.98;43.02;3441.71;1896.74;-1544.98;0.00
0.26;10.52;46.35;3707.93;2076.48;-1631.45;0.00
0.21;10.22;41.69;3334.92;1772.51;-1562.41;0.00
0.24;8.31;48.54;3882.98;1865.32;-2017.65;0.00
0.30;9.88;36.53;2922.77;2288.65;-634.13;0.00
0.22;9.73;38.04;3043.33;1806.75;-1236.58;0.00
0.28;11.84;33.72;2697.97;2263.46;-434.51;0.00
0.28;8.10;42.47;3397.40;2086.90;-1310.50;0.00
0.25;11.14;43.48;3478.21;2086.27;-1391.94;0.00
0.26;9.42;37.94;3034.98;2001.39;-1033.59;0.00
0.28;12.36;32.17;2573.43;2322.38;-251.04;0.00
0.20;8.57;42.88;3430.09;1651.81;-1778.28;0.00
0.24;11.58;34.80;2783.62;2051.03;-732.59;0.00
0.26;8.20;36.93;2954.66;1972.01;-982.65;0.00
0.25;12.35;47.84;3826.89;2120.43;-1706.46;0.00
0.24;11.21;38.50;3079.85;1999.54;-1080.31;0.00
0.23;8.83;43.78;3502.59;1813.98;-1688.62;0.00
0.26;9.42;37.88;3030.36;2009.21;-1021.16;0.00
0.22;7.35;45.38;3630.69;1669.69;-1961.00;0.00
0.23;11.17;42.17;3373.58;1968.96;-1404.61;0.00
0.29;9.27;39.98;3198.43;2202.44;-995.98;0.00
0.25;9.21;36.67;2933.28;1930.87;-1002.41;0.00
0.24;9.40;43.23;3458.05;1907.48;-1550.56;0.00
0.31;10.96;43.86;3508.88;2398.52;-1110.36;0.00
0.27;10.01;30.28;2422.02;2113.76;-308.26;0.00
0.23;11.44;40.42;3233.59;1944.27;-1289.33;0.00
0.27;11.39;54.47;4357.86;2171.52;-2186.34;0.00
0.24;11.54;44.19;3535.06;2048.68;-1486.38;0.00
0.29;9.86;41.54;3323.47;2243.88;-1079.59;0.00
0.30;11.94;42.24;3379.31;2370.55;-1008.76;0.00
0.26;10.55;46.49;3718.91;2099.19;-1619.72;0.00
0.26;8.65;41.92;3353.57;1954.54;-1399.03;0.00
0.19;11.79;33.28;2662.06;1768.27;-893.80;0.00
0.20;10.60;44.54;3563.58;1759.51;-1804.07;0.00
0.23;10.54;37.46;2996.43;1889.47;-1106.96;0.00
0.28;8.63;34.95;2796.11;2112.74;-683.38;0.00
0.26;8.24;31.15;2492.31;1960.49;-531.82;0.00
0.20;9.18;39.25;3139.83;1655.24;-1484.59;0.00
0.28;9.11;35.44;2835.58;2111.58;-724.00;0.00
0.18;9.94;33.55;2683.87;1590.13;-1093.74;0.00
0.26;9.77;32.31;2584.80;2060.13;-524.68;0.00
0.22;10.03;41.24;3299.34;1807.61;-1491.72;0.00
0.24;10.47;40.69;3255.09;1961.21;-1293.88;0.00
0.23;11.05;39.18;3134.07;1923.97;-1210.11;0.00
0.28;9.61;44.94;3595.01;2148.19;-1446.82;0.00
0.19;11.34;37.87;3029.77;1724.73;-1305.03;0.00
0.26;8.99;28.41;2273.19;2008.14;-265.05;0.00
0.24;10.40;40.66;3252.83;1934.09;-1318.75;0.00
0.22;9.15;40.31;3224.71;1771.23;-1453.48;0.00
0.21;11.64;42.06;3364.49;1876.35;-1488.14;0.00
0.23;10.38;35.03;2802.26;1896.68;-905.58;0.00
0.24;10.25;39.36;3148.49;1927.92;-1220.57;0.00
0.26;9.15;44.43;3554.10;1996.35;-1557.75;0.00
0.25;11.19;41.53;3322.23;2040.30;-1281.92;0.00
0.28;10.27;40.81;3264.94;2179.99;-1084.95;0.00
0.23;9.61;42.18;3374.78;1843.62;-1531.16;0.00
0.27;10.81;37.09;2967.13;2136.85;-830.28;0.00
0.22;10.83;33.10;2647.83;1840.64;-807.18;0.00
0.27;9.83;38.65;3092.28;2085.82;-1006.47;0.00
0.23;11.48;36.57;2925.83;1987.75;-938.08;0.00
0.25;9.58;39.40;3152.17;1958.83;-1193.34;0.00
0.28;9.80;36.52;2921.50;2162.08;-759.42;0.00
0.28;11.62;37.71;3016.41;2234.24;-782.17;0.00
0.23;10.96;43.03;3442.02;1930.14;-1511.88;0.00
0.24;11.87;32.50;2600.03;2024.96;-575.06;0.00
0.25;10.03;37.76;3021.00;2020.51;-1000.49;0.00
0.27;9.92;38.79;3103.23;2124.61;-978.62;0.00
0.25;9.43;42.81;3424.67;1959.32;-1465.36;0.00
0.25;9.84;40.06;3204.84;2017.13;-1187.71;0.00
0.22;11.75;39.47;3157.52;1945.59;-1211.93;0.00
0.24;7.58;45.01;3601.04;1818.96;-1782.08;0.00
0.27;10.85;43.69;3495.04;2186.75;-1308.30;0.00
0.25;11.08;33.55;2683.82;2076.51;-607.31;0.00
0.24;11.36;39.27;3141.92;1988.14;-1153.79;0.00
0.22;11.13;41.32;3305.38;1909.60;-1395.78;0.00
0.24;10.46;40.58;3246.38;1976.34;-1270.04;0.00
0.25;10.76;41.48;3318.64;2028.20;-1290.44;0.00
0.29;9.63;40.54;3243.50;2227.51;-1015.99;0.00
0.27;10.67;40.41;3232.99;2123.22;-1109.76;0.00
0.23;9.73;41.74;3338.88;1883.47;-1455.41;0.00
0.24;11.09;38.90;3111.88;1971.14;-1140.74;0.00
0.27;9.24;44.64;3571.56;2075.57;-1495.99;0.00
0.26;9.34;33.66;2692.79;2036.98;-655.81;0.00
0.25;12.18;37.20;2975.99;2102.23;-873.76;0.00
0.26;10.16;36.05;2884.32;2071.40;-812.92;0.00
0.22;9.57;40.22;3217.75;1798.64;-1419.12;0.00
0.28;10.97;39.89;3191.42;2233.25;-958.18;0.00
0.21;7.99;41.57;3325.74;1650.91;-1674.83;0.00
0.25;10.24;32.03;2562.29;1994.13;-568.16;0.00
0.26;9.23;31.15;2492.09;2006.56;-485.53;0.00
0.23;8.73;48.30;3864.06;1806.96;-2057.09;0.00
0.27;8.79;47.57;3805.48;2038.12;-1767.36;0.00
0.25;9.64;37.83;3026.60;1996.86;-1029.74;0.00
0.22;10.98;38.27;3061.70;1847.99;-1213.71;0.00
0.27;10.44;42.92;3433.88;2122.81;-1311.07;0.00
0.24;7.25;44.12;3529.58;1786.09;-1743.49;0.00
0.23;10.06;44.58;3566.02;1904.69;-1661.32;0.00
0.27;10.61;46.71;3736.90;2162.77;-1574.13;0.00
0.26;9.15;42.43;3394.67;2028.11;-1366.56;0.00
0.27;10.60;39.95;3195.71;2170.08;-1025.63;0.00
0.22;10.59;42.15;3372.05;1882.66;-1489.39;0.00
0.24;11.00;39.86;3188.90;2018.35;-1170.55;0.00
0.28;10.43;37.50;2999.85;2213.49;-786.36;0.00
0.29;11.00;39.52;3161.86;2299.08;-862.78;0.00
0.24;10.46;35.64;2851.34;1937.25;-914.09;0.00
0.23;10.82;40.20;3216.37;1926.00;-1290.36;0.00
0.26;9.80;39.93;3194.29;2026.55;-1167.75;0.00
0.24;10.46;44.61;3569.09;1965.66;-1603.43;0.00
0.26;8.74;37.40;2991.66;1997.35;-994.31;0.00
0.22;9.73;39.20;3136.06;1835.90;-1300.15;0.00
0.25;8.82;39.49;3159.49;1937.15;-1222.35;0.00
0.26;10.31;42.94;3435.24;2071.23;-1364.01;0.00
0.22;7.68;42.52;3401.37;1675.36;-1726.01;0.00
0.22;8.64;36.90;2951.86;1755.12;-1196.73;0.00
0.23;9.45;40.47;3237.72;1841.50;-1396.22;0.00
0.25;10.25;35.89;2871.38;1990.52;-880.85;0.00
0.23;10.53;28.07;2245.96;1919.88;-326.08;0.00
0.28;11.02;42.35;3387.69;2230.09;-1157.60;0.00
0.22;10.58;42.50;3400.04;1832.83;-1567.21;0.00
0.26;9.12;40.62;3249.86;2015.81;-1234.05;0.00
0.26;11.96;40.61;3248.96;2181.95;-1067.01;0.00
0.24;9.70;33.81;2704.69;1945.97;-758.72;0.00
0.26;11.46;55.45;4435.70;2121.86;-2313.84;0.00
0.24;8.47;32.27;2581.42;1834.04;-747.38;0.00
0.27;8.12;33.60;2687.99;2006.68;-681.31;0.00
0.25;11.24;31.03;2482.52;2050.60;-431.91;0.00
0.22;9.91;38.67;3093.49;1842.51;-1250.98;0.00
0.28;11.25;37.47;2997.52;2254.37;-743.15;0.00
0.23;9.88;32.56;2604.57;1863.46;-741.11;0.00
0.25;10.89;45.97;3677.43;2068.02;-1609.41;0.00
0.20;11.84;37.06;2964.67;1829.46;-1135.21;0.00
0.25;11.50;39.67;3173.65;2057.23;-1116.41;0.00
0.27;10.79;44.81;3584.62;2136.21;-1448.41;0.00
0.25;11.21;36.73;2938.49;2055.73;-882.77;0.00
0.24;10.92;40.66;3253.17;1991.03;-1262.14;0.00
0.26;10.93;41.30;3303.81;2117.47;-1186.34;0.00
0.27;9.22;40.81;3264.80;2047.67;-1217.13;0.00
0.27;10.76;32.60;2607.83;2182.93;-424.91;0.00
0.32;8.13;39.47;3157.85;2293.53;-864.32;0.00
0.26;11.14;41.61;3329.15;2121.47;-1207.68;0.00
0.23;10.10;44.89;3591.28;1872.62;-1718.65;0.00
0.26;10.48;37.17;2973.24;2079.82;-893.42;0.00
0.26;11.38;39.03;3122.29;2157.38;-964.92;0.00
0.19;10.78;45.62;3649.39;1678.87;-1970.52;0.00
0.25;10.10;29.87;2389.92;2024.51;-365.41;0.00
0.28;10.33;41.66;3332.98;2208.03;-1124.95;0.00
0.22;10.26;42.09;3367.48;1827.22;-1540.26;0.00
0.22;11.51;36.69;2935.47;1899.17;-1036.30;0.00
0.24;10.78;38.52;3081.21;1964.47;-1116.74;0.00
0.25;6.75;40.97;3277.97;1849.96;-1428.01;0.00
0.20;8.72;37.98;3038.51;1622.61;-1415.90;0.00
0.26;8.66;43.51;3481.09;1967.54;-1513.55;0.00
0.23;9.07;43.38;3470.60;1822.84;-1647.76;0.00
0.21;9.42;44.60;3568.12;1732.69;-1835.43;0.00
0.22;9.59;40.74;3259.49;1829.82;-1429.67;0.00
0.26;10.57;38.00;3040.29;2091.91;-948.38;0.00
0.26;8.36;35.96;2876.93;1986.31;-890.62;0.00
0.25;9.79;34.60;2768.00;1967.31;-800.69;0.00
0.27;11.52;35.79;2863.18;2182.12;-681.06;0.00
0.26;9.14;42.98;3438.63;2038.60;-1400.03;0.00
0.29;11.05;36.29;2903.21;2289.48;-613.73;0.00
0.26;8.29;31.59;2526.99;1951.01;-575.98;0.00
0.24;11.08;39.02;3121.92;2015.92;-1106.00;0.00
0.23;11.20;37.65;3012.11;1935.33;-1076.78;0.00
0.24;9.33;39.56;3164.70;1915.43;-1249.27;0.00
0.19;10.48;46.36;3709.03;1667.19;-2041.84;0.00
0.24;8.91;44.53;3562.45;1910.11;-1652.34;0.00
0.24;9.26;43.25;3459.67;1923.64;-1536.03;0.00
0.25;11.93;36.85;2948.07;2127.52;-820.55;0.00
0.25;11.72;37.65;3012.28;2088.99;-923.29;0.00
0.25;11.23;33.10;2647.84;2093.33;-554.51;0.00
0.25;9.12;46.13;3690.59;1925.85;-1764.74;0.00
0.28;11.70;44.00;3520.25;2247.20;-1273.05;0.00
0.26;9.22;45.57;3645.59;2030.73;-1614.86;0.00
0.24;10.45;49.28;3942.23;1948.98;-1993.24;0.00
0.27;10.30;36.35;2907.99;2106.67;-801.32;0.00
0.20;10.42;40.15;3212.12;1748.30;-1463.83;0.00
0.27;9.63;38.00;3039.68;2099.80;-939.88;0.00
0.28;8.95;36.52;2921.61;2104.66;-816.96;0.00
0.25;10.67;37.29;2983.35;2040.57;-942.78;0.00
0.29;9.30;38.46;3076.84;2200.31;-876.53;0.00
0.29;10.43;34.69;2774.86;2244.70;-530.17;0.00
0.24;10.36;49.93;3994.18;1952.19;-2042.00;0.00
0.27;10.54;37.71;3016.87;2147.51;-869.36;0.00
0.23;10.68;34.64;2771.08;1940.59;-830.49;0.00
0.31;10.30;43.67;3493.63;2363.38;-1130.25;0.00
0.24;8.65;44.46;3556.80;1886.97;-1669.83;0.00
0.25;10.14;43.23;3458.58;2011.87;-1446.70;0.00
0.20;9.42;40.37;3229.65;1688.40;-1541.25;0.00
0.26;11.82;37.04;2962.92;2167.92;-795.00;0.00
0.23;10.04;36.32;2905.86;1896.38;-1009.48;0.00
0.27;9.99;38.06;3044.64;2133.75;-910.90;0.00
0.27;9.84;35.41;2833.11;2116.57;-716.54;0.00
0.25;9.63;37.64;3010.97;1978.40;-1032.57;0.00
0.26;10.86;43.45;3475.85;2127.80;-1348.06;0.00
0.30;10.43;40.25;3219.73;2300.40;-919.33;0.00
0.27;9.52;48.26;3860.84;2093.19;-1767.65;0.00
0.25;10.82;36.76;2940.99;2057.66;-883.34;0.00
0.21;10.32;44.51;3561.15;1756.55;-1804.59;0.00
0.22;10.27;36.86;2948.68;1856.43;-1092.25;0.00
0.26;9.22;38.52;3081.88;2003.74;-1078.14;0.00
0.21;11.37;33.02;2641.39;1835.56;-805.83;0.00
0.25;8.62;35.23;2818.10;1924.15;-893.95;0.00
0.29;8.30;37.62;3009.58;2141.14;-868.44;0.00
0.24;10.18;47.64;3811.23;1939.19;-1872.03;0.00
0.23;8.80;40.33;3226.43;1796.53;-1429.90;0.00
0.20;10.84;47.40;3791.65;1770.68;-2020.97;0.00
0.26;9.57;49.39;3950.96;2060.74;-1890.22;0.00
0.24;10.98;39.80;3183.70;1996.42;-1187.27;0.00
0.19;9.60;46.87;3749.54;1650.89;-2098.65;0.00
0.26;7.64;38.30;3063.71;1926.59;-1137.12;0.00
0.27;7.69;32.71;2616.61;1986.05;-630.56;0.00
0.24;9.01;41.02;3281.42;1868.79;-1412.63;0.00
0.29;10.58;48.03;3842.72;2256.62;-1586.11;0.00
0.24;9.04;36.57;2925.66;1882.71;-1042.95;0.00
0.22;8.59;40.01;3201.02;1748.49;-1452.54;0.00
0.24;11.29;45.28;3622.08;2009.63;-1612.45;0.00
0.28;11.64;50.75;4059.62;2278.35;-1781.26;0.00
0.22;11.23;37.68;3014.03;1893.54;-1120.49;0.00
0.27;11.60;46.21;3696.57;2196.72;-1499.85;0.00
0.26;10.75;45.98;3678.33;2120.07;-1558.26;0.00
0.24;12.05;43.47;3477.64;2026.69;-1450.95;0.00
0.26;7.49;47.82;3825.94;1897.72;-1928.22;0.00
0.25;8.97;43.43;3474.48;1939.60;-1534.87;0.00
0.23;9.86;39.50;3159.85;1888.23;-1271.62;0.00
0.26;10.91;37.68;3014.55;2118.11;-896.44;0.00
0.24;8.53;42.40;3391.92;1883.95;-1507.97;0.00
0.23;10.14;42.84;3427.01;1902.93;-1524.09;0.00
0.23;11.51;45.41;3632.85;1987.61;-1645.24;0.00
0.23;10.32;41.66;3332.89;1896.49;-1436.39;0.00
0.26;10.98;37.70;3015.80;2104.71;-911.09;0.00
0.28;8.52;37.09;2967.53;2111.08;-856.46;0.00
0.26;10.07;41.45;3315.63;2042.15;-1273.47;0.00
0.24;10.82;46.68;3734.36;1989.76;-1744.60;0.00
0.23;11.69;30.24;2419.01;1965.30;-453.71;0.00
0.25;8.97;41.58;3326.54;1932.26;-1394.28;0.00
0.26;11.81;36.94;2955.22;2127.83;-827.39;0.00
0.28;9.37;48.24;3859.26;2156.57;-1702.69;0.00
0.21;10.83;40.89;3271.41;1811.67;-1459.74;0.00
0.24;10.46;41.72;3337.32;1957.72;-1379.60;0.00
0.29;10.17;46.49;3719.49;2211.31;-1508.17;0.00
0.24;10.68;44.12;3529.50;1987.02;-1542.48;0.00
0.25;10.93;42.54;3403.37;2051.40;-1351.97;0.00
0.26;9.53;41.48;3318.77;2017.59;-1301.18;0.00
0.26;10.33;40.87;3269.88;2049.78;-1220.10;0.00
0.24;10.38;43.07;3445.68;1949.92;-1495.76;0.00
0.26;9.09;39.48;3158.41;1993.11;-1165.30;0.00
0.22;9.38;35.87;2869.75;1763.03;-1106.72;0.00
0.27;11.62;43.52;3481.83;2180.53;-1301.30;0.00
0.23;8.29;32.01;2561.00;1772.90;-788.09;0.00
0.26;9.46;35.14;2810.89;2017.87;-793.03;0.00
0.24;10.99;46.66;3732.74;2009.68;-1723.06;0.00
0.26;10.34;42.06;3364.44;2052.47;-1311.97;0.00
0.29;10.48;42.28;3382.56;2232.86;-1149.70;0.00
0.23;11.52;46.51;3720.89;1942.62;-1778.27;0.00
0.19;9.23;47.55;3804.19;1624.23;-2179.96;0.00
0.26;9.69;43.37;3469.83;2030.99;-1438.84;0.00
0.26;10.78;41.95;3356.01;2082.29;-1273.72;0.00
0.28;11.78;44.98;3598.67;2271.62;-1327.05;0.00
0.23;9.86;45.72;3657.44;1895.50;-1761.94;0.00
0.25;8.89;41.25;3299.76;1960.93;-1338.83;0.00
0.25;8.93;41.91;3353.06;1961.23;-1391.83;0.00
0.26;10.85;38.69;3094.93;2111.72;-983.21;0.00
0.25;10.06;38.37;3069.75;2020.68;-1049.07;0.00
0.28;9.85;48.93;3914.61;2181.76;-1732.86;0.00
0.26;9.99;40.65;3251.70;2058.94;-1192.76;0.00
0.20;9.63;34.50;2760.02;1693.36;-1066.66;0.00
0.27;10.14;31.63;2530.07;2142.80;-387.27;0.00
0.23;9.35;36.19;2895.09;1861.18;-1033.92;0.00
0.29;11.69;30.71;2456.63;2297.84;-158.79;0.00
0.27;10.08;40.89;3270.84;2147.44;-1123.39;0.00
0.24;9.53;39.78;3182.49;1900.20;-1282.29;0.00
0.28;9.60;36.07;2885.49;2154.51;-730.98;0.00
0.21;10.32;38.35;3068.06;1761.27;-1306.79;0.00
0.26;8.19;39.33;3146.15;1964.52;-1181.63;0.00
0.23;7.81;39.49;3158.88;1756.95;-1401.93;0.00
0.24;10.03;35.71;2856.55;1950.09;-906.47;0.00
0.23;9.17;33.71;2696.96;1819.05;-877.92;0.00
0.22;12.05;31.61;2528.65;1919.97;-608.68;0.00
0.27;10.90;35.97;2877.44;2160.67;-716.77;0.00
0.22;9.70;43.02;3441.61;1830.27;-1611.34;0.00
0.26;10.47;42.63;3410.10;2054.20;-1355.89;0.00
0.23;9.13;31.84;2547.41;1835.65;-711.75;0.00
0.22;9.34;42.52;3401.51;1784.75;-1616.76;0.00
0.28;8.85;40.58;3246.22;2129.53;-1116.69;0.00
0.27;11.25;40.05;3204.13;2157.76;-1046.38;0.00
0.27;8.99;38.38;3070.28;2056.35;-1013.93;0.00
0.24;9.72;34.05;2723.64;1948.77;-774.87;0.00
0.26;12.30;44.48;3558.70;2185.53;-1373.17;0.00
0.26;11.29;36.61;2928.79;2097.88;-830.91;0.00
0.28;9.13;31.78;2542.78;2104.03;-438.75;0.00
0.27;10.46;35.65;2851.65;2141.98;-709.67;0.00
0.23;10.03;42.06;3365.10;1892.25;-1472.85;0.00
0.24;11.96;38.36;3069.19;2065.43;-1003.76;0.00
0.23;11.13;43.59;3487.52;1916.77;-1570.75;0.00
0.27;9.79;43.67;3493.96;2107.15;-1386.80;0.00
0.27;10.35;33.03;2642.55;2144.42;-498.13;0.00
0.20;9.43;42.91;3433.01;1649.02;-1783.99;0.00
0.26;9.01;42.41;3393.02;2023.13;-1369.89;0.00
0.29;10.79;35.64;2851.15;2295.23;-555.92;0.00
0.24;10.99;41.85;3347.68;1967.78;-1379.90;0.00
0.25;11.44;34.94;2794.85;2054.51;-740.34;0.00
0.25;11.52;42.71;3417.14;2091.87;-1325.27;0.00
0.25;10.55;35.94;2875.03;2020.97;-854.06;0.00
0.26;9.84;43.62;3489.91;2047.53;-1442.39;0.00
0.26;9.78;36.53;2922.60;2031.94;-890.66;0.00
0.24;8.27;43.39;3471.16;1864.47;-1606.69;0.00
0.27;12.14;40.98;3278.49;2223.94;-1054.55;0.00
0.24;8.56;42.07;3365.35;1868.38;-1496.97;0.00
0.28;9.71;41.28;3302.37;2153.79;-1148.57;0.00
0.26;9.94;35.03;2802.24;2035.17;-767.07;0.00
0.23;11.41;32.66;2612.45;1948.09;-664.37;0.00
0.27;9.62;30.89;2470.80;2065.34;-405.46;0.00
0.22;9.68;38.38;3070.01;1779.21;-1290.80;0.00
0.30;9.27;34.29;2742.90;2259.45;-483.44;0.00
0.20;8.77;34.06;2725.14;1622.17;-1102.97;0.00
0.26;8.16;40.52;3241.39;1978.50;-1262.89;0.00
0.25;9.62;36.93;2954.52;1957.48;-997.04;0.00
0.24;12.36;39.63;3170.61;2085.77;-1084.83;0.00
0.23;12.11;34.49;2759.37;1990.80;-768.57;0.00
0.24;9.54;40.20;3216.07;1911.93;-1304.14;0.00
0.22;9.74;42.54;3402.97;1834.61;-1568.36;0.00
0.28;10.26;34.18;2734.01;2212.98;-521.03;0.00
0.26;11.09;42.70;3416.08;2110.89;-1305.18;0.00
0.26;10.24;28.84;2307.55;2075.20;-232.36;0.00
0.25;10.23;34.55;2763.93;1987.44;-776.49;0.00
0.24;10.99;38.23;3058.36;2003.10;-1055.26;0.00
0.26;10.50;37.17;2973.78;2108.02;-865.77;0.00
0.24;9.85;45.82;3665.50;1911.67;-1753.83;0.00
0.27;11.15;34.46;2756.60;2155.40;-601.21;0.00
0.24;10.72;47.09;3767.55;1962.89;-1804.66;0.00
0.25;11.61;39.91;3192.96;2058.72;-1134.24;0.00
0.24;9.98;46.52;3721.44;1950.35;-1771.09;0.00
0.23;10.33;37.14;2971.30;1878.42;-1092.88;0.00
0.25;9.37;37.70;3016.12;1939.71;-1076.41;0.00
0.22;9.27;43.64;3491.43;1758.34;-1733.09;0.00
0.26;12.17;38.60;3088.38;2164.91;-923.46;0.00
0.26;10.73;35.91;2873.06;2070.56;-802.50;0.00
0.23;9.88;44.22;3537.65;1858.81;-1678.84;0.00
0.26;11.99;37.10;2967.73;2137.40;-830.33;0.00
0.25;7.16;39.76;3181.11;1822.15;-1358.97;0.00
0.25;9.15;37.41;2992.73;1935.74;-1056.99;0.00
0.23;10.17;47.17;3773.67;1871.95;-1901.72;0.00
0.21;10.36;40.15;3212.18;1774.40;-1437.77;0.00
0.24;9.46;31.32;2505.63;1932.39;-573.24;0.00
0.27;8.41;36.17;2893.24;2008.92;-884.32;0.00
0.27;10.46;41.96;3356.84;2114.67;-1242.17;0.00
0.26;9.71;38.52;3081.32;2021.35;-1059.97;0.00
0.29;12.18;46.10;3688.15;2332.68;-1355.48;0.00
0.23;9.29;43.42;3473.78;1833.95;-1639.83;0.00
0.27;9.67;44.66;3572.73;2070.21;-1502.51;0.00
0.22;10.89;43.80;3503.71;1867.62;-1636.09;0.00
0.23;10.80;37.16;2972.51;1902.71;-1069.80;0.00
0.25;12.23;48.81;3904.43;2137.61;-1766.82;0.00
0.22;9.44;39.85;3187.85;1821.47;-1366.38;0.00
0.28;11.34;40.76;3260.60;2245.90;-1014.69;0.00
0.24;9.70;46.38;3710.47;1928.21;-1782.27;0.00
0.28;9.54;43.76;3500.61;2138.04;-1362.58;0.00
0.27;10.66;47.09;3767.40;2158.97;-1608.43;0.00
0.26;8.84;39.30;3144.00;2007.74;-1136.25;0.00
0.22;11.62;43.48;3478.42;1895.13;-1583.30;0.00
0.24;10.85;35.37;2829.88;2009.88;-820.00;0.00
0.24;11.89;44.64;3570.82;2039.06;-1531.76;0.00
0.30;9.37;37.09;2966.99;2283.10;-683.89;0.00
0.25;10.37;48.74;3899.40;2022.84;-1876.56;0.00
0.24;10.54;42.05;3364.16;1981.60;-1382.56;0.00
0.27;9.66;48.13;3850.43;2094.57;-1755.86;0.00
0.29;9.51;38.28;3062.03;2180.60;-881.43;0.00
0.26;10.71;36.76;2940.69;2098.03;-842.65;0.00
0.30;11.13;35.65;2851.66;2327.25;-524.41;0.00
0.26;8.01;39.15;3131.72;1922.24;-1209.49;0.00
0.28;10.11;36.23;2898.59;2169.68;-728.91;0.00
0.21;9.32;37.72;3017.98;1737.99;-1279.99;0.00
0.24;10.71;48.36;3869.13;2003.38;-1865.75;0.00
0.24;9.30;40.56;3244.84;1907.32;-1337.52;0.00
0.25;10.56;37.09;2967.19;2055.05;-912.13;0.00
0.27;11.37;36.27;2901.60;2207.14;-694.45;0.00
0.26;8.70;34.83;2786.27;1984.18;-802.09;0.00
0.21;11.39;43.95;3516.05;1821.11;-1694.95;0.00
0.23;10.35;35.00;2800.08;1909.04;-891.03;0.00
0.24;8.84;36.36;2909.12;1877.58;-1031.54;0.00
0.24;10.11;32.27;2581.39;1937.52;-643.88;0.00
0.22;9.16;40.09;3206.95;1792.26;-1414.68;0.00
0.24;10.13;39.89;3191.17;1929.03;-1262.13;0.00
0.23;11.44;38.84;3107.10;1983.22;-1123.88;0.00
0.28;10.80;41.52;3321.56;2187.53;-1134.03;0.00
0.24;11.20;37.70;3016.11;2031.05;-985.05;0.00
0.24;9.60;33.14;2651.58;1907.82;-743.75;0.00
0.31;9.21;35.00;2800.07;2333.10;-466.97;0.00
0.32;9.94;44.29;3543.16;2386.18;-1156.98;0.00
0.26;11.36;46.18;3694.06;2156.78;-1537.28;0.00
0.24;10.98;39.55;3163.81;1971.82;-1191.99;0.00
0.26;10.39;42.60;3408.17;2066.72;-1341.45;0.00
0.26;10.34;39.72;3177.95;2059.30;-1118.66;0.00
0.28;8.83;41.46;3316.58;2104.63;-1211.96;0.00
0.24;7.77;41.93;3354.55;1845.42;-1509.13;0.00
0.23;9.51;40.89;3271.38;1880.73;-1390.65;0.00
0.27;9.85;35.75;2860.30;2106.79;-753.50;0.00
0.25;13.10;41.64;3331.54;2139.57;-1191.97;0.00
0.23;9.69;39.22;3137.74;1853.85;-1283.89;0.00
0.20;10.93;38.32;3065.70;1766.50;-1299.20;0.00
0.23;9.97;42.70;3415.85;1867.67;-1548.18;0.00
0.27;10.54;34.22;2737.57;2120.96;-616.61;0.00
0.25;9.16;44.05;3524.03;1967.83;-1556.21;0.00
0.30;9.31;41.58;3326.23;2250.63;-1075.60;0.00
0.24;7.51;32.82;2625.33;1798.76;-826.57;0.00
0.24;10.45;33.73;2698.26;1948.47;-749.79;0.00
0.29;8.99;50.87;4069.32;2172.58;-1896.74;0.00
0.23;11.51;41.15;3292.01;1986.27;-1305.74;0.00
0.25;9.78;35.53;2842.33;1993.04;-849.29;0.00
0.25;11.99;31.18;2494.41;2080.07;-414.34;0.00
0.27;8.18;39.42;3153.95;2043.00;-1110.95;0.00
0.23;8.60;45.27;3621.38;1834.58;-1786.80;0.00
0.27;11.28;38.30;3064.08;2203.95;-860.13;0.00
0.24;8.93;34.79;2783.42;1885.81;-897.60;0.00
0.22;9.68;44.01;3520.43;1820.53;-1699.90;0.00
0.21;9.65;36.88;2950.69;1723.50;-1227.19;0.00
0.29;11.21;36.60;2927.99;2287.47;-640.52;0.00
0.20;8.26;38.65;3092.01;1624.86;-1467.16;0.00
0.29;9.29;40.70;3256.07;2180.89;-1075.18;0.00
0.25;9.67;45.03;3602.77;1993.72;-1609.05;0.00
0.27;11.25;43.33;3466.09;2172.44;-1293.64;0.00
0.24;8.92;38.44;3075.27;1895.73;-1179.54;0.00
0.22;10.75;40.54;3243.56;1835.71;-1407.86;0.00
0.25;9.10;42.21;3377.08;1954.90;-1422.18;0.00
0.22;9.35;41.36;3309.15;1783.20;-1525.95;0.00
0.26;9.37;52.33;4186.48;2014.74;-2171.75;0.00
0.23;10.09;40.13;3210.13;1879.08;-1331.05;0.00
0.22;10.18;40.48;3238.55;1813.21;-1425.34;0.00
0.28;8.05;46.27;3701.81;2062.29;-1639.52;0.00
0.26;9.71;28.67;2293.57;2049.50;-244.07;0.00
0.22;11.76;31.36;2508.44;1902.62;-605.83;0.00
0.25;12.21;39.06;3124.61;2119.06;-1005.55;0.00
0.24;10.35;43.33;3466.80;1973.27;-1493.53;0.00
0.29;8.00;38.62;3089.71;2101.23;-988.49;0.00
0.29;10.80;34.90;2791.77;2295.88;-495.90;0.00
0.25;9.86;46.66;3732.80;2010.00;-1722.79;0.00
0.23;10.61;42.73;3418.13;1906.12;-1512.01;0.00
0.30;9.78;46.53;3722.30;2248.75;-1473.55;0.00
0.27;11.05;42.63;3410.68;2172.40;-1238.27;0.00
0.24;11.28;42.00;3359.70;1992.58;-1367.12;0.00
0.25;8.60;37.32;2985.34;1895.59;-1089.75;0.00
0.21;8.64;42.36;3388.81;1712.69;-1676.13;0.00
0.26;10.16;47.39;3790.92;2052.16;-1738.77;0.00
0.26;7.88;50.62;4049.25;1932.97;-2116.29;0.00
0.27;11.46;45.79;3663.60;2170.65;-1492.95;0.00
0.25;9.95;44.59;3567.12;2017.57;-1549.55;0.00
0.28;9.50;28.81;2305.04;2165.81;-139.22;0.00
0.29;9.43;40.76;3260.86;2220.70;-1040.16;0.00
0.22;10.03;37.83;3026.35;1828.85;-1197.51;0.00
0.17;12.00;39.85;3188.17;1636.38;-1551.79;0.00
0.27;9.49;37.20;2975.92;2102.12;-873.80;0.00
0.26;10.00;44.17;3533.92;2053.10;-1480.82;0.00
0.25;9.97;33.33;2666.21;2012.24;-653.96;0.00
0.25;10.41;46.14;3691.36;2031.22;-1660.14;0.00
0.28;10.73;40.16;3212.44;2200.48;-1011.96;0.00
0.27;9.26;37.94;3035.46;2066.96;-968.51;0.00
0.23;10.80;45.30;3623.90;1916.46;-1707.44;0.00
0.24;10.83;46.09;3687.53;1988.77;-1698.76;0.00
0.25;10.51;44.93;3594.14;2049.91;-1544.23;0.00
0.27;10.34;40.02;3201.62;2116.86;-1084.76;0.00
0.28;10.35;40.39;3230.98;2196.68;-1034.30;0.00
0.28;9.83;32.88;2630.73;2149.39;-481.34;0.00
0.21;9.83;41.13;3290.09;1765.59;-1524.50;0.00
0.24;13.51;39.40;3151.97;2125.85;-1026.11;0.00
0.25;10.29;42.27;3381.76;2036.77;-1344.99;0.00
0.23;9.09;40.62;3249.93;1847.02;-1402.91;0.00
0.24;11.70;40.07;3205.27;2027.11;-1178.16;0.00
0.26;10.93;40.62;3249.63;2097.64;-1151.98;0.00
0.24;10.34;33.59;2687.52;1956.07;-731.45;0.00
0.23;11.27;35.79;2862.87;1964.02;-898.84;0.00
0.28;8.54;41.81;3344.77;2091.74;-1253.02;0.00
0.28;12.03;38.78;3102.69;2270.93;-831.76;0.00
0.30;10.34;43.11;3449.13;2293.86;-1155.27;0.00
0.26;7.98;41.04;3283.08;1939.42;-1343.65;0.00
0.28;10.55;41.89;3351.52;2190.28;-1161.24;0.00
0.23;9.21;46.41;3712.84;1815.04;-1897.80;0.00
0.23;10.20;44.31;3544.50;1913.68;-1630.82;0.00
0.25;11.34;39.35;3147.83;2068.72;-1079.11;0.00
0.27;8.13;37.84;3027.13;2028.20;-998.93;0.00
0.23;9.75;38.61;3088.74;1878.82;-1209.92;0.00
0.19;9.34;31.02;2481.64;1634.89;-846.75;0.00
0.23;12.01;42.14;3371.42;1984.88;-1386.55;0.00
0.24;9.74;43.98;3518.00;1937.74;-1580.27;0.00
0.27;10.66;38.91;3112.71;2150.42;-962.28;0.00
0.21;10.15;46.17;3693.40;1753.28;-1940.12;0.00
0.29;11.22;36.62;2929.30;2315.36;-613.94;0.00
0.23;12.01;36.51;2920.67;1971.95;-948.72;0.00
0.28;11.82;48.31;3864.87;2258.34;-1606.53;0.00
0.25;10.93;37.15;2972.20;2046.13;-926.07;0.00
0.26;11.65;29.80;2383.73;2132.99;-250.75;0.00
0.28;8.31;43.60;3487.61;2067.64;-1419.97;0.00
0.23;10.69;43.98;3518.60;1920.54;-1598.06;0.00
0.26;9.05;37.02;2961.49;1982.39;-979.10;0.00
0.23;9.86;39.35;3147.86;1897.87;-1249.99;0.00
0.27;11.32;43.01;3440.66;2199.95;-1240.70;0.00
0.26;8.98;42.19;3375.31;2011.19;-1364.12;0.00
0.23;8.84;40.54;3242.91;1825.26;-1417.66;0.00
0.23;11.36;42.05;3363.64;1978.92;-1384.72;0.00
0.21;9.77;37.67;3013.38;1747.48;-1265.90;0.00
0.28;10.07;39.07;3125.48;2189.68;-935.81;0.00
0.28;10.70;44.20;3535.95;2194.41;-1341.53;0.00
0.18;9.74;30.99;2479.03;1583.09;-895.94;0.00
0.28;8.96;42.77;3421.88;2122.18;-1299.70;0.00
0.24;9.92;37.61;3008.47;1920.45;-1088.02;0.00
0.26;10.92;34.85;2787.89;2126.61;-661.29;0.00
0.26;10.21;45.20;3615.73;2040.53;-1575.19;0.00
0.26;11.01;48.00;3839.82;2130.78;-1709.05;0.00
0.26;10.39;42.67;3413.61;2075.84;-1337.77;0.00
0.26;9.58;37.41;2992.86;2020.77;-972.09;0.00
0.30;10.70;39.68;3174.42;2305.65;-868.77;0.00
0.20;11.58;38.82;3105.43;1809.83;-1295.61;0.00
0.25;10.03;39.67;3173.27;2023.03;-1150.24;0.00
0.25;9.73;36.00;2879.69;1992.27;-887.42;0.00
0.28;10.76;31.85;2548.28;2229.65;-318.62;0.00
0.31;10.12;42.52;3401.36;2338.53;-1062.84;0.00
0.21;9.18;39.66;3172.88;1738.38;-1434.50;0.00
0.23;10.32;36.49;2919.00;1925.80;-993.20;0.00
0.24;9.90;39.31;3144.84;1937.22;-1207.63;0.00
0.23;9.54;42.28;3382.09;1871.06;-1511.03;0.00
0.23;9.70;33.62;2689.94;1840.79;-849.15;0.00
0.25;8.15;32.30;2584.36;1889.02;-695.34;0.00
0.27;10.39;38.15;3052.38;2129.02;-923.36;0.00
0.25;8.67;42.19;3375.08;1925.55;-1449.52;0.00
0.22;10.92;39.04;3123.06;1882.09;-1240.97;0.00
0.25;12.14;33.85;2707.73;2116.27;-591.46;0.00
0.19;11.45;39.89;3190.95;1715.11;-1475.85;0.00
0.25;9.26;32.34;2587.57;1947.44;-640.13;0.00
0.27;11.29;40.63;3250.24;2179.72;-1070.51;0.00
0.20;10.55;48.35;3868.39;1749.13;-2119.26;0.00
0.23;9.40;45.79;3663.58;1855.98;-1807.60;0.00
0.30;9.03;37.37;2989.77;2215.88;-773.89;0.00
0.23;9.72;47.72;3817.88;1845.67;-1972.21;0.00
0.22;12.06;39.71;3177.12;1959.30;-1217.82;0.00
0.25;9.85;50.40;4032.16;2010.16;-2022.00;0.00
0.27;10.36;38.45;3076.06;2132.95;-943.11;0.00
0.27;11.82;38.26;3060.42;2218.15;-842.27;0.00
0.28;11.51;31.17;2493.31;2261.55;-231.77;0.00
0.24;8.33;47.52;3801.31;1857.87;-1943.44;0.00
0.27;11.07;39.65;3171.80;2169.07;-1002.73;0.00
0.24;9.78;44.74;3578.99;1938.62;-1640.37;0.00
0.25;11.14;37.88;3030.17;2040.16;-990.01;0.00
0.20;10.83;49.64;3970.89;1773.39;-2197.50;0.00
0.28;12.37;39.60;3168.01;2289.73;-878.28;0.00
0.27;10.76;38.67;3093.67;2137.50;-956.17;0.00
0.19;11.16;33.44;2675.04;1698.83;-976.20;0.00
0.27;10.12;35.56;2844.65;2146.88;-697.78;0.00
0.27;8.93;41.27;3301.87;2039.69;-1262.17;0.00
0.27;8.07;46.84;3747.35;2039.56;-1707.79;0.00
0.22;11.63;44.91;3592.68;1910.63;-1682.06;0.00
0.22;9.66;35.09;2806.94;1818.56;-988.37;0.00
0.27;11.37;34.11;2728.71;2214.78;-513.93;0.00
0.27;10.17;38.47;3077.72;2133.45;-944.27;0.00
0.26;9.75;40.66;3252.52;2040.16;-1212.36;0.00
0.25;11.55;32.60;2608.10;2054.78;-553.32;0.00
0.23;9.83;46.41;3712.89;1851.99;-1860.90;0.00
0.26;9.90;39.82;3185.63;2034.02;-1151.61;0.00
0.24;10.14;35.62;2849.24;1926.62;-922.62;0.00
0.22;10.25;43.41;3472.73;1823.59;-1649.14;0.00
0.24;9.47;33.61;2688.40;1931.99;-756.41;0.00
0.27;10.24;47.67;3813.52;2103.83;-1709.69;0.00
0.22;8.86;35.49;2839.42;1765.42;-1074.00;0.00
0.22;10.48;35.24;2819.34;1835.86;-983.48;0.00
0.25;9.15;40.39;3231.35;1955.80;-1275.56;0.00
0.27;10.65;33.58;2686.15;2139.47;-546.68;0.00
0.25;9.51;32.88;2630.24;1971.58;-658.67;0.00
0.23;9.69;36.77;2941.36;1866.27;-1075.09;0.00
0.25;10.77;43.24;3459.28;2031.53;-1427.75;0.00
0.25;10.08;49.60;3968.31;2029.43;-1938.88;0.00
0.21;10.81;43.69;3495.02;1803.67;-1691.35;0.00
0.23;10.57;42.69;3415.23;1938.19;-1477.04;0.00
0.17;10.93;45.15;3611.79;1587.29;-2024.50;0.00
0.20;9.96;36.05;2883.83;1720.77;-1163.06;0.00
0.22;10.45;38.55;3084.12;1830.87;-1253.25;0.00
0.25;10.99;38.79;3103.55;2071.79;-1031.76;0.00
0.25;11.07;45.41;3632.52;2073.80;-1558.73;0.00
0.24;9.05;40.52;3241.44;1894.90;-1346.54;0.00
0.27;10.61;41.29;3302.96;2150.43;-1152.53;0.00
0.22;10.50;31.82;2545.79;1873.60;-672.19;0.00
0.25;10.14;33.52;2681.58;2005.27;-676.31;0.00
0.30;11.71;44.33;3546.03;2364.30;-1181.73;0.00
0.21;10.70;46.23;3698.70;1787.12;-1911.58;0.00
0.21;8.65;41.17;3293.66;1681.32;-1612.34;0.00
0.22;9.45;42.96;3436.95;1805.56;-1631.39;0.00
0.24;11.48;45.49;3639.32;2028.80;-1610.53;0.00
0.25;10.09;43.42;3473.62;2002.45;-1471.18;0.00
0.26;10.90;36.19;2894.80;2097.09;-797.72;0.00
0.26;9.26;44.81;3584.44;1994.34;-1590.10;0.00
0.28;10.63;42.76;3420.63;2214.10;-1206.54;0.00
0.25;9.63;35.40;2831.97;1983.73;-848.24;0.00
0.28;12.15;41.42;3313.21;2307.61;-1005.59;0.00
0.27;10.08;44.83;3586.43;2141.44;-1444.99;0.00
0.26;9.47;32.39;2591.18;2003.03;-588.15;0.00
0.25;10.31;37.72;3017.33;1997.90;-1019.43;0.00
0.23;9.77;43.33;3466.18;1861.20;-1604.98;0.00
0.27;8.94;41.94;3355.05;2057.76;-1297.30;0.00
0.26;9.25;38.16;3053.09;2012.49;-1040.60;0.00
0.22;10.17;40.71;3256.55;1814.61;-1441.94;0.00
0.25;9.86;35.17;2813.36;1977.85;-835.51;0.00
0.23;8.29;41.19;3294.99;1788.85;-1506.15;0.00
0.25;10.41;35.85;2868.24;2017.05;-851.18;0.00
0.28;9.25;41.38;3310.49;2129.25;-1181.24;0.00
0.31;9.76;34.26;2740.93;2332.59;-408.34;0.00
0.22;9.77;36.66;2932.87;1832.78;-1100.09;0.00
0.28;9.99;36.48;2918.49;2146.39;-772.11;0.00
0.24;10.45;48.18;3854.48;1946.72;-1907.77;0.00
0.21;10.65;41.15;3292.16;1808.79;-1483.37;0.00
0.28;10.46;38.01;3040.96;2188.23;-852.73;0.00
0.24;9.63;47.47;3797.91;1920.29;-1877.62;0.00
0.22;11.66;38.86;3109.12;1900.19;-1208.93;0.00
0.26;11.33;43.70;3495.65;2116.67;-1378.98;0.00
0.24;11.12;39.05;3124.09;2023.35;-1100.74;0.00
0.27;9.82;49.40;3952.20;2114.69;-1837.51;0.00
0.25;10.36;42.00;3359.76;2028.65;-1331.11;0.00
0.25;10.98;50.01;4000.51;2064.74;-1935.77;0.00
0.26;11.28;51.28;4102.20;2101.20;-2001.00;0.00
0.22;10.20;42.62;3409.60;1855.67;-1553.93;0.00
0.28;10.59;34.44;2754.91;2191.61;-563.30;0.00
0.22;9.62;43.37;3469.92;1809.22;-1660.70;0.00
0.22;9.52;45.21;3616.65;1781.51;-1835.15;0.00
0.27;10.17;40.49;3238.92;2117.99;-1120.93;0.00
0.23;10.08;37.88;3030.33;1897.86;-1132.47;0.00
0.32;10.41;41.45;3315.94;2439.19;-876.75;0.00
0.25;9.56;47.34;3786.88;1963.33;-1823.55;0.00
0.26;8.11;41.67;3333.47;1966.66;-1366.81;0.00
0.23;10.61;26.65;2131.78;1935.22;-196.56;0.00
0.27;10.80;46.95;3755.82;2164.91;-1590.91;0.00
0.27;10.87;39.13;3130.75;2164.86;-965.89;0.00
0.23;11.02;32.23;2578.05;1963.86;-614.19;0.00
0.22;9.14;43.49;3479.31;1776.73;-1702.58;0.00
0.27;9.79;47.59;3806.97;2103.48;-1703.49;0.00
0.27;9.60;47.16;3772.85;2087.00;-1685.85;0.00
0.28;9.80;27.43;2194.32;2145.94;-48.38;0.00
0.29;10.68;34.16;2732.42;2284.71;-447.71;0.00
0.27;10.19;46.30;3703.86;2143.39;-1560.47;0.00
0.30;9.28;39.39;3151.48;2277.87;-873.61;0.00
0.24;10.17;40.83;3266.06;1933.07;-1332.99;0.00
0.24;10.42;43.89;3510.80;1963.32;-1547.49;0.00
0.23;10.48;45.59;3647.28;1892.08;-1755.20;0.00
0.28;7.48;51.71;4137.15;2009.22;-2127.93;0.00
0.23;10.48;45.10;3607.78;1918.93;-1688.85;0.00
0.21;9.67;40.62;3249.81;1759.22;-1490.59;0.00
0.27;8.35;47.55;3804.26;2042.44;-1761.82;0.00
0.26;9.61;48.66;3893.02;2053.60;-1839.42;0.00
0.22;11.60;42.51;3400.89;1912.91;-1487.98;0.00
0.21;10.20;42.85;3428.24;1787.30;-1640.93;0.00
0.27;9.73;38.73;3098.27;2110.97;-987.30;0.00
0.27;10.44;43.08;3446.71;2124.88;-1321.84;0.00
0.25;10.15;44.93;3594.48;2012.75;-1581.72;0.00
0.23;10.92;32.44;2595.26;1906.52;-688.74;0.00
0.22;10.73;40.60;3248.00;1837.94;-1410.06;0.00
0.21;10.20;41.91;3352.54;1773.43;-1579.11;0.00
0.24;9.01;47.03;3762.43;1887.71;-1874.72;0.00
0.23;10.47;38.61;3089.03;1880.05;-1208.98;0.00
0.28;9.45;40.63;3250.67;2127.87;-1122.80;0.00
0.23;10.63;32.82;2625.63;1898.61;-727.03;0.00
0.25;9.87;45.70;3655.71;1978.30;-1677.41;0.00
0.22;10.42;41.05;3283.99;1854.02;-1429.96;0.00
0.27;11.28;34.54;2762.95;2163.97;-598.98;0.00
0.26;13.44;40.16;3213.03;2248.80;-964.23;0.00
0.29;8.46;25.68;2054.15;2155.05;100.90;1.00
0.28;11.63;45.49;3639.48;2252.72;-1386.76;0.00
0.21;10.97;42.54;3403.45;1819.51;-1583.95;0.00
0.25;10.85;42.65;3411.82;2027.71;-1384.11;0.00
0.25;12.61;41.52;3321.45;2140.48;-1180.97;0.00
0.26;12.09;37.27;2981.31;2145.45;-835.85;0.00
0.25;9.58;42.45;3396.34;1966.85;-1429.49;0.00
0.31;10.05;40.18;3214.58;2367.20;-847.39;0.00
0.24;10.77;42.54;3402.80;1958.38;-1444.43;0.00
0.26;8.95;47.32;3785.37;2027.37;-1758.00;0.00
0.24;8.67;41.46;3316.53;1844.52;-1472.00;0.00
0.28;11.58;40.08;3206.59;2272.32;-934.26;0.00
0.26;8.90;39.98;3198.35;1979.92;-1218.42;0.00
0.25;9.94;44.51;3560.65;1973.96;-1586.69;0.00
0.28;9.21;41.34;3307.13;2112.16;-1194.98;0.00
0.26;11.06;43.73;3498.02;2139.62;-1358.40;0.00
0.25;11.83;36.77;2941.49;2104.40;-837.09;0.00
0.26;11.69;36.70;2936.34;2160.79;-775.54;0.00
0.25;10.41;36.14;2890.89;2027.66;-863.24;0.00
0.19;10.11;39.39;3151.13;1669.03;-1482.10;0.00
0.26;9.92;48.31;3865.01;2064.74;-1800.27;0.00
0.27;10.85;44.28;3542.23;2176.51;-1365.72;0.00
0.28;10.41;51.35;4107.98;2185.54;-1922.44;0.00
0.24;9.15;38.76;3100.75;1921.02;-1179.73;0.00
0.24;10.24;40.52;3241.41;1924.66;-1316.74;0.00
0.25;9.46;42.93;3434.44;1954.46;-1479.99;0.00
0.24;10.30;41.51;3320.62;1984.47;-1336.15;0.00
0.26;10.38;40.80;3264.38;2061.20;-1203.18;0.00
0.23;8.64;38.40;3071.72;1834.42;-1237.30;0.00
0.24;9.79;44.43;3554.26;1910.55;-1643.71;0.00
0.24;11.91;31.95;2556.36;2057.41;-498.95;0.00
0.23;9.58;35.75;2860.00;1883.01;-976.98;0.00
0.20;11.50;42.42;3393.68;1777.02;-1616.66;0.00
0.22;9.68;38.68;3094.10;1813.50;-1280.59;0.00
0.26;10.39;44.72;3577.97;2085.71;-1492.26;0.00
0.25;10.66;36.18;2894.51;2013.11;-881.41;0.00
0.22;10.83;36.82;2945.39;1873.31;-1072.09;0.00
0.31;10.00;41.18;3294.16;2370.78;-923.38;0.00
0.26;10.00;31.96;2556.76;2031.79;-524.97;0.00
0.26;8.67;50.21;4016.95;1967.68;-2049.27;0.00
0.25;9.13;50.33;4026.48;1946.59;-2079.89;0.00
0.23;10.69;44.64;3570.93;1912.69;-1658.24;0.00
0.21;8.41;39.91;3192.69;1696.07;-1496.62;0.00
0.30;10.25;43.06;3444.56;2323.53;-1121.03;0.00
0.22;8.37;37.03;2962.75;1732.37;-1230.39;0.00
0.25;10.36;42.71;3416.66;2005.63;-1411.03;0.00
0.24;9.23;40.33;3226.33;1918.62;-1307.71;0.00
0.25;10.07;40.04;3203.44;1977.85;-1225.60;0.00
0.25;10.07;45.90;3672.35;1974.66;-1697.69;0.00
0.23;9.67;37.40;2992.21;1874.63;-1117.58;0.00
0.28;10.51;37.36;2988.95;2180.94;-808.01;0.00
0.26;10.58;42.88;3430.62;2086.84;-1343.79;0.00
0.25;10.51;33.77;2701.40;2050.11;-651.29;0.00
0.21;12.19;45.19;3615.52;1871.34;-1744.18;0.00
0.23;10.47;42.48;3398.57;1908.76;-1489.81;0.00
0.25;12.03;38.36;3068.68;2118.82;-949.86;0.00
0.25;10.55;36.14;2891.26;2000.69;-890.58;0.00
0.22;9.03;41.65;3332.37;1787.82;-1544.55;0.00
0.24;9.47;44.01;3520.40;1916.47;-1603.93;0.00
0.24;11.33;41.79;3343.58;1984.33;-1359.26;0.00
0.24;8.60;36.71;2936.77;1858.38;-1078.39;0.00
0.22;10.28;46.78;3742.24;1814.70;-1927.54;0.00
0.21;11.08;41.16;3292.87;1811.25;-1481.62;0.00
0.26;9.86;42.13;3370.57;2074.94;-1295.63;0.00
0.22;10.69;41.40;3311.76;1842.60;-1469.16;0.00
0.25;10.60;36.45;2916.03;2005.21;-910.82;0.00
0.26;9.47;34.28;2742.31;2017.87;-724.43;0.00
0.28;8.54;46.11;3688.74;2098.36;-1590.38;0.00
0.27;11.65;38.02;3041.75;2209.92;-831.83;0.00
0.25;8.78;35.35;2827.78;1910.30;-917.47;0.00
0.22;10.25;34.42;2753.50;1815.19;-938.31;0.00
0.29;10.19;39.49;3159.60;2250.48;-909.12;0.00
0.24;9.71;42.34;3386.95;1901.30;-1485.65;0.00
0.20;10.05;39.83;3186.73;1700.06;-1486.67;0.00
0.27;10.44;43.41;3472.64;2126.07;-1346.57;0.00
0.25;11.57;38.22;3057.41;2109.64;-947.77;0.00
0.23;9.92;33.60;2688.10;1902.01;-786.09;0.00
0.23;10.64;44.88;3590.03;1903.94;-1686.10;0.00
0.28;9.91;42.80;3423.91;2159.51;-1264.39;0.00
0.22;10.74;40.64;3251.46;1863.83;-1387.62;0.00
0.24;8.85;35.18;2814.34;1889.08;-925.26;0.00
0.23;8.94;47.57;3805.49;1844.09;-1961.40;0.00
0.27;11.26;43.33;3466.76;2206.67;-1260.09;0.00
0.27;12.08;42.29;3382.98;2243.30;-1139.68;0.00
0.25;9.93;48.00;3839.62;1990.94;-1848.68;0.00
0.24;9.37;37.56;3004.55;1931.01;-1073.54;0.00
0.24;12.04;39.30;3143.74;2072.28;-1071.45;0.00
0.26;7.95;39.24;3139.36;1931.31;-1208.05;0.00
0.24;11.11;37.35;2987.77;2007.61;-980.15;0.00
0.24;8.72;31.94;2555.00;1859.49;-695.51;0.00
0.25;10.48;44.05;3523.99;2028.32;-1495.67;0.00
0.27;10.26;31.03;2482.27;2103.80;-378.47;0.00
0.28;9.80;42.22;3377.28;2180.26;-1197.02;0.00
0.27;10.16;41.10;3288.10;2148.05;-1140.05;0.00
0.28;10.62;38.84;3107.30;2229.16;-878.14;0.00
0.21;10.98;33.95;2716.14;1839.99;-876.14;0.00
0.23;9.98;48.76;3900.65;1904.29;-1996.36;0.00
0.23;11.71;46.41;3712.59;1972.85;-1739.74;0.00
0.25;10.70;37.14;2971.10;2008.75;-962.35;0.00
0.25;10.26;38.66;3092.61;2035.00;-1057.61;0.00
0.21;10.57;37.23;2978.01;1806.24;-1171.77;0.00
0.23;11.64;43.49;3479.47;1995.59;-1483.88;0.00
0.25;10.20;26.34;2107.31;2029.50;-77.81;0.00
0.21;8.31;46.31;3705.07;1701.81;-2003.25;0.00
0.24;8.85;38.95;3115.81;1853.50;-1262.31;0.00
0.22;9.82;40.15;3212.02;1784.60;-1427.43;0.00
0.26;10.87;43.18;3454.19;2110.44;-1343.75;0.00
0.26;9.42;37.93;3034.17;2043.79;-990.38;0.00
0.28;10.23;35.80;2863.90;2191.71;-672.19;0.00
0.25;9.28;39.18;3134.21;1987.63;-1146.58;0.00
0.29;11.90;47.58;3806.55;2346.96;-1459.60;0.00
0.23;10.31;36.74;2939.24;1908.46;-1030.78;0.00
0.26;11.50;37.04;2963.40;2139.93;-823.47;0.00
0.24;10.57;39.30;3143.79;1970.29;-1173.50;0.00
0.29;10.52;49.25;3939.80;2241.52;-1698.29;0.00
0.24;9.57;33.19;2655.03;1938.49;-716.54;0.00
0.27;8.91;38.68;3094.67;2082.19;-1012.48;0.00
0.22;13.37;37.93;3034.28;2012.08;-1022.21;0.00
0.27;10.17;45.45;3635.71;2141.49;-1494.21;0.00
0.24;11.70;32.90;2632.25;2017.62;-614.62;0.00
0.28;9.37;40.05;3204.37;2142.37;-1062.00;0.00
0.25;11.19;40.94;3274.92;2057.87;-1217.06;0.00
0.26;9.28;50.46;4036.72;1999.75;-2036.97;0.00
0.20;11.43;47.37;3789.75;1788.86;-2000.89;0.00
0.24;10.56;54.00;4319.70;1950.27;-2369.44;0.00
0.27;10.26;40.31;3224.61;2138.65;-1085.96;0.00
0.25;10.17;51.05;4084.08;2031.84;-2052.24;0.00
0.31;12.99;49.72;3977.56;2481.93;-1495.63;0.00
0.28;10.69;36.93;2954.78;2200.25;-754.53;0.00
0.26;9.36;40.64;3250.86;2008.99;-1241.87;0.00
0.26;11.38;30.54;2443.23;2144.84;-298.39;0.00
0.24;10.63;34.75;2779.79;1990.48;-789.31;0.00
0.24;9.79;43.66;3492.84;1908.53;-1584.31;0.00
0.23;12.03;35.96;2876.55;2017.77;-858.78;0.00
0.20;9.55;30.43;2434.66;1693.95;-740.72;0.00
0.29;10.25;43.56;3485.14;2250.50;-1234.64;0.00
0.23;8.68;30.31;2425.05;1788.79;-636.26;0.00
0.23;9.74;39.46;3157.11;1870.18;-1286.93;0.00
0.30;9.40;37.58;3006.43;2235.36;-771.07;0.00
0.25;9.38;41.61;3329.17;1948.11;-1381.05;0.00
0.29;8.78;34.41;2753.14;2157.42;-595.72;0.00
0.28;9.57;39.53;3162.78;2174.53;-988.26;0.00
0.25;9.75;42.15;3371.83;2010.33;-1361.50;0.00
0.27;11.71;34.64;2770.82;2179.30;-591.52;0.00
0.27;9.75;37.64;3011.29;2122.72;-888.57;0.00
0.28;10.27;41.28;3302.16;2176.00;-1126.16;0.00
0.27;10.75;29.85;2387.72;2130.81;-256.91;0.00
0.23;8.65;41.12;3289.26;1819.03;-1470.24;0.00
0.24;9.71;33.35;2667.94;1947.28;-720.66;0.00
0.25;10.31;37.18;2974.62;2002.17;-972.45;0.00
0.29;10.43;42.12;3369.53;2250.10;-1119.43;0.00
0.23;7.60;38.45;3076.24;1774.05;-1302.19;0.00
0.23;10.69;43.05;3444.37;1931.49;-1512.87;0.00
0.23;9.68;41.64;3331.07;1878.61;-1452.45;0.00
0.26;10.35;50.21;4016.82;2057.15;-1959.67;0.00
0.28;9.48;38.73;3098.33;2162.31;-936.02;0.00
0.26;12.50;41.31;3304.83;2182.97;-1121.86;0.00
0.25;8.36;40.08;3206.41;1935.89;-1270.53;0.00
0.27;10.86;44.37;3549.80;2181.22;-1368.58;0.00
0.30;10.64;46.25;3700.12;2309.01;-1391.11;0.00
0.21;11.00;43.01;3440.88;1810.99;-1629.89;0.00
0.27;9.47;42.76;3420.55;2097.73;-1322.82;0.00
0.20;9.33;36.18;2894.11;1680.76;-1213.35;0.00
0.19;12.02;38.84;3107.58;1775.54;-1332.04;0.00
0.22;10.33;41.59;3326.99;1831.58;-1495.40;0.00
0.25;11.87;34.19;2734.80;2086.75;-648.05;0.00
0.28;9.00;40.42;3233.74;2101.21;-1132.54;0.00
0.27;10.42;36.46;2917.11;2144.14;-772.97;0.00
0.24;11.68;52.54;4203.58;2049.73;-2153.85;0.00
0.23;9.72;40.05;3204.25;1865.49;-1338.76;0.00
0.23;8.81;37.84;3027.30;1823.35;-1203.95;0.00
0.29;12.15;47.43;3794.33;2329.58;-1464.74;0.00
0.22;10.86;40.40;3232.38;1883.83;-1348.54;0.00
0.23;9.98;44.68;3574.08;1889.61;-1684.47;0.00
0.23;11.44;38.53;3082.25;1979.96;-1102.29;0.00
0.24;9.71;32.89;2630.97;1929.40;-701.57;0.00
0.25;10.29;44.54;3563.44;1991.65;-1571.79;0.00
0.28;9.91;44.75;3580.15;2154.81;-1425.35;0.00
0.24;9.96;40.37;3229.60;1918.37;-1311.23;0.00
0.26;11.47;44.90;3592.38;2109.05;-1483.33;0.00
0.26;8.57;36.36;2908.88;1959.43;-949.45;0.00
0.29;10.15;37.81;3024.90;2260.19;-764.71;0.00
0.27;9.84;34.17;2733.75;2109.72;-624.03;0.00
0.25;9.75;35.94;2874.88;1971.25;-903.62;0.00
0.24;11.05;43.19;3455.52;2008.51;-1447.01;0.00
0.31;7.95;45.05;3603.96;2254.87;-1349.09;0.00
0.28;9.63;42.13;3370.36;2155.37;-1214.99;0.00
0.24;11.22;37.02;2961.47;1985.88;-975.58;0.00
0.26;8.87;39.07;3125.40;2005.57;-1119.83;0.00
0.23;8.81;49.96;3996.65;1838.10;-2158.54;0.00
0.26;10.81;45.69;3654.99;2123.59;-1531.41;0.00
0.26;12.70;44.58;3566.73;2205.47;-1361.26;0.00
0.24;10.34;43.22;3457.24;1937.61;-1519.63;0.00
0.20;12.14;38.16;3053.05;1830.90;-1222.15;0.00
0.29;8.35;46.05;3683.93;2146.20;-1537.73;0.00
0.28;9.35;49.86;3988.53;2134.87;-1853.66;0.00
0.27;10.46;42.75;3420.12;2113.21;-1306.90;0.00
0.27;9.88;38.67;3093.44;2134.57;-958.87;0.00
0.23;10.00;36.86;2949.18;1855.09;-1094.10;0.00
0.22;10.50;44.26;3540.67;1872.69;-1667.98;0.00
0.24;10.89;48.57;3885.45;1964.70;-1920.75;0.00
0.22;10.12;40.32;3225.91;1838.64;-1387.28;0.00
0.24;10.19;39.62;3169.56;1943.06;-1226.51;0.00
0.25;11.89;41.64;3330.87;2097.45;-1233.42;0.00
0.19;9.12;28.36;2269.04;1575.70;-693.34;0.00
0.25;10.80;41.37;3309.43;2029.34;-1280.09;0.00
0.25;8.70;41.67;3333.81;1944.44;-1389.37;0.00
0.22;10.45;41.53;3322.38;1833.76;-1488.62;0.00
0.20;9.80;44.05;3524.04;1683.88;-1840.17;0.00
0.24;9.79;42.91;3432.51;1920.64;-1511.87;0.00
0.24;11.36;39.58;3166.29;2026.45;-1139.84;0.00
0.24;8.59;43.95;3516.03;1844.06;-1671.97;0.00
0.25;9.83;40.09;3207.06;2017.73;-1189.33;0.00
0.27;8.93;42.69;3415.52;2076.31;-1339.21;0.00
0.24;11.39;28.84;2307.60;2014.24;-293.35;0.00
0.25;12.03;42.92;3433.60;2093.52;-1340.09;0.00
0.28;8.70;39.76;3180.80;2110.32;-1070.48;0.00
0.25;11.35;37.15;2972.01;2042.49;-929.52;0.00
0.23;10.25;30.05;2404.23;1907.30;-496.93;0.00
0.26;10.50;46.26;3700.75;2074.18;-1626.57;0.00
0.28;10.26;45.00;3599.90;2170.13;-1429.77;0.00
0.24;7.93;39.42;3153.86;1856.63;-1297.23;0.00
0.24;10.48;46.32;3705.77;1975.73;-1730.04;0.00
0.25;9.56;40.30;3224.00;1988.62;-1235.38;0.00
0.26;9.31;40.81;3264.91;2023.48;-1241.44;0.00
0.29;10.95;43.74;3499.41;2296.41;-1203.00;0.00
0.22;10.28;37.67;3013.65;1835.34;-1178.32;0.00
0.27;11.06;37.82;3025.63;2191.15;-834.48;0.00
0.25;10.08;41.04;3282.82;2006.86;-1275.96;0.00
0.28;9.79;41.55;3324.02;2182.22;-1141.80;0.00
0.23;7.89;37.55;3003.93;1743.22;-1260.71;0.00
0.24;10.71;34.95;2795.66;1983.27;-812.40;0.00
0.28;10.26;35.62;2849.51;2198.06;-651.45;0.00
0.26;10.53;44.94;3594.85;2060.59;-1534.26;0.00
0.30;8.42;40.06;3204.64;2202.98;-1001.65;0.00
0.32;9.34;45.13;3610.13;2362.09;-1248.04;0.00
0.26;10.97;37.90;3031.73;2130.83;-900.91;0.00
0.28;10.59;32.14;2571.48;2196.46;-375.02;0.00
0.26;10.79;33.84;2707.52;2096.23;-611.29;0.00
0.25;10.84;38.15;3052.32;2029.07;-1023.25;0.00
0.27;9.81;35.41;2833.03;2099.47;-733.57;0.00
0.25;9.75;45.31;3625.01;1988.31;-1636.70;0.00
0.24;7.99;44.19;3535.10;1854.31;-1680.79;0.00
0.24;10.72;38.62;3089.59;1997.06;-1092.53;0.00
0.24;10.26;39.19;3135.35;1977.01;-1158.35;0.00
0.19;9.50;51.44;4115.40;1596.26;-2519.14;0.00
0.27;9.30;44.43;3554.63;2050.76;-1503.87;0.00
0.27;11.07;34.97;2797.99;2166.81;-631.18;0.00
0.23;10.04;33.47;2677.40;1884.12;-793.29;0.00
0.27;12.19;34.78;2782.07;2256.41;-525.65;0.00
0.23;11.61;35.80;2864.30;1966.94;-897.36;0.00
0.22;9.95;42.77;3421.59;1836.27;-1585.32;0.00
0.28;11.36;43.16;3453.19;2263.29;-1189.89;0.00
0.19;11.21;36.42;2913.35;1735.86;-1177.48;0.00
0.22;7.71;32.96;2637.08;1701.20;-935.89;0.00
0.25;10.19;43.13;3450.13;1993.19;-1456.94;0.00
0.29;11.07;44.25;3539.83;2278.06;-1261.77;0.00
0.19;10.39;41.05;3283.79;1641.49;-1642.30;0.00
0.26;9.62;41.50;3320.11;2015.82;-1304.28;0.00
0.24;11.37;32.31;2585.14;2010.14;-575.00;0.00
0.27;9.01;40.70;3255.86;2079.04;-1176.82;0.00
0.23;12.46;33.26;2660.90;1987.74;-673.16;0.00
0.25;9.07;42.24;3379.54;1920.50;-1459.04;0.00
0.24;10.00;39.66;3173.04;1943.94;-1229.10;0.00
0.25;7.50;41.24;3298.93;1864.39;-1434.54;0.00
0.22;10.41;42.27;3381.45;1863.56;-1517.89;0.00
0.21;8.22;38.78;3102.62;1673.61;-1429.01;0.00
0.27;11.48;39.21;3137.13;2190.57;-946.57;0.00
0.26;10.74;41.65;3331.90;2081.17;-1250.73;0.00
0.27;11.26;33.42;2673.65;2197.35;-476.30;0.00
0.23;11.71;35.19;2815.35;1959.28;-856.07;0.00
0.23;8.40;37.83;3026.31;1809.32;-1216.99;0.00
0.26;8.17;34.39;2751.00;1971.61;-779.39;0.00
0.25;11.66;38.03;3042.78;2090.94;-951.84;0.00
0.22;11.30;41.12;3289.59;1907.48;-1382.11;0.00
0.25;9.19;49.78;3982.24;1958.91;-2023.33;0.00
0.25;9.25;40.77;3261.49;1960.10;-1301.39;0.00
0.29;11.76;37.30;2983.64;2340.79;-642.85;0.00
0.26;9.66;43.95;3515.84;2015.74;-1500.10;0.00
0.28;10.33;39.82;3185.40;2209.85;-975.55;0.00
0.26;9.35;38.08;3046.48;2000.04;-1046.44;0.00
0.28;11.25;40.07;3205.45;2238.38;-967.07;0.00
0.24;8.50;39.55;3164.35;1838.50;-1325.85;0.00
0.27;10.93;39.15;3132.12;2165.80;-966.32;0.00
0.22;10.07;48.22;3857.36;1799.94;-2057.42;0.00
0.24;9.92;47.70;3816.35;1921.06;-1895.29;0.00
0.26;10.06;46.33;3706.70;2069.69;-1637.01;0.00
0.29;10.35;38.95;3115.70;2222.07;-893.63;0.00
0.25;8.98;38.28;3062.53;1922.15;-1140.38;0.00
0.25;10.51;40.18;3214.19;2040.76;-1173.43;0.00
0.28;7.94;42.87;3429.36;2053.05;-1376.31;0.00
0.24;10.59;43.68;3494.49;1969.69;-1524.80;0.00
0.21;9.52;42.33;3386.38;1735.75;-1650.64;0.00
0.28;10.30;47.74;3818.90;2197.90;-1621.00;0.00
0.24;9.59;32.03;2562.20;1901.50;-660.70;0.00
0.25;11.11;37.26;2980.83;2084.84;-895.99;0.00
0.24;9.27;42.20;3375.85;1881.45;-1494.40;0.00
0.26;10.39;44.01;3520.96;2098.42;-1422.54;0.00
0.25;11.74;41.46;3317.09;2116.12;-1200.97;0.00
0.23;9.99;33.77;2701.99;1883.79;-818.21;0.00
0.24;9.80;43.93;3514.12;1928.68;-1585.44;0.00
0.23;10.59;43.28;3462.19;1939.41;-1522.78;0.00
0.24;9.21;45.29;3623.07;1904.00;-1719.06;0.00
0.27;11.85;30.64;2451.27;2185.62;-265.65;0.00
0.19;11.11;38.09;3047.53;1699.66;-1347.87;0.00
0.22;11.98;46.20;3695.83;1935.89;-1759.94;0.00
0.25;9.93;36.74;2939.51;2003.82;-935.70;0.00
0.25;11.41;42.86;3428.91;2098.50;-1330.41;0.00
0.29;11.44;34.30;2743.74;2286.94;-456.80;0.00
0.21;8.69;40.39;3231.47;1679.29;-1552.18;0.00
0.21;12.73;39.46;3156.63;1904.68;-1251.95;0.00
0.28;10.62;37.65;3011.76;2177.46;-834.30;0.00
0.25;9.45;35.24;2818.88;1964.01;-854.87;0.00
0.27;10.94;42.85;3427.90;2179.50;-1248.40;0.00
0.26;11.74;30.78;2462.02;2137.11;-324.91;0.00
0.24;11.93;30.34;2427.28;2038.94;-388.35;0.00
0.24;11.82;52.82;4225.22;2061.40;-2163.82;0.00
0.22;9.51;45.84;3666.89;1822.09;-1844.79;0.00
0.28;11.89;39.86;3189.08;2253.84;-935.24;0.00
0.26;12.05;34.35;2747.63;2159.41;-588.22;0.00
0.23;9.14;34.01;2720.80;1836.42;-884.37;0.00
0.27;10.64;41.51;3321.06;2127.33;-1193.73;0.00
0.25;11.83;40.89;3271.14;2085.97;-1185.17;0.00
0.25;9.99;43.45;3475.85;1988.81;-1487.05;0.00
0.26;10.31;39.29;3143.37;2076.74;-1066.63;0.00
0.25;10.42;40.40;3231.81;2048.24;-1183.57;0.00
0.25;9.92;50.10;4008.18;1987.03;-2021.14;0.00
0.29;10.67;44.29;3543.15;2245.01;-1298.14;0.00
0.19;9.41;37.67;3013.56;1606.13;-1407.44;0.00
0.22;10.97;34.79;2783.45;1894.05;-889.40;0.00
0.21;10.27;47.16;3772.78;1781.34;-1991.44;0.00
0.27;10.57;40.99;3279.59;2142.99;-1136.60;0.00
0.20;10.97;45.89;3670.93;1774.70;-1896.23;0.00
0.31;9.61;49.93;3994.08;2350.47;-1643.62;0.00
0.25;9.27;33.42;2673.65;1978.56;-695.09;0.00
0.23;10.56;45.44;3635.35;1932.56;-1702.78;0.00
0.20;10.22;43.49;3479.54;1741.31;-1738.23;0.00
0.25;10.80;40.23;3218.66;2050.55;-1168.11;0.00
0.25;10.49;38.47;3077.91;2039.52;-1038.39;0.00
0.24;11.45;47.17;3773.70;1989.16;-1784.54;0.00
0.20;10.49;43.66;3492.75;1752.70;-1740.05;0.00
0.23;10.78;41.47;3317.59;1923.94;-1393.65;0.00
0.27;11.16;44.30;3544.20;2157.61;-1386.59;0.00
0.26;10.58;50.75;4060.15;2059.41;-2000.74;0.00
0.26;9.83;39.85;3187.62;2069.35;-1118.27;0.00
0.25;6.99;42.76;3421.10;1840.86;-1580.24;0.00
0.30;8.74;41.04;3282.94;2247.49;-1035.45;0.00
0.25;10.31;32.03;2562.62;2015.43;-547.19;0.00
0.28;8.24;41.20;3296.05;2087.37;-1208.68;0.00
0.27;11.57;44.26;3540.44;2203.55;-1336.88;0.00
0.23;8.58;44.27;3541.94;1825.69;-1716.25;0.00
0.26;9.94;48.64;3891.17;2027.57;-1863.60;0.00
0.26;8.73;42.60;3408.19;1974.97;-1433.22;0.00
0.25;7.66;37.08;2966.27;1870.85;-1095.42;0.00
0.24;10.13;38.49;3078.82;1960.17;-1118.65;0.00
0.24;9.76;39.24;3139.29;1942.93;-1196.36;0.00
0.21;12.24;43.53;3482.59;1876.19;-1606.40;0.00
0.23;10.97;37.16;2972.90;1961.26;-1011.65;0.00
0.24;11.40;35.03;2802.74;2006.62;-796.11;0.00
0.30;10.28;49.50;3960.39;2282.86;-1677.53;0.00
0.24;10.06;39.72;3177.80;1962.45;-1215.35;0.00
0.24;10.75;41.45;3316.32;1997.36;-1318.96;0.00
0.24;10.85;31.10;2488.04;1971.52;-516.51;0.00
0.22;10.85;45.77;3661.86;1881.12;-1780.74;0.00
0.29;10.18;43.55;3484.00;2218.48;-1265.53;0.00
0.25;10.03;35.00;2800.14;2025.19;-774.95;0.00
0.24;9.28;34.58;2766.79;1875.63;-891.16;0.00
0.22;9.82;37.77;3021.85;1788.72;-1233.13;0.00
0.26;10.39;34.94;2795.11;2096.32;-698.79;0.00
0.25;12.42;44.64;3571.59;2134.10;-1437.49;0.00
0.26;9.12;42.01;3360.80;1984.99;-1375.81;0.00
0.30;10.10;40.36;3228.60;2303.97;-924.63;0.00
0.25;10.40;37.02;2961.72;1994.15;-967.57;0.00
0.22;8.46;44.04;3523.34;1725.81;-1797.53;0.00
0.24;10.98;42.35;3387.68;2010.97;-1376.71;0.00
0.28;10.19;31.85;2547.93;2157.92;-390.00;0.00
0.25;10.64;41.93;3354.49;2047.63;-1306.86;0.00
0.31;7.04;43.42;3473.69;2166.13;-1307.56;0.00
0.26;11.61;39.16;3132.95;2167.21;-965.74;0.00
0.23;10.27;36.38;2910.24;1908.94;-1001.30;0.00
0.26;9.20;41.64;3331.51;2022.57;-1308.94;0.00
0.30;8.63;34.87;2789.79;2202.60;-587.19;0.00
0.27;11.44;37.74;3019.46;2220.43;-799.03;0.00
0.21;10.50;42.96;3436.47;1810.84;-1625.63;0.00
0.24;10.46;37.49;2998.95;1975.63;-1023.32;0.00
0.24;8.70;36.02;2881.94;1857.49;-1024.45;0.00
0.25;11.68;44.02;3521.76;2072.91;-1448.85;0.00
0.25;10.62;38.61;3088.51;2043.52;-1044.98;0.00
0.24;10.02;45.14;3611.08;1937.57;-1673.51;0.00
0.26;11.22;50.47;4037.40;2094.84;-1942.56;0.00
0.27;10.25;35.08;2806.34;2109.79;-696.55;0.00
0.21;7.92;42.23;3378.32;1675.37;-1702.95;0.00
0.27;10.68;45.95;3676.17;2174.52;-1501.65;0.00
0.26;8.16;41.60;3327.76;1941.94;-1385.82;0.00
0.30;9.55;39.08;3126.27;2243.23;-883.04;0.00
0.25;9.12;45.53;3642.31;1933.35;-1708.97;0.00
0.27;9.35;37.50;2999.81;2063.11;-936.70;0.00
0.25;10.11;39.85;3187.88;2018.31;-1169.57;0.00
0.25;11.17;38.68;3094.26;2032.55;-1061.70;0.00
0.21;8.87;41.04;3283.06;1680.21;-1602.85;0.00
0.23;11.14;29.01;2321.02;1950.80;-370.22;0.00
0.27;12.07;37.01;2960.96;2205.32;-755.64;0.00
0.22;11.64;46.96;3756.44;1892.29;-1864.15;0.00
0.19;10.59;37.47;2997.92;1677.55;-1320.38;0.00
0.24;8.52;46.53;3722.39;1858.04;-1864.35;0.00
0.29;10.52;40.71;3256.91;2239.61;-1017.30;0.00
0.22;10.93;41.20;3295.97;1882.97;-1412.99;0.00
0.28;9.68;36.00;2880.37;2147.23;-733.14;0.00
0.27;10.12;36.78;2942.58;2144.08;-798.50;0.00
0.25;10.38;55.98;4478.70;2038.95;-2439.75;0.00
0.24;9.42;39.70;3175.68;1920.44;-1255.24;0.00
0.25;10.98;35.31;2824.83;2040.10;-784.73;0.00
0.29;11.06;46.45;3715.62;2280.80;-1434.82;0.00
0.23;10.55;33.39;2671.56;1903.32;-768.24;0.00
0.28;9.29;36.34;2906.95;2161.10;-745.85;0.00
0.19;11.88;41.71;3336.72;1733.19;-1603.54;0.00
0.22;11.00;49.11;3928.94;1894.94;-2034.01;0.00
0.23;10.03;39.23;3138.40;1867.68;-1270.72;0.00
0.26;8.11;36.23;2898.32;1980.53;-917.79;0.00
0.24;10.34;43.70;3495.71;1963.85;-1531.87;0.00
0.28;9.60;42.50;3399.83;2138.49;-1261.35;0.00
0.26;10.42;39.21;3136.51;2097.41;-1039.10;0.00
0.26;8.26;47.37;3789.95;1979.88;-1810.07;0.00
0.23;9.81;38.53;3082.17;1867.48;-1214.70;0.00
0.23;8.11;41.25;3300.06;1784.16;-1515.90;0.00
0.25;11.20;34.15;2732.17;2054.91;-677.26;0.00
0.23;7.35;38.86;3108.47;1767.08;-1341.39;0.00
0.26;11.34;39.68;3174.31;2102.00;-1072.32;0.00
0.24;10.83;45.99;3679.04;2004.81;-1674.23;0.00
0.25;8.53;38.38;3070.67;1938.90;-1131.77;0.00
0.24;8.25;42.23;3378.27;1855.93;-1522.34;0.00
0.28;9.20;43.76;3501.08;2105.89;-1395.19;0.00
0.28;10.79;34.14;2731.17;2196.35;-534.82;0.00
0.29;11.15;35.83;2866.06;2269.29;-596.77;0.00
0.25;10.29;42.20;3376.32;2009.78;-1366.54;0.00
0.26;8.11;32.95;2636.22;1964.35;-671.87;0.00
0.23;10.05;46.78;3742.05;1911.75;-1830.30;0.00
0.23;11.62;46.03;3682.00;1996.62;-1685.38;0.00
0.26;8.75;36.00;2880.33;1985.58;-894.75;0.00
0.21;10.86;43.91;3513.11;1829.19;-1683.92;0.00
0.25;10.43;31.56;2524.68;2040.19;-484.49;0.00
0.22;9.71;44.78;3582.65;1809.24;-1773.41;0.00
0.26;9.54;38.11;3048.70;2047.93;-1000.77;0.00
0.21;9.60;37.56;3004.82;1740.69;-1264.13;0.00
0.25;9.71;39.04;3123.12;1975.67;-1147.45;0.00
0.22;9.26;45.10;3608.13;1788.56;-1819.57;0.00
0.24;9.80;36.78;2942.38;1919.78;-1022.60;0.00
0.23;10.64;48.06;3845.19;1919.05;-1926.13;0.00
0.27;11.42;43.95;3516.30;2208.92;-1307.38;0.00
0.25;11.38;44.44;3555.37;2101.15;-1454.22;0.00
0.27;10.31;39.10;3127.72;2117.00;-1010.72;0.00
0.27;8.93;36.68;2934.22;2040.89;-893.32;0.00
0.25;9.18;30.33;2426.47;1965.98;-460.49;0.00
0.26;10.06;30.75;2459.69;2069.66;-390.03;0.00
0.25;11.36;42.25;3380.11;2095.77;-1284.33;0.00
0.25;11.05;40.32;3225.82;2036.65;-1189.17;0.00
0.23;9.22;34.13;2730.72;1865.56;-865.15;0.00
0.28;10.79;37.30;2983.86;2228.25;-755.61;0.00
0.22;10.23;38.46;3077.09;1859.55;-1217.54;0.00
0.26;11.48;37.46;2996.99;2115.35;-881.64;0.00
0.28;11.82;48.76;3900.96;2255.11;-1645.85;0.00
0.29;10.68;37.70;3016.39;2244.86;-771.53;0.00
0.27;10.04;40.40;3231.99;2098.14;-1133.85;0.00
0.28;9.79;33.80;2703.69;2184.11;-519.59;0.00
0.19;10.68;40.86;3269.14;1688.50;-1580.64;0.00
0.27;8.42;42.60;3407.89;2030.55;-1377.34;0.00
0.22;9.93;38.31;3064.41;1837.59;-1226.82;0.00
0.22;11.57;36.80;2943.66;1886.50;-1057.16;0.00
0.26;9.91;36.30;2903.90;2061.59;-842.31;0.00
0.27;8.93;34.40;2751.92;2036.38;-715.54;0.00
0.28;11.21;40.72;3257.72;2217.30;-1040.42;0.00
0.24;9.46;30.71;2456.99;1888.91;-568.08;0.00
0.26;8.98;34.75;2779.60;2019.91;-759.69;0.00
0.22;12.16;37.87;3029.33;1922.14;-1107.20;0.00
0.23;10.11;42.61;3409.14;1884.11;-1525.04;0.00
0.24;7.17;44.42;3553.38;1808.97;-1744.40;0.00
0.27;8.41;37.06;2965.13;2016.61;-948.51;0.00
0.19;13.28;42.54;3402.83;1808.49;-1594.35;0.00
0.28;8.96;41.09;3287.15;2122.69;-1164.47;0.00
0.26;9.93;40.50;3239.78;2075.02;-1164.76;0.00
0.24;8.12;45.91;3672.81;1815.08;-1857.73;0.00
0.27;12.54;34.26;2740.41;2235.33;-505.08;0.00
0.26;9.83;39.45;3156.08;2026.66;-1129.42;0.00
0.22;9.98;44.20;3535.74;1831.32;-1704.42;0.00
0.27;11.22;38.75;3100.09;2196.15;-903.94;0.00
0.28;9.77;36.58;2926.59;2160.33;-766.25;0.00
0.25;9.23;39.72;3177.82;1984.07;-1193.75;0.00
0.20;9.77;38.19;3055.40;1704.63;-1350.77;0.00
0.24;11.06;39.12;3129.91;1974.37;-1155.54;0.00
0.23;10.86;37.60;3008.02;1944.90;-1063.13;0.00
0.28;10.06;44.66;3573.09;2150.82;-1422.27;0.00
0.25;9.92;43.69;3495.46;1975.86;-1519.60;0.00
0.29;11.94;34.93;2794.14;2350.16;-443.98;0.00
0.25;9.84;36.11;2889.02;1969.00;-920.01;0.00
0.26;9.03;30.20;2416.34;1993.81;-422.53;0.00
0.24;12.09;43.91;3512.67;2065.69;-1446.99;0.00
0.28;6.49;39.07;3125.72;1984.30;-1141.42;0.00
0.22;10.21;42.23;3378.54;1857.87;-1520.68;0.00
0.25;10.61;41.63;3330.71;2038.10;-1292.62;0.00
0.31;9.00;42.22;3377.60;2273.52;-1104.09;0.00
0.26;10.47;36.29;2903.42;2061.81;-841.62;0.00
0.20;9.46;43.32;3465.85;1655.32;-1810.53;0.00
0.28;10.37;35.56;2844.47;2216.31;-628.16;0.00
0.26;9.37;44.93;3594.16;2007.17;-1586.98;0.00
0.30;10.18;45.28;3622.21;2272.32;-1349.89;0.00
0.25;9.48;34.21;2736.76;1953.24;-783.52;0.00
0.20;9.83;35.08;2806.71;1724.56;-1082.15;0.00
0.27;10.24;34.52;2761.79;2149.38;-612.41;0.00
0.26;12.92;46.94;3755.22;2194.42;-1560.80;0.00
0.25;10.36;39.68;3174.35;1993.35;-1181.00;0.00
0.26;7.71;36.49;2918.98;1935.16;-983.82;0.00
0.20;9.56;39.98;3198.24;1664.66;-1533.58;0.00
0.23;12.17;46.80;3744.16;1990.96;-1753.20;0.00
0.27;8.01;38.09;3047.47;1985.73;-1061.74;0.00
0.26;11.29;41.31;3304.55;2145.22;-1159.33;0.00
0.26;9.93;48.41;3872.45;2064.21;-1808.24;0.00
0.24;10.15;42.18;3374.38;1967.17;-1407.21;0.00
0.20;9.43;44.79;3583.20;1669.49;-1913.71;0.00
0.27;9.71;36.63;2930.27;2077.70;-852.57;0.00
0.24;8.81;33.50;2680.31;1886.99;-793.31;0.00
0.25;9.81;41.35;3307.76;1990.89;-1316.88;0.00
0.22;11.58;48.63;3890.28;1882.86;-2007.43;0.00
0.22;9.60;42.12;3369.94;1783.79;-1586.15;0.00
0.23;10.42;40.87;3269.58;1931.89;-1337.69;0.00
0.21;8.26;38.95;3115.95;1690.16;-1425.79;0.00
0.25;11.41;36.96;2956.81;2078.54;-878.27;0.00
0.29;9.46;33.43;2674.69;2223.75;-450.94;0.00
0.26;7.95;40.61;3248.93;1945.57;-1303.36;0.00
0.18;8.63;37.02;2961.58;1529.96;-1431.61;0.00
0.26;7.78;34.07;2725.88;1918.23;-807.65;0.00
0.28;11.65;41.83;3346.35;2242.28;-1104.07;0.00
0.27;10.66;43.29;3463.08;2178.52;-1284.56;0.00
0.23;10.03;38.06;3044.53;1910.41;-1134.13;0.00
0.21;9.38;39.34;3147.18;1745.09;-1402.09;0.00
0.27;9.78;46.75;3740.28;2090.10;-1650.18;0.00
0.24;11.95;38.24;3059.11;2026.41;-1032.70;0.00
0.22;9.06;36.01;2881.19;1743.39;-1137.80;0.00
0.24;9.45;45.70;3656.30;1934.63;-1721.67;0.00
0.24;11.28;34.09;2726.88;2005.14;-721.74;0.00
0.28;10.76;43.53;3482.71;2237.33;-1245.38;0.00
0.26;9.26;50.75;4060.34;2009.11;-2051.23;0.00
0.25;9.42;39.67;3173.91;1961.55;-1212.36;0.00
0.23;10.21;51.64;4131.28;1868.62;-2262.66;0.00
0.25;8.90;38.97;3117.26;1932.61;-1184.65;0.00
0.18;7.96;43.76;3500.73;1498.85;-2001.88;0.00
0.26;8.70;40.35;3227.83;1960.46;-1267.37;0.00
0.23;10.52;36.78;2942.49;1886.12;-1056.37;0.00
0.25;9.26;32.79;2622.88;1971.52;-651.35;0.00
0.25;10.15;36.97;2957.38;1996.72;-960.66;0.00
0.23;11.50;45.95;3675.76;1979.44;-1696.32;0.00
0.27;9.33;38.98;3118.36;2077.18;-1041.18;0.00
0.22;10.96;38.43;3074.12;1893.32;-1180.79;0.00
0.25;9.19;44.98;3598.39;1980.27;-1618.12;0.00
0.25;13.36;41.94;3354.84;2204.16;-1150.68;0.00
0.28;9.43;35.65;2852.19;2116.22;-735.96;0.00
0.24;11.62;34.37;2749.64;2018.24;-731.41;0.00
0.18;11.83;38.44;3074.99;1691.50;-1383.49;0.00
0.25;10.00;41.20;3296.28;2023.77;-1272.51;0.00
0.27;10.89;38.30;3063.93;2149.46;-914.47;0.00
0.28;10.24;45.58;3646.42;2158.72;-1487.70;0.00
0.27;9.87;37.94;3035.04;2124.09;-910.95;0.00
0.26;9.67;32.84;2627.12;2040.09;-587.02;0.00
0.24;11.04;43.59;3486.97;2000.18;-1486.79;0.00
0.26;10.18;42.78;3422.13;2059.91;-1362.22;0.00
0.25;12.22;36.11;2888.93;2100.96;-787.97;0.00
0.24;11.55;44.76;3580.51;2048.73;-1531.78;0.00
0.25;9.52;42.65;3411.82;1958.70;-1453.13;0.00
0.24;9.72;33.85;2708.22;1906.59;-801.63;0.00
0.25;8.54;42.87;3429.51;1923.08;-1506.42;0.00
0.26;9.28;32.62;2609.38;2037.93;-571.45;0.00
0.23;9.14;35.06;2804.75;1863.13;-941.63;0.00
0.23;10.65;46.87;3749.56;1903.90;-1845.66;0.00
0.30;9.32;42.10;3368.23;2236.11;-1132.12;0.00
0.24;9.24;42.71;3416.40;1914.09;-1502.31;0.00
0.27;9.71;34.96;2796.93;2120.08;-676.85;0.00
0.25;10.42;40.10;3207.76;2030.55;-1177.22;0.00
0.23;9.54;45.94;3675.36;1875.57;-1799.79;0.00
0.26;10.01;41.67;3333.99;2044.13;-1289.86;0.00
0.23;11.02;32.64;2611.55;1933.44;-678.11;0.00
0.29;12.42;41.58;3326.43;2347.96;-978.47;0.00
0.27;10.41;40.12;3209.73;2110.51;-1099.22;0.00
0.26;10.95;38.96;3116.47;2121.46;-995.01;0.00
0.25;9.24;42.30;3383.87;1972.95;-1410.92;0.00
0.24;10.97;44.10;3528.03;2008.02;-1520.02;0.00
0.28;9.00;44.32;3545.47;2094.60;-1450.87;0.00
0.26;9.48;41.77;3341.29;2008.44;-1332.85;0.00
0.26;11.38;47.45;3795.72;2126.10;-1669.62;0.00
0.23;8.73;39.16;3132.52;1840.36;-1292.16;0.00
0.25;10.83;38.34;3066.96;2054.00;-1012.96;0.00
0.28;10.97;34.36;2748.78;2213.30;-535.48;0.00
0.25;11.28;42.81;3425.18;2090.34;-1334.83;0.00
0.26;10.24;37.85;3028.31;2072.40;-955.90;0.00
0.27;10.06;36.05;2884.05;2145.75;-738.30;0.00
0.26;10.75;40.98;3278.56;2117.09;-1161.47;0.00
0.22;6.89;43.83;3506.49;1662.45;-1844.04;0.00
0.25;10.11;41.68;3334.39;2004.69;-1329.70;0.00
0.24;8.78;41.04;3283.26;1872.60;-1410.66;0.00
0.26;12.08;43.58;3486.00;2173.56;-1312.44;0.00
0.23;10.61;35.04;2802.94;1920.36;-882.59;0.00
0.26;11.31;31.84;2547.18;2103.86;-443.33;0.00
0.27;9.74;44.93;3594.16;2075.06;-1519.10;0.00
0.24;8.52;34.48;2758.70;1854.23;-904.47;0.00
0.26;8.46;34.61;2769.17;1975.49;-793.68;0.00
0.25;11.08;38.57;3085.75;2028.80;-1056.95;0.00
0.26;10.88;37.68;3014.57;2126.81;-887.75;0.00
0.21;11.96;34.18;2734.64;1884.71;-849.93;0.00
0.20;11.60;38.21;3056.97;1771.08;-1285.89;0.00
0.26;10.28;42.78;3422.45;2043.99;-1378.46;0.00
0.27;10.01;37.53;3002.59;2122.65;-879.94;0.00
0.24;8.23;37.71;3016.90;1832.01;-1184.88;0.00
0.26;10.30;33.02;2641.32;2067.49;-573.83;0.00
0.29;11.20;43.84;3507.25;2294.51;-1212.74;0.00
0.27;10.47;51.12;4089.78;2139.49;-1950.30;0.00
0.21;9.05;40.30;3223.78;1697.67;-1526.11;0.00
0.25;9.26;48.76;3900.58;1938.14;-1962.45;0.00
0.22;8.84;36.14;2890.94;1737.55;-1153.39;0.00
0.25;11.15;46.72;3737.52;2061.06;-1676.46;0.00
0.27;11.34;45.63;3650.18;2188.81;-1461.36;0.00
0.24;9.07;48.96;3916.92;1901.40;-2015.52;0.00
0.25;8.22;49.42;3953.95;1904.27;-2049.68;0.00
0.29;10.02;49.81;3984.59;2208.57;-1776.03;0.00
0.28;10.40;49.10;3928.36;2207.45;-1720.92;0.00
0.21;9.48;48.60;3887.73;1734.56;-2153.17;0.00
0.23;9.21;34.36;2749.06;1850.80;-898.27;0.00
0.23;10.26;42.33;3386.46;1884.02;-1502.44;0.00
0.22;9.48;34.03;2722.61;1781.01;-941.60;0.00
0.24;11.27;46.24;3699.30;2027.04;-1672.26;0.00
0.20;9.49;38.56;3084.73;1677.05;-1407.68;0.00
0.23;9.53;49.65;3972.32;1877.37;-2094.95;0.00
0.26;11.19;40.62;3249.83;2141.41;-1108.42;0.00
0.23;11.68;44.37;3549.57;1957.94;-1591.62;0.00
0.22;10.29;35.83;2866.20;1829.80;-1036.40;0.00
0.20;9.27;43.05;3443.97;1695.58;-1748.39;0.00
0.25;9.99;38.14;3050.93;1992.08;-1058.85;0.00
0.26;10.34;42.49;3398.89;2096.97;-1301.93;0.00
0.28;11.32;45.23;3618.32;2222.92;-1395.40;0.00
0.25;9.55;38.88;3110.73;1982.26;-1128.47;0.00
0.20;9.55;37.51;3001.05;1691.20;-1309.85;0.00
0.26;12.67;41.13;3290.12;2208.79;-1081.33;0.00
0.21;9.88;38.78;3102.62;1755.10;-1347.51;0.00
0.24;12.12;47.41;3792.92;2081.38;-1711.54;0.00
0.20;9.87;42.88;3430.10;1704.17;-1725.93;0.00
0.27;10.03;33.81;2704.91;2110.05;-594.86;0.00
0.25;9.48;41.50;3319.60;1974.91;-1344.69;0.00
0.23;11.59;38.55;3083.70;1956.29;-1127.41;0.00
0.24;10.49;36.69;2935.53;1973.86;-961.67;0.00
0.27;9.86;31.63;2530.33;2128.55;-401.78;0.00
0.24;9.29;42.75;3420.26;1887.63;-1532.62;0.00
0.26;11.02;37.04;2963.16;2092.13;-871.03;0.00
0.26;10.63;40.83;3266.04;2100.12;-1165.92;0.00
0.23;10.44;42.34;3387.01;1910.44;-1476.57;0.00
0.27;8.49;30.37;2429.46;2042.59;-386.87;0.00
0.24;10.30;42.19;3375.12;1964.32;-1410.79;0.00
0.25;9.34;44.95;3595.98;1988.02;-1607.96;0.00
0.28;11.94;43.54;3482.90;2301.08;-1181.82;0.00
0.27;11.83;43.90;3512.15;2228.13;-1284.02;0.00
0.26;12.58;46.23;3698.40;2188.02;-1510.38;0.00
0.23;10.50;35.67;2853.68;1915.75;-937.94;0.00
0.27;10.32;45.04;3603.29;2108.44;-1494.85;0.00
0.27;9.34;52.49;4198.87;2091.20;-2107.67;0.00
0.25;8.05;46.61;3728.71;1883.31;-1845.41;0.00
0.25;9.82;34.37;2749.25;1991.36;-757.89;0.00
0.25;10.83;30.20;2415.79;2025.67;-390.12;0.00
0.28;10.52;44.37;3549.81;2194.40;-1355.41;0.00
0.23;10.89;39.37;3149.33;1950.28;-1199.04;0.00
0.23;10.17;45.31;3625.05;1917.02;-1708.03;0.00
0.24;9.45;46.58;3726.33;1925.71;-1800.62;0.00
0.29;9.83;39.56;3164.68;2222.11;-942.57;0.00
0.20;11.79;42.63;3410.45;1817.39;-1593.05;0.00
0.25;10.42;46.21;3696.76;2006.47;-1690.28;0.00
0.29;13.37;38.29;3063.04;2407.59;-655.45;0.00
0.28;12.00;39.55;3164.37;2253.79;-910.58;0.00
0.26;8.08;38.57;3085.85;1936.70;-1149.15;0.00
0.26;10.88;43.55;3483.71;2125.34;-1358.37;0.00
0.27;10.87;34.58;2766.49;2178.21;-588.29;0.00
0.28;10.41;36.73;2938.01;2176.49;-761.52;0.00
0.27;11.29;41.37;3309.53;2183.85;-1125.68;0.00
0.28;11.13;45.10;3607.77;2213.51;-1394.26;0.00
0.26;10.82;39.61;3168.44;2125.68;-1042.76;0.00
0.24;9.44;37.24;2979.00;1894.51;-1084.49;0.00
0.27;10.49;45.92;3673.95;2128.30;-1545.65;0.00
0.27;8.93;43.53;3482.69;2037.98;-1444.71;0.00
0.25;11.24;46.24;3699.12;2067.89;-1631.22;0.00
0.29;9.64;37.83;3026.09;2191.69;-834.40;0.00
0.29;8.97;35.24;2819.06;2147.78;-671.29;0.00
0.22;11.22;39.76;3180.75;1874.86;-1305.88;0.00
0.23;10.44;47.06;3764.78;1911.93;-1852.85;0.00
0.23;9.60;42.08;3366.77;1863.91;-1502.86;0.00
0.24;10.09;47.46;3796.80;1930.69;-1866.11;0.00
0.21;8.89;38.00;3039.86;1688.21;-1351.65;0.00
0.23;11.08;32.46;2596.58;1962.04;-634.54;0.00
0.24;8.84;40.46;3236.85;1848.04;-1388.81;0.00
0.26;9.08;40.27;3221.97;1995.86;-1226.11;0.00
0.27;10.26;38.79;3103.31;2155.71;-947.59;0.00
0.21;11.25;47.83;3826.28;1821.43;-2004.85;0.00
0.26;10.98;45.54;3643.43;2122.64;-1520.79;0.00
0.24;10.68;38.37;3069.60;1993.34;-1076.26;0.00
0.21;10.36;39.50;3159.98;1768.27;-1391.71;0.00
0.20;11.03;38.87;3109.43;1767.66;-1341.77;0.00
0.26;10.80;39.15;3132.22;2127.16;-1005.06;0.00
0.26;10.12;39.83;3186.29;2053.23;-1133.06;0.00
0.29;9.68;42.03;3362.37;2232.14;-1130.23;0.00
0.24;8.11;39.36;3148.60;1863.96;-1284.63;0.00
0.23;11.73;27.30;2183.77;1959.63;-224.14;0.00
0.24;10.43;36.50;2919.62;1966.43;-953.20;0.00
0.26;9.54;40.73;3258.41;2031.86;-1226.55;0.00
0.24;9.73;42.05;3363.80;1909.75;-1454.05;0.00
0.20;10.76;44.04;3523.34;1756.01;-1767.33;0.00
0.18;8.93;44.71;3576.83;1544.88;-2031.95;0.00
0.23;12.21;33.19;2654.81;2009.31;-645.50;0.00
0.23;9.90;37.55;3004.27;1879.83;-1124.45;0.00
0.26;10.88;40.63;3250.59;2083.84;-1166.75;0.00
0.24;11.50;32.80;2624.25;2006.10;-618.15;0.00
0.25;9.83;45.46;3637.02;2004.24;-1632.78;0.00
0.29;10.71;39.47;3157.39;2243.42;-913.97;0.00
0.25;10.89;46.10;3687.95;2019.06;-1668.89;0.00
0.24;7.35;43.50;3480.20;1821.17;-1659.03;0.00
0.25;13.52;38.19;3055.46;2187.66;-867.80;0.00
0.24;9.58;33.39;2671.37;1933.92;-737.45;0.00
0.22;10.67;40.09;3206.81;1846.39;-1360.42;0.00
0.24;10.00;37.24;2978.93;1919.89;-1059.04;0.00
0.24;9.18;33.15;2652.26;1871.06;-781.19;0.00
0.27;10.39;36.97;2957.46;2146.66;-810.80;0.00
0.24;12.87;39.15;3131.63;2088.96;-1042.67;0.00
0.26;12.13;37.50;3000.00;2200.63;-799.37;0.00
0.24;8.71;38.32;3065.26;1896.33;-1168.94;0.00
0.23;12.04;32.60;2608.34;2019.82;-588.52;0.00
0.27;7.54;38.32;3065.56;1986.83;-1078.73;0.00
0.24;9.53;44.83;3586.33;1912.09;-1674.24;0.00
0.31;8.98;40.68;3254.37;2279.74;-974.63;0.00
0.22;10.82;37.12;2969.39;1844.75;-1124.64;0.00
0.24;11.87;36.06;2884.74;2018.90;-865.84;0.00
0.22;7.99;35.06;2804.63;1696.95;-1107.68;0.00
0.26;8.85;37.25;2979.65;1992.71;-986.93;0.00
0.24;11.28;36.49;2919.12;2019.90;-899.22;0.00
0.23;7.61;37.56;3005.10;1779.24;-1225.85;0.00
0.30;11.00;34.91;2793.13;2315.15;-477.99;0.00
0.27;11.62;36.98;2958.24;2205.62;-752.62;0.00
0.24;10.40;38.55;3083.81;1965.32;-1118.50;0.00
0.25;11.50;39.22;3137.85;2090.18;-1047.68;0.00
0.25;13.58;42.17;3373.99;2175.50;-1198.50;0.00
0.24;10.09;41.00;3279.84;1934.18;-1345.66;0.00
0.25;9.58;33.35;2667.86;1983.16;-684.70;0.00
0.20;12.74;34.77;2781.96;1879.62;-902.34;0.00
0.28;12.39;36.63;2930.57;2277.46;-653.11;0.00
0.25;12.54;51.46;4116.71;2113.30;-2003.41;0.00
0.23;8.60;35.42;2833.50;1787.17;-1046.33;0.00
0.24;9.32;45.16;3613.00;1877.56;-1735.44;0.00
0.23;10.27;34.70;2775.80;1869.84;-905.96;0.00
0.23;10.04;36.73;2938.55;1879.44;-1059.11;0.00
0.26;10.04;43.25;3459.94;2083.12;-1376.82;0.00
0.26;11.66;39.95;3195.69;2167.97;-1027.72;0.00
0.25;13.11;47.18;3774.37;2187.04;-1587.33;0.00
0.28;10.50;44.69;3574.98;2195.82;-1379.16;0.00
0.23;9.75;35.33;2826.25;1838.69;-987.55;0.00
0.28;9.63;44.12;3529.71;2127.37;-1402.34;0.00
0.21;12.43;38.62;3089.29;1920.22;-1169.07;0.00
0.27;11.09;47.35;3787.67;2189.86;-1597.81;0.00
0.26;8.10;40.56;3244.53;1969.78;-1274.75;0.00
0.25;9.81;31.56;2524.86;1988.44;-536.42;0.00
0.22;8.81;32.92;2633.51;1765.07;-868.44;0.00
0.21;9.44;47.74;3819.27;1740.27;-2079.01;0.00
0.28;10.39;44.11;3529.08;2195.62;-1333.47;0.00
0.26;11.43;45.13;3610.36;2148.12;-1462.24;0.00
0.26;10.08;33.53;2682.69;2066.20;-616.49;0.00
0.25;10.80;44.02;3521.90;2067.89;-1454.01;0.00
0.22;10.63;37.28;2982.16;1864.49;-1117.68;0.00
0.22;9.41;48.95;3915.86;1805.43;-2110.44;0.00
0.27;11.47;34.53;2762.22;2197.76;-564.45;0.00
0.23;9.46;46.81;3744.68;1838.82;-1905.86;0.00
0.20;8.75;37.78;3022.26;1648.64;-1373.62;0.00
0.24;11.27;40.94;3275.25;2010.46;-1264.79;0.00
0.25;8.21;38.53;3082.11;1909.13;-1172.97;0.00
0.25;10.82;44.85;3588.23;2067.89;-1520.33;0.00
0.24;9.68;45.44;3635.30;1919.85;-1715.45;0.00
0.24;9.38;34.38;2750.12;1909.62;-840.50;0.00
0.28;12.15;52.47;4197.24;2288.49;-1908.75;0.00
0.24;10.04;40.38;3230.28;1936.94;-1293.34;0.00
0.24;9.29;38.23;3058.44;1928.89;-1129.55;0.00
0.28;10.25;34.45;2756.17;2188.59;-567.58;0.00
0.27;9.05;41.25;3299.95;2040.52;-1259.42;0.00
0.29;8.66;51.82;4145.45;2168.99;-1976.46;0.00
0.29;8.78;47.63;3810.66;2170.48;-1640.18;0.00
0.29;10.31;35.49;2839.54;2269.20;-570.34;0.00
0.24;10.87;38.27;3061.40;1980.67;-1080.73;0.00
0.25;10.59;43.45;3475.99;2033.22;-1442.77;0.00
0.27;9.80;40.70;3256.11;2113.90;-1142.21;0.00
0.23;9.48;40.75;3259.96;1834.50;-1425.47;0.00
0.23;8.97;39.21;3136.94;1818.68;-1318.27;0.00
0.29;9.04;39.25;3140.03;2150.31;-989.72;0.00
0.24;9.21;40.70;3255.94;1870.30;-1385.65;0.00
0.23;10.41;46.87;3749.86;1889.00;-1860.86;0.00
0.23;9.69;47.96;3836.70;1841.21;-1995.49;0.00
0.27;8.54;47.54;3803.03;2042.63;-1760.40;0.00
0.23;8.82;38.94;3114.95;1813.78;-1301.17;0.00
0.26;9.64;40.18;3214.77;2065.28;-1149.49;0.00
0.22;9.31;29.61;2368.91;1802.28;-566.63;0.00
0.24;10.46;34.37;2749.72;1979.89;-769.83;0.00
0.22;9.16;31.95;2556.37;1799.08;-757.29;0.00
0.28;8.96;36.71;2936.78;2145.77;-791.01;0.00
0.27;10.03;37.88;3030.41;2143.51;-886.89;0.00
0.25;10.12;43.87;3509.40;1992.50;-1516.90;0.00
0.26;10.36;35.28;2822.06;2099.23;-722.83;0.00
0.24;10.80;48.86;3908.41;1992.36;-1916.05;0.00
0.26;11.45;38.03;3042.29;2141.22;-901.08;0.00
0.23;9.41;42.58;3406.07;1857.11;-1548.96;0.00
0.21;12.63;38.10;3048.20;1913.31;-1134.88;0.00
0.29;9.03;42.28;3382.12;2155.04;-1227.08;0.00
0.24;8.97;49.43;3954.37;1908.70;-2045.67;0.00
0.21;10.76;44.30;3544.02;1819.59;-1724.43;0.00
0.25;7.95;38.17;3053.86;1878.02;-1175.84;0.00
0.22;11.68;43.76;3500.65;1918.29;-1582.36;0.00
0.22;7.07;42.45;3395.64;1679.84;-1715.80;0.00
0.26;10.22;46.89;3750.91;2065.83;-1685.08;0.00
0.22;9.67;47.95;3835.83;1824.54;-2011.29;0.00
0.20;10.29;42.90;3432.00;1731.49;-1700.51;0.00
0.22;10.19;39.99;3199.21;1810.36;-1388.85;0.00
0.27;10.76;44.23;3538.43;2140.16;-1398.26;0.00
0.24;11.78;36.71;2936.92;2055.56;-881.37;0.00
0.28;10.25;37.95;3036.21;2162.96;-873.25;0.00
0.24;10.65;42.58;3406.08;1997.13;-1408.95;0.00
0.26;9.76;42.59;3406.90;2014.25;-1392.66;0.00
0.28;9.42;31.90;2552.37;2136.42;-415.96;0.00
0.24;9.89;32.59;2606.94;1909.46;-697.48;0.00
0.24;11.60;39.79;3182.97;2045.24;-1137.73;0.00
0.28;11.31;45.27;3621.31;2235.22;-1386.09;0.00
0.28;10.77;41.44;3314.89;2193.98;-1120.91;0.00
0.26;9.92;46.56;3724.43;2077.97;-1646.46;0.00
0.27;8.83;43.23;3458.64;2062.99;-1395.65;0.00
0.27;9.56;36.24;2899.10;2081.50;-817.61;0.00
0.31;10.48;38.04;3043.58;2358.00;-685.59;0.00
0.23;9.32;38.95;3115.96;1859.55;-1256.42;0.00
0.24;8.71;40.31;3224.56;1866.43;-1358.13;0.00
0.22;9.94;39.43;3154.33;1839.40;-1314.93;0.00
0.29;9.00;27.60;2208.28;2181.28;-27.00;0.00
0.23;10.62;39.05;3124.05;1905.04;-1219.00;0.00
0.25;12.27;41.44;3315.02;2107.82;-1207.20;0.00
0.24;12.38;34.68;2774.65;2039.27;-735.38;0.00
0.27;10.51;32.96;2636.91;2129.02;-507.89;0.00
0.24;9.83;40.66;3252.53;1909.38;-1343.16;0.00
0.25;10.33;40.14;3211.39;2026.62;-1184.77;0.00
0.19;10.14;44.98;3598.35;1649.79;-1948.56;0.00
0.25;9.44;32.01;2560.73;1952.82;-607.92;0.00
0.25;10.87;42.26;3380.98;2017.21;-1363.77;0.00
0.25;11.19;35.53;2842.63;2059.02;-783.62;0.00
0.25;9.66;44.15;3532.21;1951.70;-1580.52;0.00
0.24;9.44;40.58;3246.69;1934.25;-1312.44;0.00
0.26;10.42;38.94;3115.52;2095.03;-1020.49;0.00
0.22;10.10;36.23;2898.18;1802.51;-1095.67;0.00
0.27;8.10;44.05;3523.75;1983.85;-1539.89;0.00
0.25;8.98;34.14;2731.30;1949.40;-781.91;0.00
0.29;9.98;46.16;3693.07;2240.05;-1453.02;0.00
0.26;9.90;39.42;3153.95;2058.55;-1095.41;0.00
0.27;8.60;46.92;3753.72;2020.05;-1733.67;0.00
0.28;9.08;47.18;3774.37;2149.02;-1625.35;0.00
0.26;9.63;41.44;3314.98;2022.75;-1292.22;0.00
0.28;11.87;41.23;3298.19;2284.43;-1013.76;0.00
0.26;10.86;42.99;3439.31;2113.47;-1325.84;0.00
0.19;9.26;44.78;3582.80;1617.78;-1965.02;0.00
0.21;9.32;47.81;3824.80;1743.65;-2081.14;0.00
0.21;10.38;36.79;2942.86;1799.38;-1143.48;0.00
0.23;8.84;32.55;2603.74;1836.66;-767.09;0.00
0.28;9.51;41.15;3292.27;2149.02;-1143.25;0.00
0.23;9.37;38.00;3039.92;1875.90;-1164.03;0.00
0.24;11.30;40.47;3237.28;2034.36;-1202.92;0.00
0.25;8.95;39.32;3145.79;1927.45;-1218.34;0.00
0.24;8.06;39.14;3131.48;1851.93;-1279.55;0.00
0.25;10.05;33.65;2691.81;1978.90;-712.92;0.00
0.22;12.20;37.80;3023.93;1941.66;-1082.27;0.00
0.26;10.53;35.90;2872.01;2111.49;-760.52;0.00
0.28;9.80;48.45;3876.40;2189.37;-1687.03;0.00
0.22;9.21;39.38;3150.25;1752.84;-1397.41;0.00
0.28;10.84;39.96;3196.78;2222.56;-974.21;0.00
0.24;10.10;33.01;2640.93;1958.17;-682.76;0.00
0.25;10.25;40.34;3226.83;1996.83;-1230.00;0.00
0.30;8.63;33.64;2691.26;2187.60;-503.66;0.00
0.26;8.68;46.15;3691.68;2006.16;-1685.52;0.00
0.24;10.01;33.06;2645.04;1947.79;-697.26;0.00
0.25;7.46;39.30;3143.93;1841.08;-1302.84;0.00
0.25;9.22;42.30;3384.02;1978.99;-1405.03;0.00
0.25;11.56;41.47;3317.69;2104.80;-1212.90;0.00
0.23;9.18;36.48;2918.12;1835.90;-1082.22;0.00
0.25;11.21;46.68;3734.77;2071.40;-1663.37;0.00
0.28;8.35;43.13;3450.42;2068.31;-1382.11;0.00
0.25;10.92;43.09;3446.84;2045.56;-1401.28;0.00
0.24;12.78;33.83;2706.80;2061.03;-645.77;0.00
0.22;11.56;36.84;2947.19;1888.60;-1058.60;0.00
0.21;9.45;42.16;3372.45;1725.81;-1646.64;0.00
0.23;11.06;44.92;3593.31;1959.83;-1633.48;0.00
0.23;7.42;39.08;3126.37;1762.02;-1364.36;0.00
0.27;10.51;41.27;3301.47;2130.39;-1171.08;0.00
0.25;10.93;36.42;2913.53;2056.07;-857.46;0.00
0.24;10.80;42.15;3371.85;2004.53;-1367.32;0.00
0.21;8.58;44.24;3539.11;1700.35;-1838.76;0.00
0.29;9.20;38.67;3093.34;2163.93;-929.41;0.00
0.26;13.08;37.65;3011.91;2243.75;-768.16;0.00
0.21;9.96;48.00;3839.90;1779.11;-2060.79;0.00
0.29;10.13;41.15;3292.29;2220.72;-1071.57;0.00
0.25;10.67;41.21;3297.17;2029.94;-1267.23;0.00
0.25;11.00;40.14;3211.22;2023.27;-1187.95;0.00
0.27;8.90;43.40;3472.18;2043.52;-1428.66;0.00
0.24;10.48;34.29;2743.08;1938.18;-804.90;0.00
0.28;8.06;33.62;2689.96;2092.18;-597.78;0.00
0.27;9.65;41.77;3341.73;2106.86;-1234.86;0.00
0.26;11.96;25.44;2035.20;2169.24;134.04;1.00
0.22;11.56;30.80;2463.86;1922.03;-541.83;0.00
0.25;10.11;33.46;2676.96;1976.72;-700.24;0.00
0.21;10.08;35.57;2845.99;1783.31;-1062.68;0.00
0.25;10.92;38.19;3055.06;2049.00;-1006.07;0.00
0.21;10.95;38.96;3116.89;1832.01;-1284.88;0.00
0.24;11.56;42.81;3424.75;2025.27;-1399.48;0.00
0.22;11.19;47.51;3800.58;1895.27;-1905.32;0.00
0.24;10.96;43.07;3445.98;1983.96;-1462.02;0.00
0.23;9.22;38.07;3045.37;1837.70;-1207.67;0.00
0.28;11.60;43.98;3518.49;2268.17;-1250.31;0.00
0.25;10.81;34.66;2772.76;2057.64;-715.12;0.00
0.26;11.95;37.65;3012.22;2172.28;-839.95;0.00
0.24;11.06;42.02;3361.62;2024.05;-1337.57;0.00
0.24;11.39;45.90;3672.01;2004.09;-1667.93;0.00
0.24;11.64;33.48;2678.06;2054.31;-623.75;0.00
0.29;9.82;47.81;3824.75;2207.66;-1617.09;0.00
0.26;9.96;30.90;2472.12;2056.98;-415.13;0.00
0.21;8.22;32.90;2632.07;1647.12;-984.95;0.00
0.20;8.21;41.61;3328.41;1594.75;-1733.66;0.00
0.26;11.12;34.24;2739.35;2097.04;-642.31;0.00
0.22;10.36;40.36;3228.56;1869.88;-1358.67;0.00
0.23;12.16;34.84;2786.85;1995.79;-791.06;0.00
0.28;10.54;40.38;3230.68;2179.29;-1051.39;0.00
0.24;11.03;40.67;3253.41;1978.53;-1274.88;0.00
0.27;9.51;43.00;3440.23;2061.23;-1379.00;0.00
0.27;11.24;36.82;2945.78;2190.67;-755.11;0.00
0.24;9.98;42.36;3388.50;1922.51;-1465.99;0.00
0.25;9.20;44.91;3592.90;1949.84;-1643.06;0.00
0.28;9.84;37.05;2963.69;2175.75;-787.95;0.00
0.25;11.02;40.21;3216.90;2079.42;-1137.48;0.00
0.24;9.89;37.76;3021.19;1923.53;-1097.66;0.00
0.21;8.00;39.85;3188.10;1670.40;-1517.70;0.00
0.23;9.19;38.93;3114.17;1825.85;-1288.32;0.00
0.23;11.08;38.67;3093.66;1950.51;-1143.16;0.00
0.24;9.64;35.39;2831.09;1941.90;-889.18;0.00
0.24;12.57;39.33;3146.05;2056.10;-1089.95;0.00
0.26;11.67;38.52;3081.54;2153.51;-928.03;0.00
0.25;11.14;40.97;3277.52;2068.10;-1209.42;0.00
0.24;9.70;40.68;3254.76;1946.83;-1307.93;0.00
0.25;7.86;38.96;3116.52;1867.26;-1249.26;0.00
0.23;9.63;43.08;3446.65;1870.52;-1576.13;0.00
0.28;10.09;41.85;3348.34;2161.38;-1186.96;0.00
0.25;11.07;40.59;3246.80;2074.84;-1171.96;0.00
0.25;9.28;42.46;3396.66;1978.81;-1417.85;0.00
0.26;9.92;36.51;2920.66;2061.37;-859.29;0.00
0.29;8.52;44.93;3594.29;2143.69;-1450.60;0.00
0.27;8.70;41.56;3324.53;2071.93;-1252.60;0.00
0.25;10.61;39.59;3166.84;2030.62;-1136.22;0.00
0.22;8.98;47.11;3768.57;1771.79;-1996.78;0.00
0.24;10.29;44.18;3534.13;1940.43;-1593.70;0.00
0.26;9.58;37.44;2995.01;2021.01;-974.00;0.00
0.26;11.56;40.86;3268.51;2136.32;-1132.19;0.00
0.26;9.52;34.37;2749.84;2010.91;-738.93;0.00
0.26;9.02;39.81;3185.08;1990.99;-1194.09;0.00
0.25;9.67;43.73;3498.19;2004.59;-1493.60;0.00
0.21;9.17;37.52;3001.86;1700.56;-1301.30;0.00
0.23;8.35;42.08;3366.06;1821.18;-1544.88;0.00
0.30;9.75;43.94;3515.17;2276.90;-1238.27;0.00
0.20;9.67;40.28;3222.20;1662.48;-1559.72;0.00
0.27;11.96;33.93;2714.73;2249.39;-465.34;0.00
0.25;11.94;33.23;2658.70;2112.80;-545.90;0.00
0.26;11.10;45.61;3648.71;2111.46;-1537.25;0.00
0.27;8.65;40.08;3206.52;2051.05;-1155.47;0.00
0.24;10.88;41.67;3333.31;1998.29;-1335.03;0.00
0.20;9.35;34.76;2780.49;1675.04;-1105.45;0.00
0.26;9.79;42.35;3387.82;2056.85;-1330.97;0.00
0.26;8.76;38.80;3104.05;2001.12;-1102.93;0.00
0.21;12.00;45.46;3637.07;1849.13;-1787.94;0.00
0.22;10.88;46.64;3731.52;1887.41;-1844.11;0.00
0.22;9.89;29.29;2342.81;1828.12;-514.70;0.00
0.22;9.18;37.61;3008.67;1755.35;-1253.32;0.00
0.25;11.57;40.96;3276.82;2078.97;-1197.85;0.00
0.23;10.56;43.17;3453.70;1883.32;-1570.38;0.00
0.24;10.35;38.74;3099.58;1962.80;-1136.77;0.00
0.21;11.68;36.56;2925.11;1863.24;-1061.87;0.00
0.23;9.81;35.71;2857.02;1870.61;-986.41;0.00
0.27;10.98;36.96;2956.97;2142.17;-814.80;0.00
0.29;11.04;42.00;3360.36;2308.61;-1051.75;0.00
0.29;11.28;39.28;3142.36;2314.12;-828.23;0.00
0.23;12.90;34.51;2760.71;2017.13;-743.58;0.00
0.23;10.74;45.02;3601.91;1904.24;-1697.67;0.00
0.25;10.73;40.86;3269.11;2050.81;-1218.29;0.00
0.23;9.98;37.80;3023.79;1873.02;-1150.77;0.00
0.26;10.84;46.82;3745.62;2089.14;-1656.48;0.00
0.22;9.69;43.63;3490.34;1827.90;-1662.44;0.00
0.27;9.46;41.67;3333.80;2088.45;-1245.35;0.00
0.28;9.91;45.20;3615.98;2182.75;-1433.23;0.00
0.22;10.25;37.09;2967.22;1862.13;-1105.09;0.00
0.29;10.32;46.61;3728.92;2240.34;-1488.58;0.00
0.21;11.07;31.00;2480.23;1796.98;-683.25;0.00
0.25;10.04;37.49;2999.57;2000.91;-998.66;0.00
0.29;10.19;38.70;3095.87;2264.29;-831.58;0.00
0.23;8.84;42.54;3402.91;1838.60;-1564.31;0.00
0.22;8.03;47.16;3772.48;1720.08;-2052.40;0.00
0.26;10.57;42.97;3437.30;2096.58;-1340.72;0.00
0.25;8.28;41.31;3304.48;1928.13;-1376.36;0.00
0.24;10.03;46.48;3718.69;1964.64;-1754.05;0.00
0.28;11.58;38.70;3096.25;2247.48;-848.77;0.00
0.25;10.82;36.74;2938.85;2021.11;-917.74;0.00
0.24;10.79;46.46;3717.18;1957.77;-1759.41;0.00
0.22;11.31;38.29;3062.90;1907.06;-1155.84;0.00
0.26;10.62;42.81;3425.08;2061.64;-1363.44;0.00
0.23;9.30;46.57;3725.63;1829.63;-1896.00;0.00
0.29;10.71;41.67;3333.95;2254.50;-1079.46;0.00
0.25;11.52;38.14;3051.05;2077.78;-973.27;0.00
0.26;9.79;30.94;2474.92;2033.62;-441.30;0.00
0.26;10.00;42.45;3395.89;2060.37;-1335.53;0.00
0.25;10.84;45.20;3615.63;2040.92;-1574.71;0.00
0.25;11.25;39.51;3160.71;2086.05;-1074.67;0.00
0.24;12.68;27.87;2229.27;2066.21;-163.06;0.00
0.23;10.97;44.09;3527.40;1940.74;-1586.66;0.00
0.24;12.52;46.69;3735.05;2098.81;-1636.24;0.00
0.20;9.47;42.78;3422.53;1699.01;-1723.52;0.00
0.27;10.97;40.21;3217.13;2161.15;-1055.98;0.00
0.26;8.92;39.35;3147.92;1981.13;-1166.78;0.00
0.25;10.90;36.16;2892.80;2040.30;-852.50;0.00
0.26;9.27;40.17;3213.91;2016.86;-1197.06;0.00
0.27;9.20;40.43;3234.65;2081.10;-1153.54;0.00
0.22;10.80;45.87;3669.36;1869.55;-1799.81;0.00
0.25;11.25;37.66;3013.05;2081.06;-931.99;0.00
0.26;10.72;43.04;3442.95;2110.59;-1332.36;0.00
0.22;10.60;41.22;3297.33;1872.83;-1424.50;0.00
0.19;11.11;38.93;3114.40;1706.54;-1407.86;0.00
0.29;10.92;32.31;2584.91;2266.99;-317.92;0.00
0.23;9.87;41.12;3289.34;1862.03;-1427.31;0.00
0.23;7.92;45.91;3672.56;1764.85;-1907.71;0.00
0.25;10.50;43.32;3465.29;2038.74;-1426.54;0.00
0.23;10.69;38.91;3112.87;1931.54;-1181.33;0.00
0.25;8.92;44.69;3575.28;1944.93;-1630.36;0.00
0.29;9.96;36.42;2913.39;2211.62;-701.77;0.00
0.22;11.57;31.77;2541.60;1897.60;-644.00;0.00
0.22;10.39;34.11;2728.85;1816.30;-912.56;0.00
0.25;10.06;41.81;3344.47;2001.89;-1342.57;0.00
0.27;9.69;40.15;3212.33;2124.37;-1087.97;0.00
0.27;9.79;42.09;3367.14;2074.50;-1292.64;0.00
0.29;11.92;43.97;3517.45;2328.92;-1188.53;0.00
0.26;10.89;34.75;2780.36;2125.27;-655.09;0.00
0.26;9.75;46.03;3682.16;2065.56;-1616.61;0.00
0.27;9.82;45.35;3627.84;2094.89;-1532.95;0.00
0.30;11.44;38.54;3082.97;2390.95;-692.02;0.00
0.25;10.09;30.59;2446.95;1980.72;-466.23;0.00
0.23;7.75;41.92;3354.00;1743.47;-1610.53;0.00
0.25;9.40;41.42;3313.35;1949.60;-1363.74;0.00
0.26;13.59;35.78;2862.40;2254.59;-607.81;0.00
0.21;10.26;39.51;3160.46;1765.44;-1395.02;0.00
0.26;11.65;43.96;3516.84;2143.63;-1373.21;0.00
0.27;9.51;40.35;3227.93;2114.71;-1113.22;0.00
0.21;11.39;36.85;2948.24;1813.13;-1135.11;0.00
0.26;11.98;43.76;3500.75;2191.12;-1309.62;0.00
0.24;9.04;38.27;3061.21;1861.70;-1199.50;0.00
0.27;11.80;36.77;2941.40;2224.68;-716.72;0.00
0.21;11.92;32.16;2572.99;1892.51;-680.48;0.00
0.31;11.43;39.51;3161.06;2438.05;-723.01;0.00
0.21;10.15;40.93;3274.07;1745.87;-1528.20;0.00
0.29;8.42;39.32;3145.27;2121.62;-1023.65;0.00
0.24;10.49;45.46;3636.70;1988.36;-1648.34;0.00
0.25;11.78;38.57;3085.71;2121.86;-963.85;0.00
0.22;9.87;52.77;4221.49;1825.66;-2395.84;0.00
0.22;10.77;40.83;3266.64;1875.83;-1390.81;0.00
0.25;10.02;37.57;3005.40;2004.00;-1001.40;0.00
0.27;12.11;32.57;2605.34;2203.95;-401.39;0.00
0.23;8.04;31.58;2526.34;1764.36;-761.98;0.00
0.25;10.61;46.01;3680.67;2002.38;-1678.29;0.00
0.24;11.04;42.90;3431.70;1975.94;-1455.76;0.00
0.26;9.32;35.12;2809.34;2008.98;-800.35;0.00
0.27;10.11;42.05;3364.02;2099.34;-1264.67;0.00
0.27;10.02;35.19;2815.25;2128.14;-687.11;0.00
0.32;11.54;46.33;3706.14;2498.37;-1207.77;0.00
0.24;7.94;40.58;3246.39;1801.35;-1445.05;0.00
0.27;9.14;45.20;3616.33;2042.75;-1573.58;0.00
0.28;12.17;31.35;2507.81;2274.42;-233.39;0.00
0.24;9.64;43.98;3518.19;1946.24;-1571.95;0.00
0.24;8.74;40.96;3277.15;1894.31;-1382.84;0.00
0.30;11.30;39.88;3190.08;2332.39;-857.70;0.00
0.28;8.88;43.40;3471.95;2114.26;-1357.69;0.00
0.27;11.36;42.46;3396.87;2169.70;-1227.17;0.00
0.25;10.17;41.96;3356.71;2001.09;-1355.63;0.00
0.24;9.18;36.01;2880.53;1924.52;-956.01;0.00
0.25;9.85;33.33;2666.39;1987.72;-678.67;0.00
0.25;11.57;46.59;3727.03;2067.36;-1659.68;0.00
0.27;11.82;32.48;2598.44;2229.25;-369.19;0.00
0.25;9.10;34.89;2790.93;1928.71;-862.22;0.00
0.27;11.11;48.71;3897.15;2168.72;-1728.43;0.00
0.27;11.13;35.33;2826.58;2197.96;-628.62;0.00
0.24;9.59;46.77;3741.35;1939.64;-1801.71;0.00
0.20;14.11;44.13;3530.02;1937.22;-1592.80;0.00
0.28;8.89;40.19;3215.30;2113.94;-1101.36;0.00
0.23;9.86;44.47;3557.99;1896.28;-1661.71;0.00
0.24;11.13;48.26;3861.17;2025.42;-1835.74;0.00
0.27;10.87;45.57;3645.36;2141.81;-1503.55;0.00
0.26;10.11;41.90;3352.29;2038.47;-1313.82;0.00
0.22;10.84;48.42;3873.55;1880.94;-1992.61;0.00
0.30;7.51;35.66;2852.79;2126.09;-726.70;0.00
0.24;9.76;40.96;3277.08;1903.36;-1373.72;0.00
0.19;9.25;42.63;3410.54;1591.85;-1818.68;0.00
0.24;9.28;47.88;3830.77;1900.36;-1930.41;0.00
0.29;10.41;36.81;2945.16;2238.37;-706.79;0.00
0.25;9.57;50.44;4035.17;1995.74;-2039.43;0.00
0.30;11.51;50.35;4028.23;2385.79;-1642.44;0.00
0.25;10.28;45.76;3660.43;1988.92;-1671.50;0.00
0.23;11.58;40.87;3269.24;1947.84;-1321.40;0.00
0.23;9.68;39.35;3148.32;1851.13;-1297.19;0.00
0.22;13.17;37.62;3009.66;2020.27;-989.39;0.00
0.28;8.77;36.59;2927.32;2092.70;-834.62;0.00
0.27;9.81;40.80;3264.11;2115.68;-1148.43;0.00
0.29;7.74;39.52;3161.98;2107.46;-1054.52;0.00
0.23;9.46;37.09;2966.90;1849.79;-1117.11;0.00
0.25;11.08;39.54;3163.07;2029.58;-1133.50;0.00
0.27;8.08;35.14;2811.11;1990.29;-820.83;0.00
0.27;10.63;37.75;3019.85;2135.73;-884.12;0.00
0.25;8.14;34.61;2769.07;1898.50;-870.57;0.00
0.30;10.70;33.25;2660.12;2353.62;-306.51;0.00
0.25;10.59;37.35;2987.90;2045.80;-942.10;0.00
0.29;10.30;44.40;3552.23;2237.97;-1314.26;0.00
0.29;8.17;40.39;3231.41;2123.83;-1107.57;0.00
0.30;10.62;43.36;3468.42;2313.44;-1154.99;0.00
0.27;11.50;39.68;3174.39;2207.45;-966.94;0.00
0.27;11.97;47.60;3808.18;2249.45;-1558.73;0.00
0.25;10.60;52.51;4201.02;2034.67;-2166.35;0.00
0.29;10.76;37.94;3035.41;2250.35;-785.06;0.00
0.25;8.67;44.83;3586.27;1899.73;-1686.54;0.00
0.27;10.68;42.22;3377.90;2164.44;-1213.46;0.00
0.30;8.35;38.51;3081.18;2196.72;-884.47;0.00
0.29;9.96;40.61;3248.90;2199.83;-1049.07;0.00
0.27;9.67;45.41;3633.19;2067.78;-1565.41;0.00
0.22;9.41;41.22;3297.94;1795.40;-1502.54;0.00
0.26;8.83;36.67;2933.96;1988.59;-945.37;0.00
0.22;10.24;42.50;3400.03;1840.81;-1559.22;0.00
0.25;10.45;43.15;3452.03;2028.63;-1423.39;0.00
0.25;11.23;30.99;2479.50;2052.47;-427.03;0.00
0.20;11.26;46.46;3716.47;1796.62;-1919.86;0.00
0.22;9.79;38.46;3076.56;1839.31;-1237.25;0.00
0.24;11.20;37.04;2963.08;1999.81;-963.27;0.00
0.28;9.49;41.90;3352.27;2143.08;-1209.20;0.00
0.29;9.95;45.53;3642.47;2242.96;-1399.51;0.00
0.26;7.24;33.18;2654.29;1898.35;-755.94;0.00
0.28;9.59;37.42;2993.24;2179.09;-814.15;0.00
0.26;9.88;35.81;2865.01;2031.63;-833.38;0.00
0.27;9.96;35.51;2840.68;2122.87;-717.81;0.00
0.26;9.06;41.06;3285.03;1976.66;-1308.37;0.00
0.24;11.40;35.56;2844.61;1999.00;-845.62;0.00
0.27;11.06;40.70;3256.29;2186.37;-1069.93;0.00
0.25;12.01;35.66;2852.97;2099.33;-753.64;0.00
0.33;10.76;42.76;3421.17;2492.48;-928.69;0.00
0.21;8.72;33.97;2717.65;1708.44;-1009.21;0.00
0.26;10.20;40.43;3234.32;2049.59;-1184.73;0.00
0.22;10.88;39.40;3151.94;1896.43;-1255.51;0.00
0.27;10.25;38.21;3056.44;2120.32;-936.12;0.00
0.26;10.15;37.86;3028.64;2066.36;-962.27;0.00
0.26;9.09;37.04;2963.26;2011.16;-952.10;0.00
0.21;9.53;40.23;3218.02;1732.00;-1486.01;0.00
0.29;9.98;39.44;3155.25;2212.86;-942.40;0.00
0.27;8.38;44.59;3566.82;2041.59;-1525.23;0.00
0.24;10.37;41.61;3328.97;1940.58;-1388.39;0.00
0.26;10.74;35.80;2863.96;2072.63;-791.32;0.00
0.24;11.17;30.64;2451.56;2021.41;-430.15;0.00
0.24;11.05;34.65;2771.94;1993.68;-778.26;0.00
0.23;11.13;33.57;2685.38;1940.76;-744.62;0.00
0.28;11.16;38.00;3040.38;2209.41;-830.97;0.00
0.24;9.84;38.17;3053.92;1956.96;-1096.95;0.00
0.25;9.41;40.62;3249.30;1955.48;-1293.83;0.00
0.25;9.47;25.58;2046.01;1952.87;-93.14;0.00
0.26;8.49;39.87;3189.54;1989.59;-1199.95;0.00
0.24;10.92;38.40;3071.84;2006.07;-1065.76;0.00
0.23;9.58;41.61;3328.42;1871.92;-1456.50;0.00
0.25;9.73;40.46;3236.53;1964.03;-1272.50;0.00
0.24;10.29;40.74;3258.85;1949.28;-1309.57;0.00
0.27;11.23;42.52;3401.34;2184.65;-1216.69;0.00
0.26;10.41;39.54;3163.53;2081.85;-1081.68;0.00
0.27;9.27;42.89;3430.94;2101.98;-1328.96;0.00
0.30;9.41;36.50;2919.61;2281.91;-637.70;0.00
0.26;11.04;40.51;3240.41;2116.19;-1124.22;0.00
0.24;10.44;39.40;3152.36;1938.03;-1214.32;0.00
0.25;10.59;35.18;2814.71;2045.61;-769.10;0.00
0.27;9.18;30.84;2467.29;2064.70;-402.59;0.00
0.28;9.64;40.58;3246.09;2157.17;-1088.92;0.00
0.23;9.62;47.37;3789.98;1856.05;-1933.93;0.00
0.27;11.56;51.45;4116.01;2201.92;-1914.09;0.00
0.23;13.21;36.04;2883.18;2047.39;-835.79;0.00
0.28;9.64;39.06;3124.78;2140.05;-984.73;0.00
0.30;10.63;40.93;3274.19;2302.42;-971.77;0.00
0.27;12.10;37.61;3009.13;2216.67;-792.47;0.00
0.22;11.48;40.58;3246.03;1904.12;-1341.91;0.00
0.27;9.76;39.29;3142.84;2083.37;-1059.47;0.00
0.22;10.63;40.07;3205.65;1876.06;-1329.59;0.00
0.26;9.90;34.77;2781.25;2037.60;-743.66;0.00
0.23;11.27;38.70;3095.87;1961.69;-1134.18;0.00
0.21;9.98;39.69;3175.59;1791.88;-1383.71;0.00
0.27;8.39;37.95;3035.84;2037.24;-998.61;0.00
0.23;10.47;42.90;3431.90;1910.12;-1521.77;0.00
0.28;9.64;44.90;3592.08;2178.91;-1413.16;0.00
0.21;11.29;36.95;2955.97;1854.45;-1101.52;0.00
0.24;10.06;40.67;3253.27;1950.92;-1302.35;0.00
0.26;9.70;39.21;3136.70;2038.71;-1097.99;0.00
0.23;8.99;38.83;3106.56;1830.09;-1276.47;0.00
0.21;8.89;47.22;3777.63;1686.99;-2090.64;0.00
0.22;10.75;36.12;2889.47;1890.99;-998.48;0.00
0.21;11.95;38.34;3067.34;1885.07;-1182.27;0.00
0.28;9.29;43.19;3455.59;2122.62;-1332.97;0.00
0.25;10.82;44.98;3598.35;2052.13;-1546.22;0.00
0.25;10.40;50.10;4008.38;2029.43;-1978.96;0.00
0.22;9.50;37.67;3013.65;1814.02;-1199.63;0.00
0.26;9.86;34.09;2727.32;2046.76;-680.56;0.00
0.28;9.27;35.35;2827.90;2105.91;-721.98;0.00
0.27;9.77;36.49;2919.28;2126.34;-792.94;0.00
0.27;11.55;32.25;2580.02;2183.84;-396.18;0.00
0.21;9.30;38.56;3085.04;1746.89;-1338.15;0.00
0.24;10.83;38.78;3102.10;1965.06;-1137.03;0.00
0.25;9.12;36.78;2942.35;1921.73;-1020.62;0.00
0.29;8.45;35.36;2828.92;2152.74;-676.17;0.00
0.29;10.86;40.35;3227.86;2279.49;-948.37;0.00
0.29;8.52;37.71;3016.51;2173.24;-843.26;0.00
0.24;9.63;44.26;3540.42;1910.53;-1629.90;0.00
0.23;9.90;36.80;2944.02;1891.93;-1052.08;0.00
0.26;11.55;42.84;3427.25;2167.18;-1260.07;0.00
0.25;9.19;40.26;3220.70;1937.60;-1283.10;0.00
0.23;11.18;49.31;3945.17;1926.92;-2018.25;0.00
0.21;7.92;48.33;3866.73;1663.22;-2203.50;0.00
0.23;9.75;37.73;3018.24;1887.36;-1130.89;0.00
0.23;11.36;45.82;3665.54;1926.07;-1739.47;0.00
0.26;8.29;42.63;3410.21;1978.87;-1431.34;0.00
0.23;10.90;39.39;3151.29;1931.55;-1219.75;0.00
0.26;11.76;34.64;2770.95;2157.74;-613.20;0.00
0.25;9.66;38.90;3112.04;1965.23;-1146.80;0.00
0.22;10.99;45.51;3640.89;1902.18;-1738.71;0.00
0.21;10.68;39.36;3149.16;1810.53;-1338.62;0.00
0.23;9.90;43.21;3456.77;1891.44;-1565.33;0.00
0.25;10.81;45.45;3635.89;2055.73;-1580.16;0.00
0.23;8.28;39.64;3171.17;1787.16;-1384.01;0.00
0.21;11.11;46.91;3753.19;1802.06;-1951.13;0.00
0.24;9.70;44.13;3530.18;1924.35;-1605.83;0.00
0.23;10.64;43.46;3477.19;1929.95;-1547.23;0.00
0.22;10.19;41.48;3318.65;1828.26;-1490.39;0.00
0.24;9.94;39.82;3185.63;1920.66;-1264.97;0.00
0.21;9.80;29.40;2352.21;1745.94;-606.27;0.00
0.21;9.88;43.06;3444.74;1760.79;-1683.96;0.00
0.30;9.40;44.64;3571.43;2238.65;-1332.78;0.00
0.25;10.02;43.23;3458.45;1976.57;-1481.88;0.00
0.27;10.36;41.73;3338.17;2106.66;-1231.51;0.00
0.23;10.59;40.21;3216.44;1915.18;-1301.26;0.00
0.25;11.11;37.72;3017.34;2086.28;-931.07;0.00
0.27;10.55;40.46;3236.41;2162.18;-1074.23;0.00
0.27;10.46;37.96;3036.46;2119.69;-916.76;0.00
0.26;10.08;51.53;4122.25;2059.80;-2062.45;0.00
0.24;10.76;36.90;2952.17;1953.53;-998.64;0.00
0.20;10.12;37.15;2972.31;1691.58;-1280.73;0.00
0.25;9.93;37.92;3033.98;1977.10;-1056.88;0.00
0.27;12.84;35.56;2844.78;2281.44;-563.34;0.00
0.25;10.88;35.52;2841.94;2047.91;-794.03;0.00
0.23;9.91;52.97;4237.32;1865.32;-2372.00;0.00
0.26;10.53;40.16;3213.08;2059.00;-1154.08;0.00
0.24;9.64;41.66;3333.05;1899.99;-1433.07;0.00
0.21;8.72;45.87;3669.85;1717.80;-1952.05;0.00
0.24;11.21;46.81;3744.81;2026.29;-1718.52;0.00
0.25;11.45;37.34;2987.14;2047.97;-939.17;0.00
0.29;8.75;43.11;3448.61;2183.00;-1265.60;0.00
0.22;8.35;32.07;2565.91;1719.74;-846.17;0.00
0.26;10.21;40.12;3209.55;2051.33;-1158.22;0.00
0.27;10.07;40.65;3252.31;2091.46;-1160.85;0.00
0.27;11.50;45.00;3600.20;2195.86;-1404.34;0.00
0.26;11.18;29.87;2389.21;2142.84;-246.37;0.00
0.23;10.65;43.01;3440.83;1897.35;-1543.48;0.00
0.21;10.71;35.26;2820.42;1808.38;-1012.04;0.00
0.25;10.51;41.96;3356.92;2052.18;-1304.74;0.00
0.23;10.78;32.87;2629.92;1905.65;-724.27;0.00
0.25;8.87;36.76;2940.93;1916.31;-1024.62;0.00
0.27;10.87;43.00;3439.66;2183.90;-1255.77;0.00
0.23;9.34;34.33;2746.01;1838.75;-907.25;0.00
0.29;9.55;43.60;3488.28;2229.46;-1258.83;0.00
0.26;8.12;35.89;2871.12;1975.07;-896.05;0.00
0.21;9.99;40.38;3230.40;1788.88;-1441.52;0.00
0.23;10.89;43.31;3465.02;1949.22;-1515.80;0.00
0.24;9.63;31.46;2517.11;1902.96;-614.15;0.00
0.25;11.15;40.81;3265.12;2078.70;-1186.42;0.00
0.27;11.79;44.50;3560.18;2186.87;-1373.31;0.00
0.25;7.70;34.13;2730.52;1873.05;-857.47;0.00
0.23;10.46;40.31;3224.96;1896.04;-1328.92;0.00
0.23;9.51;35.43;2834.56;1850.19;-984.38;0.00
0.27;10.82;44.98;3598.25;2171.71;-1426.54;0.00
0.32;10.42;38.61;3088.61;2401.36;-687.25;0.00
0.28;9.92;40.34;3227.33;2151.91;-1075.43;0.00
