# X_0;X_1;X_2;R_0;S_0;G_0;I_0
0.29;10.20;36.54;2923.30;2253.95;-669.35;0.00
0.26;8.97;39.48;3158.33;1991.22;-1167.11;0.00
0.23;9.68;39.65;3172.10;1880.51;-1291.60;0.00
0.28;10.73;40.24;3219.18;2210.81;-1008.37;0.00
0.22;9.44;40.90;3272.13;1807.12;-1465.01;0.00
0.28;9.19;42.39;3391.14;2136.10;-1255.04;0.00
0.26;9.55;38.26;3060.89;2015.90;-1044.99;0.00
0.26;10.87;38.97;3117.22;2115.36;-1001.86;0.00
0.26;11.18;44.68;3574.72;2134.06;-1440.66;0.00
0.28;11.11;40.25;3219.87;2238.53;-981.35;0.00
0.23;9.16;44.47;3557.24;1850.93;-1706.30;0.00
0.23;8.79;30.76;2460.86;1819.20;-641.66;0.00
0.23;8.39;42.76;3421.14;1766.46;-1654.68;0.00
0.27;9.76;40.60;3247.94;2105.75;-1142.18;0.00
0.25;9.80;33.17;2653.61;1991.41;-662.20;0.00
0.24;10.53;37.61;3008.68;1956.35;-1052.33;0.00
0.25;9.17;44.09;3526.82;1967.52;-1559.29;0.00
0.23;9.35;43.48;3478.07;1827.81;-1650.26;0.00
0.28;9.91;40.20;3215.78;2182.20;-1033.58;0.00
0.22;11.82;45.42;3633.52;1918.33;-1715.18;0.00
0.21;11.31;45.15;3612.28;1831.76;-1780.53;0.00
0.20;11.12;41.57;3325.85;1778.69;-1547.16;0.00
0.25;10.15;33.82;2705.80;1996.34;-709.46;0.00
0.24;8.08;43.59;3487.29;1827.21;-1660.09;0.00
0.24;12.25;43.46;3476.72;2056.35;-1420.37;0.00
0.24;10.73;40.62;3249.54;2004.58;-1244.96;0.00
0.28;12.72;39.69;3174.97;2341.71;-833.25;0.00
0.27;11.77;43.04;3442.94;2216.98;-1225.96;0.00
0.22;9.57;49.01;3920.46;1772.74;-2147.73;0.00
0.25;8.82;42.17;3373.97;1918.30;-1455.67;0.00
0.23;9.12;41.63;3330.33;1848.28;-1482.05;0.00
0.22;7.68;42.85;3428.11;1672.42;-1755.69;0.00
0.26;10.39;36.41;2912.74;2066.05;-846.69;0.00
0.27;10.33;42.71;3416.69;2114.59;-1302.11;0.00
0.27;11.17;47.15;3772.11;2150.37;-1621.74;0.00
0.26;9.61;45.48;3638.50;2027.28;-1611.21;0.00
0.25;10.36;38.29;3063.16;2026.59;-1036.57;0.00
0.25;10.36;44.84;3587.49;2044.32;-1543.17;0.00
0.25;10.90;46.02;3681.79;2064.19;-1617.59;0.00
0.24;12.19;38.52;3081.73;2047.36;-1034.37;0.00
0.27;10.50;46.36;3709.06;2141.60;-1567.46;0.00
0.24;10.62;36.88;2950.50;1966.39;-984.11;0.00
0.22;9.23;37.82;3025.98;1782.10;-1243.88;0.00
0.26;9.08;33.02;2641.74;2029.79;-611.95;0.00
0.23;11.61;36.37;2909.89;1963.53;-946.36;0.00
0.22;11.66;33.45;2675.63;1929.30;-746.33;0.00
0.23;9.82;37.66;3012.89;1900.12;-1112.77;0.00
0.27;9.48;39.32;3145.76;2076.89;-1068.88;0.00
0.22;10.47;39.22;3137.40;1848.61;-1288.79;0.00
0.21;10.36;41.29;3303.48;1789.00;-1514.48;0.00
0.24;9.14;42.42;3393.50;1877.84;-1515.66;0.00
0.24;11.37;38.10;3047.75;1987.73;-1060.02;0.00
0.25;11.35;43.30;3464.01;2057.20;-1406.81;0.00
0.19;9.66;51.32;4105.58;1621.32;-2484.26;0.00
0.29;11.38;36.34;2907.21;2301.99;-605.22;0.00
0.25;10.22;39.28;3142.49;2007.55;-1134.94;0.00
0.27;10.20;48.23;3858.34;2129.56;-1728.78;0.00
0.28;8.45;46.05;3683.76;2069.70;-1614.05;0.00
0.28;12.02;42.75;3419.81;2278.13;-1141.67;0.00
0.25;10.51;45.20;3615.93;1997.71;-1618.22;0.00
0.26;10.91;38.49;3079.45;2130.20;-949.25;0.00
0.24;9.50;41.68;3334.31;1932.82;-1401.49;0.00
0.24;9.59;45.72;3657.31;1941.28;-1716.03;0.00
0.23;11.33;43.92;3513.84;1937.78;-1576.06;0.00
0.24;9.10;34.52;2761.44;1915.85;-845.58;0.00
0.25;11.87;41.28;3302.42;2086.64;-1215.78;0.00
0.24;7.77;43.28;3462.10;1807.14;-1654.96;0.00
0.26;9.61;42.82;3425.38;2058.05;-1367.32;0.00
0.26;10.95;49.76;3980.92;2127.63;-1853.29;0.00
0.22;9.54;47.40;3792.10;1789.90;-2002.21;0.00
0.24;10.58;34.48;2758.77;1949.31;-809.46;0.00
0.24;10.88;39.70;3176.29;2012.03;-1164.27;0.00
0.24;10.70;41.90;3352.10;1954.60;-1397.49;0.00
0.27;11.37;39.02;3121.23;2170.79;-950.44;0.00
0.27;10.42;33.58;2686.18;2165.09;-521.10;0.00
0.23;11.17;40.74;3259.03;1942.35;-1316.68;0.00
0.23;11.13;41.15;3292.25;1959.02;-1333.23;0.00
0.27;11.53;43.44;3475.10;2224.44;-1250.66;0.00
0.31;10.82;35.97;2877.73;2387.52;-490.21;0.00
0.23;10.92;33.97;2717.33;1908.13;-809.20;0.00
0.26;10.40;42.87;3429.88;2055.88;-1374.00;0.00
0.28;10.23;38.44;3075.35;2182.80;-892.55;0.00
0.22;10.77;44.23;3538.21;1887.98;-1650.23;0.00
0.26;12.21;44.75;3579.68;2148.63;-1431.05;0.00
0.25;11.15;46.94;3754.87;2081.21;-1673.66;0.00
0.25;10.77;39.15;3131.77;2034.01;-1097.76;0.00
0.21;12.16;38.29;3063.09;1905.35;-1157.74;0.00
0.19;11.10;39.77;3181.76;1726.55;-1455.21;0.00
0.27;12.45;41.62;3329.75;2244.68;-1085.07;0.00
0.27;10.15;34.62;2769.84;2105.45;-664.39;0.00
0.27;9.24;39.67;3173.97;2057.94;-1116.03;0.00
0.26;10.53;45.66;3653.00;2102.36;-1550.64;0.00
0.24;9.79;43.85;3507.73;1916.51;-1591.22;0.00
0.28;10.71;39.37;3149.51;2194.96;-954.55;0.00
0.28;10.24;42.01;3360.56;2163.27;-1197.29;0.00
0.20;11.13;44.54;3563.08;1793.78;-1769.30;0.00
0.26;11.38;40.70;3255.75;2145.65;-1110.09;0.00
0.26;8.00;37.99;3039.40;1973.48;-1065.92;0.00
0.24;10.75;46.20;3696.36;1976.62;-1719.74;0.00
0.23;10.92;40.59;3246.97;1958.00;-1288.97;0.00
0.26;10.22;34.13;2730.07;2080.09;-649.98;0.00
0.26;9.42;44.64;3571.42;2000.60;-1570.82;0.00
0.25;10.55;40.53;3242.70;2034.75;-1207.95;0.00
0.25;10.79;34.20;2735.94;2023.43;-712.50;0.00
0.27;10.90;45.45;3635.76;2157.19;-1478.58;0.00
0.24;10.46;33.43;2674.52;1941.26;-733.25;0.00
0.22;11.07;36.16;2892.92;1906.84;-986.08;0.00
0.27;9.22;43.58;3486.65;2048.78;-1437.87;0.00
0.25;8.83;44.37;3549.97;1954.91;-1595.06;0.00
0.24;11.78;38.89;3111.57;2022.24;-1089.33;0.00
0.28;9.32;36.22;2897.52;2125.43;-772.09;0.00
0.30;8.72;40.31;3224.91;2199.43;-1025.48;0.00
0.25;10.29;46.52;3721.37;2018.90;-1702.47;0.00
0.24;8.61;42.75;3420.26;1877.67;-1542.59;0.00
0.28;9.73;41.05;3283.75;2160.37;-1123.38;0.00
0.26;10.01;42.60;3407.80;2049.65;-1358.15;0.00
0.28;7.95;35.02;2801.75;2034.87;-766.89;0.00
0.25;12.43;39.88;3190.76;2150.49;-1040.27;0.00
0.26;8.75;44.72;3577.35;2007.79;-1569.56;0.00
0.26;10.50;35.62;2849.27;2060.75;-788.52;0.00
0.27;9.52;45.62;3649.26;2065.88;-1583.38;0.00
0.25;11.30;33.38;2670.11;2094.73;-575.38;0.00
0.24;10.88;36.27;2901.50;2006.73;-894.77;0.00
0.21;10.34;43.88;3510.67;1769.98;-1740.69;0.00
0.20;10.59;34.62;2769.56;1734.15;-1035.42;0.00
0.24;11.57;48.55;3883.97;1995.58;-1888.38;0.00
0.24;9.11;34.04;2722.88;1896.91;-825.97;0.00
0.21;10.51;39.49;3159.46;1786.41;-1373.05;0.00
0.21;7.16;42.05;3364.12;1625.08;-1739.04;0.00
0.18;11.36;45.10;3608.08;1685.82;-1922.26;0.00
0.26;9.76;44.61;3569.11;2027.85;-1541.26;0.00
0.20;11.01;38.59;3086.84;1779.20;-1307.64;0.00
0.20;10.52;44.75;3579.82;1706.58;-1873.24;0.00
0.22;11.79;38.38;3070.75;1912.77;-1157.98;0.00
0.25;10.44;39.91;3192.61;2050.16;-1142.45;0.00
0.24;11.28;44.11;3528.88;2034.92;-1493.96;0.00
0.27;10.41;39.37;3149.33;2138.09;-1011.24;0.00
0.22;11.98;41.33;3306.35;1950.84;-1355.50;0.00
0.25;9.88;45.58;3646.49;2010.25;-1636.24;0.00
0.22;9.16;38.95;3115.99;1780.11;-1335.88;0.00
0.28;8.68;43.54;3482.98;2078.82;-1404.16;0.00
0.20;9.07;44.47;3557.50;1665.31;-1892.19;0.00
0.21;9.30;37.84;3027.11;1708.01;-1319.10;0.00
0.21;8.85;37.77;3021.74;1709.88;-1311.86;0.00
0.25;9.76;31.15;2492.13;1971.81;-520.32;0.00
0.26;10.63;38.02;3041.93;2105.22;-936.70;0.00
0.23;10.28;37.71;3016.80;1899.24;-1117.56;0.00
0.27;10.32;40.78;3262.55;2152.91;-1109.64;0.00
0.27;9.23;32.81;2624.51;2073.98;-550.53;0.00
0.23;8.27;43.48;3478.07;1787.28;-1690.79;0.00
0.23;9.63;44.22;3537.69;1874.06;-1663.63;0.00
0.25;10.82;31.73;2538.64;2045.56;-493.08;0.00
0.21;9.90;42.30;3383.91;1774.78;-1609.14;0.00
0.28;9.56;44.64;3571.30;2145.87;-1425.43;0.00
0.24;10.77;45.90;3671.80;1966.63;-1705.17;0.00
0.27;8.10;41.67;3333.66;1997.99;-1335.67;0.00
0.22;10.19;35.77;2861.63;1828.58;-1033.05;0.00
0.25;9.47;39.81;3185.10;1969.12;-1215.98;0.00
0.26;10.42;43.53;3482.77;2073.60;-1409.16;0.00
0.26;10.69;36.00;2880.16;2121.53;-758.63;0.00
0.25;12.56;35.59;2847.20;2128.52;-718.67;0.00
0.26;10.16;42.02;3361.69;2074.93;-1286.77;0.00
0.26;9.08;36.08;2886.04;1996.71;-889.32;0.00
0.28;8.42;43.97;3517.90;2099.39;-1418.51;0.00
0.25;11.23;46.05;3684.26;2078.77;-1605.49;0.00
0.25;9.42;39.65;3171.99;1993.28;-1178.72;0.00
0.26;9.66;47.06;3764.94;2017.79;-1747.15;0.00
0.25;10.57;42.62;3409.86;2053.82;-1356.04;0.00
0.23;10.54;39.99;3199.18;1919.85;-1279.34;0.00
0.26;9.22;39.27;3141.49;1995.33;-1146.16;0.00
0.25;10.30;46.73;3738.55;1996.03;-1742.53;0.00
0.30;10.52;40.89;3271.03;2302.57;-968.46;0.00
0.23;10.32;41.11;3288.67;1888.55;-1400.12;0.00
0.23;11.05;35.56;2845.03;1962.90;-882.13;0.00
0.24;10.23;40.25;3219.62;1959.86;-1259.75;0.00
0.22;12.62;35.45;2836.02;1952.02;-884.00;0.00
0.32;9.72;40.64;3251.41;2416.03;-835.38;0.00
0.23;10.14;37.39;2990.98;1905.02;-1085.96;0.00
0.25;10.61;32.53;2602.53;2006.46;-596.06;0.00
0.23;8.26;40.88;3270.01;1806.77;-1463.24;0.00
0.26;12.20;36.40;2912.39;2202.88;-709.50;0.00
0.20;12.28;40.42;3233.67;1822.01;-1411.67;0.00
0.21;11.34;34.79;2783.27;1819.17;-964.10;0.00
0.30;10.96;40.48;3238.70;2364.21;-874.49;0.00
0.25;9.22;37.65;3011.96;1938.86;-1073.11;0.00
0.25;10.70;44.99;3599.42;2010.62;-1588.80;0.00
0.24;10.89;40.58;3246.12;1992.47;-1253.65;0.00
0.27;8.84;43.37;3469.35;2061.52;-1407.83;0.00
0.25;9.56;43.74;3499.09;2003.27;-1495.82;0.00
0.25;11.57;45.35;3627.71;2106.97;-1520.74;0.00
0.26;9.66;43.33;3466.17;2029.48;-1436.69;0.00
0.22;10.53;48.24;3859.55;1865.49;-1994.06;0.00
0.24;9.76;34.83;2786.32;1951.14;-835.18;0.00
0.19;8.79;40.85;3267.80;1589.28;-1678.51;0.00
0.28;10.85;40.07;3205.36;2198.26;-1007.10;0.00
0.24;11.04;43.14;3450.85;1987.57;-1463.28;0.00
0.23;10.66;45.43;3634.79;1934.80;-1699.99;0.00
0.24;10.23;43.71;3497.14;1954.30;-1542.84;0.00
0.26;8.99;40.04;3202.97;1999.90;-1203.07;0.00
0.27;12.15;43.43;3474.70;2257.28;-1217.42;0.00
0.28;9.65;37.07;2965.74;2136.94;-828.80;0.00
0.27;9.14;36.67;2934.00;2066.55;-867.44;0.00
0.26;10.75;43.65;3492.28;2116.58;-1375.70;0.00
0.27;11.17;40.02;3201.94;2156.18;-1045.76;0.00
0.23;10.68;38.86;3108.77;1942.62;-1166.15;0.00
0.27;7.62;42.81;3424.50;2014.63;-1409.86;0.00
0.30;9.22;49.29;3943.57;2225.93;-1717.65;0.00
0.21;9.44;40.39;3230.95;1719.79;-1511.15;0.00
0.21;11.35;50.23;4018.32;1854.35;-2163.97;0.00
0.27;10.68;41.41;3313.03;2162.69;-1150.34;0.00
0.27;11.04;39.26;3140.84;2146.01;-994.83;0.00
0.26;11.09;45.12;3609.21;2135.39;-1473.82;0.00
0.27;9.32;43.52;3481.91;2064.25;-1417.66;0.00
0.24;9.73;37.23;2978.23;1902.38;-1075.85;0.00
0.24;10.18;35.33;2826.15;1928.27;-897.89;0.00
0.24;11.32;40.76;3260.64;2019.03;-1241.61;0.00
0.21;10.60;40.11;3209.03;1810.63;-1398.40;0.00
0.28;10.19;42.07;3365.88;2205.06;-1160.82;0.00
0.29;12.05;46.15;3692.19;2344.80;-1347.39;0.00
0.25;11.59;39.58;3166.16;2058.03;-1108.13;0.00
0.27;9.33;45.08;3606.31;2049.61;-1556.70;0.00
0.26;9.55;37.82;3025.65;2048.32;-977.33;0.00
0.26;10.94;39.98;3198.30;2100.46;-1097.83;0.00
0.26;10.20;41.05;3284.24;2047.93;-1236.31;0.00
0.27;9.71;42.92;3433.28;2092.19;-1341.09;0.00
0.28;9.92;41.40;3311.77;2162.12;-1149.65;0.00
0.26;9.19;44.36;3549.10;2039.88;-1509.23;0.00
0.26;10.02;42.72;3417.58;2050.90;-1366.68;0.00
0.23;8.86;44.67;3573.28;1835.07;-1738.21;0.00
0.24;10.45;40.47;3237.42;1991.82;-1245.60;0.00
0.25;11.01;55.47;4437.53;2062.01;-2375.52;0.00
0.28;7.58;39.03;3122.02;2069.18;-1052.84;0.00
0.25;10.52;37.95;3035.72;2032.38;-1003.34;0.00
0.27;10.17;40.65;3251.85;2098.36;-1153.49;0.00
0.23;11.22;37.24;2979.27;1942.13;-1037.14;0.00
0.20;11.67;50.35;4028.23;1821.87;-2206.37;0.00
0.27;10.07;47.80;3824.12;2135.03;-1689.09;0.00
0.25;10.14;45.26;3620.69;1976.80;-1643.89;0.00
0.23;10.65;40.85;3268.15;1941.18;-1326.96;0.00
0.27;11.96;41.24;3298.84;2221.87;-1076.97;0.00
0.25;10.60;36.04;2883.12;2058.34;-824.78;0.00
0.30;7.76;41.24;3299.18;2165.83;-1133.35;0.00
0.24;10.83;47.46;3796.85;1971.85;-1825.00;0.00
0.28;9.01;36.93;2954.54;2091.34;-863.20;0.00
0.23;10.94;32.20;2575.67;1931.71;-643.96;0.00
0.29;9.82;38.01;3041.02;2193.44;-847.58;0.00
0.28;9.29;36.43;2914.17;2115.48;-798.68;0.00
0.23;10.68;41.48;3318.12;1912.03;-1406.09;0.00
0.31;9.30;31.71;2536.84;2292.90;-243.93;0.00
0.27;11.51;42.15;3372.32;2214.16;-1158.16;0.00
0.26;9.71;42.51;3400.90;2036.45;-1364.45;0.00
0.22;7.93;39.29;3142.86;1694.22;-1448.63;0.00
0.24;10.38;44.49;3558.82;1962.59;-1596.23;0.00
0.26;8.23;42.03;3362.23;1971.64;-1390.59;0.00
0.25;10.59;48.31;3864.84;2026.33;-1838.50;0.00
0.23;10.38;36.15;2892.16;1912.40;-979.76;0.00
0.27;10.01;40.39;3230.82;2111.35;-1119.48;0.00
0.28;9.47;35.19;2815.46;2138.66;-676.81;0.00
0.21;10.25;30.61;2448.61;1802.14;-646.48;0.00
0.24;10.01;39.25;3140.03;1923.49;-1216.54;0.00
0.25;9.29;34.82;2785.87;1952.54;-833.33;0.00
0.24;9.51;36.58;2926.56;1936.20;-990.36;0.00
0.29;9.05;45.86;3668.73;2195.58;-1473.15;0.00
0.28;7.00;36.91;2952.79;2033.11;-919.68;0.00
0.24;10.39;38.90;3111.90;1947.87;-1164.03;0.00
0.23;10.72;42.93;3434.15;1904.77;-1529.37;0.00
0.26;8.56;34.60;2768.31;1986.48;-781.83;0.00
0.22;11.26;44.47;3557.93;1898.68;-1659.25;0.00
0.27;11.53;38.33;3066.45;2220.51;-845.94;0.00
0.21;7.58;42.46;3396.90;1645.29;-1751.61;0.00
0.25;11.19;38.77;3101.61;2055.45;-1046.16;0.00
0.28;10.69;34.59;2767.47;2213.10;-554.38;0.00
0.23;10.28;31.35;2507.87;1920.28;-587.60;0.00
0.24;10.85;39.93;3194.62;1986.94;-1207.68;0.00
0.24;10.02;40.65;3251.63;1958.85;-1292.78;0.00
0.25;8.41;44.44;3554.82;1934.10;-1620.72;0.00
0.29;10.33;42.79;3422.83;2260.40;-1162.43;0.00
0.23;12.33;40.25;3220.25;2021.94;-1198.31;0.00
0.24;10.75;45.77;3661.74;1962.97;-1698.77;0.00
0.24;11.43;48.60;3888.31;2039.18;-1849.13;0.00
0.29;10.35;39.11;3128.94;2241.11;-887.83;0.00
0.26;10.96;33.78;2702.58;2133.04;-569.54;0.00
0.24;11.16;38.99;3118.96;1980.36;-1138.61;0.00
0.25;9.40;48.02;3841.43;1954.75;-1886.68;0.00
0.23;12.59;49.21;3936.51;2047.38;-1889.14;0.00
0.24;11.61;39.18;3134.20;2049.83;-1084.37;0.00
0.24;10.52;46.19;3695.21;1938.82;-1756.39;0.00
0.26;10.70;35.52;2841.99;2090.66;-751.33;0.00
0.25;10.06;43.67;3493.73;2008.12;-1485.61;0.00
0.27;12.02;38.70;3096.04;2241.97;-854.07;0.00
0.24;8.91;47.16;3772.78;1874.99;-1897.79;0.00
0.27;9.60;41.10;3288.29;2076.14;-1212.15;0.00
0.26;9.72;40.16;3212.51;2055.68;-1156.83;0.00
0.26;10.03;46.89;3751.51;2072.37;-1679.14;0.00
0.22;10.93;35.06;2805.10;1863.47;-941.63;0.00
0.30;10.51;38.05;3044.34;2294.75;-749.59;0.00
0.24;10.20;36.40;2911.60;1967.26;-944.34;0.00
0.22;10.68;43.83;3506.66;1857.77;-1648.90;0.00
0.22;10.27;38.21;3057.08;1838.10;-1218.98;0.00
0.22;9.26;40.66;3252.91;1759.89;-1493.02;0.00
0.26;9.97;36.23;2898.58;2068.46;-830.13;0.00
0.26;8.82;40.15;3212.13;1990.89;-1221.23;0.00
0.24;9.34;39.41;3152.71;1900.82;-1251.90;0.00
0.24;12.24;40.35;3227.80;2036.81;-1190.98;0.00
0.23;10.78;44.62;3569.54;1921.32;-1648.22;0.00
0.25;11.25;41.26;3300.69;2050.96;-1249.73;0.00
0.25;8.63;34.92;2793.47;1919.54;-873.93;0.00
0.27;9.23;42.23;3378.20;2058.13;-1320.07;0.00
0.28;9.53;36.54;2923.26;2132.02;-791.24;0.00
0.21;11.69;45.58;3646.63;1863.82;-1782.81;0.00
0.26;9.55;41.17;3293.44;2010.44;-1283.00;0.00
0.27;11.21;46.17;3693.38;2193.53;-1499.84;0.00
0.25;9.73;41.87;3349.56;1964.61;-1384.95;0.00
0.24;10.77;42.94;3435.18;2009.27;-1425.91;0.00
0.29;10.50;33.69;2695.46;2249.63;-445.83;0.00
0.27;12.31;32.68;2614.25;2220.82;-393.43;0.00
0.27;9.25;44.91;3593.07;2054.80;-1538.27;0.00
0.26;10.82;41.49;3319.50;2121.54;-1197.96;0.00
0.23;11.67;35.07;2805.76;1994.22;-811.54;0.00
0.23;10.52;37.71;3016.72;1893.71;-1123.01;0.00
0.27;11.75;40.94;3275.11;2233.24;-1041.88;0.00
0.23;11.80;40.88;3270.17;1986.26;-1283.90;0.00
0.22;9.11;37.31;2985.00;1781.03;-1203.96;0.00
0.19;10.16;39.09;3127.45;1657.78;-1469.67;0.00
0.28;8.24;42.03;3362.61;2060.22;-1302.39;0.00
0.24;9.05;30.14;2410.93;1899.02;-511.91;0.00
0.25;8.24;45.82;3665.56;1923.56;-1742.00;0.00
0.27;10.33;35.76;2860.95;2124.75;-736.20;0.00
0.27;10.45;34.06;2724.43;2127.83;-596.60;0.00
0.25;10.13;41.24;3299.13;2026.42;-1272.71;0.00
0.29;10.20;42.72;3417.60;2220.43;-1197.17;0.00
0.28;9.79;36.23;2898.73;2133.45;-765.28;0.00
0.23;8.22;45.99;3679.54;1793.25;-1886.29;0.00
0.26;11.84;47.11;3768.56;2179.01;-1589.55;0.00
0.26;10.70;31.14;2491.10;2078.98;-412.12;0.00
0.30;10.40;42.21;3376.92;2296.10;-1080.82;0.00
0.24;9.51;44.36;3549.15;1904.22;-1644.94;0.00
0.21;10.66;35.32;2825.29;1801.06;-1024.23;0.00
0.21;9.87;43.88;3510.72;1784.74;-1725.97;0.00
0.22;10.33;46.85;3747.80;1846.84;-1900.95;0.00
0.26;10.02;40.67;3253.72;2063.25;-1190.47;0.00
0.23;11.52;38.56;3084.48;1942.97;-1141.51;0.00
0.24;9.89;43.20;3456.19;1934.48;-1521.71;0.00
0.27;9.58;38.81;3104.90;2079.84;-1025.06;0.00
0.26;11.40;51.58;4126.72;2144.38;-1982.34;0.00
0.26;9.78;40.78;3262.52;2024.78;-1237.74;0.00
0.26;9.39;44.81;3584.76;2007.37;-1577.40;0.00
0.25;10.05;40.89;3271.55;1999.48;-1272.08;0.00
0.22;8.49;33.41;2673.06;1714.05;-959.01;0.00
0.24;10.35;40.20;3216.37;1954.05;-1262.32;0.00
0.24;10.55;40.27;3221.84;1966.44;-1255.39;0.00
0.25;9.22;38.79;3103.53;1971.32;-1132.20;0.00
0.22;9.83;42.37;3389.40;1807.33;-1582.07;0.00
0.25;8.86;47.32;3785.57;1943.61;-1841.96;0.00
0.21;10.82;30.65;2452.14;1801.79;-650.35;0.00
0.26;10.71;37.28;2982.41;2121.68;-860.72;0.00
0.22;10.38;39.58;3166.77;1831.07;-1335.71;0.00
0.28;8.62;34.33;2746.79;2095.36;-651.44;0.00
0.21;10.97;43.37;3469.26;1793.88;-1675.38;0.00
0.23;11.87;36.22;2897.21;2011.27;-885.93;0.00
0.32;9.86;39.85;3187.98;2399.04;-788.93;0.00
0.23;9.93;42.12;3369.96;1889.22;-1480.74;0.00
0.23;10.57;41.30;3303.86;1927.84;-1376.02;0.00
0.26;10.36;47.16;3772.47;2075.82;-1696.65;0.00
0.28;10.94;34.74;2779.39;2222.25;-557.14;0.00
0.29;9.81;45.03;3602.04;2234.32;-1367.72;0.00
0.30;8.31;43.19;3455.26;2180.04;-1275.22;0.00
0.25;10.96;41.49;3318.81;2026.53;-1292.28;0.00
0.28;9.21;41.70;3336.39;2119.13;-1217.26;0.00
0.27;10.42;43.04;3442.88;2155.30;-1287.58;0.00
0.21;10.78;41.00;3280.33;1796.00;-1484.33;0.00
0.24;9.34;35.88;2870.57;1895.42;-975.15;0.00
0.30;10.01;37.52;3001.20;2270.59;-730.61;0.00
0.23;10.17;44.14;3531.41;1904.54;-1626.87;0.00
0.23;12.96;37.83;3026.39;2051.31;-975.08;0.00
0.30;10.43;44.06;3524.91;2319.04;-1205.87;0.00
0.27;12.35;30.98;2478.03;2252.87;-225.16;0.00
0.23;8.92;38.44;3075.56;1803.53;-1272.02;0.00
0.26;8.91;39.97;3197.23;1991.95;-1205.28;0.00
0.26;9.48;41.41;3313.11;2010.72;-1302.38;0.00
0.24;10.08;46.46;3716.84;1916.85;-1799.99;0.00
0.23;10.48;36.20;2895.88;1890.66;-1005.22;0.00
0.24;11.49;35.67;2853.87;1996.41;-857.47;0.00
0.24;8.84;48.22;3857.89;1896.90;-1960.99;0.00
0.25;11.32;45.99;3679.08;2068.95;-1610.13;0.00
0.24;9.62;36.37;2909.95;1934.83;-975.11;0.00
0.21;9.15;35.28;2822.09;1731.07;-1091.02;0.00
0.27;10.24;39.44;3155.45;2143.68;-1011.77;0.00
0.22;9.49;39.79;3183.23;1793.91;-1389.32;0.00
0.25;8.90;38.11;3049.00;1938.63;-1110.37;0.00
0.28;10.11;35.52;2841.72;2207.36;-634.36;0.00
0.21;9.80;42.61;3408.42;1737.48;-1670.93;0.00
0.26;11.95;46.59;3726.83;2144.08;-1582.74;0.00
0.25;8.31;40.07;3205.39;1912.65;-1292.75;0.00
0.23;8.47;37.07;2965.21;1798.08;-1167.13;0.00
0.22;9.16;41.69;3335.34;1803.38;-1531.96;0.00
0.26;10.87;45.14;3611.41;2124.06;-1487.35;0.00
0.24;9.91;48.21;3856.72;1956.17;-1900.55;0.00
0.26;9.48;34.97;2797.30;2046.30;-750.99;0.00
0.26;10.61;38.59;3087.24;2083.72;-1003.52;0.00
0.23;12.13;47.32;3785.63;1982.55;-1803.08;0.00
0.22;9.23;44.37;3549.21;1764.29;-1784.92;0.00
0.22;10.85;45.79;3663.45;1894.40;-1769.04;0.00
0.24;9.12;44.33;3546.27;1869.83;-1676.44;0.00
0.22;8.53;39.42;3153.91;1749.57;-1404.34;0.00
0.24;10.89;40.71;3256.63;1959.22;-1297.40;0.00
0.22;8.39;37.21;2976.68;1727.71;-1248.96;0.00
0.24;8.97;51.28;4102.07;1901.57;-2200.50;0.00
0.24;10.23;43.31;3464.88;1939.15;-1525.73;0.00
0.24;10.05;46.62;3729.46;1965.36;-1764.10;0.00
0.22;10.28;41.62;3329.77;1825.03;-1504.75;0.00
0.26;10.93;40.00;3200.11;2105.27;-1094.84;0.00
0.20;13.32;51.54;4123.18;1909.76;-2213.42;0.00
0.25;8.55;38.16;3052.78;1923.03;-1129.75;0.00
0.27;11.56;33.73;2698.54;2217.32;-481.22;0.00
0.26;10.40;41.87;3349.71;2088.11;-1261.61;0.00
0.28;9.54;38.77;3101.66;2157.05;-944.61;0.00
0.21;8.26;50.40;4031.62;1656.01;-2375.61;0.00
0.23;9.08;43.88;3510.71;1818.14;-1692.57;0.00
0.26;8.77;33.48;2678.75;1987.19;-691.56;0.00
0.26;11.69;42.73;3418.35;2133.62;-1284.72;0.00
0.23;10.37;40.81;3264.56;1922.11;-1342.45;0.00
0.29;12.05;34.84;2787.35;2347.43;-439.93;0.00
0.22;8.65;41.55;3323.83;1769.78;-1554.05;0.00
0.25;8.88;46.99;3759.03;1924.99;-1834.04;0.00
0.25;10.19;41.00;3280.19;2025.58;-1254.61;0.00
0.25;10.04;36.48;2918.31;1974.12;-944.19;0.00
0.23;8.95;39.72;3177.38;1847.06;-1330.32;0.00
0.23;13.71;38.31;3064.53;2071.40;-993.13;0.00
0.26;11.46;45.50;3639.79;2131.49;-1508.31;0.00
0.24;9.47;40.65;3251.84;1926.67;-1325.17;0.00
0.25;9.59;34.77;2781.21;1999.54;-781.67;0.00
0.26;10.35;44.98;3598.43;2102.53;-1495.90;0.00
0.27;9.85;40.11;3208.48;2110.53;-1097.96;0.00
0.21;12.68;40.20;3216.26;1933.94;-1282.32;0.00
0.24;10.44;33.43;2674.54;1941.95;-732.60;0.00
0.23;11.26;43.91;3512.63;1966.21;-1546.42;0.00
0.25;11.03;43.75;3499.75;2060.88;-1438.87;0.00
0.26;9.94;48.90;3912.23;2071.92;-1840.30;0.00
0.21;10.08;42.97;3437.70;1756.70;-1681.01;0.00
0.25;9.64;36.77;2941.65;2005.12;-936.53;0.00
0.27;9.62;40.05;3203.62;2119.99;-1083.64;0.00
0.27;10.74;33.70;2695.79;2164.55;-531.24;0.00
0.24;11.27;40.94;3274.85;1993.67;-1281.18;0.00
0.23;10.58;48.88;3910.76;1915.15;-1995.61;0.00
0.25;11.83;40.54;3243.44;2076.81;-1166.63;0.00
0.27;11.70;33.91;2712.79;2198.46;-514.33;0.00
0.24;10.64;40.34;3227.20;1949.98;-1277.22;0.00
0.26;11.35;41.90;3351.89;2118.52;-1233.37;0.00
0.24;10.32;42.85;3427.64;1950.29;-1477.34;0.00
0.25;9.63;36.00;2879.88;1986.55;-893.33;0.00
0.26;11.83;42.10;3368.38;2178.39;-1189.99;0.00
0.24;11.22;54.03;4322.46;2028.81;-2293.65;0.00
0.23;10.19;40.58;3246.24;1866.94;-1379.30;0.00
0.24;11.28;46.68;3734.34;2004.15;-1730.19;0.00
0.26;11.98;34.21;2736.90;2181.28;-555.61;0.00
0.31;7.85;39.08;3126.34;2255.07;-871.27;0.00
0.24;11.58;32.23;2578.54;2038.16;-540.38;0.00
0.23;10.17;41.93;3354.44;1895.10;-1459.34;0.00
0.23;10.23;34.53;2762.06;1903.09;-858.97;0.00
0.25;7.60;40.98;3278.45;1886.73;-1391.72;0.00
0.24;10.47;36.62;2929.81;1993.69;-936.12;0.00
0.22;8.93;44.68;3574.79;1750.87;-1823.92;0.00
0.25;11.35;44.25;3539.90;2068.45;-1471.45;0.00
0.23;11.23;33.60;2688.02;1976.25;-711.77;0.00
0.25;8.98;39.80;3183.96;1925.61;-1258.35;0.00
0.25;8.12;42.80;3423.98;1888.63;-1535.35;0.00
0.29;9.92;48.56;3884.64;2212.10;-1672.54;0.00
0.23;10.39;40.19;3214.81;1930.27;-1284.55;0.00
0.23;10.55;45.48;3638.16;1885.75;-1752.41;0.00
0.24;13.00;44.42;3553.83;2124.62;-1429.21;0.00
0.26;8.44;41.88;3350.70;1964.60;-1386.10;0.00
0.25;8.27;36.25;2900.38;1897.08;-1003.30;0.00
0.25;10.62;50.03;4002.34;2050.22;-1952.12;0.00
0.22;9.57;34.21;2736.46;1820.60;-915.86;0.00
0.21;8.02;45.21;3616.89;1660.21;-1956.68;0.00
0.23;10.59;42.35;3387.90;1903.74;-1484.16;0.00
0.21;10.92;38.01;3040.96;1790.00;-1250.96;0.00
0.23;10.84;30.15;2411.70;1907.69;-504.01;0.00
0.21;9.32;43.94;3514.81;1730.90;-1783.92;0.00
0.23;11.39;40.68;3254.52;1967.15;-1287.36;0.00
0.27;8.95;33.51;2680.61;2031.72;-648.89;0.00
0.25;7.71;41.80;3344.05;1900.00;-1444.05;0.00
0.28;10.89;36.95;2955.61;2206.66;-748.95;0.00
0.23;10.20;42.14;3370.92;1868.30;-1502.62;0.00
0.25;8.48;46.88;3750.11;1920.99;-1829.12;0.00
0.25;9.34;37.10;2967.75;1959.92;-1007.83;0.00
0.26;11.16;37.59;3007.44;2125.36;-882.09;0.00
0.26;11.43;35.01;2800.73;2114.50;-686.23;0.00
0.25;10.76;36.23;2898.77;2040.63;-858.14;0.00
0.22;9.99;32.01;2560.69;1809.97;-750.72;0.00
0.27;10.70;37.31;2984.50;2167.31;-817.18;0.00
0.27;10.92;42.15;3372.17;2142.15;-1230.02;0.00
0.24;11.07;33.11;2649.02;1984.32;-664.70;0.00
0.25;11.10;36.81;2944.68;2031.04;-913.64;0.00
0.26;11.02;33.32;2665.70;2085.60;-580.09;0.00
0.26;10.31;47.92;3833.83;2049.72;-1784.11;0.00
0.23;8.94;35.58;2846.25;1836.92;-1009.33;0.00
0.21;9.08;45.29;3622.99;1741.39;-1881.60;0.00
0.20;12.41;48.36;3868.57;1849.36;-2019.20;0.00
0.23;10.56;36.33;2906.27;1917.91;-988.36;0.00
0.27;9.05;44.63;3570.36;2035.18;-1535.18;0.00
0.24;9.46;28.80;2304.07;1884.06;-420.01;0.00
0.30;8.08;43.50;3480.37;2191.41;-1288.96;0.00
0.25;11.89;37.03;2962.56;2100.56;-862.00;0.00
0.27;9.32;39.05;3123.72;2075.61;-1048.11;0.00
0.22;10.48;41.60;3328.14;1873.72;-1454.41;0.00
0.29;10.11;39.50;3159.68;2232.08;-927.60;0.00
0.24;11.62;38.54;3082.84;2012.58;-1070.26;0.00
0.27;9.57;43.22;3457.66;2085.95;-1371.71;0.00
0.19;11.31;47.45;3795.80;1722.50;-2073.30;0.00
0.28;10.80;45.45;3636.13;2207.29;-1428.84;0.00
0.25;8.40;34.24;2739.51;1903.11;-836.40;0.00
0.22;9.61;36.41;2913.11;1819.82;-1093.29;0.00
0.29;12.30;37.58;3006.70;2329.31;-677.39;0.00
0.23;10.44;42.52;3401.34;1896.78;-1504.56;0.00
0.25;8.46;45.37;3629.86;1899.86;-1730.00;0.00
0.24;10.34;37.58;3006.29;1951.89;-1054.40;0.00
0.23;9.68;49.64;3970.92;1854.57;-2116.35;0.00
0.24;10.20;39.49;3158.99;1944.57;-1214.43;0.00
0.23;9.95;41.85;3347.74;1892.61;-1455.12;0.00
0.27;10.97;36.45;2916.01;2171.64;-744.37;0.00
0.21;10.89;45.88;3670.19;1795.32;-1874.88;0.00
0.25;9.56;41.74;3339.46;1960.33;-1379.13;0.00
0.25;12.55;30.29;2423.23;2131.31;-291.91;0.00
0.25;10.64;40.18;3214.16;2027.68;-1186.48;0.00
0.22;10.29;34.01;2721.16;1846.07;-875.09;0.00
0.28;9.55;33.01;2640.94;2130.66;-510.28;0.00
0.27;9.97;44.04;3523.13;2133.05;-1390.08;0.00
0.27;11.45;37.38;2990.01;2181.98;-808.03;0.00
0.26;10.15;48.58;3886.21;2090.60;-1795.61;0.00
0.26;8.32;34.40;2751.83;1951.14;-800.69;0.00
0.21;11.57;44.56;3565.00;1847.44;-1717.57;0.00
0.23;11.13;38.33;3066.40;1961.42;-1104.99;0.00
0.26;10.07;44.15;3531.91;2039.61;-1492.30;0.00
0.25;11.46;41.38;3310.48;2066.09;-1244.39;0.00
0.26;9.14;40.17;3213.43;1984.55;-1228.89;0.00
0.24;11.33;37.38;2990.36;1992.10;-998.25;0.00
0.26;9.58;44.26;3540.97;2057.48;-1483.48;0.00
0.23;12.36;47.59;3806.86;2006.09;-1800.77;0.00
0.19;10.91;46.47;3717.44;1688.96;-2028.49;0.00
0.26;10.78;43.18;3454.76;2120.48;-1334.29;0.00
0.24;9.16;41.99;3359.04;1873.11;-1485.93;0.00
0.28;8.81;41.23;3298.02;2083.71;-1214.31;0.00
0.23;10.45;36.56;2925.13;1892.51;-1032.63;0.00
0.25;10.26;35.71;2856.84;2019.49;-837.35;0.00
0.27;11.82;45.85;3668.28;2188.55;-1479.73;0.00
0.24;10.05;51.64;4131.54;1940.05;-2191.49;0.00
0.22;10.26;38.85;3107.72;1812.46;-1295.26;0.00
0.20;10.02;47.78;3822.27;1680.62;-2141.65;0.00
0.20;9.77;37.00;2960.35;1689.48;-1270.87;0.00
0.25;10.35;33.89;2711.50;2002.49;-709.00;0.00
0.24;9.67;31.51;2521.05;1933.60;-587.45;0.00
0.26;12.10;40.07;3205.31;2188.91;-1016.41;0.00
0.27;10.93;41.04;3283.21;2166.93;-1116.28;0.00
0.22;11.67;47.90;3832.01;1892.21;-1939.80;0.00
0.26;11.15;34.99;2799.43;2133.02;-666.41;0.00
0.29;11.27;40.91;3272.85;2274.99;-997.86;0.00
0.22;9.57;33.77;2701.50;1810.47;-891.03;0.00
0.25;11.34;37.71;3016.46;2088.50;-927.96;0.00
0.24;10.80;37.39;2990.86;1972.50;-1018.35;0.00
0.23;11.10;41.05;3283.98;1938.19;-1345.79;0.00
0.24;11.32;49.41;3952.77;2030.56;-1922.21;0.00
0.25;11.22;31.52;2521.36;2076.77;-444.59;0.00
0.24;7.99;35.19;2815.07;1828.44;-986.63;0.00
0.25;10.43;30.69;2455.38;2049.71;-405.67;0.00
0.26;9.75;45.48;3638.08;2035.17;-1602.91;0.00
0.26;9.05;44.61;3568.64;2030.49;-1538.16;0.00
0.27;11.90;36.45;2916.14;2201.90;-714.24;0.00
0.26;10.93;35.01;2801.15;2126.30;-674.85;0.00
0.23;9.21;38.18;3054.14;1850.15;-1203.99;0.00
0.23;9.25;39.50;3160.23;1828.86;-1331.36;0.00
0.23;10.09;35.33;2826.07;1864.00;-962.07;0.00
0.25;10.97;42.82;3425.30;2058.14;-1367.17;0.00
0.24;9.53;40.26;3220.96;1899.89;-1321.07;0.00
0.24;10.54;39.64;3171.58;1952.90;-1218.68;0.00
0.27;11.11;40.81;3264.48;2170.83;-1093.64;0.00
0.21;10.70;40.66;3253.03;1805.30;-1447.73;0.00
0.25;12.60;35.01;2801.18;2132.82;-668.36;0.00
0.27;11.10;47.34;3787.54;2194.49;-1593.05;0.00
0.22;10.61;39.06;3124.59;1861.63;-1262.96;0.00
0.22;8.24;41.22;3297.62;1727.23;-1570.39;0.00
0.27;10.34;42.78;3422.11;2110.19;-1311.92;0.00
0.25;10.16;36.14;2891.19;2030.03;-861.16;0.00
0.23;9.93;40.10;3207.96;1862.46;-1345.50;0.00
0.28;12.32;34.55;2763.64;2276.78;-486.87;0.00
0.22;11.53;39.02;3121.99;1931.17;-1190.82;0.00
0.29;11.00;40.10;3208.17;2257.73;-950.44;0.00
0.22;10.37;41.91;3353.07;1854.15;-1498.91;0.00
0.27;10.45;49.39;3951.32;2117.20;-1834.12;0.00
0.27;10.33;36.19;2894.90;2151.44;-743.46;0.00
0.28;11.11;42.49;3399.18;2232.80;-1166.38;0.00
0.23;8.67;42.45;3395.61;1830.43;-1565.18;0.00
0.25;8.14;44.25;3540.18;1906.99;-1633.19;0.00
0.30;10.37;45.63;3650.27;2332.35;-1317.93;0.00
0.26;10.92;37.22;2977.69;2113.55;-864.14;0.00
0.24;9.08;35.85;2868.30;1899.64;-968.66;0.00
0.25;11.03;47.56;3804.52;2038.03;-1766.49;0.00
0.23;10.58;44.59;3567.44;1928.22;-1639.22;0.00
0.27;8.22;35.64;2851.53;1993.82;-857.71;0.00
0.26;8.73;42.01;3361.05;1958.73;-1402.32;0.00
0.28;10.27;40.19;3215.33;2193.86;-1021.47;0.00
0.26;11.08;43.74;3498.92;2130.58;-1368.34;0.00
0.28;10.24;37.82;3025.82;2192.42;-833.40;0.00
0.25;8.51;39.59;3167.03;1926.20;-1240.82;0.00
0.26;10.28;39.33;3146.77;2085.48;-1061.29;0.00
0.25;10.23;36.80;2943.89;1984.52;-959.37;0.00
0.22;11.91;38.08;3046.75;1934.36;-1112.39;0.00
0.27;11.85;43.79;3502.82;2232.07;-1270.74;0.00
0.25;10.49;35.95;2875.73;2046.71;-829.01;0.00
