# X_0;X_1;X_2;R_0;S_0;G_0;I_0
0.22;7.02;43.08;3446.55;1652.29;-1794.26;0.00
0.25;10.94;43.55;3484.03;2036.65;-1447.39;0.00
0.20;10.07;36.46;2916.40;1719.50;-1196.90;0.00
0.26;10.30;49.41;3952.61;2091.73;-1860.88;0.00
0.25;9.74;40.27;3221.76;1964.08;-1257.68;0.00
0.22;9.83;43.24;3459.51;1803.04;-1656.46;0.00
0.27;8.41;34.53;2762.53;2027.09;-735.44;0.00
0.25;11.15;44.70;3576.00;2088.62;-1487.38;0.00
0.24;11.09;36.22;2897.68;1982.59;-915.09;0.00
0.24;10.62;35.99;2879.39;1967.48;-911.91;0.00
0.23;11.58;41.13;3290.16;1990.46;-1299.70;0.00
0.30;10.27;36.03;2882.55;2331.23;-551.32;0.00
0.28;8.99;47.51;3801.03;2118.00;-1683.03;0.00
0.25;9.51;37.72;3017.47;1984.17;-1033.30;0.00
0.25;11.25;35.42;2833.57;2043.41;-790.15;0.00
0.22;10.58;31.26;2500.78;1850.35;-650.43;0.00
0.25;10.65;33.49;2679.23;2011.47;-667.76;0.00
0.26;10.11;36.11;2889.02;2055.92;-833.10;0.00
0.21;12.89;41.41;3312.46;1933.61;-1378.85;0.00
0.25;10.43;44.39;3551.07;2001.93;-1549.14;0.00
0.26;10.91;41.45;3316.27;2122.52;-1193.76;0.00
0.26;10.70;36.27;2901.47;2077.56;-823.91;0.00
0.24;10.29;39.32;3145.20;1934.83;-1210.37;0.00
0.27;10.25;44.03;3522.47;2129.83;-1392.63;0.00
0.24;9.40;43.65;3492.33;1890.55;-1601.78;0.00
0.26;9.66;30.42;2433.71;2014.10;-419.60;0.00
0.24;9.26;38.04;3042.87;1916.47;-1126.39;0.00
0.21;9.34;35.89;2871.28;1710.16;-1161.12;0.00
0.27;9.31;33.21;2656.46;2050.55;-605.91;0.00
0.26;11.02;40.04;3203.06;2116.33;-1086.73;0.00
0.25;9.61;45.06;3605.03;1971.92;-1633.11;0.00
0.24;9.71;41.83;3346.54;1921.59;-1424.95;0.00
0.25;10.03;43.09;3447.09;2008.66;-1438.43;0.00
0.23;10.99;47.23;3778.79;1928.24;-1850.55;0.00
0.30;8.25;40.87;3269.57;2174.68;-1094.89;0.00
0.25;9.98;35.71;2856.60;1993.42;-863.18;0.00
0.24;11.81;41.28;3302.66;2052.32;-1250.34;0.00
0.22;10.37;43.00;3440.30;1846.10;-1594.21;0.00
0.24;11.58;44.71;3576.91;2038.57;-1538.34;0.00
0.25;9.88;40.07;3205.89;1969.81;-1236.08;0.00
0.28;9.19;44.60;3567.89;2122.24;-1445.66;0.00
0.21;11.25;31.70;2536.33;1815.40;-720.93;0.00
0.24;11.86;36.27;2901.58;2021.11;-880.47;0.00
0.25;11.95;38.64;3091.42;2083.55;-1007.87;0.00
0.29;10.16;37.08;2966.23;2222.95;-743.28;0.00
0.27;11.00;41.25;3299.86;2192.97;-1106.89;0.00
0.30;11.47;39.89;3191.14;2356.30;-834.84;0.00
0.21;11.77;44.50;3560.12;1852.34;-1707.78;0.00
0.25;10.59;40.16;3212.85;2014.54;-1198.31;0.00
0.20;8.21;36.20;2895.97;1631.67;-1264.30;0.00
0.22;8.53;46.93;3754.16;1719.49;-2034.67;0.00
0.26;10.00;38.31;3064.95;2028.18;-1036.77;0.00
0.28;10.24;42.32;3385.58;2169.32;-1216.26;0.00
0.23;9.64;43.27;3461.69;1887.48;-1574.22;0.00
0.24;9.38;44.01;3521.00;1934.76;-1586.24;0.00
0.27;10.45;40.59;3246.90;2166.63;-1080.27;0.00
0.27;9.76;37.37;2989.48;2110.57;-878.91;0.00
0.25;10.31;41.54;3323.22;2002.32;-1320.90;0.00
0.27;11.49;36.24;2899.54;2196.11;-703.44;0.00
0.22;9.61;45.80;3663.96;1783.96;-1880.00;0.00
0.22;10.55;40.50;3239.77;1874.21;-1365.56;0.00
0.24;10.42;43.96;3516.75;1939.44;-1577.30;0.00
0.24;10.62;42.09;3367.10;1980.79;-1386.31;0.00
0.24;10.59;39.93;3194.78;1987.77;-1207.01;0.00
0.26;10.87;43.65;3491.77;2116.37;-1375.40;0.00
0.23;11.45;39.32;3145.84;1976.39;-1169.45;0.00
0.29;10.85;44.11;3529.08;2259.78;-1269.31;0.00
0.21;8.41;45.98;3678.72;1683.45;-1995.28;0.00
0.22;10.17;38.86;3108.88;1852.62;-1256.25;0.00
0.26;11.23;33.77;2701.20;2106.89;-594.31;0.00
0.25;10.27;37.74;3019.12;2028.34;-990.78;0.00
0.29;9.47;32.36;2588.98;2177.23;-411.75;0.00
0.27;10.45;45.15;3612.00;2133.96;-1478.04;0.00
0.21;10.87;41.61;3329.02;1784.93;-1544.09;0.00
0.29;10.00;40.82;3265.47;2243.20;-1022.28;0.00
0.28;10.06;42.71;3416.69;2166.49;-1250.20;0.00
0.23;10.24;34.74;2779.41;1898.31;-881.10;0.00
0.27;10.12;41.76;3340.84;2121.17;-1219.67;0.00
0.26;10.28;36.86;2948.74;2089.46;-859.28;0.00
0.23;10.19;36.78;2942.06;1870.57;-1071.49;0.00
0.26;8.39;42.30;3383.98;1955.26;-1428.72;0.00
0.28;8.26;36.55;2924.19;2087.99;-836.20;0.00
0.22;12.14;36.22;2897.77;1957.99;-939.78;0.00
0.25;9.53;39.16;3132.55;1967.19;-1165.36;0.00
0.24;11.44;41.43;3314.16;2025.53;-1288.63;0.00
0.26;10.73;44.68;3574.21;2075.76;-1498.44;0.00
0.23;9.27;37.62;3009.53;1847.20;-1162.33;0.00
0.22;11.13;44.67;3573.30;1865.48;-1707.82;0.00
0.25;10.50;46.83;3746.44;2020.46;-1725.98;0.00
0.26;11.05;44.13;3530.20;2139.54;-1390.66;0.00
0.25;9.45;41.79;3343.30;1945.01;-1398.29;0.00
0.23;10.13;32.08;2566.47;1872.30;-694.18;0.00
0.24;11.00;42.35;3387.98;1985.82;-1402.17;0.00
0.24;10.00;42.79;3423.42;1937.33;-1486.09;0.00
0.25;10.68;42.30;3384.18;2037.49;-1346.69;0.00
0.22;11.09;47.63;3810.76;1898.32;-1912.44;0.00
0.24;11.09;39.09;3127.30;1970.45;-1156.84;0.00
0.27;10.70;39.25;3139.83;2123.79;-1016.05;0.00
0.23;10.25;44.33;3546.06;1881.81;-1664.25;0.00
0.25;10.10;38.16;3052.46;1987.05;-1065.40;0.00
0.25;9.08;38.97;3117.78;1956.65;-1161.14;0.00
0.25;10.47;45.84;3666.95;2030.47;-1636.49;0.00
0.26;12.00;35.31;2824.74;2149.76;-674.98;0.00
0.26;11.91;33.97;2717.94;2135.85;-582.09;0.00
0.23;9.90;37.47;2997.74;1882.54;-1115.20;0.00
0.26;10.67;42.66;3412.57;2100.98;-1311.59;0.00
0.25;8.94;36.70;2935.99;1967.84;-968.15;0.00
0.23;10.56;42.74;3418.90;1928.31;-1490.59;0.00
0.22;11.07;39.81;3184.89;1877.76;-1307.13;0.00
0.25;10.91;35.38;2830.62;2052.68;-777.94;0.00
0.28;10.77;40.13;3210.32;2202.11;-1008.21;0.00
0.26;10.88;45.56;3644.62;2082.14;-1562.48;0.00
0.23;10.23;36.86;2948.71;1882.73;-1065.98;0.00
0.25;9.92;40.87;3269.93;1993.63;-1276.30;0.00
0.28;9.82;37.98;3038.57;2183.33;-855.23;0.00
0.29;10.81;37.97;3037.81;2273.23;-764.59;0.00
0.26;10.69;31.78;2542.22;2119.36;-422.86;0.00
0.31;10.03;46.79;3742.92;2321.77;-1421.15;0.00
0.23;11.19;32.07;2565.50;1939.50;-626.00;0.00
0.24;11.16;36.16;2892.56;2023.53;-869.03;0.00
0.25;8.56;25.61;2048.85;1928.65;-120.20;0.00
0.27;9.09;36.32;2905.92;2087.58;-818.34;0.00
0.31;11.68;41.58;3326.27;2453.12;-873.15;0.00
0.26;10.08;45.17;3613.90;2066.07;-1547.83;0.00
0.23;10.42;46.40;3712.12;1900.41;-1811.72;0.00
0.26;11.52;47.29;3783.22;2156.01;-1627.20;0.00
0.24;10.45;34.16;2732.63;1960.73;-771.89;0.00
0.24;10.16;41.63;3330.59;1954.40;-1376.19;0.00
0.28;11.72;41.92;3353.85;2284.48;-1069.37;0.00
0.28;8.00;39.33;3146.66;2077.99;-1068.67;0.00
0.27;9.09;38.21;3057.06;2066.62;-990.44;0.00
0.24;9.17;45.66;3652.47;1902.25;-1750.22;0.00
0.24;7.92;33.75;2699.80;1798.79;-901.01;0.00
0.23;9.91;36.70;2935.94;1872.98;-1062.97;0.00
0.25;11.32;34.90;2791.83;2043.88;-747.95;0.00
0.22;11.99;42.10;3367.76;1958.36;-1409.39;0.00
0.23;9.15;39.82;3185.64;1835.90;-1349.74;0.00
0.26;10.58;38.17;3053.87;2112.30;-941.56;0.00
0.25;11.21;47.97;3837.81;2050.78;-1787.02;0.00
0.28;9.82;41.20;3296.20;2183.67;-1112.52;0.00
0.22;8.63;42.34;3387.10;1732.27;-1654.83;0.00
0.24;10.45;40.64;3251.48;1943.34;-1308.14;0.00
0.26;9.82;38.84;3107.04;2046.60;-1060.44;0.00
0.24;9.65;36.58;2926.44;1937.97;-988.47;0.00
0.25;12.45;39.21;3136.61;2105.83;-1030.78;0.00
0.22;10.78;44.33;3546.01;1853.37;-1692.65;0.00
0.23;10.71;35.28;2822.54;1913.21;-909.32;0.00
0.25;10.02;37.07;2965.52;2014.28;-951.24;0.00
0.23;8.86;34.81;2784.95;1818.57;-966.38;0.00
0.26;12.03;41.52;3321.27;2158.77;-1162.50;0.00
0.23;10.35;32.04;2563.28;1916.65;-646.62;0.00
0.27;9.61;45.53;3642.04;2110.36;-1531.67;0.00
0.23;8.58;38.74;3099.33;1780.37;-1318.96;0.00
0.26;9.04;39.92;3193.29;2002.99;-1190.31;0.00
0.26;11.35;45.62;3649.28;2124.52;-1524.76;0.00
0.24;10.24;33.57;2685.32;1953.48;-731.84;0.00
0.23;8.38;42.46;3396.68;1765.54;-1631.14;0.00
0.23;11.17;41.66;3332.98;1954.20;-1378.78;0.00
0.29;10.91;46.93;3754.32;2306.90;-1447.42;0.00
0.27;11.66;46.75;3739.90;2231.63;-1508.28;0.00
0.29;9.55;43.48;3478.45;2217.97;-1260.47;0.00
0.25;9.37;43.59;3487.46;1979.06;-1508.40;0.00
0.29;9.28;45.30;3624.34;2167.57;-1456.78;0.00
0.25;11.09;49.45;3956.17;2035.58;-1920.59;0.00
0.30;10.60;34.43;2754.30;2347.18;-407.12;0.00
0.24;9.57;39.88;3190.38;1934.92;-1255.47;0.00
0.27;9.28;43.60;3487.76;2066.80;-1420.96;0.00
0.26;9.12;37.11;2968.49;2005.98;-962.51;0.00
0.25;9.50;32.94;2635.44;1998.16;-637.28;0.00
0.23;11.45;26.48;2118.45;1945.20;-173.25;0.00
0.21;10.62;39.37;3149.63;1821.96;-1327.66;0.00
0.27;11.56;36.94;2955.30;2172.78;-782.53;0.00
0.29;10.38;30.50;2439.76;2256.16;-183.60;0.00
0.24;9.88;42.02;3361.74;1905.99;-1455.75;0.00
0.23;9.41;36.70;2935.72;1836.98;-1098.74;0.00
0.26;11.86;46.48;3718.02;2167.15;-1550.86;0.00
0.24;9.88;43.94;3515.22;1955.72;-1559.51;0.00
0.27;10.61;35.94;2875.15;2143.68;-731.47;0.00
0.26;10.27;36.83;2946.76;2093.46;-853.30;0.00
0.25;10.36;39.62;3169.67;2029.79;-1139.88;0.00
0.25;8.85;32.46;2596.44;1955.75;-640.70;0.00
0.23;11.30;36.44;2915.26;1954.46;-960.79;0.00
0.28;10.34;37.94;3034.89;2174.97;-859.93;0.00
0.22;10.62;38.63;3090.09;1846.23;-1243.85;0.00
0.27;9.02;37.08;2966.18;2071.83;-894.36;0.00
0.24;11.42;38.67;3093.30;2028.41;-1064.89;0.00
0.22;11.86;35.06;2804.94;1911.72;-893.22;0.00
0.26;11.97;43.46;3477.15;2173.55;-1303.60;0.00
0.21;11.21;39.18;3134.77;1809.37;-1325.40;0.00
0.28;11.11;32.52;2601.30;2225.68;-375.62;0.00
0.34;10.11;39.54;3162.89;2524.56;-638.33;0.00
0.28;9.25;40.68;3254.58;2132.99;-1121.59;0.00
0.24;11.92;37.20;2976.35;2023.22;-953.13;0.00
0.24;10.93;43.16;3453.06;1969.21;-1483.85;0.00
0.27;8.60;38.13;3050.07;2036.78;-1013.29;0.00
0.29;15.13;38.27;3061.70;2491.95;-569.76;0.00
0.24;9.19;43.09;3447.01;1907.69;-1539.32;0.00
0.25;13.24;43.57;3485.57;2169.22;-1316.35;0.00
0.27;10.93;39.21;3136.80;2179.88;-956.92;0.00
0.26;8.98;40.43;3234.58;2008.29;-1226.29;0.00
0.22;9.68;34.01;2720.70;1810.52;-910.18;0.00
0.24;9.27;42.82;3425.41;1884.35;-1541.06;0.00
0.24;10.37;38.43;3074.60;1971.03;-1103.57;0.00
0.24;10.80;45.04;3603.57;1959.57;-1644.01;0.00
0.26;12.36;34.45;2755.88;2186.78;-569.10;0.00
0.24;10.24;44.62;3569.38;1979.69;-1589.70;0.00
0.27;11.86;39.88;3190.25;2199.61;-990.64;0.00
0.28;9.80;37.91;3032.58;2153.60;-878.98;0.00
0.26;10.17;46.39;3711.54;2080.35;-1631.19;0.00
0.27;11.09;32.80;2623.94;2156.95;-467.00;0.00
0.23;11.00;33.88;2710.58;1910.19;-800.39;0.00
0.23;8.14;36.00;2879.70;1804.09;-1075.61;0.00
0.26;8.89;35.01;2800.43;1971.70;-828.73;0.00
0.23;11.63;39.82;3185.38;1956.48;-1228.89;0.00
0.28;9.67;37.97;3037.40;2177.20;-860.20;0.00
0.25;8.63;42.18;3374.63;1913.42;-1461.21;0.00
0.23;10.08;49.64;3970.94;1913.76;-2057.18;0.00
0.26;11.74;47.54;3803.05;2121.80;-1681.25;0.00
0.23;11.82;41.31;3305.17;1993.09;-1312.08;0.00
0.28;10.18;38.49;3078.86;2158.38;-920.48;0.00
0.26;11.21;35.59;2847.42;2121.43;-725.99;0.00
0.27;10.14;35.18;2814.65;2123.25;-691.40;0.00
0.25;10.20;36.64;2931.28;2014.51;-916.78;0.00
0.24;9.65;41.53;3322.28;1938.15;-1384.13;0.00
0.27;8.96;35.31;2824.94;2030.38;-794.56;0.00
0.24;10.58;46.54;3723.56;1969.88;-1753.69;0.00
0.28;8.74;34.52;2761.42;2086.21;-675.21;0.00
0.28;9.03;38.32;3065.33;2097.22;-968.11;0.00
0.25;11.25;40.04;3203.09;2061.93;-1141.16;0.00
0.25;9.28;39.01;3120.65;1977.73;-1142.92;0.00
0.26;12.01;42.88;3430.15;2172.83;-1257.32;0.00
0.28;11.69;39.99;3199.48;2269.73;-929.75;0.00
0.25;11.46;43.09;3447.10;2078.92;-1368.19;0.00
0.28;10.11;42.87;3429.52;2162.97;-1266.55;0.00
0.21;12.23;36.24;2899.39;1885.44;-1013.95;0.00
0.25;11.10;40.53;3242.07;2044.12;-1197.95;0.00
0.22;9.44;43.22;3457.33;1805.06;-1652.27;0.00
0.25;9.39;36.97;2957.67;1950.07;-1007.60;0.00
0.21;10.79;40.20;3216.11;1799.45;-1416.66;0.00
0.26;9.92;48.13;3850.32;2061.37;-1788.95;0.00
0.27;10.68;46.20;3695.94;2130.38;-1565.56;0.00
0.30;10.58;45.06;3604.45;2350.21;-1254.24;0.00
0.21;10.45;40.22;3217.36;1814.99;-1402.37;0.00
0.24;10.04;39.73;3178.07;1943.45;-1234.62;0.00
0.24;9.37;42.01;3361.16;1896.97;-1464.20;0.00
0.23;10.33;37.01;2961.09;1886.29;-1074.80;0.00
0.29;8.98;43.14;3451.14;2171.79;-1279.36;0.00
0.24;10.50;29.42;2353.68;1985.38;-368.30;0.00
0.26;9.70;50.46;4037.07;2015.16;-2021.91;0.00
0.22;10.27;36.13;2890.72;1829.05;-1061.68;0.00
0.26;9.22;33.44;2675.10;2041.37;-633.73;0.00
0.28;9.78;37.05;2963.69;2172.31;-791.39;0.00
0.24;8.91;44.50;3560.26;1878.70;-1681.56;0.00
0.20;12.11;41.13;3290.03;1837.19;-1452.84;0.00
0.30;10.64;40.97;3277.47;2335.01;-942.46;0.00
0.19;9.41;39.85;3188.31;1638.35;-1549.95;0.00
0.28;9.36;36.41;2912.64;2137.79;-774.85;0.00
0.27;10.74;40.99;3279.03;2130.44;-1148.59;0.00
0.27;8.13;38.83;3106.76;1985.88;-1120.87;0.00
0.24;10.44;34.60;2768.25;1968.07;-800.17;0.00
0.25;11.94;35.36;2828.69;2117.84;-710.86;0.00
0.27;8.80;44.61;3568.98;2022.14;-1546.84;0.00
0.25;10.34;40.02;3201.25;2024.87;-1176.38;0.00
0.22;11.90;48.47;3877.45;1954.73;-1922.72;0.00
0.27;11.44;36.92;2953.32;2166.58;-786.73;0.00
0.26;11.27;53.46;4277.13;2146.92;-2130.21;0.00
0.18;8.73;43.60;3488.34;1519.59;-1968.75;0.00
0.25;9.24;42.35;3388.27;1932.32;-1455.95;0.00
0.25;8.97;38.85;3108.35;1949.52;-1158.83;0.00
0.23;9.52;38.17;3053.73;1876.73;-1177.00;0.00
0.28;9.83;39.24;3139.49;2153.90;-985.59;0.00
0.25;10.26;37.23;2978.46;2017.45;-961.02;0.00
0.26;11.14;23.47;1877.55;2102.35;224.80;1.00
0.25;11.35;39.18;3134.26;2043.67;-1090.58;0.00
0.25;8.16;42.05;3364.25;1926.67;-1437.58;0.00
0.20;8.82;40.60;3247.92;1617.20;-1630.72;0.00
0.24;11.36;40.64;3250.92;2040.50;-1210.42;0.00
0.28;10.22;46.77;3741.22;2181.31;-1559.91;0.00
0.30;9.94;44.14;3531.30;2305.70;-1225.59;0.00
0.25;11.96;34.71;2776.84;2097.53;-679.31;0.00
0.22;10.53;37.41;2992.63;1837.78;-1154.85;0.00
0.28;10.58;37.23;2978.71;2189.08;-789.64;0.00
0.23;9.61;37.78;3022.74;1877.62;-1145.12;0.00
0.24;9.64;45.69;3655.18;1942.82;-1712.36;0.00
0.22;10.77;45.84;3667.28;1888.80;-1778.47;0.00
0.25;9.30;37.24;2979.44;1966.04;-1013.40;0.00
0.26;11.58;35.67;2853.83;2164.22;-689.60;0.00
0.27;8.56;40.54;3242.82;2051.08;-1191.74;0.00
0.20;10.01;35.29;2823.07;1681.56;-1141.51;0.00
0.30;10.29;37.31;2984.89;2332.92;-651.97;0.00
0.24;7.65;45.15;3611.91;1824.55;-1787.36;0.00
0.27;8.66;46.17;3693.76;2020.18;-1673.58;0.00
0.23;10.85;42.51;3400.99;1927.86;-1473.13;0.00
0.26;10.25;40.99;3279.49;2090.96;-1188.52;0.00
0.29;7.13;42.00;3360.35;2086.81;-1273.54;0.00
0.24;8.60;40.62;3249.37;1872.24;-1377.13;0.00
0.25;11.53;35.31;2825.10;2092.44;-732.66;0.00
0.25;10.91;40.39;3230.85;2047.78;-1183.07;0.00
0.28;10.03;43.40;3471.91;2155.36;-1316.55;0.00
0.19;9.79;39.08;3126.74;1634.11;-1492.63;0.00
0.24;10.75;42.16;3372.46;1973.17;-1399.28;0.00
0.27;11.27;35.99;2879.02;2170.26;-708.76;0.00
0.26;10.27;43.21;3456.75;2084.61;-1372.15;0.00
0.29;10.96;41.64;3331.39;2260.72;-1070.67;0.00
0.28;11.15;38.82;3105.38;2216.68;-888.70;0.00
0.26;11.84;38.79;3103.29;2162.94;-940.35;0.00
0.24;10.32;40.90;3271.81;1986.00;-1285.81;0.00
0.24;12.24;42.00;3359.69;2086.70;-1273.00;0.00
0.26;11.07;36.59;2927.17;2089.80;-837.38;0.00
0.24;9.83;37.32;2985.59;1930.60;-1054.98;0.00
0.23;9.89;47.36;3788.96;1873.61;-1915.35;0.00
0.27;11.29;37.08;2966.72;2206.14;-760.57;0.00
0.23;10.76;44.86;3588.41;1934.01;-1654.39;0.00
0.27;11.26;41.56;3324.56;2174.27;-1150.29;0.00
0.19;9.10;37.37;2989.57;1593.62;-1395.95;0.00
0.26;9.26;41.72;3337.33;2002.75;-1334.57;0.00
0.25;9.79;42.72;3417.82;1999.81;-1418.01;0.00
0.28;10.57;44.81;3585.10;2203.12;-1381.98;0.00
0.27;11.40;46.30;3703.79;2186.19;-1517.61;0.00
0.28;10.00;47.12;3769.22;2169.97;-1599.25;0.00
0.29;9.44;43.00;3440.13;2187.33;-1252.80;0.00
0.21;11.23;37.10;2968.29;1845.62;-1122.67;0.00
0.24;10.92;42.12;3369.82;1976.37;-1393.46;0.00
0.25;8.64;42.01;3361.01;1912.78;-1448.23;0.00
0.25;11.08;29.10;2327.93;2054.73;-273.19;0.00
0.23;10.17;38.86;3108.42;1905.18;-1203.24;0.00
0.26;7.96;39.46;3157.04;1919.65;-1237.38;0.00
0.26;9.34;48.48;3878.03;2018.66;-1859.37;0.00
0.26;10.50;36.87;2949.80;2086.63;-863.17;0.00
0.27;9.25;42.41;3392.49;2083.41;-1309.08;0.00
0.25;13.12;34.44;2755.51;2145.09;-610.42;0.00
0.27;11.08;32.71;2617.12;2158.37;-458.75;0.00
0.22;10.75;36.71;2936.87;1884.38;-1052.49;0.00
0.28;10.06;32.06;2565.18;2183.90;-381.29;0.00
0.23;8.63;43.10;3448.21;1820.32;-1627.89;0.00
0.27;10.02;41.12;3289.36;2095.10;-1194.27;0.00
0.30;9.45;40.83;3266.53;2273.16;-993.37;0.00
0.26;10.17;37.09;2967.18;2040.15;-927.02;0.00
0.25;10.04;29.40;2351.94;2003.17;-348.77;0.00
0.23;10.81;45.62;3649.82;1896.68;-1753.14;0.00
0.21;7.93;42.32;3385.61;1673.02;-1712.59;0.00
0.25;6.91;34.04;2723.04;1813.05;-909.99;0.00
0.24;10.12;37.03;2962.03;1971.96;-990.07;0.00
0.21;9.93;35.57;2845.25;1789.31;-1055.93;0.00
0.24;12.16;44.73;3578.57;2050.00;-1528.57;0.00
0.25;11.02;32.20;2576.00;2075.06;-500.94;0.00
0.22;10.63;44.51;3560.77;1840.20;-1720.56;0.00
0.27;8.44;37.88;3030.00;2013.89;-1016.11;0.00
0.26;8.26;40.96;3276.42;1984.91;-1291.50;0.00
0.27;9.35;36.85;2948.05;2107.02;-841.03;0.00
0.29;11.81;38.90;3112.25;2302.34;-809.91;0.00
0.25;8.40;40.95;3276.16;1908.35;-1367.80;0.00
0.24;11.18;35.39;2831.04;2018.10;-812.94;0.00
0.27;11.08;35.79;2863.56;2175.97;-687.59;0.00
0.23;10.90;42.69;3415.00;1955.18;-1459.82;0.00
0.27;9.57;44.84;3587.26;2066.87;-1520.39;0.00
0.24;12.73;34.23;2738.09;2061.18;-676.90;0.00
0.28;10.83;31.57;2525.64;2216.10;-309.53;0.00
0.24;9.25;38.83;3106.22;1927.20;-1179.02;0.00
0.21;10.54;35.92;2873.58;1816.54;-1057.03;0.00
0.26;8.45;44.85;3587.81;1954.42;-1633.39;0.00
0.25;11.57;41.76;3340.66;2090.37;-1250.29;0.00
0.26;9.74;38.41;3072.62;2019.76;-1052.87;0.00
0.24;10.81;35.64;2851.52;1982.91;-868.62;0.00
0.24;9.57;44.54;3562.82;1908.23;-1654.59;0.00
0.25;8.87;44.61;3568.53;1917.85;-1650.68;0.00
0.26;9.66;37.72;3017.65;2020.25;-997.41;0.00
0.22;9.25;43.47;3477.52;1805.21;-1672.31;0.00
0.25;11.15;38.88;3110.35;2059.23;-1051.11;0.00
0.25;9.48;46.34;3707.53;1947.07;-1760.46;0.00
0.28;10.19;44.77;3581.49;2192.48;-1389.02;0.00
0.27;11.23;41.26;3300.40;2179.05;-1121.35;0.00
0.30;8.77;45.42;3633.93;2202.23;-1431.70;0.00
0.23;9.46;47.08;3766.18;1862.33;-1903.86;0.00
0.24;8.38;35.24;2819.60;1831.09;-988.51;0.00
0.31;9.59;40.25;3220.38;2344.28;-876.10;0.00
0.26;8.67;37.91;3032.70;1965.56;-1067.14;0.00
0.27;9.83;38.77;3101.49;2128.17;-973.32;0.00
0.27;11.11;41.94;3355.44;2185.89;-1169.54;0.00
0.26;10.75;46.43;3714.67;2097.04;-1617.62;0.00
0.20;9.87;45.69;3655.45;1714.30;-1941.15;0.00
0.27;11.03;38.89;3111.20;2182.79;-928.42;0.00
0.31;9.13;52.73;4218.58;2288.40;-1930.18;0.00
0.26;10.97;39.18;3134.26;2137.78;-996.49;0.00
0.24;9.82;47.97;3837.33;1914.92;-1922.41;0.00
0.23;9.12;32.93;2634.15;1860.64;-773.51;0.00
0.22;10.17;35.34;2826.98;1804.35;-1022.62;0.00
0.29;12.20;43.91;3513.09;2343.01;-1170.08;0.00
0.24;9.63;38.04;3043.43;1932.25;-1111.18;0.00
0.24;11.43;40.63;3250.68;1997.83;-1252.86;0.00
0.27;9.26;47.13;3770.62;2067.52;-1703.10;0.00
0.28;10.53;40.78;3262.30;2181.33;-1080.97;0.00
0.25;9.99;43.92;3513.85;2024.75;-1489.10;0.00
0.24;10.70;51.05;4083.78;1989.88;-2093.90;0.00
0.24;11.79;36.45;2915.61;2037.89;-877.73;0.00
0.24;10.85;41.90;3351.98;1987.42;-1364.56;0.00
0.19;8.72;35.67;2853.48;1600.52;-1252.96;0.00
0.23;7.64;45.10;3607.67;1740.35;-1867.32;0.00
0.27;11.14;39.15;3132.22;2160.14;-972.08;0.00
0.27;9.64;40.98;3278.06;2080.20;-1197.86;0.00
0.22;10.02;39.59;3167.33;1827.45;-1339.88;0.00
0.24;9.89;38.94;3115.31;1914.88;-1200.43;0.00
0.23;7.70;40.81;3264.49;1784.74;-1479.75;0.00
0.24;7.37;48.65;3892.38;1789.78;-2102.60;0.00
0.26;11.06;41.75;3339.90;2106.11;-1233.78;0.00
0.24;10.24;37.82;3025.56;1972.70;-1052.85;0.00
0.25;9.86;37.11;2968.79;1999.54;-969.25;0.00
0.24;8.49;41.80;3343.93;1859.42;-1484.51;0.00
0.26;8.10;36.15;2892.20;1938.86;-953.34;0.00
0.26;9.66;48.20;3855.79;2013.37;-1842.42;0.00
0.27;8.16;43.10;3448.39;2001.20;-1447.19;0.00
0.22;11.65;43.43;3474.22;1919.64;-1554.57;0.00
0.25;9.09;41.15;3291.85;1931.58;-1360.27;0.00
0.22;12.22;39.67;3173.76;1966.77;-1206.99;0.00
0.24;11.30;35.15;2811.71;2015.16;-796.55;0.00
0.24;11.82;42.88;3430.76;2009.23;-1421.53;0.00
0.25;9.12;48.90;3912.31;1951.33;-1960.98;0.00
0.21;10.87;29.36;2348.68;1832.70;-515.98;0.00
0.26;10.39;34.55;2763.63;2063.84;-699.79;0.00
0.22;8.92;39.76;3180.97;1753.82;-1427.15;0.00
0.26;10.29;43.56;3484.52;2095.77;-1388.75;0.00
0.26;11.10;47.53;3802.32;2109.85;-1692.47;0.00
0.28;10.49;39.07;3125.91;2171.40;-954.52;0.00
0.21;11.66;39.13;3130.04;1882.67;-1247.37;0.00
0.26;9.41;45.20;3615.65;2052.27;-1563.38;0.00
0.26;10.90;43.84;3507.10;2091.44;-1415.66;0.00
0.21;9.50;40.75;3259.92;1751.71;-1508.21;0.00
0.24;8.83;37.38;2990.70;1876.40;-1114.29;0.00
0.25;10.13;41.24;3299.11;2016.94;-1282.18;0.00
0.27;9.59;43.41;3472.92;2068.97;-1403.96;0.00
0.22;10.36;47.50;3799.74;1818.76;-1980.98;0.00
0.22;9.04;35.72;2857.27;1779.94;-1077.33;0.00
0.27;9.65;33.19;2654.99;2084.88;-570.11;0.00
0.25;10.38;37.96;3037.14;2045.18;-991.96;0.00
0.22;9.01;47.78;3822.48;1761.74;-2060.74;0.00
0.27;11.57;47.55;3804.23;2179.15;-1625.08;0.00
0.26;11.46;47.73;3818.06;2140.47;-1677.59;0.00
0.27;11.21;38.13;3050.56;2180.95;-869.61;0.00
0.24;10.04;44.19;3535.40;1928.39;-1607.01;0.00
0.27;10.64;54.53;4362.48;2164.35;-2198.13;0.00
0.27;9.85;42.20;3376.39;2086.92;-1289.47;0.00
0.26;11.14;36.53;2922.33;2098.90;-823.43;0.00
0.24;10.01;39.74;3178.83;1949.33;-1229.50;0.00
0.28;9.59;42.95;3436.33;2174.06;-1262.27;0.00
0.25;10.13;37.52;3001.73;1982.60;-1019.13;0.00
0.27;11.06;48.06;3844.97;2196.61;-1648.35;0.00
0.22;9.97;41.78;3342.08;1830.62;-1511.46;0.00
0.23;10.95;33.11;2649.06;1925.43;-723.63;0.00
0.26;9.56;35.91;2872.74;2049.78;-822.96;0.00
0.26;12.65;40.65;3252.12;2176.97;-1075.16;0.00
0.21;9.39;43.08;3446.06;1708.79;-1737.27;0.00
0.21;12.43;37.34;2986.84;1916.56;-1070.28;0.00
0.25;11.65;33.04;2643.39;2059.07;-584.32;0.00
0.31;9.08;40.46;3236.67;2298.41;-938.26;0.00
0.24;10.22;44.03;3522.01;1967.57;-1554.44;0.00
0.22;8.86;40.70;3256.17;1786.60;-1469.57;0.00
0.21;11.67;45.22;3617.42;1859.82;-1757.60;0.00
0.28;11.13;41.64;3330.82;2242.49;-1088.34;0.00
0.26;10.63;45.08;3606.38;2115.25;-1491.13;0.00
0.25;9.57;44.35;3547.99;1985.21;-1562.78;0.00
0.25;10.51;36.23;2898.61;2021.70;-876.91;0.00
0.29;11.74;39.91;3193.09;2301.83;-891.26;0.00
0.26;10.80;35.69;2855.32;2086.20;-769.12;0.00
0.18;10.42;35.41;2832.54;1616.46;-1216.08;0.00
0.22;10.83;40.01;3200.90;1853.72;-1347.18;0.00
0.26;10.79;46.76;3741.16;2108.12;-1633.03;0.00
0.26;10.80;41.55;3323.76;2072.58;-1251.19;0.00
0.20;10.50;43.27;3461.45;1728.00;-1733.45;0.00
0.31;10.80;42.59;3407.44;2411.10;-996.34;0.00
0.25;9.17;34.66;2772.89;1946.10;-826.79;0.00
0.25;8.73;34.50;2760.10;1920.81;-839.29;0.00
0.22;11.89;46.11;3688.40;1939.33;-1749.07;0.00
0.22;10.54;40.19;3215.24;1853.42;-1361.82;0.00
0.24;12.03;32.01;2560.40;2027.69;-532.71;0.00
0.28;9.92;34.40;2752.32;2183.52;-568.80;0.00
0.26;10.65;42.95;3436.20;2091.02;-1345.18;0.00
0.22;10.49;44.75;3579.93;1832.99;-1746.94;0.00
0.23;11.17;44.20;3536.20;1938.03;-1598.17;0.00
0.23;10.87;43.90;3512.13;1905.38;-1606.75;0.00
0.22;11.41;46.32;3705.33;1925.75;-1779.57;0.00
0.32;9.13;40.16;3212.65;2345.18;-867.47;0.00
0.26;9.17;46.66;3732.84;1996.74;-1736.11;0.00
0.24;10.06;39.32;3145.25;1932.84;-1212.41;0.00
0.24;9.70;39.77;3181.83;1931.84;-1249.99;0.00
0.25;11.74;45.50;3640.36;2090.67;-1549.69;0.00
0.30;11.08;36.17;2893.85;2342.25;-551.60;0.00
0.26;11.02;45.07;3605.80;2096.08;-1509.72;0.00
0.27;13.26;42.69;3414.87;2307.57;-1107.29;0.00
0.23;10.21;37.49;2999.04;1867.88;-1131.16;0.00
0.28;10.34;51.45;4115.83;2213.76;-1902.07;0.00
0.25;10.11;33.83;2706.09;1996.27;-709.82;0.00
0.23;10.03;38.20;3055.75;1891.63;-1164.12;0.00
0.27;8.94;32.74;2619.22;2045.94;-573.28;0.00
0.25;8.04;48.64;3891.35;1911.03;-1980.32;0.00
0.27;10.41;48.86;3908.48;2142.16;-1766.32;0.00
0.21;12.27;38.92;3113.85;1898.20;-1215.65;0.00
0.26;9.63;38.65;3091.80;2026.81;-1064.99;0.00
0.21;11.41;32.23;2578.75;1867.99;-710.76;0.00
0.21;10.13;41.93;3354.69;1774.26;-1580.42;0.00
0.22;9.39;44.38;3550.19;1783.48;-1766.72;0.00
0.20;9.53;39.90;3192.28;1669.42;-1522.87;0.00
0.21;8.63;48.30;3864.06;1676.05;-2188.00;0.00
0.25;8.36;46.26;3700.58;1930.66;-1769.92;0.00
0.26;9.73;41.43;3314.68;2064.06;-1250.62;0.00
0.25;8.56;39.70;3176.15;1908.47;-1267.68;0.00
0.24;9.15;27.82;2225.46;1912.97;-312.49;0.00
0.26;11.49;39.12;3129.71;2159.32;-970.39;0.00
0.27;11.27;39.84;3186.83;2196.69;-990.13;0.00
0.25;8.71;37.57;3005.88;1945.21;-1060.66;0.00
0.25;8.79;39.20;3135.89;1954.13;-1181.76;0.00
0.28;10.34;42.45;3395.84;2173.14;-1222.70;0.00
0.27;9.32;44.96;3597.12;2078.73;-1518.39;0.00
0.23;9.00;40.18;3214.67;1853.32;-1361.35;0.00
0.24;10.57;40.01;3200.43;1992.77;-1207.66;0.00
0.23;9.80;40.61;3249.19;1855.93;-1393.26;0.00
0.22;12.26;32.32;2585.49;1964.75;-620.74;0.00
0.24;10.18;41.02;3281.36;1965.81;-1315.55;0.00
0.24;11.76;39.12;3129.89;2052.11;-1077.78;0.00
0.25;7.40;47.78;3822.75;1877.73;-1945.02;0.00
0.29;10.05;41.87;3349.41;2213.83;-1135.58;0.00
0.25;10.58;33.09;2647.27;2029.95;-617.32;0.00
0.20;10.80;42.81;3424.95;1742.48;-1682.46;0.00
0.24;11.02;40.16;3212.44;1986.56;-1225.89;0.00
0.25;9.75;33.71;2696.44;1975.79;-720.65;0.00
0.24;10.30;49.24;3939.22;1959.80;-1979.41;0.00
0.22;10.77;36.50;2919.98;1859.24;-1060.73;0.00
0.30;8.13;40.47;3237.90;2165.59;-1072.31;0.00
0.25;9.28;36.54;2922.93;1985.08;-937.85;0.00
0.26;9.84;47.53;3802.50;2050.64;-1751.86;0.00
0.25;12.89;35.90;2872.35;2145.78;-726.57;0.00
0.22;10.85;42.21;3376.70;1879.45;-1497.25;0.00
0.24;11.88;42.05;3363.73;2062.60;-1301.13;0.00
0.32;12.92;43.74;3498.86;2579.92;-918.94;0.00
0.21;10.04;40.17;3213.91;1769.35;-1444.56;0.00
0.25;9.92;42.31;3385.03;2010.85;-1374.17;0.00
0.29;9.60;36.17;2893.62;2190.40;-703.23;0.00
0.22;11.15;39.17;3133.55;1897.19;-1236.36;0.00
0.24;9.12;44.76;3581.00;1907.41;-1673.59;0.00
0.25;9.12;37.82;3025.23;1951.39;-1073.84;0.00
0.25;12.07;37.90;3032.23;2104.43;-927.80;0.00
0.24;6.82;39.86;3188.74;1777.40;-1411.34;0.00
0.22;12.92;40.60;3248.08;1997.28;-1250.81;0.00
0.24;10.34;45.11;3609.09;1973.22;-1635.87;0.00
0.29;10.88;45.51;3641.20;2284.73;-1356.47;0.00
0.25;8.02;37.33;2986.50;1896.82;-1089.69;0.00
0.27;11.51;41.67;3333.47;2205.36;-1128.11;0.00
0.28;11.85;36.47;2917.71;2265.06;-652.64;0.00
0.24;10.00;36.63;2930.72;1946.85;-983.87;0.00
0.23;10.39;48.79;3902.83;1899.05;-2003.78;0.00
0.27;10.35;38.58;3086.38;2125.52;-960.86;0.00
0.21;11.56;44.37;3549.70;1875.85;-1673.85;0.00
0.23;10.97;45.57;3645.88;1913.83;-1732.05;0.00
0.29;12.41;39.08;3126.01;2382.24;-743.77;0.00
0.26;9.56;40.25;3219.99;2025.97;-1194.02;0.00
0.30;8.94;38.49;3079.12;2238.60;-840.52;0.00
0.26;11.29;45.88;3670.59;2126.92;-1543.66;0.00
0.28;9.15;40.41;3232.77;2106.05;-1126.72;0.00
0.20;9.88;52.43;4194.07;1686.19;-2507.87;0.00
0.27;10.56;44.04;3523.41;2137.68;-1385.73;0.00
0.20;11.41;42.25;3380.06;1809.19;-1570.87;0.00
0.24;9.12;48.95;3915.77;1903.26;-2012.51;0.00
0.23;10.50;40.53;3242.30;1913.82;-1328.48;0.00
0.23;8.36;30.51;2441.13;1796.95;-644.17;0.00
0.24;10.89;36.04;2883.56;2013.32;-870.24;0.00
0.24;9.25;46.38;3710.33;1887.20;-1823.13;0.00
0.25;9.75;33.88;2710.38;2009.17;-701.21;0.00
0.22;10.97;36.18;2894.69;1894.68;-1000.02;0.00
0.21;12.61;42.74;3419.45;1917.17;-1502.28;0.00
0.23;11.40;31.85;2548.40;1961.97;-586.43;0.00
0.25;10.88;43.26;3460.95;2034.06;-1426.89;0.00
0.28;10.13;40.26;3220.73;2181.30;-1039.43;0.00
0.29;10.90;37.09;2967.48;2275.04;-692.44;0.00
0.24;10.38;41.04;3283.23;1939.86;-1343.36;0.00
0.22;11.22;38.19;3055.20;1880.49;-1174.71;0.00
0.21;10.30;44.17;3533.31;1805.16;-1728.15;0.00
0.28;10.35;35.85;2867.61;2163.02;-704.59;0.00
0.26;11.29;42.74;3419.32;2136.09;-1283.23;0.00
0.21;7.12;45.87;3669.47;1580.71;-2088.76;0.00
0.24;9.03;35.05;2803.69;1871.73;-931.95;0.00
0.26;10.75;42.42;3393.92;2117.06;-1276.86;0.00
0.27;7.06;38.76;3101.03;1976.43;-1124.60;0.00
0.18;10.28;32.43;2594.13;1599.70;-994.43;0.00
0.19;9.15;44.85;3588.09;1604.07;-1984.02;0.00
0.28;7.91;44.71;3576.46;2031.24;-1545.21;0.00
0.25;10.38;40.52;3241.98;2005.50;-1236.48;0.00
0.24;11.62;41.03;3282.55;2004.82;-1277.72;0.00
0.24;11.33;36.42;2913.73;1985.21;-928.51;0.00
0.25;8.89;38.47;3077.53;1957.98;-1119.55;0.00
0.28;9.25;44.85;3588.09;2117.14;-1470.95;0.00
0.25;10.07;47.50;3799.96;2004.98;-1794.98;0.00
0.26;12.20;41.74;3339.17;2153.43;-1185.75;0.00
0.27;10.00;38.40;3071.97;2105.33;-966.64;0.00
0.25;10.37;37.07;2965.68;2036.64;-929.04;0.00
0.20;10.82;36.10;2887.99;1764.44;-1123.55;0.00
0.25;9.45;30.20;2415.74;1958.86;-456.88;0.00
0.24;10.11;36.73;2938.10;1946.97;-991.13;0.00
0.27;10.31;51.09;4087.12;2142.67;-1944.45;0.00
0.27;11.43;42.49;3398.98;2168.60;-1230.38;0.00
0.24;12.63;38.79;3103.27;2067.28;-1036.00;0.00
0.30;10.38;32.19;2575.20;2282.91;-292.29;0.00
0.29;8.93;42.61;3409.18;2174.30;-1234.88;0.00
0.24;8.95;36.53;2922.53;1875.92;-1046.61;0.00
0.28;12.71;38.86;3108.40;2334.58;-773.82;0.00
0.24;8.88;34.22;2737.22;1893.75;-843.47;0.00
0.23;9.80;35.28;2822.66;1870.25;-952.41;0.00
0.25;10.23;42.96;3437.02;2023.79;-1413.23;0.00
0.24;9.07;44.78;3582.34;1895.78;-1686.56;0.00
0.27;12.59;35.22;2817.57;2268.51;-549.07;0.00
0.26;9.55;37.66;3013.13;2025.97;-987.16;0.00
0.26;10.54;38.86;3109.11;2112.28;-996.83;0.00
0.32;8.81;47.54;3803.20;2346.74;-1456.46;0.00
0.24;8.41;43.45;3475.81;1857.38;-1618.43;0.00
0.26;11.26;44.87;3589.26;2143.41;-1445.85;0.00
0.25;9.59;43.34;3467.07;1990.81;-1476.26;0.00
0.26;8.17;37.46;2996.51;1971.27;-1025.24;0.00
0.25;10.32;31.17;2493.80;1995.73;-498.07;0.00
0.24;12.21;41.43;3314.24;2072.47;-1241.77;0.00
0.23;9.96;39.38;3150.42;1903.82;-1246.60;0.00
0.20;8.76;44.43;3554.70;1654.52;-1900.18;0.00
0.21;9.79;37.76;3020.86;1757.40;-1263.45;0.00
0.27;11.18;45.28;3622.15;2185.92;-1436.24;0.00
0.25;11.40;45.20;3616.31;2092.51;-1523.79;0.00
0.26;9.73;44.02;3521.98;2062.76;-1459.22;0.00
0.23;8.31;39.29;3142.84;1812.74;-1330.10;0.00
0.24;11.19;35.03;2802.26;1990.62;-811.63;0.00
0.25;7.42;44.96;3596.62;1846.14;-1750.48;0.00
0.26;9.92;43.16;3453.15;2079.39;-1373.76;0.00
0.23;8.40;41.98;3358.78;1782.21;-1576.57;0.00
0.25;10.47;41.35;3307.76;2015.65;-1292.11;0.00
0.24;10.41;39.34;3147.31;1935.66;-1211.64;0.00
0.33;11.31;35.76;2860.98;2531.33;-329.65;0.00
0.24;11.75;34.42;2753.30;2049.91;-703.40;0.00
0.24;9.94;40.98;3278.70;1918.06;-1360.64;0.00
0.26;9.77;46.19;3695.17;2052.55;-1642.62;0.00
0.25;11.34;47.05;3763.95;2063.73;-1700.22;0.00
0.28;9.69;32.96;2636.55;2158.27;-478.27;0.00
0.26;9.10;40.66;3252.85;2031.56;-1221.29;0.00
0.23;9.52;43.45;3476.03;1867.05;-1608.97;0.00
0.26;11.31;47.64;3811.36;2128.32;-1683.03;0.00
0.28;8.03;38.57;3085.46;2052.67;-1032.79;0.00
0.28;10.69;36.68;2934.73;2192.84;-741.89;0.00
0.25;11.65;48.98;3918.39;2115.48;-1802.92;0.00
0.23;10.11;48.16;3852.90;1859.66;-1993.24;0.00
0.21;10.01;34.40;2751.90;1781.74;-970.16;0.00
0.26;9.67;46.33;3706.54;2052.13;-1654.41;0.00
0.23;9.67;39.15;3132.34;1885.27;-1247.07;0.00
0.24;9.35;34.45;2756.30;1900.01;-856.29;0.00
0.28;9.59;38.70;3095.67;2176.10;-919.56;0.00
0.23;11.23;35.10;2808.39;1965.70;-842.69;0.00
0.25;7.57;51.18;4094.09;1881.03;-2213.06;0.00
0.24;10.09;36.38;2910.01;1935.21;-974.81;0.00
0.26;8.02;44.48;3558.10;1958.34;-1599.76;0.00
0.25;11.04;44.06;3524.41;2074.56;-1449.86;0.00
0.26;7.88;41.02;3281.53;1969.21;-1312.32;0.00
0.26;10.53;34.89;2790.90;2094.13;-696.77;0.00
0.20;10.73;44.57;3565.89;1722.28;-1843.62;0.00
0.24;10.04;40.03;3202.53;1943.94;-1258.59;0.00
0.25;11.30;43.18;3454.41;2047.68;-1406.73;0.00
0.26;10.38;43.67;3493.75;2089.05;-1404.70;0.00
0.25;9.39;36.68;2934.29;1989.28;-945.02;0.00
0.23;8.21;49.21;3936.93;1793.71;-2143.21;0.00
0.20;10.48;40.33;3226.75;1729.71;-1497.04;0.00
0.22;11.83;45.29;3623.01;1917.49;-1705.52;0.00
0.30;7.45;47.10;3767.79;2142.85;-1624.93;0.00
0.23;11.15;43.14;3451.45;1956.26;-1495.19;0.00
0.20;10.88;41.78;3342.57;1781.31;-1561.26;0.00
0.25;10.28;42.85;3428.32;2002.40;-1425.92;0.00
0.25;11.94;41.97;3357.39;2093.77;-1263.63;0.00
0.27;11.70;34.05;2724.10;2184.32;-539.78;0.00
0.25;10.35;44.73;3578.43;2005.79;-1572.64;0.00
0.24;10.37;43.46;3477.16;1969.30;-1507.86;0.00
0.24;9.62;46.29;3703.07;1913.90;-1789.17;0.00
0.24;9.75;38.60;3087.86;1934.27;-1153.59;0.00
0.25;10.36;51.15;4091.95;2020.00;-2071.95;0.00
0.26;10.29;38.54;3082.87;2063.43;-1019.44;0.00
0.25;9.80;38.68;3094.30;2005.82;-1088.49;0.00
0.23;9.98;34.65;2772.26;1899.14;-873.12;0.00
0.29;10.15;37.30;2983.76;2229.39;-754.37;0.00
0.29;11.18;37.02;2961.35;2296.38;-664.97;0.00
0.25;10.23;47.00;3759.69;1996.43;-1763.26;0.00
0.20;10.54;39.51;3161.10;1751.07;-1410.03;0.00
0.24;9.29;39.88;3190.35;1893.91;-1296.44;0.00
0.21;10.56;44.94;3595.23;1793.38;-1801.85;0.00
0.26;9.97;45.23;3618.49;2064.71;-1553.78;0.00
0.24;10.80;41.02;3281.28;1962.57;-1318.71;0.00
0.23;10.10;41.64;3331.09;1886.30;-1444.78;0.00
0.24;10.26;45.94;3675.19;1974.06;-1701.13;0.00
0.23;11.43;38.12;3049.79;1956.81;-1092.98;0.00
0.25;8.23;52.05;4164.10;1928.29;-2235.81;0.00
0.23;8.37;37.91;3032.93;1821.43;-1211.50;0.00
0.24;10.07;41.40;3311.99;1915.14;-1396.85;0.00
0.24;10.20;39.25;3139.86;1967.47;-1172.39;0.00
0.25;8.89;31.85;2548.04;1920.18;-627.86;0.00
0.25;10.99;44.29;3543.03;2072.33;-1470.70;0.00
0.25;12.31;37.72;3017.97;2103.20;-914.77;0.00
0.24;10.87;32.03;2562.44;2002.71;-559.73;0.00
0.30;8.07;35.15;2811.83;2181.32;-630.51;0.00
0.21;10.37;46.79;3743.59;1803.04;-1940.55;0.00
0.25;9.36;37.60;3008.39;1968.34;-1040.05;0.00
0.25;9.97;45.35;3627.71;2007.98;-1619.73;0.00
0.26;11.60;35.21;2816.89;2164.44;-652.45;0.00
0.22;10.33;42.55;3403.62;1817.16;-1586.46;0.00
0.26;10.83;45.52;3641.43;2092.71;-1548.72;0.00
0.26;9.68;44.46;3557.07;2039.37;-1517.70;0.00
0.27;9.36;42.01;3361.15;2101.75;-1259.40;0.00
0.24;10.21;49.93;3994.77;1943.51;-2051.26;0.00
0.19;9.54;42.87;3429.94;1645.38;-1784.55;0.00
0.21;12.19;45.73;3658.44;1910.39;-1748.05;0.00
0.25;10.58;37.52;3001.84;2000.22;-1001.62;0.00
0.24;8.66;34.27;2741.85;1853.92;-887.92;0.00
0.26;10.48;39.26;3141.03;2073.40;-1067.63;0.00
0.28;11.74;40.00;3200.19;2278.02;-922.16;0.00
0.32;11.80;37.05;2963.70;2497.03;-466.67;0.00
0.27;10.72;43.88;3510.73;2154.01;-1356.72;0.00
0.23;9.69;40.80;3264.21;1865.97;-1398.24;0.00
0.27;9.08;47.13;3770.62;2074.88;-1695.74;0.00
0.26;8.36;40.53;3242.52;1992.64;-1249.88;0.00
0.27;10.62;41.63;3330.57;2124.32;-1206.25;0.00
0.24;11.52;47.04;3763.00;1996.87;-1766.13;0.00
0.22;12.19;43.03;3442.76;1970.04;-1472.72;0.00
0.20;10.50;41.06;3284.69;1714.23;-1570.46;0.00
0.23;9.67;38.80;3103.93;1875.41;-1228.51;0.00
0.24;9.95;35.71;2857.11;1953.29;-903.82;0.00
0.28;11.78;48.66;3892.83;2250.40;-1642.43;0.00
0.26;10.83;42.47;3397.61;2103.54;-1294.07;0.00
0.26;9.92;43.30;3464.26;2062.53;-1401.73;0.00
0.24;12.75;43.53;3482.20;2097.72;-1384.47;0.00
0.27;9.90;36.68;2934.17;2081.20;-852.97;0.00
0.28;9.19;37.14;2971.10;2121.88;-849.22;0.00
0.24;7.94;42.64;3411.01;1811.02;-1599.99;0.00
0.28;10.64;39.98;3198.22;2232.89;-965.33;0.00
0.26;10.54;53.68;4294.64;2074.70;-2219.94;0.00
0.29;10.57;41.21;3296.65;2245.28;-1051.37;0.00
0.23;10.37;46.42;3713.26;1923.07;-1790.19;0.00
0.22;10.47;39.96;3196.89;1847.69;-1349.21;0.00
0.29;10.46;45.32;3625.26;2248.31;-1376.94;0.00
0.21;10.95;35.56;2845.15;1829.00;-1016.15;0.00
0.26;10.77;38.61;3088.64;2109.63;-979.02;0.00
0.24;8.78;34.07;2725.76;1871.12;-854.64;0.00
0.24;9.03;39.00;3119.97;1916.03;-1203.94;0.00
0.27;10.48;37.67;3013.72;2147.86;-865.85;0.00
0.27;11.54;37.39;2991.47;2226.24;-765.23;0.00
0.25;10.57;48.06;3844.86;2009.80;-1835.06;0.00
0.29;13.41;43.07;3445.26;2425.34;-1019.92;0.00
0.26;8.20;44.34;3547.24;1950.06;-1597.18;0.00
0.24;9.76;31.54;2523.26;1929.08;-594.18;0.00
0.25;11.22;38.11;3048.98;2079.58;-969.40;0.00
0.22;10.20;45.94;3675.13;1816.04;-1859.09;0.00
0.21;8.18;42.54;3403.24;1637.21;-1766.03;0.00
0.23;11.86;42.56;3405.18;2000.36;-1404.82;0.00
0.27;10.15;35.41;2832.57;2143.46;-689.11;0.00
0.27;8.26;39.07;3125.98;2010.18;-1115.81;0.00
0.26;9.64;35.40;2831.83;2058.56;-773.27;0.00
0.31;11.70;34.67;2773.70;2433.22;-340.47;0.00
0.28;10.54;40.84;3266.81;2200.13;-1066.68;0.00
0.27;10.47;33.32;2665.96;2113.26;-552.70;0.00
0.27;11.22;42.76;3420.89;2186.57;-1234.32;0.00
0.26;9.92;35.50;2840.19;2031.03;-809.16;0.00
0.28;10.87;51.66;4133.12;2233.13;-1899.99;0.00
0.24;8.15;42.10;3368.14;1835.53;-1532.61;0.00
0.22;9.22;38.81;3104.86;1756.41;-1348.45;0.00
0.28;8.01;42.23;3378.50;2041.25;-1337.25;0.00
0.23;11.98;43.07;3445.65;1999.60;-1446.06;0.00
0.23;11.23;39.00;3120.13;1949.19;-1170.95;0.00
0.27;10.03;43.54;3482.80;2125.77;-1357.03;0.00
0.29;8.47;41.77;3341.43;2151.63;-1189.80;0.00
0.24;11.04;39.08;3126.18;2004.29;-1121.89;0.00
0.28;11.14;39.43;3154.08;2216.12;-937.96;0.00
0.22;9.54;43.79;3503.45;1782.27;-1721.18;0.00
0.26;9.29;38.99;3119.59;2043.16;-1076.43;0.00
0.27;10.15;41.01;3280.90;2102.59;-1178.32;0.00
0.25;10.55;46.28;3702.28;2025.63;-1676.65;0.00
0.24;11.40;41.59;3327.28;2027.06;-1300.22;0.00
0.27;10.96;44.33;3546.54;2152.38;-1394.15;0.00
0.23;9.62;32.82;2625.85;1852.86;-773.00;0.00
0.25;8.81;41.56;3324.96;1944.02;-1380.94;0.00
0.30;10.84;44.04;3523.54;2317.96;-1205.58;0.00
0.26;9.42;51.42;4113.49;2022.67;-2090.82;0.00
0.29;8.98;44.45;3555.82;2162.92;-1392.90;0.00
0.20;10.74;42.62;3409.52;1759.84;-1649.67;0.00
0.29;10.68;48.28;3862.36;2262.85;-1599.51;0.00
0.24;8.91;31.74;2539.36;1897.26;-642.09;0.00
0.22;11.24;43.12;3449.24;1892.29;-1556.95;0.00
0.29;11.92;36.65;2931.71;2309.94;-621.77;0.00
0.28;10.68;37.89;3031.45;2184.92;-846.52;0.00
0.28;10.82;36.41;2912.41;2192.45;-719.95;0.00
0.27;9.46;39.58;3166.31;2096.47;-1069.84;0.00
0.28;13.00;43.85;3508.33;2345.39;-1162.95;0.00
0.25;9.50;31.59;2527.07;1942.03;-585.04;0.00
0.29;9.89;47.28;3782.26;2239.74;-1542.52;0.00
0.31;10.26;37.21;2976.83;2353.66;-623.16;0.00
0.28;10.00;36.76;2941.11;2177.59;-763.52;0.00
0.25;8.39;42.49;3398.81;1914.68;-1484.13;0.00
0.21;9.60;46.28;3702.12;1745.21;-1956.91;0.00
0.26;8.29;43.08;3446.55;1955.89;-1490.66;0.00
0.26;8.48;44.94;3595.25;1969.48;-1625.77;0.00
0.22;10.98;33.09;2647.38;1899.21;-748.17;0.00
0.22;10.69;39.40;3152.33;1884.09;-1268.24;0.00
0.28;10.92;36.43;2914.02;2225.08;-688.95;0.00
0.22;8.42;34.49;2758.86;1764.68;-994.17;0.00
0.24;11.41;37.69;3015.28;2034.94;-980.34;0.00
0.23;10.35;25.74;2058.90;1907.59;-151.30;0.00
0.25;10.20;42.26;3381.15;2003.30;-1377.85;0.00
0.27;9.21;49.12;3929.36;2052.15;-1877.21;0.00
0.26;10.23;37.50;3000.17;2090.88;-909.29;0.00
0.27;11.83;39.80;3184.22;2189.88;-994.34;0.00
0.22;9.88;45.44;3635.10;1828.10;-1807.00;0.00
0.27;8.95;42.73;3418.20;2061.51;-1356.69;0.00
0.26;10.39;46.25;3700.30;2061.49;-1638.81;0.00
0.23;9.90;36.40;2912.18;1861.85;-1050.34;0.00
0.24;11.46;35.15;2811.73;2045.86;-765.87;0.00
0.26;10.96;33.22;2657.50;2134.17;-523.33;0.00
0.24;11.13;36.55;2924.31;1978.18;-946.13;0.00
0.26;8.45;37.51;3000.77;1996.92;-1003.86;0.00
0.27;7.95;37.83;3026.00;2020.44;-1005.57;0.00
0.25;12.74;49.40;3952.00;2158.31;-1793.69;0.00
0.26;9.63;42.34;3386.99;2036.33;-1350.66;0.00
0.30;9.69;37.48;2998.70;2252.53;-746.17;0.00
0.28;10.07;34.79;2783.29;2188.75;-594.54;0.00
0.27;11.34;41.50;3320.31;2158.89;-1161.42;0.00
0.29;10.44;36.29;2903.08;2269.90;-633.18;0.00
0.25;11.09;40.52;3241.86;2067.76;-1174.10;0.00
0.24;12.73;39.57;3165.49;2083.60;-1081.89;0.00
0.23;11.40;37.45;2996.06;1944.17;-1051.89;0.00
0.24;7.14;47.08;3766.61;1774.51;-1992.09;0.00
0.25;10.14;45.08;3606.56;2016.66;-1589.91;0.00
0.24;11.62;40.63;3250.13;2028.43;-1221.69;0.00
0.23;11.46;43.62;3489.37;1985.06;-1504.30;0.00
0.24;13.82;43.58;3486.28;2169.28;-1317.00;0.00
0.25;7.13;39.55;3164.09;1850.10;-1313.99;0.00
0.25;9.45;45.56;3645.02;1961.61;-1683.41;0.00
0.23;9.17;42.37;3389.74;1829.98;-1559.75;0.00
0.23;12.10;40.20;3216.12;1987.80;-1228.32;0.00
0.24;10.45;48.50;3880.03;1955.62;-1924.41;0.00
0.29;11.49;46.19;3695.36;2306.87;-1388.50;0.00
0.28;9.48;39.97;3197.94;2148.21;-1049.74;0.00
0.26;8.26;39.14;3131.40;1933.98;-1197.43;0.00
0.23;9.67;41.20;3295.99;1858.41;-1437.58;0.00
0.27;9.85;30.56;2445.02;2124.64;-320.38;0.00
0.24;9.09;37.96;3037.06;1867.17;-1169.89;0.00
0.22;9.72;47.78;3822.44;1788.58;-2033.85;0.00
0.23;9.86;51.67;4133.65;1870.94;-2262.71;0.00
0.20;10.38;40.46;3236.93;1745.84;-1491.08;0.00
0.23;9.38;37.04;2962.88;1833.77;-1129.11;0.00
0.27;9.98;51.00;4080.17;2087.17;-1993.00;0.00
0.21;10.55;40.55;3243.89;1811.22;-1432.67;0.00
0.26;10.34;32.47;2597.94;2097.44;-500.51;0.00
0.27;9.24;39.31;3144.61;2064.69;-1079.92;0.00
0.20;9.38;39.92;3193.71;1700.42;-1493.28;0.00
0.22;9.47;37.80;3024.18;1789.32;-1234.85;0.00
0.24;9.96;39.14;3130.84;1912.42;-1218.42;0.00
0.27;8.98;44.15;3532.04;2065.24;-1466.81;0.00
0.24;9.69;37.61;3008.85;1934.50;-1074.35;0.00
0.16;8.57;43.18;3454.18;1387.39;-2066.80;0.00
0.21;9.65;33.63;2690.21;1725.84;-964.38;0.00
0.24;11.46;40.18;3214.31;2037.29;-1177.02;0.00
0.27;9.55;43.57;3485.94;2088.30;-1397.64;0.00
0.24;10.97;31.72;2537.22;1987.13;-550.09;0.00
0.28;8.44;45.40;3631.94;2105.51;-1526.43;0.00
0.23;9.88;42.72;3417.73;1901.20;-1516.53;0.00
0.23;9.66;50.74;4058.81;1839.87;-2218.94;0.00
0.20;11.23;41.62;3329.78;1795.02;-1534.76;0.00
0.23;9.38;44.49;3559.20;1868.67;-1690.53;0.00
0.26;8.72;34.37;2749.78;1963.67;-786.11;0.00
0.22;9.48;47.78;3822.63;1776.12;-2046.51;0.00
0.24;10.87;40.64;3251.58;2013.50;-1238.07;0.00
0.24;9.48;45.67;3653.97;1927.98;-1725.99;0.00
0.26;10.04;37.53;3002.22;2038.90;-963.31;0.00
0.25;9.32;37.10;2968.15;1983.84;-984.31;0.00
0.23;8.78;34.23;2738.49;1818.55;-919.94;0.00
0.27;8.80;38.33;3066.64;2048.36;-1018.28;0.00
0.24;7.90;40.45;3236.30;1801.54;-1434.76;0.00
0.28;8.73;38.49;3079.02;2077.35;-1001.66;0.00
0.21;10.21;30.18;2414.72;1765.53;-649.19;0.00
0.21;11.05;44.69;3574.96;1850.48;-1724.48;0.00
0.28;12.10;36.11;2889.00;2295.93;-593.06;0.00
0.22;9.73;39.04;3123.22;1809.22;-1314.00;0.00
0.28;11.56;37.85;3027.76;2245.95;-781.81;0.00
0.27;9.12;49.26;3940.69;2079.37;-1861.32;0.00
0.27;10.63;42.40;3391.95;2143.57;-1248.38;0.00
0.22;10.50;32.68;2614.68;1861.79;-752.90;0.00
0.25;11.02;45.16;3613.05;2028.62;-1584.43;0.00
0.30;11.39;40.41;3232.55;2358.94;-873.61;0.00
0.24;10.51;31.56;2524.72;1972.50;-552.22;0.00
0.27;10.39;42.28;3382.55;2156.23;-1226.32;0.00
0.24;11.64;35.34;2826.85;2036.42;-790.43;0.00
0.27;10.73;42.23;3378.66;2167.52;-1211.13;0.00
0.19;10.77;39.87;3189.66;1660.69;-1528.98;0.00
0.25;10.38;40.77;3261.85;2002.35;-1259.50;0.00
0.28;9.25;36.44;2915.19;2119.78;-795.41;0.00
0.26;10.92;40.66;3253.19;2115.89;-1137.30;0.00
0.24;9.94;44.85;3588.08;1956.27;-1631.81;0.00
0.27;9.66;41.31;3304.65;2097.47;-1207.18;0.00
0.25;10.15;31.08;2486.28;2000.91;-485.36;0.00
0.25;10.53;35.24;2819.06;2045.83;-773.24;0.00
0.25;11.43;45.15;3612.34;2093.60;-1518.74;0.00
0.24;9.23;37.69;3015.25;1871.03;-1144.21;0.00
0.29;10.19;40.28;3222.44;2225.84;-996.61;0.00
0.26;9.16;35.17;2813.78;2018.41;-795.37;0.00
0.28;9.24;36.49;2918.99;2116.02;-802.98;0.00
0.25;11.04;45.01;3600.58;2074.94;-1525.64;0.00
0.24;11.57;32.09;2567.29;2026.55;-540.74;0.00
0.28;7.86;38.54;3082.99;2056.89;-1026.10;0.00
0.26;11.51;46.73;3738.00;2162.92;-1575.08;0.00
0.22;11.39;39.77;3181.43;1895.43;-1285.99;0.00
0.25;8.93;35.47;2837.86;1939.30;-898.56;0.00
0.25;11.38;46.67;3733.41;2089.87;-1643.53;0.00
0.31;11.00;43.28;3462.21;2388.21;-1074.00;0.00
0.22;10.88;43.82;3505.44;1894.74;-1610.70;0.00
0.23;9.70;36.85;2947.81;1836.56;-1111.25;0.00
0.28;9.82;36.52;2921.69;2146.07;-775.62;0.00
0.26;11.28;43.63;3490.69;2124.25;-1366.43;0.00
0.25;9.81;44.54;3563.43;1979.35;-1584.08;0.00
0.27;10.21;49.96;3996.70;2147.59;-1849.11;0.00
0.19;11.30;43.94;3514.85;1719.02;-1795.83;0.00
0.24;11.10;49.81;3985.07;1991.83;-1993.24;0.00
0.19;12.00;34.49;2759.48;1774.95;-984.53;0.00
0.25;11.38;34.69;2774.98;2062.36;-712.62;0.00
0.26;9.73;40.37;3229.64;2013.11;-1216.52;0.00
0.27;10.38;38.36;3068.46;2145.58;-922.88;0.00
0.24;9.81;40.97;3277.74;1957.12;-1320.61;0.00
0.27;10.93;33.87;2709.43;2153.08;-556.35;0.00
0.24;10.74;36.48;2918.10;1980.82;-937.29;0.00
0.27;9.34;43.28;3462.19;2092.11;-1370.08;0.00
0.24;8.99;48.01;3840.83;1882.56;-1958.27;0.00
0.27;10.56;32.93;2634.30;2125.18;-509.13;0.00
0.26;10.02;42.66;3412.63;2058.37;-1354.27;0.00
0.28;8.81;42.68;3414.54;2100.39;-1314.15;0.00
0.30;12.00;44.49;3558.84;2411.95;-1146.88;0.00
0.27;9.76;39.75;3179.74;2095.14;-1084.60;0.00
0.22;9.36;45.22;3617.23;1792.53;-1824.70;0.00
0.22;9.90;45.29;3623.37;1795.87;-1827.50;0.00
0.26;10.68;39.87;3189.78;2116.42;-1073.36;0.00
0.27;10.24;39.65;3171.92;2116.50;-1055.42;0.00
0.27;9.40;43.11;3448.48;2078.04;-1370.44;0.00
0.23;10.91;42.99;3438.95;1937.45;-1501.50;0.00
0.26;9.48;40.84;3267.36;2028.04;-1239.32;0.00
0.21;8.57;40.10;3208.18;1688.12;-1520.06;0.00
0.30;10.82;48.73;3898.06;2317.35;-1580.70;0.00
0.25;9.24;39.99;3198.94;1966.67;-1232.26;0.00
0.23;8.85;37.93;3034.55;1836.12;-1198.43;0.00
0.27;11.26;45.12;3609.32;2186.33;-1422.99;0.00
0.20;8.71;38.90;3112.36;1611.10;-1501.27;0.00
0.27;10.18;38.89;3111.42;2152.00;-959.41;0.00
0.25;12.03;35.99;2879.32;2085.04;-794.27;0.00
0.27;10.65;38.32;3065.65;2165.31;-900.33;0.00
0.27;10.05;38.68;3094.04;2140.83;-953.21;0.00
0.25;9.51;47.02;3761.41;1961.21;-1800.19;0.00
0.23;9.28;42.97;3437.57;1838.76;-1598.81;0.00
0.25;10.89;36.37;2909.95;2050.62;-859.34;0.00
0.28;9.42;40.27;3221.61;2136.43;-1085.18;0.00
0.25;9.94;39.34;3147.30;2020.21;-1127.09;0.00
0.23;9.30;47.23;3778.07;1851.15;-1926.92;0.00
0.24;10.84;39.27;3141.65;1976.09;-1165.56;0.00
0.23;9.93;40.95;3275.97;1860.70;-1415.28;0.00
0.24;11.80;46.69;3734.82;2016.76;-1718.06;0.00
0.24;9.96;45.61;3648.68;1938.84;-1709.84;0.00
0.23;9.64;43.47;3477.27;1863.83;-1613.44;0.00
0.24;9.73;41.11;3288.68;1905.54;-1383.14;0.00
0.25;11.63;35.84;2867.35;2080.70;-786.64;0.00
0.24;11.39;45.08;3606.56;2042.39;-1564.17;0.00
0.24;10.96;34.59;2767.25;1975.88;-791.36;0.00
0.24;12.19;35.32;2825.58;2077.93;-747.65;0.00
0.24;9.72;38.82;3105.92;1914.48;-1191.44;0.00
0.23;9.90;48.93;3914.26;1890.98;-2023.28;0.00
0.20;10.05;34.22;2737.83;1716.67;-1021.16;0.00
0.22;12.04;39.31;3144.61;1922.60;-1222.01;0.00
0.24;9.17;37.96;3037.13;1909.04;-1128.10;0.00
0.23;10.49;43.61;3488.61;1923.79;-1564.83;0.00
0.21;12.07;45.51;3640.63;1854.48;-1786.15;0.00
0.23;10.86;41.90;3351.78;1917.63;-1434.15;0.00
0.24;10.26;43.42;3473.29;1971.78;-1501.50;0.00
0.25;9.48;37.22;2977.89;1974.79;-1003.10;0.00
0.25;10.89;37.54;3003.45;2042.72;-960.73;0.00
0.26;10.74;28.19;2255.21;2121.90;-133.31;0.00
0.26;9.46;43.40;3472.21;2025.97;-1446.24;0.00
0.26;7.73;42.02;3361.27;1919.62;-1441.66;0.00
0.25;10.43;43.04;3443.44;2047.24;-1396.21;0.00
0.25;12.25;43.94;3515.42;2136.99;-1378.43;0.00
0.24;9.05;42.74;3419.10;1896.14;-1522.96;0.00
0.22;10.78;39.80;3183.78;1836.66;-1347.12;0.00
0.26;9.29;39.54;3163.10;2043.75;-1119.35;0.00
0.28;10.24;37.73;3018.43;2199.43;-819.01;0.00
0.26;10.66;42.15;3371.78;2101.51;-1270.27;0.00
0.25;9.64;40.22;3217.97;1993.40;-1224.57;0.00
0.28;11.21;33.07;2645.87;2210.27;-435.60;0.00
0.24;10.06;40.39;3231.55;1949.18;-1282.38;0.00
0.23;8.82;45.67;3653.78;1795.40;-1858.38;0.00
0.26;7.96;32.10;2567.82;1936.17;-631.65;0.00
0.21;10.02;38.85;3107.89;1785.83;-1322.07;0.00
0.21;9.27;39.05;3124.08;1703.93;-1420.15;0.00
0.27;11.12;38.90;3112.12;2199.60;-912.53;0.00
0.28;11.29;37.47;2997.40;2247.02;-750.37;0.00
0.22;11.99;43.67;3493.92;1913.18;-1580.74;0.00
0.28;9.10;34.44;2754.99;2141.68;-613.31;0.00
0.26;11.24;48.76;3900.42;2117.32;-1783.10;0.00
0.22;9.86;36.01;2880.57;1828.10;-1052.47;0.00
0.31;10.57;44.98;3598.72;2384.01;-1214.71;0.00
0.24;10.34;44.58;3566.02;1982.24;-1583.78;0.00
0.23;10.77;44.59;3566.87;1903.34;-1663.53;0.00
0.30;11.16;41.68;3334.41;2330.36;-1004.05;0.00
0.21;8.43;43.18;3454.23;1696.80;-1757.43;0.00
0.24;8.67;38.18;3054.47;1889.42;-1165.06;0.00
0.24;10.60;43.55;3483.73;1960.93;-1522.81;0.00
0.24;8.64;34.14;2731.57;1884.29;-847.28;0.00
0.28;10.32;39.16;3132.55;2178.86;-953.68;0.00
0.19;10.40;45.17;3613.78;1671.26;-1942.52;0.00
0.27;10.07;40.18;3214.18;2093.00;-1121.17;0.00
0.23;10.56;39.75;3179.69;1890.09;-1289.60;0.00
0.28;8.93;40.79;3263.05;2086.28;-1176.77;0.00
0.22;11.65;33.70;2696.39;1934.51;-761.88;0.00
0.21;11.69;39.26;3140.42;1877.61;-1262.81;0.00
0.27;10.20;44.42;3553.41;2129.14;-1424.27;0.00
0.29;9.23;30.55;2444.18;2168.68;-275.50;0.00
0.25;10.52;37.99;3039.26;2017.28;-1021.98;0.00
0.22;9.40;43.07;3445.31;1786.48;-1658.82;0.00
0.25;10.72;34.81;2784.44;2015.68;-768.76;0.00
0.30;12.17;43.36;3469.14;2422.76;-1046.38;0.00
0.28;10.28;40.00;3199.84;2172.01;-1027.83;0.00
0.26;11.76;31.61;2528.85;2173.45;-355.40;0.00
0.26;10.13;44.42;3553.39;2071.48;-1481.90;0.00
0.26;10.84;32.23;2578.76;2102.62;-476.14;0.00
0.25;11.04;34.66;2772.92;2042.24;-730.69;0.00
0.29;9.32;41.99;3359.45;2167.49;-1191.96;0.00
0.29;9.09;45.46;3636.61;2177.02;-1459.59;0.00
0.24;9.65;33.54;2683.23;1896.82;-786.41;0.00
0.21;11.49;45.33;3626.11;1862.20;-1763.91;0.00
0.27;10.74;45.43;3634.04;2147.36;-1486.68;0.00
0.16;10.01;41.18;3294.47;1463.97;-1830.50;0.00
0.26;11.23;42.20;3375.75;2094.87;-1280.88;0.00
0.29;12.56;43.74;3499.38;2375.18;-1124.20;0.00
0.28;11.48;42.02;3361.75;2254.16;-1107.59;0.00
0.29;9.37;37.68;3014.44;2192.50;-821.95;0.00
0.25;9.50;45.44;3634.81;1960.87;-1673.94;0.00
0.25;10.88;41.69;3334.93;2028.13;-1306.80;0.00
0.24;9.95;36.66;2932.70;1925.75;-1006.95;0.00
0.24;10.12;39.61;3168.62;1927.42;-1241.20;0.00
0.28;10.04;44.50;3560.28;2182.09;-1378.19;0.00
0.27;9.20;39.35;3148.16;2056.74;-1091.42;0.00
0.23;10.20;45.46;3636.76;1886.78;-1749.99;0.00
0.26;8.56;46.58;3726.01;1983.20;-1742.81;0.00
0.23;8.14;35.03;2802.15;1759.61;-1042.54;0.00
0.22;11.12;40.47;3237.31;1900.99;-1336.32;0.00
0.26;11.21;38.62;3089.46;2149.07;-940.39;0.00
0.18;7.37;37.56;3004.78;1443.24;-1561.55;0.00
0.23;8.34;32.78;2622.02;1811.69;-810.33;0.00
0.24;10.08;39.94;3194.98;1961.91;-1233.07;0.00
0.27;9.71;40.04;3203.30;2127.59;-1075.71;0.00
0.23;9.46;42.45;3396.09;1833.74;-1562.36;0.00
0.30;9.74;46.19;3694.87;2257.23;-1437.64;0.00
0.22;9.36;37.17;2973.22;1780.99;-1192.23;0.00
0.21;8.83;38.60;3087.63;1686.47;-1401.17;0.00
0.24;9.04;31.30;2504.15;1905.36;-598.79;0.00
0.25;10.02;47.24;3779.00;1989.39;-1789.61;0.00
0.26;10.11;36.48;2918.49;2054.31;-864.18;0.00
0.24;10.44;40.71;3256.63;1987.15;-1269.48;0.00
0.24;9.33;42.44;3394.83;1932.17;-1462.66;0.00
0.28;10.97;43.95;3515.92;2211.19;-1304.73;0.00
0.25;8.94;31.07;2485.30;1921.95;-563.35;0.00
0.28;10.37;35.07;2805.27;2214.57;-590.70;0.00
0.29;10.61;38.37;3069.89;2281.22;-788.67;0.00
0.22;11.88;39.40;3152.06;1912.83;-1239.23;0.00
0.21;11.89;36.77;2941.71;1890.37;-1051.34;0.00
0.22;9.80;43.84;3507.30;1803.23;-1704.07;0.00
0.24;11.91;39.43;3154.39;2032.35;-1122.04;0.00
0.25;10.21;40.83;3266.78;1995.36;-1271.43;0.00
0.29;8.91;48.34;3867.51;2177.17;-1690.34;0.00
0.25;9.92;35.77;2861.65;2004.23;-857.42;0.00
0.28;8.31;40.04;3203.36;2092.97;-1110.38;0.00
0.25;8.35;32.22;2577.64;1916.60;-661.04;0.00
0.24;10.45;40.83;3266.77;1976.03;-1290.74;0.00
0.23;11.22;47.45;3796.32;1970.72;-1825.60;0.00
0.26;10.44;39.58;3166.11;2072.22;-1093.90;0.00
0.22;9.73;37.94;3035.19;1826.40;-1208.79;0.00
0.21;10.97;39.84;3186.91;1833.21;-1353.70;0.00
0.23;9.08;37.42;2993.89;1856.56;-1137.33;0.00
0.28;8.78;41.73;3338.04;2134.41;-1203.63;0.00
0.26;9.88;41.48;3318.77;2045.24;-1273.53;0.00
0.26;11.50;43.64;3491.13;2159.12;-1332.02;0.00
0.22;12.77;42.04;3362.91;1980.74;-1382.17;0.00
0.29;11.72;42.27;3381.43;2318.42;-1063.01;0.00
0.24;10.14;32.60;2608.38;1928.27;-680.11;0.00
0.29;10.00;35.14;2811.31;2215.63;-595.68;0.00
0.26;9.79;36.41;2912.41;2025.46;-886.95;0.00
0.22;10.51;41.15;3291.64;1862.73;-1428.91;0.00
0.24;11.18;41.00;3279.83;2019.28;-1260.55;0.00
0.27;9.28;37.78;3022.09;2063.02;-959.06;0.00
0.19;10.57;43.92;3513.63;1693.81;-1819.82;0.00
0.26;9.74;28.99;2319.34;2029.63;-289.71;0.00
0.24;7.86;45.01;3600.44;1843.35;-1757.09;0.00
0.21;10.50;42.46;3396.94;1793.05;-1603.89;0.00
0.25;8.66;39.31;3145.14;1930.24;-1214.89;0.00
0.20;10.24;38.95;3116.21;1692.92;-1423.29;0.00
0.24;10.75;43.45;3476.05;1970.78;-1505.27;0.00
0.25;10.39;42.67;3413.39;2025.40;-1387.99;0.00
0.20;11.01;40.31;3225.19;1750.68;-1474.51;0.00
0.25;12.63;44.93;3594.78;2141.70;-1453.07;0.00
0.24;8.56;40.31;3224.84;1851.22;-1373.62;0.00
0.22;8.74;41.28;3302.21;1749.33;-1552.88;0.00
0.22;8.09;45.51;3640.61;1747.63;-1892.98;0.00
0.27;10.23;33.65;2692.12;2123.06;-569.06;0.00
0.28;11.63;32.60;2607.77;2235.92;-371.84;0.00
0.29;10.85;43.90;3512.06;2285.84;-1226.21;0.00
0.31;8.79;34.85;2787.96;2296.99;-490.98;0.00
0.27;9.97;34.39;2751.58;2106.07;-645.51;0.00
0.24;11.42;43.99;3518.97;1996.88;-1522.09;0.00
0.25;10.43;43.37;3469.99;2029.17;-1440.82;0.00
0.24;8.99;32.88;2630.38;1885.20;-745.18;0.00
0.32;10.73;39.34;3146.87;2474.20;-672.67;0.00
0.24;9.25;43.94;3515.38;1899.11;-1616.27;0.00
0.25;10.90;34.42;2753.73;2051.26;-702.47;0.00
0.24;12.98;39.88;3190.52;2115.08;-1075.44;0.00
0.22;9.58;48.04;3843.57;1780.52;-2063.05;0.00
0.27;9.55;39.73;3178.28;2096.67;-1081.61;0.00
0.27;11.44;38.78;3102.36;2169.06;-933.30;0.00
0.21;9.54;38.58;3086.20;1733.75;-1352.45;0.00
0.23;11.38;52.40;4192.33;1935.01;-2257.32;0.00
0.23;9.96;36.23;2898.26;1882.31;-1015.94;0.00
0.24;9.55;37.22;2977.34;1931.89;-1045.45;0.00
0.29;10.03;40.14;3211.44;2209.71;-1001.73;0.00
0.26;11.37;36.87;2949.33;2117.12;-832.20;0.00
0.31;9.81;33.79;2703.13;2352.05;-351.08;0.00
0.24;10.25;39.85;3187.95;1980.34;-1207.61;0.00
0.21;10.77;39.89;3191.10;1779.17;-1411.93;0.00
0.28;12.90;36.63;2930.18;2342.27;-587.90;0.00
0.24;10.16;45.64;3651.59;1977.14;-1674.45;0.00
0.29;9.62;43.92;3513.37;2193.65;-1319.72;0.00
0.25;10.17;43.20;3456.21;2006.83;-1449.38;0.00
0.22;10.94;39.76;3180.94;1854.36;-1326.58;0.00
0.26;8.70;37.52;3001.29;2013.10;-988.19;0.00
0.24;11.75;41.54;3323.20;2019.83;-1303.37;0.00
0.23;12.41;41.20;3295.91;2003.34;-1292.57;0.00
0.25;10.06;36.36;2909.06;2028.26;-880.80;0.00
0.22;8.32;33.26;2661.15;1735.54;-925.61;0.00
0.25;9.05;42.54;3403.36;1957.54;-1445.82;0.00
0.26;11.46;43.10;3447.67;2117.39;-1330.28;0.00
0.20;10.42;34.44;2755.54;1749.14;-1006.39;0.00
0.24;12.07;36.55;2924.15;2067.70;-856.44;0.00
0.27;9.17;43.64;3490.83;2068.37;-1422.45;0.00
0.29;12.07;37.04;2963.38;2321.11;-642.26;0.00
0.23;12.55;38.30;3064.27;2005.99;-1058.27;0.00
0.27;9.92;43.65;3491.97;2116.46;-1375.50;0.00
0.29;11.77;35.03;2802.54;2352.55;-449.99;0.00
0.26;9.62;35.82;2865.80;2046.60;-819.19;0.00
0.27;9.81;38.17;3053.68;2096.19;-957.48;0.00
0.25;9.82;34.75;2779.70;1983.70;-796.01;0.00
0.26;10.24;40.41;3233.13;2071.69;-1161.44;0.00
0.24;10.69;44.36;3549.01;1976.27;-1572.75;0.00
0.25;11.47;38.78;3102.24;2059.80;-1042.44;0.00
0.26;9.66;44.28;3542.43;2034.32;-1508.10;0.00
0.22;9.67;36.63;2930.80;1821.88;-1108.92;0.00
0.24;9.51;32.49;2598.99;1920.79;-678.20;0.00
0.25;9.68;41.19;3295.36;1974.49;-1320.87;0.00
0.26;9.99;52.54;4203.57;2079.90;-2123.67;0.00
0.25;10.94;43.31;3465.06;2021.16;-1443.90;0.00
0.23;9.76;36.74;2939.44;1844.22;-1095.22;0.00
0.26;9.77;37.41;2992.86;2015.66;-977.20;0.00
0.24;11.18;41.77;3341.90;2030.25;-1311.64;0.00
0.23;13.43;39.65;3172.20;2059.18;-1113.03;0.00
0.20;12.50;46.93;3754.76;1835.84;-1918.92;0.00
0.22;11.67;47.61;3808.76;1913.96;-1894.80;0.00
0.20;12.47;45.14;3611.38;1835.02;-1776.36;0.00
0.29;9.17;44.18;3534.36;2196.56;-1337.81;0.00
0.23;10.07;41.19;3295.38;1888.37;-1407.00;0.00
0.27;11.37;40.21;3216.70;2184.47;-1032.24;0.00
0.26;11.98;37.82;3025.23;2150.81;-874.42;0.00
0.28;8.22;36.72;2937.97;2094.57;-843.39;0.00
0.26;11.24;44.92;3593.50;2120.75;-1472.76;0.00
0.23;12.35;47.76;3820.93;2036.05;-1784.88;0.00
0.25;10.68;45.47;3637.94;2031.55;-1606.38;0.00
0.23;9.13;36.22;2897.97;1845.56;-1052.41;0.00
0.23;10.77;36.04;2883.00;1930.91;-952.09;0.00
0.22;11.44;47.12;3769.88;1899.71;-1870.17;0.00
0.20;10.70;39.55;3163.78;1726.52;-1437.26;0.00
0.23;10.22;46.37;3709.99;1872.22;-1837.77;0.00
0.26;10.12;40.14;3211.40;2076.58;-1134.82;0.00
0.26;10.44;47.08;3766.46;2107.62;-1658.84;0.00
0.20;9.95;40.96;3276.78;1727.49;-1549.29;0.00
0.26;10.48;38.89;3111.45;2082.74;-1028.71;0.00
0.24;9.97;42.69;3414.93;1929.92;-1485.02;0.00
0.22;12.84;38.74;3099.56;1992.18;-1107.39;0.00
0.27;9.10;43.44;3475.15;2062.56;-1412.60;0.00
0.27;10.81;35.39;2831.00;2133.58;-697.43;0.00
0.22;10.77;42.78;3422.22;1837.81;-1584.41;0.00
0.23;10.19;42.04;3362.98;1867.37;-1495.61;0.00
0.25;11.57;40.29;3223.16;2062.83;-1160.33;0.00
0.28;11.96;43.26;3461.20;2300.99;-1160.20;0.00
0.29;10.24;36.98;2958.22;2272.80;-685.42;0.00
0.25;8.67;33.22;2657.50;1941.25;-716.25;0.00
0.21;7.46;45.75;3659.77;1603.11;-2056.65;0.00
0.24;11.71;33.59;2687.42;2027.71;-659.71;0.00
0.23;11.59;39.26;3140.48;1946.57;-1193.91;0.00
0.29;9.77;43.76;3500.61;2204.04;-1296.57;0.00
0.25;9.82;39.59;3167.44;2006.19;-1161.25;0.00
0.24;9.71;45.92;3673.95;1924.33;-1749.63;0.00
0.26;8.76;46.14;3690.81;1989.17;-1701.64;0.00
0.23;9.93;37.11;2969.06;1901.48;-1067.58;0.00
0.28;11.82;37.23;2978.45;2289.20;-689.25;0.00
0.24;11.92;40.86;3269.03;2041.56;-1227.47;0.00
0.22;11.89;41.04;3283.20;1943.37;-1339.83;0.00
0.26;8.82;43.27;3461.62;1976.47;-1485.14;0.00
0.23;11.66;41.11;3288.94;1944.65;-1344.29;0.00
0.29;11.71;42.55;3403.75;2305.13;-1098.61;0.00
0.30;11.79;33.13;2650.76;2359.84;-290.92;0.00
0.27;9.79;44.93;3594.14;2119.41;-1474.74;0.00
0.20;9.22;39.57;3165.26;1646.93;-1518.33;0.00
0.25;10.93;42.72;3417.45;2047.66;-1369.79;0.00
0.27;9.18;48.15;3852.15;2063.44;-1788.70;0.00
0.24;10.80;24.12;1929.86;1964.77;34.91;1.00
0.27;10.50;39.40;3152.02;2145.47;-1006.55;0.00
0.25;8.52;42.73;3418.68;1930.21;-1488.47;0.00
0.24;9.72;43.77;3501.62;1952.34;-1549.28;0.00
0.29;11.07;39.43;3154.42;2272.07;-882.35;0.00
0.25;9.62;41.25;3300.25;1980.14;-1320.10;0.00
0.30;9.59;47.21;3776.47;2266.83;-1509.64;0.00
0.26;9.53;40.80;3264.31;2016.99;-1247.33;0.00
0.27;9.96;40.93;3274.80;2121.16;-1153.63;0.00
0.23;12.33;36.29;2903.37;2008.17;-895.20;0.00
0.28;9.53;42.06;3365.09;2126.16;-1238.93;0.00
0.20;11.69;36.13;2890.26;1816.11;-1074.15;0.00
0.24;11.84;38.96;3117.15;2019.20;-1097.95;0.00
0.24;10.20;41.51;3320.49;1958.79;-1361.70;0.00
0.24;12.55;36.02;2881.75;2050.21;-831.54;0.00
0.25;10.64;43.41;3472.93;2035.82;-1437.11;0.00
0.18;12.56;32.87;2629.57;1743.47;-886.10;0.00
0.26;10.34;36.86;2949.02;2075.55;-873.47;0.00
0.25;8.10;37.90;3031.64;1897.74;-1133.89;0.00
0.23;9.43;35.52;2841.65;1836.46;-1005.19;0.00
0.26;9.88;46.89;3751.03;2026.21;-1724.82;0.00
0.23;8.87;41.31;3305.08;1793.72;-1511.35;0.00
0.22;10.97;40.64;3251.17;1902.44;-1348.74;0.00
0.26;12.00;44.69;3575.03;2162.94;-1412.09;0.00
0.27;12.41;34.33;2746.01;2234.88;-511.13;0.00
0.23;10.86;47.44;3795.59;1928.75;-1866.84;0.00
0.27;11.37;45.21;3617.13;2165.95;-1451.18;0.00
0.23;11.01;39.93;3194.12;1913.86;-1280.26;0.00
0.24;9.54;42.90;3432.00;1899.38;-1532.62;0.00
0.30;9.69;47.03;3762.45;2262.97;-1499.47;0.00
0.25;10.69;40.68;3254.33;2012.22;-1242.11;0.00
0.27;8.10;48.03;3842.49;2024.81;-1817.68;0.00
0.25;11.14;46.91;3753.07;2078.58;-1674.50;0.00
0.27;10.32;32.22;2577.67;2156.75;-420.93;0.00
0.28;9.45;38.66;3093.13;2155.71;-937.41;0.00
0.22;10.37;43.46;3476.61;1871.03;-1605.58;0.00
0.26;9.69;39.97;3197.22;2031.66;-1165.56;0.00
0.24;10.39;32.31;2584.78;1966.59;-618.20;0.00
0.26;9.36;43.12;3449.24;2047.23;-1402.02;0.00
0.27;12.22;39.53;3162.16;2215.28;-946.88;0.00
0.24;9.06;44.34;3546.89;1859.74;-1687.15;0.00
0.27;9.98;36.57;2925.30;2137.87;-787.43;0.00
0.25;11.39;39.77;3181.63;2099.46;-1082.17;0.00
0.24;9.43;34.91;2792.52;1923.76;-868.77;0.00
0.31;13.56;33.26;2660.55;2516.83;-143.71;0.00
0.24;9.26;36.04;2882.89;1888.45;-994.44;0.00
0.27;8.12;38.75;3100.24;2021.74;-1078.50;0.00
0.27;11.46;31.76;2540.79;2193.08;-347.70;0.00
0.26;11.17;43.21;3457.16;2143.61;-1313.55;0.00
0.28;10.70;43.10;3448.26;2222.49;-1225.76;0.00
0.25;7.67;39.00;3119.68;1887.49;-1232.19;0.00
0.23;9.36;38.78;3102.69;1828.85;-1273.84;0.00
0.27;11.15;40.26;3221.11;2181.38;-1039.73;0.00
0.22;11.47;37.65;3012.02;1891.01;-1121.00;0.00
0.26;9.92;37.87;3029.38;2041.20;-988.18;0.00
0.24;11.61;40.81;3264.60;2018.57;-1246.03;0.00
0.21;11.23;39.15;3132.25;1809.46;-1322.79;0.00
0.22;9.90;43.39;3471.18;1832.52;-1638.66;0.00
0.23;9.75;35.44;2835.43;1873.77;-961.66;0.00
0.31;11.30;46.28;3702.15;2403.11;-1299.04;0.00
0.27;9.63;42.30;3384.15;2077.73;-1306.42;0.00
0.23;11.70;41.05;3283.77;1990.44;-1293.33;0.00
0.26;10.59;35.82;2865.55;2088.64;-776.91;0.00
0.27;12.01;31.11;2488.50;2207.43;-281.07;0.00
0.28;10.99;37.72;3017.24;2226.88;-790.36;0.00
0.20;9.69;43.63;3490.35;1675.11;-1815.24;0.00
0.25;9.66;42.40;3391.92;1984.00;-1407.92;0.00
0.31;9.23;41.39;3311.15;2311.43;-999.71;0.00
0.27;11.74;30.93;2474.16;2232.61;-241.55;0.00
0.24;11.53;31.05;2484.13;1997.50;-486.63;0.00
0.27;10.60;42.05;3364.28;2122.80;-1241.48;0.00
0.26;8.25;34.20;2736.38;1964.83;-771.55;0.00
0.20;9.53;41.81;3344.93;1670.07;-1674.87;0.00
0.24;9.37;38.90;3111.78;1922.86;-1188.92;0.00
0.25;10.97;39.09;3127.06;2042.05;-1085.01;0.00
0.21;9.60;34.87;2789.72;1769.46;-1020.26;0.00
0.26;9.02;37.59;3006.85;2025.35;-981.50;0.00
0.28;11.54;40.80;3264.23;2241.12;-1023.11;0.00
0.25;9.37;40.54;3242.84;1938.27;-1304.57;0.00
0.29;8.60;38.34;3066.90;2146.41;-920.49;0.00
0.25;11.09;34.93;2794.00;2081.95;-712.05;0.00
0.24;6.96;44.82;3585.96;1769.44;-1816.52;0.00
0.25;10.24;40.79;3263.30;2008.17;-1255.13;0.00
0.25;10.12;28.22;2257.29;2033.07;-224.22;0.00
0.24;8.67;45.22;3617.64;1896.33;-1721.31;0.00
0.28;9.68;40.01;3200.42;2141.11;-1059.31;0.00
0.25;10.55;35.25;2819.94;2044.96;-774.98;0.00
0.28;11.80;38.54;3083.21;2258.92;-824.29;0.00
0.23;8.69;43.22;3457.52;1829.75;-1627.77;0.00
0.22;10.76;48.43;3874.77;1837.40;-2037.37;0.00
0.29;10.87;46.57;3725.23;2258.72;-1466.52;0.00
0.26;10.67;35.44;2835.24;2068.03;-767.21;0.00
0.24;8.93;43.26;3460.75;1853.95;-1606.80;0.00
0.24;10.42;29.17;2333.38;1965.73;-367.65;0.00
0.27;11.27;36.83;2946.11;2159.36;-786.75;0.00
0.27;9.03;46.63;3730.30;2046.19;-1684.11;0.00
0.24;9.43;37.84;3027.58;1928.50;-1099.08;0.00
0.24;9.75;46.08;3686.12;1952.78;-1733.35;0.00
0.26;9.30;34.16;2732.74;2021.81;-710.93;0.00
0.21;10.80;46.40;3712.19;1818.88;-1893.30;0.00
0.26;10.03;36.37;2909.81;2059.74;-850.08;0.00
0.30;11.29;45.52;3641.56;2332.09;-1309.47;0.00
0.22;10.63;41.95;3355.84;1842.42;-1513.41;0.00
0.24;8.48;31.82;2545.42;1856.15;-689.27;0.00
0.26;10.20;36.31;2905.11;2050.20;-854.91;0.00
0.20;10.67;37.75;3020.35;1747.10;-1273.25;0.00
0.29;9.75;44.20;3536.18;2221.73;-1314.46;0.00
0.25;8.44;36.81;2945.10;1912.68;-1032.41;0.00
0.22;11.78;35.94;2875.44;1914.36;-961.08;0.00
0.27;10.25;42.28;3382.37;2123.18;-1259.19;0.00
0.24;7.66;39.30;3143.69;1823.59;-1320.10;0.00
0.25;10.35;44.24;3539.08;2039.09;-1499.99;0.00
0.25;8.03;44.81;3585.12;1909.31;-1675.81;0.00
0.31;11.88;27.86;2228.71;2446.53;217.82;1.00
0.26;8.83;36.53;2922.72;1992.85;-929.86;0.00
0.26;9.23;48.17;3853.52;1996.24;-1857.28;0.00
0.20;10.49;37.46;2996.95;1718.79;-1278.16;0.00
0.26;9.13;38.29;3063.34;1999.60;-1063.74;0.00
0.23;9.39;41.77;3341.71;1847.00;-1494.71;0.00
0.29;9.14;31.47;2517.80;2201.08;-316.72;0.00
0.21;11.31;42.36;3389.06;1826.34;-1562.72;0.00
0.25;11.15;33.07;2645.77;2073.06;-572.71;0.00
0.25;9.15;40.71;3257.10;1959.70;-1297.39;0.00
0.24;10.50;36.31;2904.66;1979.89;-924.77;0.00
0.25;9.84;34.07;2725.52;1979.50;-746.02;0.00
0.29;8.38;37.98;3038.15;2131.06;-907.09;0.00
0.26;9.25;43.81;3504.69;2009.83;-1494.86;0.00
0.23;10.05;41.13;3290.29;1888.10;-1402.20;0.00
0.26;11.75;39.17;3133.29;2121.66;-1011.63;0.00
0.28;10.51;49.28;3942.76;2199.71;-1743.05;0.00
0.27;9.18;39.62;3169.48;2071.41;-1098.07;0.00
0.26;11.10;39.96;3196.54;2119.89;-1076.64;0.00
0.23;8.73;44.35;3548.20;1828.50;-1719.70;0.00
0.22;13.05;37.91;3032.86;2002.70;-1030.16;0.00
0.27;9.80;39.17;3133.21;2119.53;-1013.68;0.00
0.24;8.75;44.08;3526.73;1860.03;-1666.69;0.00
0.23;9.99;42.23;3378.44;1856.69;-1521.76;0.00
0.22;10.31;44.20;3535.74;1865.34;-1670.39;0.00
0.24;11.41;38.92;3113.94;1998.76;-1115.18;0.00
0.21;10.11;40.97;3277.51;1774.31;-1503.20;0.00
0.24;12.11;42.41;3392.63;2061.29;-1331.34;0.00
0.26;9.52;47.57;3805.29;2002.66;-1802.63;0.00
0.23;10.24;41.83;3346.41;1907.41;-1439.00;0.00
0.26;9.50;36.66;2932.89;2010.96;-921.93;0.00
0.25;9.66;38.77;3101.61;1992.03;-1109.58;0.00
0.22;10.91;36.57;2925.43;1881.09;-1044.33;0.00
0.24;9.54;46.73;3738.62;1921.76;-1816.86;0.00
0.24;10.99;46.79;3743.29;1983.82;-1759.47;0.00
0.26;11.31;35.52;2841.77;2116.29;-725.48;0.00
0.29;8.73;39.82;3185.56;2152.95;-1032.61;0.00
0.24;7.51;30.21;2416.63;1779.23;-637.41;0.00
0.26;8.84;31.09;2487.14;1969.02;-518.12;0.00
0.29;12.64;45.62;3649.65;2376.83;-1272.82;0.00
0.22;10.04;43.18;3454.05;1821.51;-1632.54;0.00
0.27;9.47;38.63;3090.50;2082.02;-1008.48;0.00
0.25;12.69;40.79;3263.46;2161.10;-1102.36;0.00
0.25;11.04;34.58;2766.44;2062.08;-704.36;0.00
0.28;10.35;37.47;2997.40;2163.48;-833.92;0.00
0.24;12.32;43.46;3476.54;2067.52;-1409.02;0.00
0.23;8.11;42.16;3372.69;1774.76;-1597.93;0.00
0.24;10.20;41.81;3344.51;1941.95;-1402.55;0.00
0.21;9.56;39.04;3123.50;1763.44;-1360.06;0.00
0.24;12.09;39.91;3192.56;2047.22;-1145.35;0.00
0.23;10.13;44.77;3581.70;1889.89;-1691.80;0.00
0.26;10.03;39.23;3138.68;2065.71;-1072.98;0.00
0.21;12.49;52.01;4160.77;1888.11;-2272.66;0.00
0.23;7.11;46.19;3694.95;1713.47;-1981.48;0.00
0.29;10.17;43.57;3485.88;2215.80;-1270.08;0.00
0.20;8.00;51.07;4085.72;1578.99;-2506.73;0.00
0.25;10.71;37.95;3036.33;2039.59;-996.73;0.00
0.27;9.35;42.60;3408.14;2058.09;-1350.06;0.00
0.23;11.46;41.93;3354.80;1943.35;-1411.45;0.00
0.25;9.13;38.46;3076.99;1922.01;-1154.97;0.00
0.20;10.48;46.53;3722.79;1733.01;-1989.78;0.00
0.27;10.78;40.60;3247.88;2139.73;-1108.15;0.00
0.21;10.36;38.68;3094.52;1793.96;-1300.56;0.00
0.21;10.47;38.92;3113.26;1816.26;-1297.00;0.00
0.23;11.93;33.91;2712.77;1998.35;-714.42;0.00
0.21;10.89;40.97;3277.52;1836.93;-1440.60;0.00
0.19;11.36;41.93;3354.36;1726.93;-1627.43;0.00
0.24;9.55;39.90;3192.08;1892.22;-1299.86;0.00
0.24;9.29;55.12;4409.43;1886.38;-2523.05;0.00
0.23;9.91;42.18;3374.42;1853.49;-1520.93;0.00
0.26;8.82;46.74;3738.92;1963.72;-1775.20;0.00
0.25;11.61;32.12;2569.36;2085.50;-483.86;0.00
0.30;9.39;49.06;3924.82;2242.68;-1682.14;0.00
0.24;8.40;34.90;2792.27;1824.71;-967.55;0.00
0.26;9.57;36.32;2905.32;2010.11;-895.21;0.00
0.26;10.01;40.02;3201.29;2041.06;-1160.23;0.00
0.22;11.38;42.01;3361.01;1925.15;-1435.86;0.00
0.22;9.77;36.08;2886.18;1836.74;-1049.44;0.00
0.27;10.12;46.82;3745.82;2148.53;-1597.28;0.00
0.23;9.13;41.57;3325.47;1854.65;-1470.83;0.00
0.24;11.11;39.90;3192.33;1993.01;-1199.32;0.00
0.25;8.79;37.35;2987.66;1940.33;-1047.34;0.00
0.25;9.06;44.62;3569.97;1941.19;-1628.78;0.00
0.22;13.01;39.91;3192.71;1985.96;-1206.75;0.00
0.26;9.44;41.86;3348.65;2006.81;-1341.84;0.00
0.27;8.81;41.72;3337.36;2078.87;-1258.49;0.00
0.25;10.66;45.29;3623.08;2006.05;-1617.03;0.00
0.26;9.55;43.10;3448.02;2038.21;-1409.81;0.00
0.24;8.36;41.45;3315.90;1844.48;-1471.42;0.00
0.28;9.26;45.28;3622.08;2154.98;-1467.10;0.00
0.20;9.76;44.39;3551.48;1708.80;-1842.68;0.00
0.25;8.74;30.32;2425.23;1936.43;-488.80;0.00
0.24;8.44;37.89;3031.50;1855.85;-1175.65;0.00
0.25;11.78;40.98;3278.41;2095.99;-1182.42;0.00
0.26;10.20;35.69;2855.52;2066.09;-789.43;0.00
0.23;10.44;42.64;3411.55;1903.09;-1508.46;0.00
0.26;9.25;37.00;2959.69;2038.89;-920.80;0.00
0.24;11.03;44.05;3523.67;2020.00;-1503.66;0.00
0.26;9.93;30.96;2476.87;2042.98;-433.89;0.00
0.26;11.13;49.71;3976.81;2088.08;-1888.73;0.00
0.18;9.78;50.87;4069.60;1599.79;-2469.81;0.00
0.22;10.92;46.43;3714.52;1894.73;-1819.80;0.00
0.24;11.14;47.52;3801.43;1991.16;-1810.27;0.00
0.24;8.64;39.37;3149.48;1886.09;-1263.39;0.00
0.30;10.01;45.68;3654.07;2296.37;-1357.70;0.00
0.26;13.55;44.50;3560.02;2226.87;-1333.15;0.00
0.25;11.66;45.33;3626.29;2080.64;-1545.65;0.00
0.21;11.18;42.62;3409.39;1839.37;-1570.01;0.00
0.23;11.39;51.36;4108.76;1976.05;-2132.71;0.00
0.25;10.85;45.81;3664.45;2031.56;-1632.89;0.00
0.29;9.73;37.98;3038.51;2187.81;-850.70;0.00
0.25;10.52;34.68;2774.20;2007.27;-766.93;0.00
0.22;10.17;36.07;2885.55;1836.28;-1049.26;0.00
0.25;11.35;48.20;3856.21;2072.76;-1783.45;0.00
0.25;10.59;43.45;3475.86;2016.02;-1459.84;0.00
0.20;11.48;36.65;2931.92;1757.77;-1174.15;0.00
0.25;10.92;42.94;3435.05;2054.35;-1380.70;0.00
0.25;9.48;39.58;3166.56;1995.74;-1170.82;0.00
0.29;7.08;39.54;3163.54;2091.43;-1072.10;0.00
0.22;9.11;41.98;3358.61;1793.77;-1564.84;0.00
0.24;10.28;42.74;3419.00;1931.13;-1487.87;0.00
0.28;10.30;34.41;2753.13;2166.61;-586.52;0.00
0.24;9.25;39.84;3186.91;1872.98;-1313.93;0.00
0.24;10.21;36.95;2956.29;1971.32;-984.97;0.00
0.26;8.57;37.94;3035.36;1966.55;-1068.81;0.00
0.27;8.20;35.57;2845.94;2032.38;-813.57;0.00
0.28;10.10;36.55;2924.35;2157.71;-766.64;0.00
0.28;9.05;32.23;2578.11;2132.72;-445.39;0.00
0.26;10.56;33.94;2715.19;2095.26;-619.92;0.00
0.25;10.09;39.67;3173.68;2010.53;-1163.15;0.00
0.23;9.01;36.29;2903.52;1854.13;-1049.39;0.00
0.24;8.15;46.04;3682.93;1843.16;-1839.77;0.00
0.23;10.73;38.91;3112.81;1910.40;-1202.41;0.00
0.29;6.67;43.84;3507.04;2080.39;-1426.66;0.00
0.25;9.10;43.14;3451.12;1941.33;-1509.80;0.00
0.26;9.12;38.65;3092.03;2005.37;-1086.66;0.00
0.28;11.10;32.88;2630.06;2239.49;-390.56;0.00
0.27;13.18;37.07;2965.27;2300.88;-664.38;0.00
0.25;10.25;42.85;3427.82;1985.72;-1442.10;0.00
0.28;8.72;37.36;2988.63;2081.10;-907.53;0.00
0.28;8.74;38.84;3106.99;2088.95;-1018.04;0.00
0.25;10.21;34.65;2772.04;2034.54;-737.50;0.00
0.29;9.37;38.71;3096.53;2182.74;-913.79;0.00
0.20;10.12;36.56;2924.82;1706.85;-1217.97;0.00
0.25;10.53;36.23;2898.06;2005.83;-892.23;0.00
0.24;10.65;37.16;2972.84;2003.58;-969.27;0.00
0.25;9.29;45.93;3674.26;1947.52;-1726.74;0.00
0.24;10.42;38.50;3080.25;1963.39;-1116.87;0.00
0.24;11.18;49.19;3935.55;2022.11;-1913.44;0.00
0.22;9.16;40.85;3268.29;1803.23;-1465.05;0.00
0.25;9.78;49.23;3938.77;1988.88;-1949.89;0.00
0.23;12.41;39.79;3183.19;2036.71;-1146.49;0.00
0.25;10.54;46.26;3700.65;2031.57;-1669.09;0.00
0.22;9.40;47.06;3765.12;1795.23;-1969.89;0.00
0.24;11.14;41.73;3338.76;2008.00;-1330.76;0.00
0.25;9.66;38.53;3082.52;2006.87;-1075.65;0.00
0.26;10.88;36.60;2928.15;2122.97;-805.18;0.00
0.20;9.90;36.47;2917.55;1729.17;-1188.38;0.00
0.25;8.96;39.74;3179.50;1922.84;-1256.66;0.00
0.22;9.12;33.85;2708.17;1768.26;-939.90;0.00
0.26;11.25;43.74;3499.10;2106.59;-1392.52;0.00
0.25;10.22;38.32;3065.36;2014.03;-1051.33;0.00
0.25;9.85;38.23;3058.42;1981.43;-1076.99;0.00
0.29;10.27;38.66;3093.18;2247.03;-846.15;0.00
0.28;10.44;44.99;3599.18;2214.64;-1384.54;0.00
0.28;9.38;43.71;3496.72;2159.73;-1336.99;0.00
0.21;10.12;36.15;2892.39;1769.73;-1122.66;0.00
0.26;11.40;48.62;3889.49;2104.19;-1785.30;0.00
0.29;7.09;39.93;3194.19;2051.44;-1142.74;0.00
0.24;9.72;32.15;2571.90;1910.66;-661.24;0.00
0.25;10.22;38.70;3096.12;1989.34;-1106.77;0.00
0.24;10.46;39.87;3189.55;1983.92;-1205.63;0.00
0.25;9.43;44.18;3534.50;1956.75;-1577.76;0.00
0.23;9.22;38.93;3114.22;1813.01;-1301.21;0.00
0.26;10.62;43.47;3477.32;2081.28;-1396.04;0.00
0.24;10.55;43.63;3490.04;1961.87;-1528.16;0.00
0.27;8.88;42.85;3428.40;2045.20;-1383.20;0.00
0.20;10.47;34.29;2742.96;1715.25;-1027.70;0.00
0.22;11.12;38.72;3097.49;1886.86;-1210.62;0.00
0.24;10.36;38.75;3100.39;1987.02;-1113.37;0.00
0.30;9.48;44.54;3562.98;2252.93;-1310.05;0.00
0.26;10.88;43.98;3518.33;2112.52;-1405.81;0.00
0.24;8.89;38.93;3114.05;1861.25;-1252.80;0.00
0.26;10.31;36.25;2900.10;2092.25;-807.85;0.00
0.22;10.17;39.29;3143.25;1830.46;-1312.80;0.00
0.22;10.03;36.77;2941.31;1849.76;-1091.55;0.00
0.27;10.20;46.98;3758.42;2098.50;-1659.92;0.00
0.26;9.87;37.28;2982.20;2060.13;-922.07;0.00
0.29;9.43;36.38;2910.33;2226.73;-683.60;0.00
0.30;8.13;38.14;3051.35;2177.77;-873.58;0.00
0.31;10.14;37.18;2974.50;2373.98;-600.52;0.00
0.27;9.33;27.15;2172.11;2062.99;-109.12;0.00
0.22;9.63;38.08;3046.70;1804.61;-1242.09;0.00
0.25;11.99;43.66;3492.85;2106.35;-1386.50;0.00
0.27;10.79;35.14;2811.13;2140.16;-670.97;0.00
0.28;10.92;37.61;3008.82;2202.29;-806.52;0.00
0.29;10.49;42.61;3408.94;2229.67;-1179.27;0.00
0.24;9.69;36.85;2948.21;1929.11;-1019.10;0.00
0.25;8.29;39.28;3142.48;1900.58;-1241.89;0.00
0.23;9.92;39.29;3143.43;1852.54;-1290.89;0.00
0.24;11.09;32.63;2610.54;2021.01;-589.53;0.00
0.25;9.50;34.60;2768.34;1962.61;-805.73;0.00
0.26;10.83;48.36;3868.65;2080.60;-1788.04;0.00
0.20;9.38;30.22;2417.54;1673.31;-744.23;0.00
0.30;10.16;36.97;2957.50;2292.44;-665.06;0.00
0.28;10.88;38.56;3084.77;2212.92;-871.85;0.00
0.27;10.79;37.48;2998.21;2159.05;-839.16;0.00
0.24;9.15;45.41;3632.74;1920.33;-1712.41;0.00
0.26;10.48;40.88;3270.66;2089.40;-1181.25;0.00
0.18;9.59;30.02;2401.85;1595.88;-805.97;0.00
0.22;9.19;50.95;4076.27;1786.01;-2290.26;0.00
0.25;9.28;46.92;3753.89;1933.27;-1820.62;0.00
0.22;12.09;47.22;3777.82;1963.56;-1814.26;0.00
0.26;10.20;39.65;3171.88;2053.77;-1118.11;0.00
0.21;11.28;33.84;2707.31;1805.84;-901.46;0.00
0.19;10.84;29.91;2392.53;1710.73;-681.80;0.00
0.27;10.23;44.18;3534.27;2137.18;-1397.09;0.00
0.26;8.93;39.42;3153.89;2027.12;-1126.77;0.00
0.25;11.13;35.88;2870.35;2053.78;-816.57;0.00
0.27;10.55;36.57;2925.98;2147.39;-778.59;0.00
0.21;9.23;41.71;3336.63;1736.67;-1599.96;0.00
0.21;8.95;37.28;2982.70;1723.58;-1259.12;0.00
0.26;11.53;43.84;3507.40;2113.35;-1394.05;0.00
0.27;10.49;40.84;3266.95;2155.24;-1111.71;0.00
0.29;9.63;42.62;3409.93;2211.55;-1198.38;0.00
0.27;10.69;37.20;2976.08;2145.62;-830.47;0.00
0.25;10.45;41.23;3298.71;2042.66;-1256.05;0.00
0.22;10.48;45.30;3623.63;1875.69;-1747.95;0.00
0.23;9.28;37.95;3036.15;1850.69;-1185.46;0.00
0.24;12.40;33.54;2683.17;2058.11;-625.07;0.00
0.26;10.10;42.37;3389.71;2071.95;-1317.77;0.00
0.21;10.08;37.04;2962.99;1782.71;-1180.28;0.00
0.24;9.29;42.35;3388.20;1913.27;-1474.92;0.00
0.25;10.93;42.73;3418.58;2032.64;-1385.94;0.00
0.23;9.21;40.91;3273.11;1847.17;-1425.94;0.00
0.24;9.94;36.64;2931.18;1913.14;-1018.03;0.00
0.28;10.90;27.94;2235.59;2226.98;-8.61;0.00
0.26;10.67;39.21;3136.86;2112.02;-1024.84;0.00
0.24;9.34;34.92;2793.29;1913.86;-879.43;0.00
0.23;8.99;38.88;3110.72;1852.25;-1258.47;0.00
0.23;9.37;43.22;3457.42;1862.25;-1595.17;0.00
0.26;12.38;38.51;3080.72;2158.98;-921.75;0.00
0.23;10.44;35.03;2802.64;1894.63;-908.01;0.00
0.28;10.49;35.26;2820.78;2171.78;-649.00;0.00
0.29;9.67;38.12;3049.98;2239.14;-810.84;0.00
0.25;10.00;40.68;3254.48;1992.11;-1262.38;0.00
0.27;9.86;36.59;2926.97;2102.56;-824.41;0.00
0.23;9.16;39.79;3183.39;1844.05;-1339.34;0.00
0.25;10.53;39.81;3184.62;2025.33;-1159.30;0.00
0.26;10.70;41.53;3322.66;2114.10;-1208.56;0.00
0.27;12.26;36.32;2905.38;2234.63;-670.75;0.00
0.21;10.61;47.47;3797.61;1815.23;-1982.37;0.00
0.23;9.99;33.83;2706.01;1888.11;-817.90;0.00
0.23;9.63;36.52;2921.32;1874.84;-1046.48;0.00
0.20;11.89;43.17;3453.27;1826.57;-1626.70;0.00
0.25;11.73;39.46;3157.09;2090.63;-1066.46;0.00
0.27;12.43;36.19;2895.04;2220.05;-674.98;0.00
0.25;11.80;32.38;2590.67;2100.78;-489.89;0.00
0.30;10.42;43.21;3456.88;2313.61;-1143.28;0.00
0.27;8.66;46.88;3750.48;2038.74;-1711.74;0.00
0.26;8.88;37.66;3012.54;2009.33;-1003.20;0.00
0.25;11.10;40.08;3206.67;2042.32;-1164.35;0.00
0.24;10.15;46.61;3728.58;1941.66;-1786.92;0.00
0.26;11.96;35.75;2860.07;2166.88;-693.19;0.00
0.22;9.52;39.32;3145.47;1803.47;-1341.99;0.00
0.27;11.71;37.24;2979.10;2188.21;-790.89;0.00
0.24;10.16;43.47;3477.22;1951.57;-1525.65;0.00
0.25;10.80;42.70;3415.77;2032.87;-1382.90;0.00
0.28;10.97;50.80;4063.64;2249.68;-1813.96;0.00
0.26;10.02;43.48;3478.80;2076.46;-1402.34;0.00
0.25;10.01;34.33;2746.25;1975.67;-770.58;0.00
0.28;8.34;39.35;3148.36;2082.64;-1065.73;0.00
0.26;10.05;47.46;3796.88;2068.91;-1727.97;0.00
0.24;10.11;40.87;3269.32;1965.82;-1303.49;0.00
0.28;11.81;42.14;3370.97;2252.99;-1117.98;0.00
0.28;8.73;39.08;3126.10;2087.04;-1039.05;0.00
0.25;12.11;41.56;3325.08;2103.97;-1221.11;0.00
0.23;10.85;42.02;3361.82;1900.42;-1461.40;0.00
0.25;11.24;45.68;3654.66;2080.68;-1573.98;0.00
0.26;11.59;40.99;3279.15;2153.68;-1125.47;0.00
0.21;9.77;36.77;2941.25;1738.06;-1203.18;0.00
0.23;11.66;39.68;3174.25;1993.57;-1180.67;0.00
0.24;10.81;43.74;3499.45;1978.12;-1521.33;0.00
0.25;10.28;35.01;2801.01;2012.47;-788.54;0.00
0.26;11.52;44.04;3522.97;2158.73;-1364.24;0.00
0.25;11.19;40.19;3215.51;2082.64;-1132.87;0.00
0.27;8.98;38.34;3067.55;2074.48;-993.07;0.00
0.25;10.80;42.90;3432.03;2061.33;-1370.70;0.00
0.23;8.35;41.58;3326.04;1818.94;-1507.10;0.00
0.26;9.58;39.52;3161.51;2039.80;-1121.70;0.00
0.27;10.68;37.56;3004.65;2150.18;-854.47;0.00
0.27;10.27;42.43;3394.21;2143.27;-1250.94;0.00
0.21;8.76;40.90;3272.18;1702.94;-1569.24;0.00
0.27;10.25;53.21;4256.69;2101.04;-2155.65;0.00
0.26;9.65;48.42;3873.47;2065.55;-1807.92;0.00
0.27;10.04;42.52;3401.27;2095.86;-1305.42;0.00
0.23;10.14;45.01;3601.09;1904.10;-1696.99;0.00
0.26;11.12;31.99;2559.44;2110.17;-449.27;0.00
0.25;9.17;39.06;3124.98;1937.56;-1187.43;0.00
0.26;7.37;39.48;3158.34;1894.74;-1263.60;0.00
0.19;10.01;49.85;3988.32;1674.19;-2314.13;0.00
0.23;11.32;39.45;3155.64;1957.85;-1197.78;0.00
0.24;9.51;38.36;3068.83;1937.45;-1131.38;0.00
0.26;10.21;45.24;3619.27;2073.59;-1545.68;0.00
0.27;10.09;39.48;3158.47;2114.39;-1044.07;0.00
0.25;9.63;28.10;2247.68;1969.46;-278.22;0.00
0.22;11.06;31.76;2540.69;1909.34;-631.34;0.00
0.27;9.97;46.63;3730.15;2108.76;-1621.39;0.00
0.22;12.12;36.44;2914.93;1958.12;-956.81;0.00
0.20;10.06;38.94;3115.54;1722.55;-1392.99;0.00
0.23;7.44;45.77;3662.00;1761.93;-1900.06;0.00
0.27;9.09;33.98;2718.27;2083.96;-634.31;0.00
0.23;10.11;44.67;3573.58;1881.88;-1691.69;0.00
0.31;9.95;30.86;2468.80;2350.97;-117.83;0.00
0.28;10.76;47.29;3783.52;2210.54;-1572.98;0.00
0.23;10.51;46.40;3712.35;1914.63;-1797.72;0.00
0.21;10.76;35.48;2838.32;1820.71;-1017.62;0.00
0.24;9.51;40.47;3237.59;1884.29;-1353.30;0.00
0.24;12.04;46.61;3728.63;2031.34;-1697.29;0.00
0.25;11.74;39.08;3126.53;2081.08;-1045.45;0.00
0.25;9.23;39.07;3125.82;1929.70;-1196.12;0.00
0.27;11.40;37.80;3024.23;2206.39;-817.84;0.00
0.24;8.99;40.01;3201.07;1873.69;-1327.38;0.00
0.27;8.95;47.58;3806.66;2033.17;-1773.49;0.00
0.24;11.70;42.23;3378.38;2051.38;-1326.99;0.00
0.25;10.67;42.16;3372.86;2057.43;-1315.43;0.00
0.25;9.98;40.71;3256.88;2000.89;-1256.00;0.00
0.26;10.53;39.51;3160.48;2087.95;-1072.53;0.00
0.26;9.82;40.08;3206.45;2067.11;-1139.34;0.00
0.26;8.50;46.76;3740.61;1992.33;-1748.28;0.00
0.23;9.16;43.66;3493.01;1837.77;-1655.24;0.00
0.25;10.01;41.51;3320.88;1976.30;-1344.58;0.00
0.26;9.78;43.72;3497.77;2066.48;-1431.29;0.00
0.22;10.07;42.54;3403.34;1852.10;-1551.24;0.00
0.25;10.69;44.14;3530.92;2035.10;-1495.82;0.00
0.28;8.23;30.47;2437.54;2076.48;-361.06;0.00
0.25;12.18;37.83;3026.28;2107.15;-919.12;0.00
0.24;10.02;46.36;3708.75;1926.92;-1781.82;0.00
0.22;11.69;37.89;3031.03;1915.10;-1115.93;0.00
0.27;8.78;45.30;3623.86;2040.58;-1583.28;0.00
0.32;10.27;32.98;2638.36;2446.65;-191.71;0.00
0.23;10.35;44.31;3545.17;1905.95;-1639.22;0.00
0.28;9.22;35.56;2844.66;2128.07;-716.59;0.00
0.28;10.39;37.17;2973.87;2187.84;-786.03;0.00
0.24;12.68;40.83;3266.58;2109.44;-1157.14;0.00
0.25;12.01;36.29;2903.43;2106.30;-797.12;0.00
0.25;7.47;42.99;3438.91;1881.57;-1557.33;0.00
0.23;11.37;25.98;2078.68;1958.71;-119.97;0.00
0.26;8.44;40.58;3246.76;1983.04;-1263.72;0.00
0.26;9.38;42.47;3397.59;2001.13;-1396.46;0.00
0.27;9.49;41.71;3337.16;2075.38;-1261.78;0.00
0.28;10.20;34.84;2787.18;2193.99;-593.19;0.00
0.24;10.21;39.14;3131.19;1927.45;-1203.74;0.00
0.24;10.02;41.52;3321.75;1943.88;-1377.87;0.00
0.27;10.75;39.41;3152.91;2165.22;-987.70;0.00
0.28;11.48;37.19;2975.03;2246.92;-728.11;0.00
0.28;10.80;44.01;3520.74;2226.63;-1294.10;0.00
0.27;8.77;37.27;2981.87;2038.38;-943.48;0.00
0.24;11.08;29.45;2356.01;1991.54;-364.47;0.00
0.24;12.73;44.93;3594.74;2106.50;-1488.24;0.00
0.29;11.92;34.11;2728.50;2353.87;-374.63;0.00
0.30;10.10;41.68;3334.29;2298.84;-1035.45;0.00
0.22;9.61;36.29;2903.51;1816.26;-1087.25;0.00
0.28;10.36;42.35;3387.95;2212.75;-1175.20;0.00
0.29;11.45;39.34;3146.97;2322.31;-824.65;0.00
0.23;9.78;35.77;2861.97;1894.10;-967.86;0.00
0.23;11.25;42.85;3428.39;1958.42;-1469.97;0.00
0.26;7.40;38.28;3062.65;1926.87;-1135.79;0.00
0.23;8.06;45.64;3650.90;1750.07;-1900.84;0.00
0.23;9.76;44.11;3528.96;1849.00;-1679.95;0.00
0.20;9.91;43.07;3445.33;1701.86;-1743.47;0.00
0.22;8.54;47.73;3818.04;1744.45;-2073.59;0.00
0.28;10.59;40.44;3235.59;2200.16;-1035.43;0.00
0.27;8.32;37.62;3009.43;2024.31;-985.12;0.00
0.24;9.86;41.62;3329.84;1949.26;-1380.58;0.00
0.28;10.72;34.00;2720.06;2186.67;-533.39;0.00
0.30;9.54;40.35;3228.39;2249.29;-979.11;0.00
0.31;12.25;43.00;3440.13;2469.93;-970.20;0.00
0.24;10.33;39.43;3154.43;1970.35;-1184.08;0.00
