# X_0;X_1;X_2;R_0;S_0;G_0;I_0
0.23;10.50;34.29;2743.56;1934.47;-809.09;0.00
0.27;11.22;42.97;3437.95;2169.33;-1268.62;0.00
0.25;9.35;42.75;3419.73;1969.56;-1450.17;0.00
0.24;8.71;39.35;3148.11;1853.51;-1294.60;0.00
0.22;11.85;45.54;3643.11;1939.52;-1703.59;0.00
0.22;10.49;41.96;3356.65;1867.40;-1489.26;0.00
0.24;9.68;48.26;3860.43;1900.24;-1960.18;0.00
0.26;10.55;41.68;3334.24;2072.86;-1261.37;0.00
0.21;8.39;42.82;3425.85;1698.62;-1727.23;0.00
0.23;8.91;39.02;3121.51;1819.26;-1302.25;0.00
0.24;9.79;35.54;2843.05;1939.54;-903.51;0.00
0.32;9.65;49.44;3955.57;2367.92;-1587.65;0.00
0.23;9.12;39.02;3121.34;1855.63;-1265.72;0.00
0.25;11.39;44.90;3591.69;2086.00;-1505.69;0.00
0.27;11.38;31.71;2536.98;2199.71;-337.28;0.00
0.28;10.28;41.72;3337.47;2217.00;-1120.47;0.00
0.24;10.78;51.41;4112.72;1959.81;-2152.91;0.00
0.22;10.11;48.60;3888.38;1806.35;-2082.04;0.00
0.25;12.90;45.82;3665.80;2138.91;-1526.89;0.00
0.27;11.24;37.38;2990.26;2210.42;-779.84;0.00
0.24;9.82;37.22;2977.70;1924.22;-1053.48;0.00
0.29;9.14;35.94;2875.33;2195.74;-679.59;0.00
0.29;8.76;40.28;3222.55;2172.36;-1050.19;0.00
0.22;8.87;45.11;3609.08;1767.95;-1841.13;0.00
0.21;10.69;42.53;3402.53;1794.73;-1607.80;0.00
0.23;9.35;32.04;2563.03;1858.51;-704.52;0.00
0.23;8.58;39.86;3188.79;1821.57;-1367.22;0.00
0.24;10.69;41.23;3298.66;1997.79;-1300.87;0.00
0.20;8.89;37.13;2970.64;1627.29;-1343.35;0.00
0.27;9.86;37.55;3003.65;2087.99;-915.67;0.00
0.24;9.97;52.28;4182.44;1917.83;-2264.60;0.00
0.25;8.79;38.84;3107.00;1905.62;-1201.38;0.00
0.20;11.33;35.31;2824.62;1792.60;-1032.02;0.00
0.21;10.42;35.24;2818.83;1778.32;-1040.51;0.00
0.26;9.92;29.77;2381.62;2079.67;-301.95;0.00
0.28;10.42;43.23;3458.61;2179.64;-1278.97;0.00
0.21;9.57;37.59;3007.43;1749.40;-1258.03;0.00
0.27;10.17;48.50;3880.21;2144.42;-1735.79;0.00
0.25;10.02;39.58;3166.60;1999.14;-1167.46;0.00
0.26;9.92;37.57;3005.33;2076.08;-929.24;0.00
0.30;10.12;44.03;3522.06;2266.88;-1255.17;0.00
0.26;9.69;42.88;3430.66;2038.96;-1391.70;0.00
0.30;10.49;39.73;3178.55;2319.01;-859.54;0.00
0.24;9.37;45.79;3662.88;1923.01;-1739.88;0.00
0.21;10.17;36.59;2927.27;1763.34;-1163.92;0.00
0.26;12.50;41.10;3288.38;2180.27;-1108.11;0.00
0.25;9.14;40.42;3233.36;1926.16;-1307.20;0.00
0.25;9.34;39.46;3157.10;1935.84;-1221.26;0.00
0.24;11.35;38.29;3062.88;2021.02;-1041.86;0.00
0.25;8.61;41.49;3319.33;1903.03;-1416.31;0.00
0.21;10.41;35.42;2833.23;1774.95;-1058.28;0.00
0.25;9.25;44.30;3544.19;1930.60;-1613.58;0.00
0.26;8.87;36.34;2907.56;1969.36;-938.20;0.00
0.26;9.90;48.35;3867.77;2058.20;-1809.56;0.00
0.23;11.36;47.33;3786.17;1976.73;-1809.44;0.00
0.19;11.13;37.36;2988.81;1724.17;-1264.64;0.00
0.26;9.66;39.33;3146.45;2052.29;-1094.16;0.00
0.27;9.12;44.05;3523.64;2085.29;-1438.35;0.00
0.28;10.96;43.12;3449.99;2199.50;-1250.49;0.00
0.27;11.42;45.67;3653.21;2164.37;-1488.84;0.00
0.26;11.56;45.51;3641.09;2128.70;-1512.40;0.00
0.30;8.37;41.80;3343.95;2227.63;-1116.32;0.00
0.27;9.98;40.20;3215.77;2106.53;-1109.23;0.00
0.24;7.62;38.78;3102.14;1791.24;-1310.89;0.00
0.26;10.21;39.10;3127.94;2096.20;-1031.74;0.00
0.27;9.32;40.56;3244.64;2095.16;-1149.48;0.00
0.29;10.50;30.65;2451.99;2285.86;-166.13;0.00
0.25;8.67;39.72;3177.56;1925.26;-1252.29;0.00
0.20;9.53;41.92;3353.42;1688.70;-1664.72;0.00
0.23;9.87;40.65;3252.34;1875.40;-1376.94;0.00
0.19;11.29;39.07;3125.24;1732.73;-1392.51;0.00
0.28;10.90;38.22;3057.44;2194.25;-863.19;0.00
0.24;11.81;40.00;3199.91;2053.37;-1146.55;0.00
0.29;10.70;31.59;2527.54;2288.60;-238.93;0.00
0.25;9.88;40.83;3266.41;1962.54;-1303.87;0.00
0.23;8.70;39.15;3131.81;1824.94;-1306.87;0.00
0.26;12.61;37.86;3028.60;2181.96;-846.64;0.00
0.27;11.87;37.12;2969.92;2193.94;-775.97;0.00
0.23;11.01;39.11;3129.08;1949.28;-1179.80;0.00
0.23;11.22;36.57;2925.27;1937.89;-987.37;0.00
0.30;8.76;36.15;2891.98;2197.76;-694.22;0.00
0.26;11.09;51.05;4083.99;2117.09;-1966.90;0.00
0.22;11.69;40.74;3258.85;1910.50;-1348.35;0.00
0.28;10.57;38.44;3075.09;2228.47;-846.61;0.00
0.24;10.59;48.80;3903.65;1963.70;-1939.95;0.00
0.26;10.11;39.70;3175.73;2069.52;-1106.21;0.00
0.23;10.02;45.77;3661.88;1856.61;-1805.28;0.00
0.24;10.85;35.69;2855.30;2011.32;-843.98;0.00
0.22;11.24;44.33;3546.21;1883.27;-1662.94;0.00
0.26;10.66;38.53;3082.20;2116.12;-966.09;0.00
0.26;10.01;42.96;3436.77;2040.89;-1395.88;0.00
0.24;9.45;42.31;3384.73;1897.70;-1487.03;0.00
0.28;11.92;42.70;3415.63;2282.08;-1133.55;0.00
0.23;10.16;35.73;2858.75;1909.13;-949.63;0.00
0.26;9.06;35.13;2810.14;2002.55;-807.58;0.00
0.24;10.21;40.39;3231.06;1937.65;-1293.40;0.00
0.26;9.41;37.10;2968.05;2023.68;-944.37;0.00
0.29;10.47;40.60;3248.13;2278.37;-969.76;0.00
0.24;11.17;36.00;2880.40;2019.65;-860.75;0.00
0.26;10.40;40.35;3228.08;2093.42;-1134.66;0.00
0.28;9.92;37.44;2995.53;2189.07;-806.46;0.00
0.27;11.25;36.87;2949.73;2208.26;-741.47;0.00
0.27;10.11;39.39;3151.42;2131.61;-1019.81;0.00
0.26;12.61;42.56;3405.15;2191.54;-1213.61;0.00
0.26;11.41;43.56;3485.07;2141.73;-1343.34;0.00
0.24;10.85;35.56;2844.43;2005.53;-838.89;0.00
0.24;10.05;36.70;2936.21;1914.30;-1021.91;0.00
0.23;8.94;43.29;3463.03;1821.62;-1641.42;0.00
0.21;12.15;32.17;2573.45;1873.41;-700.04;0.00
0.24;10.86;36.87;2949.62;1976.77;-972.85;0.00
0.27;10.74;30.27;2421.74;2127.42;-294.32;0.00
0.28;9.82;46.36;3708.91;2140.19;-1568.72;0.00
0.24;10.13;33.24;2658.95;1944.34;-714.61;0.00
0.29;10.07;35.94;2875.25;2215.98;-659.27;0.00
0.28;10.36;37.50;3000.13;2208.32;-791.81;0.00
0.30;9.33;44.05;3524.20;2269.15;-1255.04;0.00
0.23;9.07;37.44;2995.28;1855.97;-1139.31;0.00
0.26;9.56;45.86;3669.08;2059.19;-1609.89;0.00
0.28;9.86;39.89;3191.08;2180.41;-1010.66;0.00
0.25;9.97;45.50;3640.03;1994.96;-1645.06;0.00
0.25;9.49;38.32;3065.72;1946.56;-1119.16;0.00
0.24;10.26;37.60;3007.65;1970.19;-1037.47;0.00
0.23;10.27;41.83;3346.44;1912.62;-1433.83;0.00
0.24;11.84;40.26;3220.71;2036.16;-1184.55;0.00
0.28;10.76;30.07;2405.85;2208.81;-197.04;0.00
0.27;9.12;50.18;4014.32;2070.11;-1944.21;0.00
0.26;11.78;42.98;3438.26;2130.97;-1307.28;0.00
0.28;12.12;39.15;3131.84;2308.52;-823.31;0.00
0.22;11.03;42.46;3396.54;1885.75;-1510.79;0.00
0.22;9.84;37.49;2998.83;1817.62;-1181.21;0.00
0.28;9.36;39.54;3162.86;2149.02;-1013.85;0.00
0.26;8.09;39.96;3197.02;1943.25;-1253.77;0.00
0.25;8.96;38.05;3043.70;1948.94;-1094.76;0.00
0.25;10.44;40.62;3249.87;2038.39;-1211.48;0.00
0.23;11.44;40.84;3267.22;1939.93;-1327.30;0.00
0.21;9.44;37.20;2975.82;1710.12;-1265.71;0.00
0.22;10.52;47.13;3770.54;1834.63;-1935.91;0.00
0.25;11.80;35.99;2878.98;2110.84;-768.13;0.00
0.26;9.76;42.47;3397.59;2059.77;-1337.81;0.00
0.29;8.74;33.80;2704.15;2184.02;-520.14;0.00
0.25;10.65;51.03;4082.14;2054.12;-2028.03;0.00
0.23;13.64;44.89;3591.50;2062.35;-1529.14;0.00
0.22;10.97;34.91;2793.00;1895.77;-897.23;0.00
0.22;9.53;45.71;3656.60;1788.46;-1868.14;0.00
0.25;7.91;36.12;2889.95;1858.18;-1031.77;0.00
0.25;10.83;36.09;2886.84;2054.91;-831.93;0.00
0.24;11.02;41.51;3321.10;1973.70;-1347.40;0.00
0.26;11.48;38.15;3051.60;2139.47;-912.14;0.00
0.27;9.21;42.62;3409.94;2046.35;-1363.59;0.00
0.28;9.20;41.18;3294.24;2146.36;-1147.88;0.00
0.26;9.97;32.79;2622.96;2064.42;-558.54;0.00
0.21;12.71;33.64;2691.05;1883.94;-807.11;0.00
0.20;10.55;45.16;3612.90;1753.48;-1859.42;0.00
0.27;9.09;40.03;3202.74;2084.43;-1118.30;0.00
0.25;8.05;35.26;2820.48;1882.78;-937.70;0.00
0.24;9.19;42.18;3374.51;1867.86;-1506.65;0.00
0.22;11.23;38.49;3079.29;1901.58;-1177.71;0.00
0.28;11.42;37.03;2962.12;2266.46;-695.66;0.00
0.26;10.40;45.21;3616.87;2093.06;-1523.81;0.00
0.30;10.91;38.59;3087.48;2350.78;-736.70;0.00
0.25;11.36;40.40;3231.96;2052.60;-1179.36;0.00
0.24;11.29;43.83;3506.30;2019.03;-1487.27;0.00
0.26;9.41;42.46;3396.94;2044.26;-1352.68;0.00
0.24;9.26;37.03;2962.11;1907.58;-1054.53;0.00
0.25;10.27;37.90;3032.36;2010.57;-1021.79;0.00
0.32;10.09;37.92;3033.86;2415.99;-617.87;0.00
0.26;11.13;40.43;3234.46;2094.73;-1139.73;0.00
0.21;7.90;48.74;3899.39;1663.19;-2236.20;0.00
0.27;9.62;33.66;2692.59;2114.40;-578.18;0.00
0.22;12.05;39.31;3144.99;1935.40;-1209.59;0.00
0.27;9.59;39.32;3145.40;2117.89;-1027.52;0.00
0.24;9.97;44.99;3599.12;1926.83;-1672.29;0.00
0.23;9.85;33.18;2654.08;1888.20;-765.87;0.00
0.27;10.61;43.23;3458.77;2124.53;-1334.23;0.00
0.28;8.45;37.94;3035.30;2073.04;-962.27;0.00
0.30;10.56;44.10;3528.34;2291.68;-1236.66;0.00
0.26;9.05;38.96;3116.57;1976.81;-1139.76;0.00
0.21;9.34;44.23;3538.25;1734.73;-1803.52;0.00
0.20;7.44;38.49;3079.23;1583.02;-1496.21;0.00
0.27;10.84;34.72;2777.34;2187.50;-589.84;0.00
0.23;9.18;35.68;2854.68;1860.72;-993.96;0.00
0.24;11.17;32.16;2572.95;1976.51;-596.44;0.00
0.26;9.31;38.18;3054.46;2023.52;-1030.95;0.00
0.28;11.97;38.43;3074.79;2284.97;-789.82;0.00
0.26;10.36;39.56;3164.87;2055.56;-1109.32;0.00
0.30;10.66;41.24;3299.08;2336.76;-962.32;0.00
0.23;11.20;32.35;2588.08;1957.43;-630.65;0.00
0.25;11.55;36.06;2884.51;2091.64;-792.87;0.00
0.23;9.22;44.09;3527.25;1835.23;-1692.02;0.00
0.22;10.19;42.40;3392.12;1837.47;-1554.65;0.00
0.29;10.97;37.73;3018.57;2256.05;-762.52;0.00
0.24;9.67;44.42;3553.67;1939.00;-1614.67;0.00
0.25;11.71;45.86;3668.71;2096.76;-1571.95;0.00
0.30;9.52;38.41;3072.58;2262.41;-810.17;0.00
0.26;9.23;40.37;3229.41;2033.63;-1195.78;0.00
0.27;11.84;43.90;3512.02;2187.57;-1324.45;0.00
0.24;10.96;39.44;3155.20;2000.68;-1154.52;0.00
0.24;10.48;43.86;3509.12;1965.05;-1544.07;0.00
0.28;9.70;42.01;3361.06;2150.04;-1211.02;0.00
0.24;9.67;37.39;2991.57;1920.22;-1071.35;0.00
0.22;10.82;40.71;3256.44;1853.51;-1402.93;0.00
0.24;9.70;45.66;3652.77;1896.32;-1756.45;0.00
0.24;10.86;37.01;2960.71;1980.55;-980.16;0.00
0.23;10.26;42.92;3433.90;1918.23;-1515.67;0.00
0.27;10.51;38.13;3050.72;2138.05;-912.67;0.00
0.25;9.65;42.15;3372.06;1994.48;-1377.58;0.00
0.20;9.26;35.92;2873.46;1639.62;-1233.84;0.00
0.28;9.21;40.65;3251.67;2113.74;-1137.93;0.00
0.23;11.18;37.54;3003.60;1948.44;-1055.15;0.00
0.27;9.02;41.95;3356.11;2075.95;-1280.16;0.00
0.26;9.63;45.73;3658.56;2054.06;-1604.50;0.00
0.23;8.28;36.87;2949.39;1809.19;-1140.20;0.00
0.24;12.97;38.62;3089.76;2073.02;-1016.74;0.00
0.27;10.00;42.78;3422.73;2089.55;-1333.19;0.00
0.28;8.61;37.66;3012.83;2115.86;-896.97;0.00
0.25;9.76;46.97;3757.67;1980.53;-1777.14;0.00
0.28;8.14;42.04;3362.98;2057.28;-1305.70;0.00
0.26;9.53;33.79;2703.04;2015.01;-688.03;0.00
0.28;11.85;42.93;3434.55;2289.72;-1144.82;0.00
0.26;11.13;42.30;3384.17;2093.33;-1290.85;0.00
0.27;9.13;39.74;3178.90;2089.57;-1089.33;0.00
0.23;9.27;53.56;4284.50;1818.04;-2466.47;0.00
0.25;10.47;36.74;2938.98;2015.49;-923.49;0.00
0.25;10.61;32.03;2562.40;2033.62;-528.78;0.00
0.19;12.17;43.99;3519.38;1789.42;-1729.96;0.00
0.24;9.91;34.17;2733.49;1946.61;-786.89;0.00
0.26;9.97;42.23;3378.55;2078.27;-1300.28;0.00
0.22;10.53;43.76;3500.43;1858.49;-1641.94;0.00
0.22;10.46;39.03;3122.60;1873.17;-1249.43;0.00
0.26;10.67;37.22;2977.84;2109.51;-868.33;0.00
0.24;12.27;38.28;3062.51;2088.25;-974.26;0.00
0.34;10.58;41.87;3349.60;2552.17;-797.43;0.00
0.22;7.78;45.05;3604.04;1730.62;-1873.42;0.00
0.25;8.46;39.27;3141.39;1942.31;-1199.08;0.00
0.25;10.18;35.42;2833.41;2027.70;-805.71;0.00
0.28;7.46;38.70;3095.89;2055.49;-1040.40;0.00
0.28;7.77;43.44;3475.41;2045.02;-1430.39;0.00
0.27;10.64;45.94;3675.19;2146.65;-1528.55;0.00
0.26;9.85;42.06;3364.72;2063.88;-1300.84;0.00
0.23;11.23;47.74;3819.26;1933.88;-1885.38;0.00
0.19;11.07;49.36;3948.85;1681.29;-2267.57;0.00
0.23;8.70;33.44;2675.04;1783.89;-891.15;0.00
0.24;11.12;44.10;3527.71;2007.63;-1520.08;0.00
0.24;11.16;41.37;3309.24;1979.24;-1329.99;0.00
0.26;10.99;38.66;3092.97;2131.83;-961.14;0.00
0.26;9.62;36.94;2955.24;2059.50;-895.74;0.00
0.22;9.71;44.61;3569.11;1782.95;-1786.17;0.00
0.24;11.55;39.67;3173.92;2050.28;-1123.64;0.00
0.23;8.39;36.17;2893.96;1790.80;-1103.16;0.00
0.25;10.19;36.92;2953.39;2036.82;-916.57;0.00
0.27;11.93;44.42;3553.65;2241.54;-1312.12;0.00
0.25;10.72;42.48;3398.74;2052.90;-1345.85;0.00
0.26;12.48;42.06;3365.02;2206.26;-1158.77;0.00
0.22;9.76;39.59;3167.48;1794.43;-1373.05;0.00
0.26;12.03;51.03;4082.58;2150.00;-1932.58;0.00
0.23;9.94;33.44;2675.19;1858.12;-817.07;0.00
0.23;12.77;35.07;2805.38;2019.12;-786.27;0.00
0.29;7.36;35.75;2860.05;2066.58;-793.47;0.00
0.23;9.15;39.39;3150.99;1822.93;-1328.06;0.00
0.28;9.97;39.13;3130.31;2148.06;-982.24;0.00
0.26;10.47;31.73;2538.13;2059.36;-478.77;0.00
0.27;10.97;38.36;3068.48;2185.85;-882.63;0.00
0.25;10.30;41.57;3325.73;2016.62;-1309.12;0.00
0.28;10.28;43.48;3478.26;2175.56;-1302.70;0.00
0.25;9.84;40.48;3238.77;1964.19;-1274.58;0.00
0.24;9.77;45.26;3621.11;1952.69;-1668.43;0.00
0.24;9.47;39.75;3180.23;1911.81;-1268.42;0.00
0.21;8.86;40.06;3204.74;1702.69;-1502.05;0.00
0.29;9.32;37.20;2975.62;2192.03;-783.58;0.00
0.25;11.99;37.71;3017.13;2094.86;-922.26;0.00
0.25;8.21;46.70;3735.87;1895.46;-1840.41;0.00
0.19;11.68;37.71;3017.13;1741.04;-1276.09;0.00
0.21;10.40;41.08;3286.45;1801.68;-1484.77;0.00
0.21;11.65;45.40;3631.74;1828.99;-1802.76;0.00
0.25;10.90;44.53;3562.48;2069.98;-1492.50;0.00
0.25;10.80;46.95;3755.62;2053.32;-1702.30;0.00
0.26;9.31;34.00;2719.86;2016.30;-703.55;0.00
0.25;9.80;42.81;3424.41;2016.18;-1408.24;0.00
0.25;12.23;33.67;2693.67;2116.93;-576.74;0.00
0.24;10.64;47.78;3822.69;1989.84;-1832.86;0.00
0.23;8.78;42.35;3388.19;1803.36;-1584.82;0.00
0.27;11.00;42.76;3420.91;2168.83;-1252.08;0.00
0.28;8.71;27.58;2206.19;2114.40;-91.79;0.00
0.27;8.30;40.00;3200.05;2019.66;-1180.40;0.00
0.27;11.39;36.86;2948.48;2160.98;-787.50;0.00
0.24;11.32;47.44;3795.37;1991.54;-1803.82;0.00
0.23;8.68;38.36;3068.80;1793.31;-1275.49;0.00
0.25;10.57;38.59;3087.16;2023.71;-1063.45;0.00
0.26;11.87;47.77;3821.88;2185.80;-1636.08;0.00
0.25;9.25;43.69;3495.08;1929.64;-1565.44;0.00
0.23;11.57;43.97;3517.85;1947.05;-1570.80;0.00
0.22;10.42;48.16;3852.98;1859.86;-1993.12;0.00
0.25;10.56;34.10;2727.80;2047.41;-680.39;0.00
0.21;7.91;30.19;2415.24;1633.95;-781.29;0.00
0.23;10.86;41.69;3335.04;1945.48;-1389.56;0.00
0.28;9.32;51.24;4099.04;2153.32;-1945.72;0.00
0.24;10.82;40.83;3266.78;1982.75;-1284.02;0.00
0.29;10.35;29.58;2366.26;2252.29;-113.97;0.00
0.25;10.03;35.06;2805.08;1998.23;-806.85;0.00
0.23;9.45;37.05;2964.02;1860.45;-1103.57;0.00
0.22;9.98;35.69;2855.31;1805.68;-1049.64;0.00
0.26;9.86;36.25;2899.80;2046.10;-853.70;0.00
0.20;8.60;42.61;3408.99;1645.75;-1763.24;0.00
0.27;12.22;33.81;2704.98;2231.13;-473.85;0.00
0.26;9.41;41.59;3327.18;2012.93;-1314.25;0.00
0.26;11.13;43.03;3442.18;2101.26;-1340.92;0.00
0.20;9.63;43.54;3483.12;1714.42;-1768.69;0.00
0.22;9.96;50.08;4006.59;1828.62;-2177.97;0.00
0.25;9.83;43.83;3506.28;1972.90;-1533.38;0.00
0.27;9.67;38.31;3065.10;2102.52;-962.58;0.00
0.27;12.96;39.57;3165.94;2290.00;-875.93;0.00
0.24;9.30;40.81;3264.66;1913.67;-1350.99;0.00
0.26;9.13;40.21;3216.92;1992.58;-1224.35;0.00
0.25;11.16;41.93;3354.74;2069.57;-1285.17;0.00
0.26;11.92;29.20;2336.15;2135.02;-201.13;0.00
0.19;9.63;30.77;2461.57;1653.03;-808.54;0.00
0.23;11.88;42.41;3392.57;2004.24;-1388.34;0.00
0.25;10.02;37.41;2992.43;2001.24;-991.19;0.00
0.28;12.28;41.93;3354.50;2321.18;-1033.32;0.00
0.25;10.93;40.75;3259.86;2061.16;-1198.70;0.00
0.24;9.91;46.46;3716.91;1945.31;-1771.61;0.00
0.25;10.73;42.16;3373.04;2055.40;-1317.64;0.00
0.24;10.01;45.68;3654.18;1928.03;-1726.15;0.00
0.26;10.37;40.19;3215.21;2072.93;-1142.29;0.00
0.25;9.81;34.76;2780.84;1973.91;-806.93;0.00
0.23;9.80;41.83;3346.18;1877.51;-1468.67;0.00
0.25;12.41;39.56;3164.45;2138.38;-1026.07;0.00
0.20;9.08;39.46;3157.18;1664.01;-1493.17;0.00
0.27;8.56;41.95;3355.63;2035.04;-1320.58;0.00
0.29;11.04;44.88;3590.51;2284.89;-1305.62;0.00
0.26;12.40;42.15;3371.93;2197.05;-1174.88;0.00
0.22;10.45;35.12;2809.60;1837.35;-972.24;0.00
0.23;11.09;45.87;3669.96;1944.22;-1725.74;0.00
0.27;10.05;44.72;3577.58;2114.74;-1462.84;0.00
0.27;11.34;40.98;3278.44;2213.24;-1065.20;0.00
0.29;8.93;38.80;3103.97;2174.28;-929.69;0.00
0.28;8.68;30.75;2459.65;2073.83;-385.82;0.00
0.30;9.90;42.38;3390.69;2267.53;-1123.15;0.00
0.25;10.36;39.07;3125.29;2021.98;-1103.31;0.00
0.30;9.59;38.89;3111.59;2277.31;-834.28;0.00
0.28;11.53;47.93;3834.01;2229.03;-1604.98;0.00
0.22;10.75;39.46;3156.71;1887.97;-1268.74;0.00
0.26;9.99;42.79;3422.94;2031.43;-1391.51;0.00
0.24;9.73;39.00;3119.87;1897.68;-1222.19;0.00
0.23;10.57;40.65;3251.84;1927.57;-1324.27;0.00
0.25;11.09;39.49;3159.07;2072.47;-1086.59;0.00
0.26;9.71;47.10;3767.62;2063.34;-1704.28;0.00
0.28;10.22;41.31;3304.75;2195.41;-1109.34;0.00
0.28;10.23;43.15;3451.72;2162.93;-1288.80;0.00
0.27;11.04;42.92;3433.73;2158.63;-1275.10;0.00
0.28;10.93;40.36;3229.03;2209.36;-1019.67;0.00
0.26;8.22;38.60;3087.72;1937.85;-1149.87;0.00
0.27;11.08;38.57;3085.78;2187.90;-897.88;0.00
0.24;11.15;39.53;3162.51;1996.68;-1165.83;0.00
0.23;7.96;35.50;2839.94;1798.18;-1041.76;0.00
0.23;10.10;39.49;3158.93;1905.45;-1253.48;0.00
0.25;9.55;42.99;3439.51;1949.32;-1490.19;0.00
0.22;10.14;30.40;2432.26;1857.21;-575.05;0.00
0.29;11.00;36.47;2917.22;2291.71;-625.51;0.00
0.27;10.88;40.52;3241.29;2177.06;-1064.23;0.00
0.22;8.77;37.74;3018.90;1730.84;-1288.06;0.00
0.24;10.99;40.25;3219.79;1978.84;-1240.95;0.00
0.26;9.62;45.42;3633.50;2027.62;-1605.88;0.00
0.21;11.59;29.98;2398.44;1850.20;-548.24;0.00
0.23;10.23;32.64;2611.26;1897.70;-713.56;0.00
0.25;9.61;38.03;3042.37;1959.51;-1082.86;0.00
0.23;9.18;35.28;2822.13;1809.74;-1012.39;0.00
0.28;10.95;37.24;2979.53;2238.52;-741.02;0.00
0.26;10.32;49.07;3925.85;2049.25;-1876.60;0.00
0.31;9.05;48.20;3855.64;2279.57;-1576.07;0.00
0.21;10.21;49.47;3957.82;1766.78;-2191.04;0.00
0.24;12.47;33.30;2664.31;2073.59;-590.72;0.00
0.18;10.59;38.81;3104.70;1632.06;-1472.64;0.00
0.28;9.92;36.93;2954.40;2139.76;-814.63;0.00
0.24;9.43;46.58;3726.55;1904.07;-1822.48;0.00
0.25;9.72;39.32;3145.27;1967.95;-1177.31;0.00
0.32;11.63;41.83;3346.01;2506.31;-839.70;0.00
0.26;8.80;38.92;3113.36;1978.80;-1134.56;0.00
0.23;11.82;38.68;3094.60;1978.78;-1115.82;0.00
0.24;10.45;34.69;2775.31;1939.23;-836.08;0.00
0.24;11.15;34.01;2720.94;2017.07;-703.87;0.00
0.27;8.83;39.59;3167.01;2025.73;-1141.28;0.00
0.22;10.48;34.32;2745.84;1849.40;-896.44;0.00
0.23;10.94;40.69;3255.24;1927.16;-1328.08;0.00
0.25;9.06;41.47;3317.27;1970.10;-1347.16;0.00
0.22;9.45;34.51;2760.82;1819.16;-941.67;0.00
0.25;11.41;37.96;3036.53;2051.82;-984.71;0.00
0.26;10.31;40.50;3240.35;2048.38;-1191.97;0.00
0.25;10.18;38.81;3104.72;2028.99;-1075.72;0.00
0.25;10.24;34.98;2798.43;2022.88;-775.54;0.00
0.28;10.49;36.89;2951.02;2172.62;-778.40;0.00
0.27;11.43;36.16;2892.47;2166.42;-726.06;0.00
0.26;11.26;35.88;2870.43;2120.67;-749.76;0.00
0.26;10.91;33.89;2710.90;2080.73;-630.17;0.00
0.25;11.10;32.05;2564.23;2047.45;-516.78;0.00
0.21;9.82;34.65;2772.10;1768.49;-1003.60;0.00
0.30;11.34;43.05;3444.00;2371.88;-1072.12;0.00
0.26;11.56;36.74;2939.41;2111.38;-828.03;0.00
0.28;8.46;37.32;2985.87;2095.52;-890.36;0.00
0.28;8.69;32.84;2627.07;2101.23;-525.83;0.00
0.26;10.90;35.77;2861.57;2117.91;-743.65;0.00
0.24;10.33;44.24;3539.12;1935.64;-1603.47;0.00
0.20;10.06;40.15;3212.02;1728.03;-1483.99;0.00
0.24;9.79;44.04;3523.57;1955.72;-1567.85;0.00
0.24;10.64;43.79;3503.47;1958.64;-1544.83;0.00
0.28;11.26;34.35;2747.66;2250.74;-496.91;0.00
0.26;11.05;41.26;3300.49;2087.13;-1213.36;0.00
0.23;9.34;32.88;2630.56;1857.99;-772.57;0.00
0.21;10.75;36.93;2954.44;1783.97;-1170.47;0.00
0.23;8.91;37.11;2968.91;1837.71;-1131.20;0.00
0.26;9.45;41.58;3326.64;2030.05;-1296.59;0.00
0.27;11.51;39.56;3165.20;2203.97;-961.23;0.00
0.25;10.34;44.20;3535.97;2044.96;-1491.01;0.00
0.26;10.76;45.33;3626.52;2101.62;-1524.90;0.00
0.26;10.37;43.11;3449.08;2047.89;-1401.18;0.00
0.27;10.32;37.74;3018.83;2119.05;-899.78;0.00
0.22;8.93;41.13;3290.66;1790.09;-1500.56;0.00
0.27;12.40;36.02;2881.40;2245.33;-636.07;0.00
0.24;9.33;45.87;3669.53;1897.17;-1772.36;0.00
0.26;9.77;39.93;3194.03;2069.36;-1124.67;0.00
0.19;10.98;41.56;3325.11;1718.60;-1606.50;0.00
0.26;10.55;46.16;3692.97;2078.49;-1614.49;0.00
0.26;9.51;47.15;3772.28;2013.78;-1758.51;0.00
0.23;11.17;41.13;3290.59;1925.83;-1364.76;0.00
0.22;9.79;34.88;2790.48;1815.52;-974.96;0.00
0.28;11.68;38.35;3068.14;2277.20;-790.94;0.00
0.24;10.78;40.48;3238.56;1976.88;-1261.68;0.00
0.27;10.28;35.01;2800.50;2118.12;-682.39;0.00
0.25;9.07;40.93;3274.24;1940.74;-1333.50;0.00
0.27;10.27;53.39;4271.01;2124.84;-2146.17;0.00
0.24;8.76;34.32;2745.48;1863.29;-882.19;0.00
0.24;10.38;43.92;3513.35;1975.60;-1537.75;0.00
0.24;9.47;38.02;3041.71;1913.21;-1128.50;0.00
0.25;10.50;44.62;3569.61;2052.98;-1516.63;0.00
0.27;9.56;35.32;2825.92;2091.73;-734.19;0.00
0.21;9.73;49.65;3971.85;1759.66;-2212.19;0.00
0.25;12.21;36.01;2880.45;2107.93;-772.52;0.00
0.26;10.27;36.17;2893.33;2042.57;-850.76;0.00
0.26;10.50;35.82;2865.64;2094.22;-771.42;0.00
0.22;9.96;34.62;2769.23;1834.70;-934.53;0.00
0.27;9.60;35.43;2834.64;2116.25;-718.40;0.00
0.25;9.97;37.76;3020.48;2020.24;-1000.23;0.00
0.25;9.52;33.50;2680.07;1943.87;-736.19;0.00
0.30;10.40;47.81;3824.53;2333.73;-1490.81;0.00
0.27;9.93;44.70;3576.34;2083.62;-1492.72;0.00
0.25;11.16;44.09;3527.03;2050.59;-1476.43;0.00
0.22;8.15;35.65;2852.01;1711.31;-1140.70;0.00
0.27;11.50;38.57;3085.47;2203.68;-881.79;0.00
0.27;8.20;49.22;3937.23;2036.78;-1900.44;0.00
0.28;10.04;37.16;2973.17;2179.18;-793.99;0.00
0.23;8.18;36.68;2934.73;1791.60;-1143.13;0.00
0.26;9.89;43.25;3460.39;2074.38;-1386.01;0.00
0.29;7.79;38.97;3117.90;2097.49;-1020.41;0.00
0.23;11.17;30.37;2429.83;1970.11;-459.72;0.00
0.25;13.50;41.87;3349.41;2171.05;-1178.36;0.00
0.21;9.03;39.21;3137.16;1684.57;-1452.60;0.00
0.26;11.36;35.42;2833.31;2109.30;-724.01;0.00
0.25;11.76;41.91;3352.62;2070.57;-1282.05;0.00
0.29;11.30;30.69;2454.91;2272.32;-182.59;0.00
0.26;9.39;39.10;3127.74;2034.38;-1093.36;0.00
0.29;10.86;43.73;3498.37;2256.18;-1242.20;0.00
0.23;11.46;45.64;3651.30;1972.55;-1678.75;0.00
0.23;9.89;34.71;2776.75;1897.09;-879.66;0.00
0.23;9.53;37.37;2989.96;1873.97;-1115.99;0.00
0.23;10.22;39.00;3119.85;1894.88;-1224.97;0.00
0.28;11.28;40.12;3209.25;2250.67;-958.58;0.00
0.24;9.21;48.74;3899.00;1887.91;-2011.09;0.00
0.25;11.17;41.37;3309.69;2086.05;-1223.64;0.00
0.23;12.76;43.85;3507.98;2047.99;-1459.99;0.00
0.27;11.00;43.23;3458.12;2157.79;-1300.33;0.00
0.28;10.49;43.06;3444.74;2197.34;-1247.40;0.00
0.28;8.75;42.99;3439.02;2105.90;-1333.12;0.00
0.26;9.88;39.30;3144.12;2061.51;-1082.61;0.00
0.25;9.52;40.12;3209.82;1971.17;-1238.64;0.00
0.22;12.68;36.95;2956.17;1983.76;-972.41;0.00
0.27;9.13;36.86;2948.53;2095.04;-853.49;0.00
0.26;9.59;36.72;2937.94;2055.33;-882.61;0.00
0.22;9.89;38.78;3102.73;1789.62;-1313.11;0.00
0.29;10.05;45.28;3622.03;2261.07;-1360.97;0.00
0.23;9.82;48.32;3865.73;1847.12;-2018.61;0.00
0.22;6.82;43.28;3462.12;1679.71;-1782.41;0.00
0.23;10.32;38.02;3041.76;1880.06;-1161.70;0.00
0.23;11.04;34.66;2772.97;1908.85;-864.12;0.00
0.24;12.62;40.25;3220.12;2107.28;-1112.85;0.00
0.30;9.58;37.67;3013.50;2275.60;-737.90;0.00
0.20;10.11;40.19;3214.86;1697.19;-1517.66;0.00
0.28;10.00;46.15;3692.19;2148.59;-1543.60;0.00
0.24;10.12;43.41;3472.65;1956.99;-1515.67;0.00
0.30;10.00;34.81;2784.77;2273.95;-510.82;0.00
0.23;10.46;41.72;3337.58;1927.45;-1410.13;0.00
0.26;9.10;45.68;3654.36;1983.04;-1671.32;0.00
0.23;9.74;38.41;3073.08;1892.03;-1181.05;0.00
0.25;9.63;39.85;3188.28;2005.01;-1183.27;0.00
0.24;11.37;43.84;3507.15;1999.11;-1508.05;0.00
0.26;11.86;40.76;3260.63;2172.34;-1088.29;0.00
0.27;9.65;51.73;4138.48;2081.13;-2057.35;0.00
0.22;10.16;36.20;2896.31;1818.85;-1077.46;0.00
0.28;9.49;45.60;3648.24;2144.01;-1504.23;0.00
0.28;9.43;41.08;3286.13;2125.59;-1160.54;0.00
0.26;10.92;46.50;3719.98;2095.15;-1624.83;0.00
0.19;10.18;42.61;3408.91;1632.17;-1776.74;0.00
0.28;8.68;39.68;3174.23;2113.24;-1060.98;0.00
0.22;11.11;40.06;3204.50;1874.00;-1330.50;0.00
0.24;12.40;43.01;3440.91;2056.51;-1384.40;0.00
0.24;8.73;37.34;2986.97;1844.66;-1142.31;0.00
0.26;7.65;36.32;2905.71;1939.79;-965.92;0.00
0.24;8.92;40.83;3266.49;1875.22;-1391.27;0.00
0.26;11.93;45.60;3647.89;2165.04;-1482.85;0.00
0.20;8.17;45.92;3673.62;1622.41;-2051.21;0.00
0.21;7.76;39.99;3198.86;1637.20;-1561.66;0.00
0.23;9.09;41.74;3339.51;1850.32;-1489.19;0.00
0.23;9.93;45.64;3650.85;1864.00;-1786.85;0.00
0.27;9.31;45.60;3648.36;2056.09;-1592.27;0.00
0.24;11.96;43.55;3484.15;2066.20;-1417.95;0.00
0.22;11.03;33.80;2704.15;1877.54;-826.61;0.00
0.26;11.27;45.03;3602.56;2101.76;-1500.80;0.00
0.24;10.41;38.96;3116.56;1987.42;-1129.13;0.00
0.24;9.93;48.13;3850.36;1943.68;-1906.68;0.00
0.26;9.17;48.15;3852.23;1993.67;-1858.56;0.00
0.27;9.33;37.06;2964.79;2064.17;-900.62;0.00
0.22;10.17;43.85;3507.64;1815.97;-1691.67;0.00
0.22;9.90;34.66;2772.78;1843.99;-928.78;0.00
0.23;11.50;34.87;2789.80;1969.62;-820.18;0.00
0.27;11.41;29.99;2399.46;2189.92;-209.54;0.00
0.23;11.46;32.71;2616.56;1932.95;-683.61;0.00
0.34;8.97;34.48;2758.18;2458.59;-299.58;0.00
0.21;7.51;45.51;3640.66;1652.22;-1988.44;0.00
0.24;9.19;32.52;2601.97;1887.74;-714.23;0.00
0.23;10.69;31.14;2491.58;1923.69;-567.89;0.00
0.24;11.71;34.91;2793.04;2039.43;-753.61;0.00
0.23;12.35;43.27;3461.56;2018.18;-1443.37;0.00
0.23;10.75;42.13;3370.46;1936.44;-1434.02;0.00
0.22;12.00;38.70;3095.83;1904.72;-1191.10;0.00
0.21;11.10;42.09;3367.22;1839.47;-1527.75;0.00
0.25;8.56;32.79;2623.59;1919.73;-703.86;0.00
0.28;9.66;45.28;3622.04;2150.23;-1471.82;0.00
0.28;9.25;44.34;3547.14;2110.65;-1436.49;0.00
0.30;10.09;38.89;3111.44;2287.92;-823.52;0.00
0.23;9.88;43.12;3449.83;1874.55;-1575.28;0.00
0.23;9.45;43.47;3477.89;1874.19;-1603.69;0.00
0.29;9.51;45.94;3675.32;2226.09;-1449.23;0.00
0.22;10.04;45.20;3616.13;1845.16;-1770.98;0.00
0.24;8.85;47.26;3780.50;1862.44;-1918.06;0.00
0.20;10.43;42.98;3438.70;1757.27;-1681.42;0.00
0.25;9.95;43.36;3468.87;1972.81;-1496.06;0.00
0.21;9.70;41.04;3283.02;1739.26;-1543.76;0.00
0.28;9.67;42.06;3364.42;2159.13;-1205.28;0.00
0.28;9.04;42.85;3427.99;2096.76;-1331.23;0.00
0.29;11.42;41.05;3283.83;2302.80;-981.03;0.00
0.29;8.48;49.03;3922.75;2130.83;-1791.92;0.00
0.25;10.64;43.76;3500.90;2036.10;-1464.80;0.00
0.23;10.94;40.52;3241.83;1923.65;-1318.18;0.00
0.24;10.49;39.59;3167.53;1969.85;-1197.68;0.00
0.21;9.77;36.64;2931.53;1769.78;-1161.75;0.00
0.27;7.39;31.35;2508.24;1993.12;-515.12;0.00
0.24;9.49;32.75;2620.08;1906.02;-714.06;0.00
0.26;8.80;38.23;3058.41;1982.69;-1075.72;0.00
0.27;12.08;34.05;2723.92;2251.05;-472.87;0.00
0.24;10.25;34.70;2775.91;1930.15;-845.76;0.00
0.24;11.20;32.63;2610.22;1980.12;-630.10;0.00
0.26;7.86;34.03;2722.33;1962.66;-759.67;0.00
0.25;11.42;36.64;2931.31;2100.77;-830.54;0.00
0.24;9.66;40.38;3230.48;1914.09;-1316.39;0.00
0.29;10.65;36.30;2904.25;2239.36;-664.89;0.00
0.26;9.46;48.88;3910.27;2044.11;-1866.16;0.00
0.28;10.34;42.48;3398.42;2167.57;-1230.85;0.00
0.24;10.68;40.62;3249.23;1979.68;-1269.56;0.00
0.27;10.73;42.76;3420.66;2151.61;-1269.05;0.00
0.27;10.48;36.41;2913.04;2122.48;-790.56;0.00
0.27;10.83;33.91;2712.84;2165.99;-546.85;0.00
0.27;11.04;37.32;2985.99;2144.53;-841.46;0.00
0.22;11.21;34.27;2741.59;1901.42;-840.17;0.00
0.27;10.93;42.31;3385.13;2167.31;-1217.82;0.00
0.28;12.31;38.69;3095.15;2290.44;-804.72;0.00
0.27;9.58;41.33;3306.18;2098.99;-1207.19;0.00
0.26;12.24;46.53;3722.06;2166.25;-1555.81;0.00
0.25;11.00;46.69;3735.40;2073.29;-1662.11;0.00
0.26;10.45;40.13;3210.37;2075.91;-1134.46;0.00
0.25;6.78;34.09;2727.09;1833.58;-893.51;0.00
0.20;11.29;40.22;3217.85;1774.09;-1443.76;0.00
0.25;9.80;43.34;3467.09;1991.18;-1475.91;0.00
0.23;9.20;39.44;3154.98;1847.71;-1307.27;0.00
0.27;8.76;44.09;3527.28;2026.34;-1500.94;0.00
0.26;9.25;43.26;3460.85;2026.52;-1434.33;0.00
0.22;11.72;40.64;3250.84;1944.25;-1306.59;0.00
0.29;9.93;39.37;3149.60;2251.71;-897.90;0.00
0.21;11.31;42.11;3368.40;1824.61;-1543.79;0.00
0.31;9.51;36.65;2932.00;2314.10;-617.90;0.00
0.26;12.54;41.61;3329.09;2183.38;-1145.71;0.00
0.31;10.95;42.16;3372.53;2411.24;-961.28;0.00
0.26;9.85;38.18;3054.21;2075.86;-978.34;0.00
0.22;9.11;47.57;3805.55;1803.48;-2002.06;0.00
0.30;12.65;43.22;3457.79;2420.56;-1037.22;0.00
0.24;11.06;36.30;2903.64;1982.22;-921.42;0.00
0.27;9.29;36.52;2921.33;2075.07;-846.26;0.00
0.27;10.10;37.72;3017.39;2113.98;-903.42;0.00
0.23;10.58;40.23;3218.32;1941.35;-1276.97;0.00
0.29;11.20;44.04;3522.80;2284.04;-1238.76;0.00
0.24;9.54;39.27;3141.42;1941.16;-1200.26;0.00
0.23;9.57;48.97;3917.48;1831.36;-2086.12;0.00
0.26;9.88;30.85;2468.06;2044.27;-423.79;0.00
0.27;8.75;41.09;3287.46;2074.05;-1213.41;0.00
0.25;7.57;34.35;2747.95;1867.50;-880.46;0.00
0.23;9.34;40.80;3263.67;1831.96;-1431.71;0.00
0.26;11.85;45.48;3638.65;2175.43;-1463.22;0.00
0.26;10.74;43.86;3508.96;2082.08;-1426.88;0.00
0.24;9.23;38.30;3064.40;1894.37;-1170.03;0.00
0.28;11.32;38.54;3082.98;2273.12;-809.86;0.00
0.29;11.16;46.30;3704.13;2268.49;-1435.65;0.00
0.20;11.08;43.28;3462.53;1753.24;-1709.29;0.00
0.26;11.72;38.20;3055.65;2127.45;-928.20;0.00
0.25;10.54;42.56;3404.96;2042.70;-1362.26;0.00
0.23;10.61;46.05;3683.84;1897.47;-1786.36;0.00
0.26;9.50;36.19;2895.40;2010.13;-885.27;0.00
0.25;9.66;28.69;2295.40;1956.60;-338.80;0.00
0.26;10.46;43.40;3472.32;2087.85;-1384.47;0.00
0.25;11.96;46.54;3722.84;2099.89;-1622.95;0.00
0.24;11.14;35.18;2814.07;1979.27;-834.80;0.00
0.26;8.79;40.12;3209.95;1983.58;-1226.37;0.00
0.20;10.71;45.16;3612.90;1744.72;-1868.18;0.00
0.21;8.94;45.34;3626.95;1692.12;-1934.83;0.00
0.24;8.30;37.41;2992.64;1873.16;-1119.48;0.00
0.27;9.32;37.39;2991.13;2059.64;-931.48;0.00
0.24;10.46;41.12;3289.83;1940.59;-1349.24;0.00
0.25;10.70;37.10;2967.65;2062.38;-905.27;0.00
0.25;9.56;39.08;3126.80;1982.45;-1144.34;0.00
0.22;9.42;41.31;3304.61;1820.18;-1484.43;0.00
0.21;12.26;42.66;3412.89;1887.42;-1525.47;0.00
0.26;8.96;44.31;3544.43;1993.54;-1550.89;0.00
0.24;9.53;49.86;3988.95;1925.42;-2063.53;0.00
0.26;10.15;39.98;3198.37;2041.31;-1157.05;0.00
0.24;9.71;50.35;4028.37;1932.16;-2096.21;0.00
0.29;9.51;34.80;2784.17;2180.16;-604.01;0.00
0.26;13.02;45.06;3605.20;2205.19;-1400.01;0.00
0.27;9.65;40.00;3199.89;2097.44;-1102.45;0.00
0.26;9.40;42.98;3438.22;2034.31;-1403.91;0.00
0.27;10.60;44.27;3541.26;2161.88;-1379.38;0.00
0.25;11.23;36.69;2935.01;2039.33;-895.68;0.00
0.28;10.66;40.77;3261.83;2216.81;-1045.02;0.00
0.26;6.89;46.36;3708.66;1882.25;-1826.41;0.00
0.29;11.47;39.85;3187.73;2320.24;-867.49;0.00
0.29;10.73;43.88;3510.26;2242.05;-1268.21;0.00
0.27;10.84;48.39;3871.42;2135.21;-1736.20;0.00
0.29;9.92;32.44;2595.01;2244.70;-350.31;0.00
0.24;9.70;42.33;3386.50;1920.19;-1466.31;0.00
0.26;12.24;42.06;3365.03;2194.80;-1170.23;0.00
0.26;8.41;41.10;3288.39;1980.13;-1308.26;0.00
0.24;9.51;35.90;2871.98;1900.61;-971.37;0.00
0.27;11.70;43.77;3501.78;2188.30;-1313.48;0.00
0.25;12.20;39.47;3157.67;2107.31;-1050.36;0.00
0.29;11.38;45.24;3619.13;2306.03;-1313.10;0.00
0.31;9.50;36.99;2959.29;2311.04;-648.25;0.00
0.29;9.58;38.65;3091.90;2191.43;-900.47;0.00
0.22;11.12;36.31;2904.80;1869.01;-1035.79;0.00
0.23;11.76;27.47;2197.62;1979.02;-218.59;0.00
0.25;8.82;38.04;3043.44;1923.00;-1120.43;0.00
0.24;9.76;34.21;2736.73;1934.39;-802.34;0.00
0.24;10.34;47.06;3765.11;1979.40;-1785.72;0.00
0.24;10.27;45.55;3644.21;1944.70;-1699.51;0.00
0.25;11.14;42.63;3410.14;2059.59;-1350.54;0.00
0.25;9.47;39.14;3131.34;1949.25;-1182.09;0.00
0.24;10.18;35.31;2825.03;1946.43;-878.61;0.00
0.24;10.31;37.59;3007.52;1973.07;-1034.45;0.00
0.23;9.46;41.17;3293.91;1876.27;-1417.64;0.00
0.24;11.57;47.47;3797.21;2008.86;-1788.35;0.00
0.29;8.26;45.60;3647.61;2110.97;-1536.65;0.00
0.25;10.34;41.46;3316.87;2011.23;-1305.64;0.00
0.27;12.11;40.73;3258.08;2257.01;-1001.07;0.00
0.27;11.40;44.10;3527.64;2209.46;-1318.18;0.00
0.22;7.69;37.00;2959.74;1701.50;-1258.24;0.00
0.23;9.25;43.52;3481.81;1858.44;-1623.37;0.00
0.27;8.86;48.63;3890.57;2042.16;-1848.41;0.00
0.24;9.75;39.33;3146.43;1914.18;-1232.25;0.00
0.29;10.84;42.35;3387.72;2250.13;-1137.59;0.00
0.19;10.27;45.41;3632.84;1647.31;-1985.53;0.00
0.26;10.42;37.22;2977.83;2089.47;-888.36;0.00
0.28;11.23;36.36;2908.55;2238.01;-670.54;0.00
0.26;10.77;43.56;3484.82;2117.96;-1366.85;0.00
0.26;10.29;32.85;2627.93;2092.38;-535.54;0.00
0.26;8.95;37.41;2992.93;2007.14;-985.78;0.00
0.27;10.29;42.81;3424.51;2126.53;-1297.98;0.00
0.27;11.36;37.19;2974.84;2202.60;-772.24;0.00
0.21;9.82;35.06;2804.53;1730.60;-1073.93;0.00
0.24;10.09;37.08;2966.40;1969.83;-996.56;0.00
0.24;13.04;31.45;2516.15;2097.49;-418.67;0.00
0.22;11.43;43.26;3460.53;1909.81;-1550.72;0.00
0.24;9.56;40.74;3259.08;1901.42;-1357.66;0.00
0.27;9.60;40.00;3200.19;2085.86;-1114.33;0.00
0.24;12.42;39.87;3189.79;2066.21;-1123.59;0.00
0.25;9.40;32.81;2625.08;1971.35;-653.74;0.00
0.25;8.35;39.35;3147.82;1892.96;-1254.86;0.00
0.25;11.53;45.57;3645.88;2099.70;-1546.17;0.00
0.28;9.06;42.41;3392.42;2118.76;-1273.65;0.00
0.26;11.66;34.99;2799.38;2119.58;-679.80;0.00
0.30;9.37;45.57;3645.90;2265.07;-1380.83;0.00
0.26;11.11;39.26;3141.02;2108.55;-1032.47;0.00
0.25;10.22;38.79;3102.93;1991.99;-1110.94;0.00
0.26;10.98;44.95;3596.00;2081.83;-1514.17;0.00
0.24;11.69;37.99;3039.06;2006.98;-1032.07;0.00
0.24;10.98;37.09;2967.30;2020.57;-946.72;0.00
0.27;11.62;43.91;3512.69;2221.69;-1290.99;0.00
0.26;10.57;48.58;3886.02;2080.61;-1805.41;0.00
0.28;11.78;42.01;3360.71;2292.31;-1068.41;0.00
0.24;11.36;37.84;3027.01;1995.50;-1031.51;0.00
0.27;11.71;43.09;3447.00;2193.21;-1253.79;0.00
0.24;7.35;44.71;3576.58;1804.82;-1771.76;0.00
0.24;10.54;36.56;2924.43;1971.42;-953.01;0.00
0.25;11.06;43.74;3499.23;2031.21;-1468.02;0.00
0.28;11.92;32.93;2634.35;2259.36;-374.99;0.00
0.29;8.78;47.66;3813.05;2157.70;-1655.36;0.00
0.27;10.46;51.73;4138.79;2151.17;-1987.62;0.00
0.24;11.84;28.01;2240.86;2029.93;-210.93;0.00
0.30;10.75;41.24;3298.94;2350.77;-948.17;0.00
0.26;11.31;35.24;2819.22;2153.27;-665.95;0.00
0.23;10.42;38.58;3086.08;1925.28;-1160.80;0.00
0.25;9.00;44.09;3527.18;1942.18;-1585.00;0.00
0.26;9.80;38.30;3063.75;2067.82;-995.94;0.00
0.28;9.64;38.77;3101.50;2135.51;-966.00;0.00
0.22;10.44;29.19;2335.57;1821.40;-514.17;0.00
0.27;10.15;45.04;3603.57;2119.50;-1484.08;0.00
0.25;8.64;38.96;3116.47;1932.52;-1183.95;0.00
0.20;10.84;42.32;3385.35;1762.93;-1622.42;0.00
0.28;10.44;47.49;3799.50;2185.98;-1613.52;0.00
0.24;9.50;46.05;3684.18;1929.51;-1754.66;0.00
0.29;10.76;42.62;3409.33;2270.83;-1138.50;0.00
0.24;10.76;33.37;2669.24;2000.86;-668.38;0.00
0.27;12.50;43.65;3491.87;2238.99;-1252.88;0.00
0.24;10.07;37.88;3030.44;1919.80;-1110.64;0.00
0.26;10.20;41.23;3298.39;2088.98;-1209.42;0.00
0.30;11.68;33.84;2707.01;2372.34;-334.66;0.00
0.27;10.99;40.65;3251.80;2164.35;-1087.45;0.00
0.19;11.84;46.92;3753.67;1750.64;-2003.03;0.00
0.24;10.48;37.12;2969.43;1946.04;-1023.39;0.00
0.29;10.87;43.41;3473.04;2268.18;-1204.86;0.00
0.22;11.15;39.95;3195.68;1900.96;-1294.72;0.00
0.29;10.18;38.82;3105.40;2223.19;-882.21;0.00
0.27;12.51;34.07;2725.43;2239.29;-486.14;0.00
0.26;10.38;49.97;3997.25;2058.46;-1938.79;0.00
0.23;11.07;36.59;2927.05;1949.42;-977.62;0.00
0.27;11.99;40.36;3228.54;2238.29;-990.25;0.00
0.23;9.89;44.54;3563.41;1854.02;-1709.39;0.00
0.26;11.59;49.65;3971.62;2171.27;-1800.35;0.00
0.22;10.27;44.47;3557.46;1834.47;-1722.99;0.00
0.24;7.53;40.36;3228.73;1824.02;-1404.70;0.00
0.27;11.77;38.98;3118.20;2226.42;-891.78;0.00
0.22;7.57;39.65;3172.03;1702.37;-1469.65;0.00
0.24;10.96;39.29;3143.29;2017.69;-1125.60;0.00
0.23;11.92;41.04;3283.48;1982.74;-1300.74;0.00
0.27;11.91;29.07;2325.53;2228.25;-97.28;0.00
0.23;10.28;44.31;3544.50;1876.04;-1668.46;0.00
0.25;9.85;32.45;2596.33;1973.03;-623.30;0.00
0.22;8.77;38.82;3105.36;1784.23;-1321.13;0.00
0.26;9.63;42.02;3361.90;2022.18;-1339.72;0.00
0.27;10.49;49.62;3969.78;2144.18;-1825.60;0.00
0.24;11.55;35.67;2853.68;2014.33;-839.35;0.00
0.28;11.23;26.98;2158.01;2236.50;78.49;1.00
0.22;12.70;35.35;2827.85;1952.24;-875.61;0.00
0.25;8.54;43.44;3475.38;1893.23;-1582.15;0.00
0.26;9.98;39.57;3165.85;2075.29;-1090.57;0.00
0.24;9.66;40.91;3272.96;1908.59;-1364.37;0.00
0.22;10.57;36.73;2938.17;1878.68;-1059.50;0.00
0.29;10.40;32.01;2560.71;2244.64;-316.07;0.00
0.28;10.70;36.76;2941.13;2201.88;-739.25;0.00
0.23;10.43;43.29;3462.81;1909.44;-1553.37;0.00
0.25;12.12;47.53;3802.36;2130.84;-1671.52;0.00
0.19;10.94;37.66;3012.91;1698.31;-1314.60;0.00
0.25;11.02;40.73;3258.78;2081.46;-1177.32;0.00
0.23;9.21;44.73;3578.79;1828.12;-1750.67;0.00
0.26;9.28;39.69;3175.48;2043.63;-1131.85;0.00
0.25;8.36;46.31;3705.08;1893.17;-1811.91;0.00
0.25;9.99;40.64;3251.01;2012.32;-1238.69;0.00
0.27;10.11;34.05;2723.64;2117.79;-605.85;0.00
0.28;10.38;37.16;2972.61;2193.12;-779.49;0.00
0.27;8.10;40.10;3208.31;2019.65;-1188.66;0.00
0.30;11.42;39.11;3128.84;2394.77;-734.07;0.00
0.24;11.57;39.48;3158.06;2041.86;-1116.20;0.00
0.26;10.15;36.67;2933.92;2069.94;-863.98;0.00
0.30;10.62;37.18;2974.03;2343.99;-630.04;0.00
0.26;9.66;39.15;3132.27;2063.05;-1069.23;0.00
0.22;11.23;52.38;4190.61;1910.46;-2280.15;0.00
0.25;10.23;39.87;3189.78;1995.65;-1194.13;0.00
0.20;9.10;45.90;3672.11;1646.87;-2025.24;0.00
0.24;10.56;43.44;3475.33;1945.05;-1530.28;0.00
0.27;10.51;34.38;2750.19;2140.12;-610.07;0.00
0.25;11.08;39.98;3198.76;2068.55;-1130.21;0.00
0.26;12.11;50.09;4007.29;2181.68;-1825.61;0.00
0.29;10.71;51.03;4082.10;2293.94;-1788.16;0.00
0.28;11.05;36.27;2901.83;2222.93;-678.90;0.00
0.25;8.75;38.35;3068.27;1955.14;-1113.13;0.00
0.25;11.76;46.47;3717.20;2095.90;-1621.30;0.00
0.25;8.56;33.29;2662.88;1911.65;-751.23;0.00
0.28;7.70;40.19;3214.90;2035.92;-1178.98;0.00
0.29;10.71;37.31;2984.50;2287.59;-696.91;0.00
0.27;8.47;35.50;2839.91;2050.74;-789.17;0.00
0.24;9.31;32.62;2609.77;1931.71;-678.06;0.00
0.26;11.14;53.77;4301.96;2138.22;-2163.74;0.00
0.23;9.52;28.40;2271.78;1866.19;-405.59;0.00
0.25;11.18;34.84;2787.48;2090.54;-696.94;0.00
0.29;10.89;32.47;2597.29;2283.28;-314.02;0.00
0.29;9.79;32.12;2569.89;2214.66;-355.23;0.00
0.23;9.86;42.56;3405.18;1895.88;-1509.30;0.00
0.27;10.04;41.60;3328.15;2101.42;-1226.73;0.00
0.27;10.64;44.08;3526.70;2134.70;-1392.00;0.00
0.29;10.17;39.57;3165.31;2211.89;-953.41;0.00
0.26;10.46;36.90;2952.22;2099.32;-852.90;0.00
0.31;11.42;41.02;3281.40;2420.04;-861.36;0.00
0.25;12.18;35.25;2820.38;2129.71;-690.67;0.00
0.26;11.45;49.72;3977.52;2142.51;-1835.02;0.00
0.28;11.89;42.83;3426.19;2276.25;-1149.94;0.00
0.22;9.60;34.47;2757.45;1789.11;-968.35;0.00
0.27;8.99;39.01;3121.10;2077.47;-1043.64;0.00
0.26;8.69;38.21;3056.71;1958.46;-1098.25;0.00
0.29;10.81;40.47;3237.81;2292.85;-944.96;0.00
0.23;11.21;41.99;3359.38;1960.07;-1399.31;0.00
0.25;7.04;37.03;2962.28;1843.42;-1118.86;0.00
0.26;9.74;45.48;3638.33;2015.73;-1622.60;0.00
0.26;10.51;39.73;3178.13;2101.11;-1077.02;0.00
0.22;8.92;43.09;3446.99;1787.91;-1659.08;0.00
0.26;9.30;34.64;2770.96;2041.71;-729.25;0.00
0.26;10.10;44.16;3532.52;2059.62;-1472.90;0.00
0.21;11.17;38.19;3055.00;1813.67;-1241.33;0.00
0.29;8.31;38.87;3109.99;2129.31;-980.68;0.00
0.28;12.34;30.36;2428.46;2297.34;-131.11;0.00
0.26;10.05;46.53;3722.17;2082.30;-1639.87;0.00
0.23;9.83;36.26;2901.11;1899.96;-1001.15;0.00
0.24;9.78;39.69;3175.44;1939.90;-1235.54;0.00
0.30;7.98;51.70;4136.28;2162.27;-1974.01;0.00
0.22;9.42;42.63;3410.43;1800.74;-1609.69;0.00
0.23;10.21;46.42;3713.32;1874.34;-1838.98;0.00
0.25;10.71;40.17;3213.75;2064.49;-1149.27;0.00
0.22;10.46;38.74;3099.16;1863.92;-1235.24;0.00
0.23;10.38;38.29;3063.17;1879.53;-1183.63;0.00
0.25;9.70;37.13;2970.43;2006.19;-964.24;0.00
0.25;9.61;41.68;3334.74;1952.39;-1382.35;0.00
0.22;10.15;44.00;3519.65;1833.72;-1685.93;0.00
0.29;11.51;35.04;2803.45;2327.40;-476.05;0.00
0.21;9.25;38.49;3079.23;1749.12;-1330.11;0.00
0.29;9.57;38.01;3040.91;2195.40;-845.52;0.00
0.21;8.46;48.21;3856.62;1673.10;-2183.52;0.00
0.23;11.59;27.17;2173.70;1979.47;-194.23;0.00
0.30;9.85;42.90;3432.14;2276.72;-1155.42;0.00
0.19;9.51;37.51;3000.63;1626.11;-1374.51;0.00
0.21;9.96;36.69;2934.92;1756.92;-1178.00;0.00
0.24;11.61;45.36;3628.56;2038.88;-1589.68;0.00
0.23;8.23;37.05;2963.87;1812.80;-1151.07;0.00
0.27;9.91;44.00;3519.87;2087.91;-1431.97;0.00
0.28;12.22;49.90;3992.38;2292.97;-1699.41;0.00
0.26;9.66;50.32;4025.74;2030.27;-1995.47;0.00
0.24;11.17;41.69;3335.32;1995.80;-1339.52;0.00
0.27;9.73;38.09;3047.00;2083.30;-963.70;0.00
0.25;10.53;48.01;3841.15;2036.85;-1804.30;0.00
0.20;10.38;38.68;3094.29;1743.37;-1350.92;0.00
0.23;8.50;43.96;3516.82;1820.36;-1696.46;0.00
0.23;9.23;34.28;2742.26;1812.95;-929.31;0.00
0.28;10.39;46.05;3683.94;2179.71;-1504.23;0.00
0.27;11.60;46.96;3756.49;2177.36;-1579.12;0.00
0.24;10.38;32.71;2617.00;1988.48;-628.52;0.00
0.24;10.72;44.11;3529.09;1958.02;-1571.06;0.00
0.23;11.29;41.60;3328.31;1953.09;-1375.22;0.00
0.22;9.49;36.79;2943.17;1800.69;-1142.48;0.00
0.23;10.18;46.76;3740.58;1897.64;-1842.94;0.00
0.25;11.29;41.64;3331.54;2071.60;-1259.95;0.00
0.26;11.20;45.35;3627.98;2125.94;-1502.05;0.00
0.23;8.95;36.01;2880.91;1847.57;-1033.34;0.00
0.25;11.60;44.79;3583.18;2056.77;-1526.40;0.00
0.24;11.21;39.56;3165.16;1994.39;-1170.78;0.00
0.26;8.23;45.34;3626.83;1948.60;-1678.23;0.00
0.22;9.60;47.43;3794.27;1814.24;-1980.04;0.00
0.20;10.24;38.52;3081.61;1731.79;-1349.83;0.00
0.30;9.03;33.26;2660.46;2213.69;-446.78;0.00
0.29;10.06;34.64;2771.28;2233.79;-537.49;0.00
0.23;9.45;38.82;3105.49;1839.24;-1266.25;0.00
0.28;9.91;42.30;3384.38;2179.34;-1205.04;0.00
0.29;10.38;41.03;3282.33;2266.16;-1016.17;0.00
0.21;10.74;42.56;3404.51;1796.02;-1608.48;0.00
0.29;9.58;43.69;3495.20;2195.73;-1299.47;0.00
0.27;12.02;44.67;3573.28;2239.37;-1333.91;0.00
0.20;10.29;43.45;3475.89;1710.06;-1765.83;0.00
0.25;11.08;36.62;2929.41;2051.27;-878.14;0.00
0.26;9.42;46.51;3720.62;2052.18;-1668.44;0.00
0.29;9.87;38.33;3066.41;2242.52;-823.89;0.00
0.24;11.15;37.73;3018.01;2030.85;-987.16;0.00
0.23;10.50;47.85;3828.23;1885.39;-1942.83;0.00
0.29;11.96;43.51;3481.19;2365.57;-1115.62;0.00
0.25;9.56;36.18;2894.34;1957.96;-936.37;0.00
0.22;12.04;48.87;3909.30;1939.56;-1969.74;0.00
0.26;11.80;30.86;2468.96;2134.71;-334.25;0.00
0.24;10.11;42.99;3439.08;1926.77;-1512.31;0.00
0.25;10.97;37.60;3008.38;2061.76;-946.62;0.00
0.27;9.80;39.14;3131.17;2083.51;-1047.67;0.00
0.21;12.07;42.51;3400.48;1874.29;-1526.19;0.00
0.24;12.21;37.09;2967.14;2087.18;-879.96;0.00
0.26;10.52;39.40;3152.34;2081.79;-1070.55;0.00
0.23;10.91;38.54;3083.16;1945.86;-1137.30;0.00
0.24;9.63;34.08;2726.42;1925.04;-801.38;0.00
0.21;9.63;35.18;2814.29;1769.27;-1045.01;0.00
0.25;10.62;38.98;3118.67;2016.16;-1102.50;0.00
0.24;11.60;45.94;3674.89;2031.94;-1642.96;0.00
0.21;10.72;42.50;3399.73;1826.71;-1573.03;0.00
0.28;10.77;46.52;3721.89;2192.73;-1529.17;0.00
0.24;9.36;27.04;2163.23;1912.08;-251.15;0.00
0.26;11.24;40.04;3202.96;2142.46;-1060.50;0.00
0.28;8.36;43.71;3496.57;2092.02;-1404.55;0.00
0.23;9.51;36.73;2938.10;1862.83;-1075.27;0.00
0.26;11.41;43.48;3478.59;2157.63;-1320.96;0.00
0.25;9.46;39.11;3128.56;1993.94;-1134.61;0.00
0.24;10.22;46.21;3696.80;1973.30;-1723.50;0.00
0.23;10.54;38.88;3110.27;1914.22;-1196.05;0.00
0.24;10.43;52.13;4170.26;1966.37;-2203.89;0.00
0.28;11.28;38.01;3040.72;2220.45;-820.27;0.00
0.27;10.80;42.17;3373.33;2179.55;-1193.78;0.00
0.25;7.32;46.72;3737.40;1861.58;-1875.82;0.00
0.26;9.48;36.12;2889.51;2022.22;-867.29;0.00
0.23;9.99;37.66;3013.08;1868.59;-1144.49;0.00
0.28;8.97;40.01;3200.47;2093.33;-1107.14;0.00
0.23;9.80;33.94;2715.21;1877.08;-838.14;0.00
0.24;9.38;38.07;3045.21;1932.95;-1112.26;0.00
0.27;10.49;35.70;2856.19;2136.14;-720.05;0.00
0.23;11.45;46.59;3727.13;1964.21;-1762.92;0.00
0.29;10.84;39.36;3148.79;2256.84;-891.95;0.00
0.28;10.20;32.78;2622.21;2157.21;-465.00;0.00
0.24;11.17;42.17;3373.89;1982.46;-1391.43;0.00
0.28;10.02;38.44;3074.93;2146.43;-928.50;0.00
0.24;9.62;51.44;4115.26;1938.77;-2176.50;0.00
0.24;9.30;40.15;3212.27;1882.68;-1329.60;0.00
0.25;9.44;34.82;2785.30;1960.62;-824.68;0.00
0.27;10.25;33.98;2718.04;2105.72;-612.32;0.00
0.21;11.14;44.24;3539.03;1845.43;-1693.60;0.00
0.28;8.63;37.91;3032.41;2119.95;-912.46;0.00
0.23;10.08;48.96;3916.89;1881.85;-2035.04;0.00
0.22;9.98;44.57;3565.45;1842.64;-1722.81;0.00
0.27;9.72;54.60;4368.15;2125.29;-2242.86;0.00
0.22;7.50;40.28;3222.76;1667.80;-1554.96;0.00
0.22;8.94;48.73;3898.62;1745.37;-2153.25;0.00
0.21;10.04;42.44;3394.84;1795.47;-1599.36;0.00
0.27;10.65;40.34;3227.54;2176.80;-1050.75;0.00
0.27;10.55;45.33;3626.62;2157.10;-1469.52;0.00
0.26;8.72;39.07;3125.89;1996.37;-1129.52;0.00
0.26;11.16;40.36;3228.64;2121.78;-1106.86;0.00
0.22;9.37;43.74;3498.98;1810.51;-1688.48;0.00
0.27;11.48;43.75;3500.07;2192.43;-1307.64;0.00
0.25;9.31;41.16;3292.45;1972.53;-1319.91;0.00
0.21;10.60;44.13;3530.00;1796.22;-1733.79;0.00
0.25;10.32;38.07;3045.99;1989.43;-1056.56;0.00
0.22;9.96;43.80;3504.04;1823.68;-1680.36;0.00
0.22;9.95;43.31;3464.51;1820.85;-1643.66;0.00
0.21;12.13;35.99;2879.21;1893.52;-985.69;0.00
0.25;10.51;33.96;2716.50;2042.62;-673.88;0.00
0.25;8.00;37.86;3028.72;1864.56;-1164.16;0.00
0.26;10.69;32.87;2629.54;2092.76;-536.79;0.00
0.24;9.42;47.18;3774.63;1898.02;-1876.61;0.00
0.23;11.06;45.89;3670.84;1960.98;-1709.86;0.00
0.27;13.64;40.26;3220.53;2284.36;-936.17;0.00
0.25;10.67;37.05;2964.10;2010.28;-953.83;0.00
0.22;11.06;36.38;2910.38;1875.94;-1034.43;0.00
0.22;10.02;43.17;3453.53;1796.33;-1657.20;0.00
0.27;12.10;41.47;3317.69;2238.85;-1078.83;0.00
0.23;10.37;41.59;3326.92;1920.70;-1406.22;0.00
0.29;9.34;35.26;2820.90;2221.24;-599.66;0.00
0.27;9.76;42.62;3409.25;2089.20;-1320.05;0.00
0.26;8.22;44.05;3523.67;1969.74;-1553.93;0.00
0.27;11.54;37.57;3005.41;2174.33;-831.07;0.00
0.30;10.52;43.49;3479.60;2338.76;-1140.84;0.00
0.27;9.59;47.36;3789.18;2067.80;-1721.38;0.00
0.27;9.30;42.55;3404.07;2073.96;-1330.11;0.00
0.27;9.36;38.86;3109.02;2065.41;-1043.61;0.00
0.27;7.22;32.78;2622.09;1986.17;-635.92;0.00
0.22;9.84;36.37;2909.96;1795.78;-1114.18;0.00
0.26;10.49;34.07;2725.85;2086.32;-639.52;0.00
0.26;11.09;43.28;3462.37;2091.36;-1371.01;0.00
0.29;10.41;37.12;2969.24;2269.22;-700.03;0.00
0.24;10.03;43.76;3501.10;1927.31;-1573.79;0.00
0.27;10.26;39.95;3196.21;2110.05;-1086.16;0.00
0.25;10.89;39.52;3161.32;2055.67;-1105.65;0.00
0.29;9.52;33.94;2715.26;2179.86;-535.40;0.00
0.20;8.85;45.42;3633.70;1646.05;-1987.65;0.00
0.23;11.02;38.22;3057.58;1952.23;-1105.34;0.00
0.27;9.17;42.33;3386.06;2056.53;-1329.54;0.00
0.26;11.31;45.19;3614.96;2109.39;-1505.57;0.00
0.23;11.31;37.68;3014.74;1980.36;-1034.38;0.00
0.23;10.38;52.80;4224.35;1911.15;-2313.20;0.00
0.29;9.24;36.00;2879.96;2166.07;-713.89;0.00
0.21;8.46;47.53;3802.56;1686.58;-2115.98;0.00
0.22;8.40;40.13;3210.25;1752.57;-1457.68;0.00
0.21;8.39;42.13;3370.34;1674.31;-1696.03;0.00
0.21;11.73;36.59;2926.90;1878.57;-1048.33;0.00
0.26;10.83;37.10;2967.84;2077.18;-890.66;0.00
0.27;9.94;34.73;2778.19;2122.26;-655.93;0.00
0.26;8.60;45.54;3643.48;1973.88;-1669.59;0.00
0.22;11.32;43.55;3483.82;1911.62;-1572.20;0.00
0.27;9.39;33.91;2713.15;2091.24;-621.91;0.00
0.26;9.78;33.57;2685.33;2057.99;-627.33;0.00
0.25;11.01;41.11;3288.44;2036.09;-1252.35;0.00
0.23;11.16;37.42;2993.67;1968.41;-1025.26;0.00
0.25;8.53;43.73;3498.63;1924.71;-1573.91;0.00
0.24;8.88;43.96;3516.95;1879.31;-1637.64;0.00
0.22;9.87;35.66;2852.46;1841.74;-1010.71;0.00
0.24;7.92;39.99;3198.96;1842.89;-1356.07;0.00
0.23;8.28;44.14;3531.04;1801.91;-1729.13;0.00
0.22;8.87;31.98;2558.71;1767.48;-791.23;0.00
0.23;10.21;44.22;3537.23;1870.12;-1667.10;0.00
0.27;10.10;32.95;2636.17;2102.19;-533.98;0.00
0.30;9.33;42.53;3402.12;2244.35;-1157.77;0.00
0.24;11.97;40.33;3226.38;2065.60;-1160.78;0.00
0.27;9.96;42.24;3378.83;2125.17;-1253.66;0.00
0.26;10.58;38.61;3088.55;2068.14;-1020.41;0.00
0.23;10.84;42.45;3395.79;1904.31;-1491.48;0.00
0.26;11.47;38.41;3072.72;2136.51;-936.21;0.00
0.25;9.22;39.57;3165.54;1962.88;-1202.67;0.00
0.22;8.78;39.08;3126.70;1765.55;-1361.16;0.00
0.28;10.77;34.44;2755.09;2218.90;-536.18;0.00
0.29;8.44;39.60;3167.72;2121.40;-1046.31;0.00
0.26;11.63;42.71;3416.84;2146.31;-1270.54;0.00
0.24;10.37;44.27;3541.22;1939.08;-1602.14;0.00
0.21;10.35;42.64;3411.31;1787.68;-1623.62;0.00
0.27;13.08;41.26;3300.97;2294.74;-1006.23;0.00
0.26;9.23;28.24;2259.02;2042.99;-216.03;0.00
0.21;8.48;38.63;3090.67;1690.14;-1400.53;0.00
0.25;10.91;44.48;3558.27;2075.60;-1482.67;0.00
0.24;11.14;37.83;3026.39;1997.44;-1028.96;0.00
0.20;11.00;41.62;3329.85;1778.34;-1551.51;0.00
0.28;10.49;43.86;3508.41;2204.90;-1303.51;0.00
0.23;10.17;31.81;2544.41;1878.92;-665.49;0.00
0.23;8.78;37.61;3009.06;1796.40;-1212.66;0.00
0.26;10.21;42.20;3375.91;2043.22;-1332.69;0.00
0.24;9.84;34.22;2737.48;1930.39;-807.09;0.00
0.26;10.47;42.97;3437.56;2103.92;-1333.64;0.00
0.23;12.49;38.36;3068.96;1994.20;-1074.76;0.00
0.24;10.55;47.25;3780.33;1979.30;-1801.03;0.00
0.29;10.51;44.79;3583.32;2271.86;-1311.46;0.00
0.26;8.84;37.30;2983.92;1985.28;-998.64;0.00
0.23;11.18;40.05;3204.27;1924.78;-1279.49;0.00
0.30;9.39;37.13;2970.47;2255.08;-715.39;0.00
0.27;10.20;42.50;3400.09;2100.08;-1300.01;0.00
0.27;9.52;45.22;3617.77;2087.61;-1530.16;0.00
0.27;9.10;37.37;2989.66;2050.14;-939.52;0.00
0.28;9.68;38.71;3097.11;2159.12;-937.99;0.00
0.24;8.47;38.44;3074.94;1871.49;-1203.45;0.00
0.26;11.28;44.94;3595.17;2151.96;-1443.21;0.00
0.28;10.22;39.65;3171.89;2162.44;-1009.45;0.00
0.27;11.49;40.01;3200.70;2189.86;-1010.84;0.00
0.28;9.95;40.65;3251.86;2186.96;-1064.91;0.00
0.23;9.23;37.60;3008.33;1848.04;-1160.29;0.00
0.28;9.91;39.35;3147.75;2154.52;-993.23;0.00
0.26;10.05;43.53;3482.30;2080.79;-1401.51;0.00
0.22;9.28;49.82;3985.56;1772.92;-2212.64;0.00
0.24;9.56;46.04;3683.02;1940.72;-1742.30;0.00
0.26;12.41;39.59;3167.23;2189.70;-977.53;0.00
0.24;7.75;47.25;3780.38;1798.11;-1982.27;0.00
0.24;10.88;46.64;3730.90;1984.25;-1746.65;0.00
0.24;10.49;40.01;3201.08;1943.97;-1257.12;0.00
0.21;11.27;52.15;4172.00;1833.76;-2338.24;0.00
0.27;10.34;34.44;2755.47;2135.06;-620.41;0.00
0.23;9.35;39.61;3168.76;1856.38;-1312.38;0.00
0.25;10.20;41.80;3343.71;2017.17;-1326.54;0.00
0.26;10.89;40.99;3279.39;2097.25;-1182.14;0.00
0.26;12.19;44.30;3543.74;2166.53;-1377.21;0.00
0.23;9.10;37.50;2999.91;1853.01;-1146.90;0.00
0.22;10.27;35.88;2870.79;1835.91;-1034.88;0.00
0.26;6.18;44.58;3566.66;1822.61;-1744.04;0.00
0.23;8.97;44.83;3586.56;1850.40;-1736.16;0.00
0.27;8.96;43.12;3449.52;2068.19;-1381.33;0.00
0.27;8.71;41.53;3322.75;2072.58;-1250.18;0.00
0.26;9.50;35.95;2876.37;2012.97;-863.40;0.00
0.26;8.89;34.61;2769.10;2001.21;-767.89;0.00
0.21;10.19;42.26;3381.13;1768.83;-1612.30;0.00
0.30;11.42;47.43;3794.21;2375.59;-1418.62;0.00
0.25;10.44;33.84;2707.33;2021.28;-686.05;0.00
0.23;10.91;41.56;3325.15;1933.51;-1391.64;0.00
0.26;8.52;39.35;3148.12;1949.35;-1198.78;0.00
0.19;12.36;46.55;3724.31;1749.58;-1974.73;0.00
0.26;10.80;37.45;2996.07;2102.51;-893.56;0.00
0.22;10.64;29.75;2380.16;1868.26;-511.90;0.00
0.25;9.67;32.98;2638.16;1978.22;-659.93;0.00
0.25;10.89;41.78;3342.54;2061.18;-1281.36;0.00
0.27;10.05;37.33;2986.08;2098.49;-887.59;0.00
0.27;11.48;53.35;4268.15;2176.15;-2091.99;0.00
0.28;10.29;47.33;3786.66;2173.66;-1612.99;0.00
0.24;11.74;38.49;3079.55;2053.68;-1025.87;0.00
0.24;10.29;40.54;3243.15;1981.55;-1261.60;0.00
0.26;11.17;40.03;3202.48;2093.14;-1109.34;0.00
0.25;9.43;37.58;3006.02;1958.62;-1047.40;0.00
0.26;12.46;43.10;3448.29;2216.30;-1231.99;0.00
0.24;7.39;44.77;3581.81;1772.76;-1809.05;0.00
0.26;11.08;32.42;2593.53;2106.75;-486.79;0.00
0.26;11.20;37.26;2980.96;2124.10;-856.86;0.00
0.27;10.59;39.53;3162.29;2123.13;-1039.16;0.00
0.24;8.95;40.86;3269.16;1909.98;-1359.17;0.00
0.26;8.78;41.48;3318.37;1995.81;-1322.56;0.00
0.25;10.94;33.77;2701.86;2031.77;-670.10;0.00
0.28;10.53;34.90;2792.29;2177.39;-614.90;0.00
0.29;8.12;46.06;3684.80;2102.74;-1582.07;0.00
0.26;10.24;40.97;3277.30;2083.18;-1194.12;0.00
0.24;9.15;44.85;3587.72;1919.54;-1668.17;0.00
0.24;10.54;39.84;3187.51;1974.95;-1212.56;0.00
0.26;11.67;45.99;3679.55;2139.05;-1540.50;0.00
0.22;9.20;39.09;3127.25;1777.87;-1349.38;0.00
0.25;9.05;46.61;3728.66;1962.41;-1766.25;0.00
0.27;11.17;37.41;2992.41;2161.47;-830.94;0.00
0.29;7.87;39.71;3177.06;2107.51;-1069.55;0.00
0.26;9.33;36.50;2919.68;2016.77;-902.92;0.00
0.23;9.34;42.15;3372.33;1842.63;-1529.70;0.00
0.20;10.59;47.45;3795.79;1734.40;-2061.39;0.00
0.27;8.63;43.39;3471.18;2013.09;-1458.09;0.00
0.27;9.32;34.89;2791.01;2062.71;-728.30;0.00
0.27;11.48;42.00;3359.77;2179.60;-1180.18;0.00
0.26;11.52;36.57;2925.48;2112.39;-813.10;0.00
0.25;11.96;40.36;3229.13;2076.60;-1152.53;0.00
0.28;11.48;43.73;3498.49;2232.19;-1266.30;0.00
0.25;10.69;34.73;2778.10;2009.92;-768.19;0.00
0.28;11.55;39.21;3136.50;2259.71;-876.79;0.00
0.23;10.96;43.68;3494.65;1961.42;-1533.22;0.00
0.28;7.65;42.86;3428.48;2055.19;-1373.29;0.00
0.25;10.65;40.86;3268.64;2023.13;-1245.51;0.00
0.31;10.90;35.57;2845.74;2391.39;-454.35;0.00
0.24;9.66;42.21;3376.90;1901.72;-1475.18;0.00
0.28;10.35;45.56;3644.51;2168.91;-1475.61;0.00
0.24;10.33;38.55;3083.96;1947.23;-1136.74;0.00
0.25;10.79;34.06;2724.42;2048.54;-675.88;0.00
0.23;9.74;39.13;3130.47;1875.26;-1255.21;0.00
0.22;11.03;43.84;3507.28;1878.76;-1628.52;0.00
0.29;10.03;38.55;3083.82;2228.05;-855.76;0.00
0.28;8.47;36.53;2922.13;2079.18;-842.95;0.00
0.24;11.53;39.43;3154.37;2007.23;-1147.14;0.00
0.24;10.29;33.23;2658.18;1955.82;-702.36;0.00
0.20;11.32;40.55;3244.00;1792.02;-1451.98;0.00
0.25;11.82;47.22;3777.96;2115.58;-1662.37;0.00
0.24;8.33;38.22;3057.50;1844.64;-1212.87;0.00
0.23;8.83;43.18;3454.38;1803.71;-1650.66;0.00
0.22;9.30;31.80;2543.99;1804.00;-740.00;0.00
0.27;10.72;42.04;3363.48;2127.86;-1235.62;0.00
0.25;10.31;39.20;3136.14;2042.41;-1093.74;0.00
0.27;10.18;32.81;2624.75;2128.87;-495.88;0.00
0.22;11.18;44.04;3522.95;1874.62;-1648.32;0.00
0.23;9.78;42.37;3389.83;1861.85;-1527.98;0.00
0.21;9.43;50.44;4035.53;1747.28;-2288.25;0.00
0.21;10.73;40.73;3258.15;1811.27;-1446.88;0.00
0.26;11.99;38.59;3087.42;2137.05;-950.36;0.00
0.31;9.18;38.17;3053.21;2279.28;-773.93;0.00
0.28;9.99;35.76;2860.59;2179.67;-680.91;0.00
0.27;11.11;43.40;3471.75;2174.67;-1297.08;0.00
0.25;8.80;37.86;3029.11;1904.21;-1124.89;0.00
0.26;9.15;37.97;3037.74;1997.19;-1040.55;0.00
0.23;12.14;45.14;3611.25;1999.16;-1612.09;0.00
0.21;9.71;42.73;3418.31;1726.57;-1691.74;0.00
0.25;10.77;48.20;3855.99;2034.81;-1821.18;0.00
0.22;11.30;42.82;3425.57;1919.30;-1506.27;0.00
0.31;10.32;40.44;3235.26;2375.12;-860.15;0.00
0.23;8.22;34.36;2748.64;1789.80;-958.84;0.00
0.28;9.66;39.85;3188.08;2144.93;-1043.14;0.00
0.22;8.51;40.54;3243.31;1719.59;-1523.72;0.00
0.24;10.30;36.66;2932.54;1970.22;-962.32;0.00
0.25;10.05;33.66;2692.79;1979.86;-712.93;0.00
0.27;11.49;31.95;2555.97;2179.74;-376.22;0.00
0.25;9.22;35.73;2858.19;1967.56;-890.63;0.00
0.26;8.87;37.88;3030.69;1971.83;-1058.87;0.00
0.30;10.28;48.26;3860.47;2276.39;-1584.08;0.00
0.25;10.23;39.34;3147.37;2025.36;-1122.01;0.00
0.29;10.23;38.99;3119.10;2223.88;-895.22;0.00
0.28;9.73;39.05;3124.27;2135.27;-989.00;0.00
0.27;10.04;39.80;3184.31;2145.03;-1039.27;0.00
0.25;9.69;23.67;1893.48;1972.45;78.97;1.00
0.27;10.21;40.68;3254.35;2119.21;-1135.14;0.00
0.26;9.33;46.28;3702.76;2019.16;-1683.60;0.00
0.25;8.23;39.76;3180.68;1909.39;-1271.29;0.00
0.25;9.17;36.50;2919.66;1930.18;-989.49;0.00
0.22;9.50;40.67;3253.31;1768.11;-1485.20;0.00
0.25;10.09;33.17;2653.21;2028.03;-625.18;0.00
0.23;10.79;37.25;2979.80;1945.56;-1034.24;0.00
0.27;11.84;42.46;3396.47;2208.97;-1187.50;0.00
0.26;10.97;38.55;3084.03;2120.24;-963.80;0.00
0.25;11.30;31.01;2480.98;2087.95;-393.03;0.00
0.21;10.41;40.35;3227.97;1779.87;-1448.10;0.00
0.26;9.84;36.14;2891.31;2061.58;-829.73;0.00
0.23;10.89;37.58;3006.17;1938.71;-1067.47;0.00
0.27;10.43;50.50;4039.64;2131.47;-1908.17;0.00
0.26;12.48;35.27;2821.45;2175.91;-645.55;0.00
0.23;9.21;44.81;3585.08;1853.37;-1731.71;0.00
0.22;12.45;39.05;3124.06;1972.18;-1151.88;0.00
0.29;12.12;43.95;3516.18;2329.93;-1186.25;0.00
0.23;10.83;40.95;3276.09;1933.19;-1342.90;0.00
0.25;8.78;49.75;3980.11;1937.20;-2042.91;0.00
0.29;10.86;35.66;2852.90;2263.80;-589.10;0.00
0.25;10.91;38.54;3083.12;2034.05;-1049.07;0.00
0.28;9.27;43.29;3462.82;2148.03;-1314.79;0.00
0.29;10.01;30.49;2439.12;2203.86;-235.26;0.00
0.23;9.22;44.88;3590.59;1867.43;-1723.16;0.00
0.27;11.20;51.01;4080.61;2158.20;-1922.41;0.00
0.23;10.57;38.21;3056.84;1928.89;-1127.95;0.00
0.24;6.49;36.72;2937.91;1755.40;-1182.51;0.00
0.27;7.00;36.36;2909.06;1934.91;-974.15;0.00
0.25;11.17;37.22;2977.24;2063.22;-914.02;0.00
0.24;11.83;32.97;2637.72;2018.05;-619.67;0.00
0.21;9.64;44.35;3548.09;1761.78;-1786.31;0.00
0.27;7.59;47.51;3800.76;1966.30;-1834.46;0.00
0.29;11.28;51.38;4110.69;2310.13;-1800.56;0.00
0.22;8.37;38.90;3112.40;1762.39;-1350.01;0.00
0.26;10.83;35.91;2872.73;2073.32;-799.41;0.00
0.29;11.20;48.96;3916.60;2304.64;-1611.96;0.00
0.24;9.13;47.47;3797.73;1905.02;-1892.71;0.00
0.26;10.10;38.48;3078.54;2086.77;-991.77;0.00
0.28;9.99;36.63;2930.73;2197.13;-733.60;0.00
0.24;11.44;43.45;3476.39;2032.87;-1443.52;0.00
0.26;11.47;37.40;2991.68;2136.46;-855.22;0.00
0.29;11.65;34.04;2723.46;2305.74;-417.72;0.00
0.25;9.68;39.85;3187.65;1994.82;-1192.82;0.00
0.28;9.58;39.68;3174.48;2173.90;-1000.58;0.00
0.27;8.34;39.76;3180.46;2042.09;-1138.36;0.00
0.25;9.02;47.50;3799.92;1945.98;-1853.94;0.00
0.26;9.86;33.99;2719.41;2030.10;-689.31;0.00
0.26;10.07;38.92;3113.85;2072.09;-1041.77;0.00
0.25;11.95;38.29;3063.30;2086.74;-976.55;0.00
0.30;9.56;41.41;3313.04;2242.39;-1070.64;0.00
0.26;10.74;46.96;3756.40;2102.55;-1653.85;0.00
0.25;8.88;41.82;3345.45;1948.90;-1396.55;0.00
0.24;11.60;32.95;2635.79;2054.18;-581.62;0.00
0.25;10.40;36.76;2940.56;1990.94;-949.62;0.00
0.22;8.26;30.86;2468.45;1752.76;-715.69;0.00
0.25;9.60;29.96;2396.61;1978.47;-418.14;0.00
0.26;10.50;36.24;2898.89;2097.24;-801.65;0.00
0.26;11.34;36.84;2946.96;2151.22;-795.74;0.00
0.25;11.99;32.88;2630.11;2117.49;-512.63;0.00
0.22;9.05;44.41;3552.42;1753.93;-1798.49;0.00
0.30;9.91;37.17;2973.76;2264.74;-709.02;0.00
0.27;11.17;44.93;3594.42;2168.81;-1425.61;0.00
0.28;11.17;41.92;3353.88;2246.24;-1107.64;0.00
0.22;11.87;43.57;3485.66;1927.54;-1558.12;0.00
0.22;11.21;41.69;3335.02;1910.59;-1424.42;0.00
0.28;9.20;35.34;2827.02;2122.86;-704.16;0.00
0.25;9.49;39.82;3185.63;1975.25;-1210.38;0.00
0.29;11.69;43.12;3449.32;2324.65;-1124.67;0.00
0.26;11.62;45.94;3675.58;2149.94;-1525.63;0.00
0.27;9.67;38.76;3100.97;2117.25;-983.72;0.00
0.26;11.09;39.63;3170.79;2113.67;-1057.13;0.00
0.25;10.08;40.52;3241.58;2000.20;-1241.38;0.00
0.24;11.95;31.47;2517.84;2024.37;-493.47;0.00
0.23;9.53;40.12;3209.82;1857.37;-1352.45;0.00
0.24;9.39;50.93;4074.74;1879.28;-2195.46;0.00
0.21;10.53;44.34;3547.17;1770.30;-1776.87;0.00
0.25;10.60;47.05;3763.97;2027.80;-1736.17;0.00
0.23;11.36;39.22;3137.40;1935.52;-1201.88;0.00
0.24;9.32;37.49;2998.84;1878.65;-1120.19;0.00
0.21;12.11;40.43;3234.55;1884.17;-1350.38;0.00
0.27;11.24;43.07;3445.24;2210.07;-1235.17;0.00
0.26;9.98;53.06;4244.96;2039.55;-2205.41;0.00
0.25;9.23;38.58;3086.53;1965.23;-1121.31;0.00
0.25;9.70;34.00;2720.06;2006.08;-713.98;0.00
0.27;11.10;43.13;3450.00;2158.85;-1291.15;0.00
0.27;7.56;35.49;2839.49;1969.96;-869.52;0.00
0.22;12.40;42.89;3431.50;1981.00;-1450.50;0.00
0.26;9.34;38.96;3116.77;1998.18;-1118.59;0.00
0.25;10.09;39.44;3155.43;1978.93;-1176.49;0.00
0.23;10.10;43.86;3508.74;1912.25;-1596.49;0.00
0.26;10.66;32.36;2588.91;2117.54;-471.37;0.00
0.30;8.64;37.38;2990.32;2205.02;-785.30;0.00
0.23;8.58;38.37;3069.68;1819.81;-1249.87;0.00
0.21;11.35;40.25;3220.35;1824.46;-1395.89;0.00
0.23;9.28;35.84;2866.83;1863.02;-1003.81;0.00
0.24;10.61;37.45;2995.67;1964.49;-1031.18;0.00
0.24;11.29;39.96;3196.60;2024.85;-1171.75;0.00
0.21;8.77;41.36;3308.63;1686.27;-1622.35;0.00
0.29;10.51;45.30;3624.00;2256.42;-1367.58;0.00
0.25;11.19;33.65;2691.65;2050.12;-641.54;0.00
0.23;8.72;38.46;3076.59;1788.42;-1288.17;0.00
0.23;8.62;41.24;3299.53;1823.02;-1476.50;0.00
0.23;10.89;39.63;3170.57;1906.01;-1264.56;0.00
0.24;7.70;41.37;3309.26;1789.04;-1520.23;0.00
0.24;9.40;40.96;3276.90;1932.50;-1344.41;0.00
0.31;11.89;36.67;2933.71;2452.37;-481.34;0.00
0.27;11.50;42.59;3406.98;2172.07;-1234.91;0.00
0.24;10.12;38.58;3086.76;1961.87;-1124.89;0.00
0.27;10.15;35.14;2810.86;2112.99;-697.87;0.00
0.25;8.74;41.97;3357.48;1927.67;-1429.81;0.00
0.27;8.59;45.64;3650.86;2028.64;-1622.22;0.00
0.27;13.16;39.51;3160.57;2275.24;-885.33;0.00
0.24;10.72;41.01;3280.46;1963.85;-1316.61;0.00
0.22;9.77;35.45;2836.32;1791.50;-1044.82;0.00
0.29;12.09;41.97;3357.58;2327.68;-1029.91;0.00
0.25;10.66;43.82;3505.51;2052.06;-1453.45;0.00
0.24;10.74;45.88;3670.71;1959.16;-1711.54;0.00
0.23;9.70;36.97;2957.26;1886.82;-1070.44;0.00
0.25;9.95;41.57;3325.47;1981.74;-1343.73;0.00
0.20;11.41;34.16;2732.91;1776.32;-956.60;0.00
0.22;10.13;35.92;2873.65;1819.73;-1053.91;0.00
0.24;10.61;42.97;3437.98;1962.86;-1475.12;0.00
0.25;11.16;46.98;3758.08;2036.12;-1721.96;0.00
0.21;10.54;44.49;3559.50;1818.55;-1740.96;0.00
0.22;10.39;35.31;2824.74;1862.60;-962.15;0.00
0.25;9.55;42.99;3439.24;1998.61;-1440.62;0.00
0.26;9.69;42.25;3379.82;2056.99;-1322.82;0.00
0.27;9.77;36.56;2924.49;2086.52;-837.97;0.00
0.26;10.48;27.96;2237.15;2087.24;-149.90;0.00
0.23;9.01;42.37;3389.62;1823.14;-1566.48;0.00
0.28;10.39;40.36;3228.99;2168.53;-1060.46;0.00
0.25;11.63;42.48;3398.77;2107.09;-1291.69;0.00
0.24;11.67;40.44;3235.10;2012.01;-1223.09;0.00
0.26;10.12;41.34;3306.92;2053.25;-1253.67;0.00
0.21;9.65;34.24;2739.56;1730.40;-1009.16;0.00
0.26;9.17;45.88;3670.38;1985.87;-1684.51;0.00
0.28;11.66;47.01;3760.79;2241.82;-1518.97;0.00
0.24;10.25;41.99;3359.45;1977.63;-1381.82;0.00
0.26;9.83;36.30;2903.98;2028.25;-875.74;0.00
0.24;9.08;46.44;3714.81;1885.05;-1829.76;0.00
0.26;10.65;45.29;3622.82;2098.69;-1524.13;0.00
0.21;10.40;42.39;3391.14;1768.35;-1622.79;0.00
0.22;11.63;45.27;3621.65;1904.23;-1717.42;0.00
0.24;10.40;37.72;3017.58;1968.13;-1049.45;0.00
0.29;12.43;45.86;3668.44;2337.24;-1331.19;0.00
0.24;10.68;43.73;3498.55;1977.13;-1521.41;0.00
0.26;7.86;41.68;3334.61;1944.25;-1390.36;0.00
0.28;11.73;45.61;3649.05;2261.12;-1387.92;0.00
0.27;10.32;47.76;3821.19;2108.17;-1713.02;0.00
0.27;11.45;32.88;2630.53;2173.12;-457.42;0.00
0.26;11.13;42.96;3437.13;2140.42;-1296.71;0.00
0.21;7.79;43.40;3472.33;1620.24;-1852.09;0.00
0.26;11.44;45.23;3618.66;2132.50;-1486.15;0.00
0.27;9.35;37.83;3026.52;2058.08;-968.44;0.00
0.25;11.41;37.38;2990.61;2056.04;-934.57;0.00
0.27;9.01;45.92;3673.33;2043.00;-1630.33;0.00
0.23;9.87;41.81;3344.56;1893.84;-1450.71;0.00
0.24;10.51;46.29;3703.41;1947.43;-1755.98;0.00
0.28;10.20;44.98;3598.73;2180.94;-1417.79;0.00
0.23;9.09;47.40;3791.67;1848.52;-1943.15;0.00
0.26;13.05;40.49;3239.24;2201.75;-1037.48;0.00
0.20;10.01;53.67;4293.54;1724.77;-2568.78;0.00
0.27;9.35;43.25;3460.38;2098.75;-1361.62;0.00
0.23;9.59;38.48;3078.65;1869.89;-1208.76;0.00
0.22;11.79;40.77;3261.92;1901.60;-1360.32;0.00
0.23;8.80;41.36;3308.98;1813.62;-1495.36;0.00
0.23;8.17;42.64;3411.32;1794.58;-1616.74;0.00
0.29;9.35;32.44;2595.09;2198.48;-396.61;0.00
0.27;8.82;40.23;3218.00;2054.92;-1163.09;0.00
0.22;11.98;35.95;2876.24;1956.72;-919.51;0.00
0.23;10.76;37.20;2976.04;1907.46;-1068.58;0.00
0.25;9.04;44.40;3551.85;1968.48;-1583.37;0.00
0.27;10.51;48.04;3843.44;2125.13;-1718.31;0.00
0.27;10.33;41.93;3354.39;2123.62;-1230.77;0.00
0.28;9.27;46.01;3681.09;2123.12;-1557.97;0.00
0.31;10.69;37.52;3001.67;2373.60;-628.07;0.00
0.23;10.30;34.63;2770.49;1919.86;-850.63;0.00
0.27;9.77;39.60;3167.61;2098.63;-1068.98;0.00
0.22;11.97;40.48;3238.19;1925.60;-1312.59;0.00
0.24;9.95;42.08;3366.42;1927.57;-1438.85;0.00
0.27;9.77;39.80;3184.20;2082.94;-1101.26;0.00
0.24;10.50;47.93;3834.30;1977.67;-1856.64;0.00
0.29;11.81;38.99;3118.84;2304.80;-814.05;0.00
0.26;9.44;46.35;3708.34;2051.92;-1656.41;0.00
0.27;11.35;35.22;2817.34;2163.03;-654.30;0.00
0.26;12.21;38.51;3080.53;2164.81;-915.73;0.00
0.24;9.86;39.07;3125.29;1912.25;-1213.04;0.00
0.22;8.59;37.21;2976.73;1726.73;-1250.00;0.00
0.24;7.94;43.24;3459.24;1820.54;-1638.70;0.00
0.27;9.68;39.09;3127.42;2084.47;-1042.95;0.00
0.26;8.65;47.02;3761.47;1976.08;-1785.39;0.00
0.26;10.54;48.26;3860.62;2099.24;-1761.38;0.00
0.24;10.55;38.77;3101.95;1976.00;-1125.95;0.00
0.26;9.96;31.26;2501.07;2034.19;-466.88;0.00
0.26;10.02;49.77;3981.45;2047.80;-1933.65;0.00
0.29;9.62;38.71;3096.68;2239.00;-857.67;0.00
0.27;9.30;32.53;2602.08;2050.20;-551.87;0.00
0.28;7.96;38.18;3054.70;2050.59;-1004.11;0.00
0.26;11.01;33.37;2669.64;2102.18;-567.46;0.00
0.27;11.07;43.65;3492.08;2157.74;-1334.34;0.00
0.27;12.44;38.99;3118.81;2222.40;-896.41;0.00
0.25;10.38;32.22;2577.93;2027.31;-550.62;0.00
0.22;9.28;40.00;3199.73;1806.12;-1393.61;0.00
0.29;10.07;36.39;2911.31;2251.25;-660.06;0.00
0.30;9.40;38.73;3098.51;2253.91;-844.60;0.00
0.24;10.92;45.96;3676.41;1977.33;-1699.09;0.00
0.28;10.90;41.76;3340.91;2219.98;-1120.94;0.00
0.28;12.68;47.19;3774.91;2309.53;-1465.37;0.00
0.28;10.34;42.27;3381.55;2203.37;-1178.18;0.00
0.22;10.68;44.41;3552.57;1854.68;-1697.88;0.00
0.25;10.08;50.92;4073.89;1981.78;-2092.11;0.00
0.22;9.26;36.16;2892.85;1756.17;-1136.67;0.00
0.23;10.67;44.04;3523.38;1909.22;-1614.16;0.00
0.25;9.51;43.44;3474.92;1979.29;-1495.63;0.00
0.25;10.00;36.92;2953.88;1989.99;-963.89;0.00
0.28;9.92;32.00;2560.29;2149.32;-410.97;0.00
0.24;8.67;36.95;2956.38;1857.60;-1098.77;0.00
0.26;9.43;40.24;3219.49;2024.80;-1194.69;0.00
0.27;9.20;38.78;3102.11;2094.48;-1007.63;0.00
0.26;9.78;43.05;3444.18;2058.08;-1386.10;0.00
0.23;10.95;39.99;3198.88;1922.79;-1276.09;0.00
0.24;10.93;43.58;3486.10;1972.73;-1513.37;0.00
0.24;9.69;42.15;3372.07;1937.66;-1434.40;0.00
0.28;10.69;32.27;2581.98;2226.48;-355.50;0.00
0.25;10.00;40.91;3272.94;2017.73;-1255.21;0.00
0.24;12.13;50.77;4061.31;2057.61;-2003.70;0.00
0.26;9.81;35.97;2877.60;2044.26;-833.34;0.00
0.27;9.68;35.94;2875.31;2109.71;-765.61;0.00
0.23;9.65;37.12;2969.77;1886.19;-1083.58;0.00
0.28;11.50;37.49;2998.96;2261.73;-737.22;0.00
0.23;11.51;28.89;2311.50;1940.20;-371.30;0.00
0.26;9.23;37.04;2962.81;2017.03;-945.78;0.00
0.27;8.55;40.40;3232.37;2061.19;-1171.18;0.00
0.28;9.65;38.69;3095.46;2148.67;-946.79;0.00
0.22;10.29;38.30;3063.73;1822.39;-1241.34;0.00
0.28;11.94;37.14;2971.45;2264.61;-706.84;0.00
0.26;11.30;39.59;3166.98;2148.88;-1018.10;0.00
0.24;10.47;34.56;2764.80;1958.08;-806.72;0.00
0.25;9.81;36.66;2932.55;2003.81;-928.75;0.00
0.24;7.79;41.08;3286.54;1813.36;-1473.18;0.00
0.23;8.58;37.39;2990.89;1825.53;-1165.36;0.00
0.28;9.96;37.31;2984.93;2188.14;-796.79;0.00
0.22;11.26;42.96;3436.53;1910.68;-1525.86;0.00
0.22;10.48;35.93;2874.60;1856.65;-1017.95;0.00
0.25;10.62;35.60;2848.31;2025.37;-822.95;0.00
0.22;9.39;42.91;3432.43;1784.58;-1647.85;0.00
0.25;10.23;30.16;2412.65;2016.51;-396.14;0.00
0.21;11.36;43.33;3466.74;1861.48;-1605.26;0.00
0.26;9.71;45.46;3636.50;2046.71;-1589.79;0.00
0.26;10.12;31.47;2517.48;2048.90;-468.58;0.00
0.26;10.66;40.55;3244.04;2093.02;-1151.02;0.00
0.25;8.56;35.52;2841.86;1910.46;-931.40;0.00
0.26;8.09;35.18;2814.63;1928.65;-885.98;0.00
0.25;10.20;40.10;3208.07;2034.32;-1173.75;0.00
0.26;10.57;37.89;3031.21;2083.92;-947.29;0.00
0.24;10.86;42.61;3408.66;1963.27;-1445.39;0.00
0.24;9.71;41.91;3352.49;1929.86;-1422.62;0.00
0.25;10.94;41.56;3324.68;2042.95;-1281.72;0.00
0.27;11.78;43.45;3475.84;2223.66;-1252.18;0.00
0.24;9.44;49.96;3996.49;1931.04;-2065.45;0.00
0.24;10.40;39.09;3126.96;1953.08;-1173.87;0.00
0.26;10.31;34.21;2736.60;2092.40;-644.19;0.00
0.25;10.83;31.57;2525.64;2060.63;-465.01;0.00
0.24;11.99;32.49;2598.92;2037.78;-561.14;0.00
0.23;11.25;37.90;3032.39;1923.24;-1109.15;0.00
0.29;11.21;34.11;2728.54;2282.92;-445.61;0.00
0.31;11.35;41.14;3291.52;2413.71;-877.81;0.00
0.22;10.92;37.03;2962.40;1845.86;-1116.54;0.00
0.24;11.20;39.49;3159.41;1990.59;-1168.81;0.00
0.24;9.77;41.13;3290.59;1909.24;-1381.35;0.00
0.26;11.59;34.39;2751.20;2149.96;-601.24;0.00
0.26;10.34;42.32;3385.99;2064.11;-1321.87;0.00
0.26;8.65;42.90;3432.30;1989.01;-1443.29;0.00
0.26;10.40;41.73;3338.32;2053.29;-1285.03;0.00
0.23;7.59;39.17;3133.82;1727.18;-1406.63;0.00
0.22;11.17;39.70;3176.03;1897.51;-1278.51;0.00
0.26;9.89;40.22;3217.92;2054.08;-1163.83;0.00
0.23;10.89;44.20;3535.80;1908.46;-1627.33;0.00
0.21;8.55;43.31;3464.65;1710.13;-1754.52;0.00
0.24;11.54;41.27;3301.40;2005.43;-1295.97;0.00
0.30;11.55;34.19;2735.00;2374.06;-360.93;0.00
0.25;8.86;41.38;3310.63;1916.48;-1394.15;0.00
0.25;9.54;38.78;3102.43;1961.43;-1141.00;0.00
0.26;10.90;48.06;3844.76;2104.42;-1740.34;0.00
0.24;11.18;43.22;3457.82;2018.71;-1439.11;0.00
0.27;9.53;37.20;2975.75;2076.73;-899.03;0.00
0.26;10.94;40.42;3233.45;2121.47;-1111.98;0.00
0.27;9.10;37.09;2967.27;2094.53;-872.74;0.00
0.27;11.23;39.53;3162.60;2179.50;-983.11;0.00
0.23;10.64;45.48;3638.12;1914.50;-1723.62;0.00
0.22;11.92;40.80;3263.78;1944.57;-1319.20;0.00
0.25;12.41;44.16;3532.43;2102.42;-1430.01;0.00
0.19;10.82;31.45;2515.80;1711.80;-803.99;0.00
0.27;10.57;37.28;2982.79;2137.25;-845.54;0.00
0.29;7.61;37.53;3002.46;2107.27;-895.19;0.00
0.21;11.29;43.75;3499.78;1815.20;-1684.58;0.00
0.28;11.01;46.35;3708.12;2246.52;-1461.60;0.00
0.27;9.14;43.62;3489.23;2056.96;-1432.27;0.00
0.26;10.09;46.52;3721.86;2086.80;-1635.05;0.00
0.25;12.22;38.77;3101.25;2135.03;-966.22;0.00
0.24;10.73;40.76;3260.70;2008.11;-1252.58;0.00
0.23;8.46;42.88;3430.21;1772.06;-1658.15;0.00
0.24;9.23;37.99;3038.82;1897.22;-1141.60;0.00
0.25;6.90;43.01;3440.93;1835.58;-1605.36;0.00
0.28;11.98;42.85;3427.67;2289.12;-1138.55;0.00
0.25;9.48;34.46;2756.96;1991.67;-765.29;0.00
0.27;10.77;40.91;3272.62;2153.84;-1118.78;0.00
0.25;9.87;35.92;2873.35;1996.84;-876.52;0.00
0.22;9.77;37.70;3015.76;1807.70;-1208.07;0.00
0.21;11.24;48.24;3858.99;1843.91;-2015.08;0.00
0.23;9.64;45.13;3610.08;1890.46;-1719.62;0.00
0.30;11.87;39.35;3148.17;2382.00;-766.16;0.00
0.22;8.53;33.30;2663.87;1753.96;-909.91;0.00
0.21;10.59;30.04;2403.31;1804.51;-598.81;0.00
0.25;11.34;44.49;3559.57;2046.19;-1513.38;0.00
0.24;9.87;42.37;3389.94;1922.44;-1467.50;0.00
0.25;10.48;41.05;3284.30;2041.42;-1242.88;0.00
0.25;11.56;34.54;2763.24;2057.46;-705.78;0.00
0.28;10.13;49.35;3948.29;2208.68;-1739.61;0.00
0.23;8.90;43.32;3465.43;1810.62;-1654.80;0.00
0.27;8.70;41.80;3343.69;2025.87;-1317.81;0.00
0.26;10.38;38.79;3102.98;2091.61;-1011.37;0.00
0.23;10.44;44.02;3521.20;1928.69;-1592.51;0.00
0.28;11.02;37.36;2989.14;2236.69;-752.45;0.00
0.22;10.30;42.27;3381.80;1849.21;-1532.59;0.00
0.29;9.70;44.32;3545.89;2208.52;-1337.37;0.00
0.26;10.63;44.28;3542.09;2094.23;-1447.86;0.00
0.27;10.70;33.66;2692.98;2161.56;-531.42;0.00
0.28;9.81;39.19;3134.98;2141.80;-993.17;0.00
0.25;10.51;42.54;3403.05;2004.31;-1398.75;0.00
0.21;8.70;41.88;3350.05;1687.44;-1662.61;0.00
0.26;10.08;50.18;4014.10;2057.03;-1957.07;0.00
0.25;10.10;47.66;3813.02;2005.23;-1807.79;0.00
0.27;11.67;36.97;2957.32;2217.43;-739.89;0.00
0.26;9.94;38.44;3075.21;2038.81;-1036.41;0.00
0.23;11.81;48.19;3855.43;1970.29;-1885.14;0.00
0.28;9.02;42.09;3367.13;2094.11;-1273.02;0.00
0.23;10.92;41.80;3344.33;1958.69;-1385.64;0.00
0.27;12.05;42.38;3390.46;2241.45;-1149.01;0.00
0.20;9.39;44.05;3524.26;1695.85;-1828.41;0.00
0.28;9.05;41.17;3293.22;2143.73;-1149.49;0.00
0.26;10.13;35.55;2844.26;2076.76;-767.50;0.00
0.22;11.15;47.30;3783.94;1874.86;-1909.09;0.00
0.25;8.78;45.02;3601.36;1930.34;-1671.02;0.00
0.24;11.46;45.33;3626.59;1996.15;-1630.43;0.00
0.28;7.53;38.79;3103.37;2060.93;-1042.44;0.00
0.21;10.31;39.69;3175.49;1801.49;-1373.99;0.00
