# X_0;X_1;X_2;R_0;S_0;G_0;I_0
0.21;8.59;41.23;3298.40;1707.67;-1590.73;0.00
0.24;10.77;38.08;3046.39;1999.78;-1046.61;0.00
0.26;9.85;41.66;3332.49;2025.41;-1307.08;0.00
0.26;11.19;42.63;3410.42;2103.18;-1307.24;0.00
0.26;9.91;39.16;3132.62;2073.97;-1058.65;0.00
0.31;12.94;40.70;3256.13;2495.81;-760.32;0.00
0.26;10.60;41.63;3330.74;2086.03;-1244.70;0.00
0.24;11.68;42.80;3423.61;2053.12;-1370.50;0.00
0.26;8.18;50.28;4022.04;1983.26;-2038.78;0.00
0.28;11.49;39.23;3138.37;2252.26;-886.11;0.00
0.21;10.42;30.97;2477.21;1793.56;-683.65;0.00
0.28;9.12;38.65;3091.89;2135.88;-956.00;0.00
0.22;9.13;44.39;3550.97;1780.25;-1770.72;0.00
0.26;9.82;41.33;3306.26;2029.68;-1276.59;0.00
0.25;9.85;35.39;2831.33;2001.19;-830.15;0.00
0.27;11.47;39.89;3191.52;2209.21;-982.32;0.00
0.24;8.52;37.76;3020.91;1866.36;-1154.56;0.00
0.27;8.38;36.07;2885.58;2001.90;-883.68;0.00
0.29;11.28;36.68;2934.02;2286.65;-647.37;0.00
0.26;11.66;46.70;3736.17;2146.69;-1589.48;0.00
0.21;9.51;45.90;3671.70;1758.62;-1913.08;0.00
0.26;8.96;38.17;3053.88;1973.44;-1080.43;0.00
0.26;10.67;42.45;3395.83;2104.23;-1291.60;0.00
0.19;8.98;41.81;3344.66;1609.97;-1734.69;0.00
0.27;10.08;37.74;3019.31;2105.59;-913.72;0.00
0.23;9.43;39.19;3135.02;1849.82;-1285.19;0.00
0.26;11.06;34.49;2759.02;2129.18;-629.84;0.00
0.23;9.71;45.05;3604.25;1858.42;-1745.82;0.00
0.25;8.32;46.38;3710.30;1932.11;-1778.19;0.00
0.24;10.25;37.20;2976.31;1969.91;-1006.39;0.00
0.25;11.91;44.71;3576.87;2112.43;-1464.44;0.00
0.30;10.33;35.43;2834.07;2280.87;-553.20;0.00
0.22;10.93;42.27;3381.41;1870.81;-1510.60;0.00
0.26;10.51;46.16;3692.64;2065.78;-1626.86;0.00
0.24;9.94;43.44;3475.11;1936.16;-1538.95;0.00
0.25;7.22;30.97;2477.89;1831.66;-646.23;0.00
0.25;8.16;34.82;2785.25;1885.64;-899.62;0.00
0.25;7.90;45.61;3648.98;1889.54;-1759.43;0.00
0.27;10.69;38.61;3089.17;2153.03;-936.15;0.00
0.29;8.37;40.65;3252.07;2119.52;-1132.55;0.00
0.26;10.36;47.41;3792.87;2077.50;-1715.37;0.00
0.27;9.48;40.80;3264.37;2110.63;-1153.74;0.00
0.28;10.48;39.66;3172.66;2175.27;-997.39;0.00
0.25;9.13;42.79;3423.27;1925.99;-1497.28;0.00
0.23;10.88;42.06;3364.60;1947.36;-1417.23;0.00
0.24;11.08;43.62;3489.50;1986.19;-1503.31;0.00
0.27;9.00;43.30;3463.61;2035.67;-1427.94;0.00
0.25;9.56;38.18;3054.71;1947.24;-1107.47;0.00
0.27;11.68;35.44;2835.44;2206.51;-628.93;0.00
0.29;10.37;39.57;3165.26;2255.13;-910.13;0.00
0.28;10.56;36.34;2906.85;2185.96;-720.89;0.00
0.23;10.63;39.66;3172.75;1940.36;-1232.39;0.00
0.26;8.15;43.92;3513.46;1948.41;-1565.05;0.00
0.25;9.74;48.77;3901.96;2008.30;-1893.66;0.00
0.22;9.86;41.76;3340.54;1839.93;-1500.61;0.00
0.28;10.06;44.79;3582.97;2175.86;-1407.10;0.00
0.29;11.24;42.19;3375.30;2282.29;-1093.02;0.00
0.26;9.65;32.48;2598.29;2028.78;-569.51;0.00
0.22;11.38;32.97;2637.74;1917.36;-720.37;0.00
0.26;9.43;36.47;2917.82;2039.85;-877.96;0.00
0.25;9.67;44.18;3534.29;2000.60;-1533.69;0.00
0.23;10.14;30.44;2434.95;1865.92;-569.02;0.00
0.29;10.98;38.65;3092.16;2278.37;-813.79;0.00
0.24;10.26;37.00;2960.14;1935.53;-1024.61;0.00
0.21;9.89;35.10;2808.21;1755.86;-1052.35;0.00
0.24;9.68;44.49;3559.24;1950.53;-1608.71;0.00
0.24;10.68;39.66;3173.05;1967.37;-1205.68;0.00
0.21;9.93;46.80;3743.74;1744.47;-1999.27;0.00
0.23;11.37;40.31;3224.95;1950.39;-1274.56;0.00
0.27;10.30;35.14;2811.19;2103.72;-707.46;0.00
0.22;10.86;41.56;3325.06;1898.29;-1426.77;0.00
0.26;11.01;36.32;2905.90;2135.22;-770.68;0.00
0.23;10.32;45.91;3672.66;1878.75;-1793.91;0.00
0.28;8.91;41.06;3284.53;2104.84;-1179.69;0.00
0.23;10.21;33.68;2694.61;1895.18;-799.43;0.00
0.25;11.06;49.30;3944.15;2040.85;-1903.31;0.00
0.19;10.11;30.39;2430.83;1640.93;-789.91;0.00
0.25;10.12;33.04;2643.24;1988.28;-654.97;0.00
0.26;9.00;39.57;3165.69;2013.23;-1152.46;0.00
0.24;11.65;43.43;3474.51;2006.88;-1467.64;0.00
0.26;10.31;33.47;2677.66;2043.65;-634.01;0.00
0.25;11.13;41.83;3346.61;2078.12;-1268.49;0.00
0.24;10.84;30.03;2402.61;2005.74;-396.87;0.00
0.24;10.08;36.96;2956.47;1953.17;-1003.30;0.00
0.26;10.64;40.04;3203.50;2078.41;-1125.09;0.00
0.27;8.10;39.65;3171.73;1995.87;-1175.86;0.00
0.26;9.42;47.47;3797.74;2053.93;-1743.81;0.00
0.22;10.14;40.69;3254.88;1839.30;-1415.58;0.00
0.27;11.02;35.95;2876.36;2166.51;-709.85;0.00
0.25;10.83;37.34;2987.32;2050.52;-936.79;0.00
0.25;10.33;30.96;2477.17;2010.63;-466.54;0.00
0.25;11.15;47.32;3785.43;2032.25;-1753.17;0.00
0.24;9.65;42.94;3435.19;1934.87;-1500.31;0.00
0.26;8.26;41.26;3301.10;1990.18;-1310.92;0.00
0.20;9.11;40.18;3214.05;1666.40;-1547.66;0.00
0.25;10.59;48.93;3914.11;2039.31;-1874.80;0.00
0.24;9.65;41.75;3339.80;1905.19;-1434.61;0.00
0.26;9.74;52.09;4167.25;2024.06;-2143.19;0.00
0.22;9.39;41.28;3302.26;1802.66;-1499.60;0.00
0.21;10.12;35.29;2823.39;1788.85;-1034.53;0.00
0.23;9.52;34.57;2765.98;1858.53;-907.44;0.00
0.29;10.81;36.73;2938.69;2280.52;-658.17;0.00
0.21;8.81;36.09;2887.47;1727.89;-1159.58;0.00
0.25;8.85;40.85;3268.30;1944.50;-1323.80;0.00
0.23;9.56;41.42;3313.46;1881.94;-1431.51;0.00
0.27;9.97;38.32;3065.36;2124.01;-941.35;0.00
0.27;10.46;34.50;2760.06;2113.63;-646.43;0.00
0.28;9.47;40.62;3249.98;2167.47;-1082.50;0.00
0.21;11.06;34.47;2757.41;1813.40;-944.00;0.00
0.22;10.60;40.42;3233.63;1842.70;-1390.93;0.00
0.22;10.28;43.39;3471.15;1856.32;-1614.83;0.00
0.25;11.61;46.52;3721.37;2105.45;-1615.92;0.00
0.29;9.92;41.61;3328.47;2250.05;-1078.42;0.00
0.24;9.57;32.25;2580.35;1905.31;-675.04;0.00
0.18;10.42;43.35;3468.19;1611.03;-1857.16;0.00
0.24;10.07;35.41;2832.70;1919.14;-913.56;0.00
0.26;11.01;40.69;3254.91;2129.27;-1125.64;0.00
0.27;9.49;43.33;3466.42;2111.95;-1354.47;0.00
0.21;10.16;39.96;3196.99;1751.44;-1445.55;0.00
0.24;11.56;43.30;3463.69;2017.11;-1446.58;0.00
0.25;11.57;39.25;3139.73;2109.18;-1030.55;0.00
0.24;8.91;27.05;2163.61;1872.91;-290.69;0.00
0.24;10.89;45.91;3672.53;2001.23;-1671.30;0.00
0.25;11.40;39.86;3189.06;2059.42;-1129.64;0.00
0.26;8.25;40.32;3225.49;1954.84;-1270.64;0.00
0.27;11.14;53.30;4263.89;2197.74;-2066.15;0.00
0.22;11.54;43.09;3447.58;1910.36;-1537.22;0.00
0.25;9.88;38.34;3066.97;2002.31;-1064.66;0.00
0.23;10.66;47.90;3832.09;1940.52;-1891.57;0.00
0.26;10.00;38.36;3068.63;2036.44;-1032.19;0.00
0.24;8.06;43.43;3474.15;1842.44;-1631.71;0.00
0.26;9.54;33.85;2707.87;2023.11;-684.76;0.00
0.27;10.57;37.82;3025.46;2140.52;-884.94;0.00
0.22;7.77;39.55;3163.87;1717.10;-1446.77;0.00
0.22;8.23;45.88;3670.49;1715.99;-1954.49;0.00
0.25;8.63;27.69;2215.20;1916.08;-299.12;0.00
0.23;10.18;37.80;3024.20;1872.19;-1152.01;0.00
0.21;10.19;43.37;3469.39;1764.95;-1704.45;0.00
0.21;10.71;46.09;3686.95;1830.28;-1856.68;0.00
0.25;9.73;34.62;2769.30;1978.69;-790.61;0.00
0.26;11.08;33.49;2679.49;2121.93;-557.56;0.00
0.25;10.15;43.51;3480.40;1988.80;-1491.61;0.00
0.23;9.12;35.21;2817.05;1821.86;-995.20;0.00
0.24;9.61;38.97;3117.62;1910.43;-1207.19;0.00
0.29;8.87;43.20;3455.79;2162.74;-1293.05;0.00
0.27;10.27;36.71;2936.87;2112.31;-824.56;0.00
0.24;10.03;35.27;2821.92;1947.97;-873.95;0.00
0.22;8.50;27.03;2162.64;1770.14;-392.50;0.00
0.26;9.97;39.56;3164.46;2053.08;-1111.39;0.00
0.26;10.49;35.13;2810.20;2067.13;-743.07;0.00
0.22;11.92;42.09;3367.43;1905.82;-1461.61;0.00
0.24;8.60;48.12;3849.81;1846.63;-2003.18;0.00
0.24;8.89;39.58;3166.15;1902.24;-1263.90;0.00
0.31;9.42;42.29;3383.36;2330.76;-1052.59;0.00
0.21;11.25;46.43;3714.75;1816.53;-1898.22;0.00
0.23;13.36;42.69;3415.18;2035.20;-1379.98;0.00
0.24;10.57;37.12;2969.97;1968.81;-1001.16;0.00
0.28;9.95;48.11;3849.12;2150.22;-1698.91;0.00
0.23;9.61;43.16;3452.82;1844.92;-1607.89;0.00
0.27;10.32;41.95;3355.93;2108.49;-1247.43;0.00
0.24;8.88;39.51;3160.84;1886.50;-1274.34;0.00
0.23;11.12;42.42;3393.76;1945.25;-1448.52;0.00
0.27;11.06;41.10;3287.72;2179.92;-1107.80;0.00
0.26;10.45;35.01;2800.84;2059.71;-741.14;0.00
0.29;11.31;44.08;3526.16;2280.58;-1245.58;0.00
0.26;10.55;31.02;2481.75;2061.41;-420.34;0.00
0.23;8.99;38.71;3097.18;1845.03;-1252.15;0.00
0.24;11.60;44.26;3540.80;2041.62;-1499.18;0.00
0.24;11.40;41.59;3326.84;2032.20;-1294.64;0.00
0.22;8.83;37.41;2992.46;1736.12;-1256.34;0.00
0.27;10.22;32.07;2565.64;2100.65;-464.99;0.00
0.26;9.42;43.96;3516.71;2005.41;-1511.29;0.00
0.24;8.57;44.18;3534.01;1857.04;-1676.98;0.00
0.26;13.12;33.31;2665.04;2221.69;-443.35;0.00
0.30;10.53;32.69;2614.92;2297.62;-317.30;0.00
0.23;10.25;39.66;3173.07;1922.12;-1250.96;0.00
0.23;11.19;40.83;3266.04;1932.01;-1334.03;0.00
0.23;9.57;38.78;3102.16;1842.15;-1260.02;0.00
0.25;11.13;44.08;3526.13;2059.61;-1466.51;0.00
0.21;9.24;39.93;3194.66;1744.97;-1449.70;0.00
0.27;10.88;38.48;3078.74;2177.94;-900.80;0.00
0.28;10.08;34.83;2786.70;2178.85;-607.85;0.00
0.25;10.43;49.23;3938.35;1994.88;-1943.47;0.00
0.24;11.87;44.98;3598.34;2069.10;-1529.24;0.00
0.26;9.36;37.42;2993.35;1998.76;-994.59;0.00
0.27;9.26;36.72;2937.24;2067.07;-870.17;0.00
0.25;11.16;40.56;3244.83;2041.27;-1203.56;0.00
0.24;9.81;36.32;2905.80;1904.90;-1000.91;0.00
0.21;9.18;41.95;3355.98;1746.01;-1609.97;0.00
0.23;9.58;43.87;3509.28;1852.22;-1657.05;0.00
0.25;9.79;39.28;3142.63;1959.83;-1182.80;0.00
0.25;10.41;43.49;3479.34;2007.23;-1472.10;0.00
0.29;9.50;38.28;3062.18;2222.29;-839.90;0.00
0.26;11.02;39.86;3188.69;2087.08;-1101.61;0.00
0.26;9.75;40.91;3273.09;2042.16;-1230.93;0.00
0.22;10.83;38.85;3108.18;1882.60;-1225.58;0.00
0.25;11.13;30.96;2476.56;2062.23;-414.33;0.00
0.23;8.73;34.81;2784.67;1785.85;-998.83;0.00
0.25;9.83;39.32;3145.83;1995.16;-1150.67;0.00
0.26;11.69;38.38;3070.07;2144.51;-925.56;0.00
0.22;8.73;40.96;3277.15;1770.48;-1506.67;0.00
0.24;8.51;39.77;3181.36;1848.24;-1333.12;0.00
0.28;9.09;36.86;2949.01;2105.01;-844.00;0.00
0.29;9.85;48.69;3895.32;2210.42;-1684.90;0.00
0.25;11.10;36.86;2948.93;2055.38;-893.54;0.00
0.24;12.62;38.40;3071.75;2061.74;-1010.01;0.00
0.27;10.14;40.96;3276.63;2148.63;-1128.00;0.00
0.26;9.91;44.25;3540.17;2047.82;-1492.35;0.00
0.25;10.06;36.20;2896.20;2008.37;-887.82;0.00
0.26;11.65;46.57;3725.24;2120.89;-1604.34;0.00
0.26;8.71;44.31;3544.90;1986.26;-1558.65;0.00
0.30;10.05;41.48;3318.24;2320.64;-997.59;0.00
0.28;11.11;45.90;3671.73;2245.61;-1426.12;0.00
0.22;9.67;37.08;2966.19;1815.47;-1150.72;0.00
0.27;8.61;47.67;3813.92;2037.84;-1776.07;0.00
0.24;10.15;38.09;3046.84;1941.46;-1105.38;0.00
0.26;10.56;42.67;3413.65;2060.54;-1353.11;0.00
0.24;10.17;41.78;3342.64;1964.09;-1378.55;0.00
0.23;11.78;34.79;2783.42;1956.24;-827.18;0.00
0.31;11.77;42.73;3418.15;2436.63;-981.52;0.00
0.26;8.55;42.33;3386.30;2007.16;-1379.14;0.00
0.27;9.54;32.23;2578.11;2077.39;-500.73;0.00
0.26;10.70;36.89;2951.36;2097.70;-853.67;0.00
0.29;10.26;47.96;3836.88;2227.49;-1609.39;0.00
0.25;11.02;36.27;2901.43;2028.91;-872.51;0.00
0.27;11.02;50.82;4065.48;2174.28;-1891.19;0.00
0.27;10.16;51.04;4083.02;2096.97;-1986.06;0.00
0.25;9.33;36.60;2927.69;1988.97;-938.73;0.00
0.17;9.67;42.95;3436.21;1499.26;-1936.95;0.00
0.18;10.03;40.23;3218.32;1611.82;-1606.50;0.00
0.27;9.84;34.28;2742.77;2112.81;-629.96;0.00
0.23;11.95;38.40;3071.96;1979.25;-1092.71;0.00
0.22;10.61;38.93;3114.78;1831.84;-1282.94;0.00
0.25;9.77;38.56;3084.75;1961.34;-1123.41;0.00
0.22;9.06;45.66;3653.18;1796.78;-1856.40;0.00
0.25;9.58;42.81;3424.51;1963.00;-1461.51;0.00
0.23;9.55;42.97;3437.34;1866.42;-1570.92;0.00
0.28;8.71;38.31;3065.19;2129.64;-935.55;0.00
0.24;11.33;33.99;2719.10;2030.60;-688.50;0.00
0.27;10.28;44.13;3530.73;2120.79;-1409.94;0.00
0.18;10.01;31.60;2527.69;1610.34;-917.35;0.00
0.30;11.44;34.05;2724.15;2350.10;-374.06;0.00
0.25;11.73;47.27;3781.23;2086.70;-1694.52;0.00
0.25;8.35;45.49;3639.53;1901.89;-1737.63;0.00
0.26;10.39;37.24;2979.25;2080.13;-899.12;0.00
0.25;10.33;36.46;2917.12;2004.54;-912.58;0.00
0.27;10.59;37.11;2969.13;2134.03;-835.10;0.00
0.29;8.88;33.22;2657.70;2155.60;-502.11;0.00
0.25;10.54;45.76;3660.47;2017.30;-1643.17;0.00
0.19;11.12;37.03;2962.22;1720.20;-1242.02;0.00
0.24;11.02;37.13;2970.08;1967.01;-1003.07;0.00
0.30;12.55;38.73;3098.03;2418.57;-679.46;0.00
0.24;10.58;39.59;3167.58;1988.84;-1178.73;0.00
0.26;10.04;35.36;2828.55;2082.67;-745.88;0.00
0.29;8.58;44.22;3537.77;2132.07;-1405.70;0.00
0.24;10.96;39.39;3151.24;1985.56;-1165.67;0.00
0.25;11.45;49.40;3952.19;2055.61;-1896.58;0.00
0.29;9.25;37.77;3021.26;2163.32;-857.94;0.00
0.26;10.12;39.82;3185.62;2091.35;-1094.27;0.00
0.27;9.15;41.21;3296.47;2084.53;-1211.93;0.00
0.26;8.92;51.23;4098.43;1973.03;-2125.39;0.00
0.29;10.32;40.32;3225.24;2239.53;-985.71;0.00
0.26;8.89;37.46;2997.14;2000.95;-996.19;0.00
0.22;11.63;33.14;2651.49;1895.07;-756.43;0.00
0.25;11.51;44.39;3551.18;2064.48;-1486.70;0.00
0.24;10.44;38.46;3076.58;1981.54;-1095.03;0.00
0.28;8.92;30.21;2416.53;2101.50;-315.03;0.00
0.23;9.25;43.41;3472.51;1856.60;-1615.91;0.00
0.26;10.77;42.30;3383.75;2087.76;-1295.99;0.00
0.27;9.83;46.95;3756.16;2090.83;-1665.33;0.00
0.25;8.53;35.72;2857.93;1933.05;-924.87;0.00
0.26;9.35;39.99;3199.14;2000.77;-1198.37;0.00
0.29;12.36;46.08;3686.52;2337.07;-1349.45;0.00
0.25;9.62;46.13;3690.27;1969.66;-1720.61;0.00
0.27;10.53;38.38;3070.51;2140.68;-929.83;0.00
0.24;9.92;47.95;3836.35;1907.87;-1928.48;0.00
0.30;10.82;42.76;3420.86;2331.46;-1089.40;0.00
0.24;9.47;37.64;3011.13;1883.55;-1127.58;0.00
0.27;11.11;25.43;2034.16;2168.06;133.90;1.00
0.23;8.86;42.04;3363.25;1806.57;-1556.68;0.00
0.26;11.98;42.52;3401.53;2183.39;-1218.14;0.00
0.24;12.47;44.64;3571.42;2064.87;-1506.55;0.00
0.21;10.72;46.19;3695.49;1825.02;-1870.48;0.00
0.23;10.12;40.47;3237.47;1895.47;-1341.99;0.00
0.23;12.65;59.11;4728.45;2022.82;-2705.63;0.00
0.28;12.01;37.73;3018.19;2299.31;-718.88;0.00
0.23;10.00;39.66;3172.95;1854.79;-1318.16;0.00
0.26;12.21;40.23;3218.30;2155.24;-1063.06;0.00
0.24;9.52;44.36;3549.04;1890.13;-1658.92;0.00
0.28;7.93;39.71;3176.86;2087.52;-1089.34;0.00
0.24;9.22;46.03;3682.53;1887.79;-1794.73;0.00
0.22;8.94;46.48;3718.38;1741.07;-1977.31;0.00
0.22;7.94;35.44;2834.95;1717.72;-1117.23;0.00
0.23;10.25;44.42;3553.98;1921.04;-1632.95;0.00
0.26;11.15;43.35;3467.91;2142.09;-1325.82;0.00
0.24;8.33;37.07;2965.71;1832.23;-1133.48;0.00
0.27;9.28;41.88;3350.17;2085.23;-1264.94;0.00
0.26;10.86;39.42;3153.83;2101.62;-1052.20;0.00
0.29;10.36;40.81;3264.69;2232.90;-1031.79;0.00
0.28;9.53;45.34;3626.95;2147.04;-1479.91;0.00
0.26;9.37;45.00;3600.18;2025.58;-1574.61;0.00
0.26;11.09;37.41;2992.95;2137.29;-855.66;0.00
0.25;13.28;36.48;2918.50;2160.07;-758.43;0.00
0.22;11.49;32.74;2618.86;1901.99;-716.87;0.00
0.28;10.47;41.88;3350.51;2199.95;-1150.56;0.00
0.24;11.28;40.28;3222.40;2008.74;-1213.66;0.00
0.23;10.45;42.41;3392.58;1922.23;-1470.36;0.00
0.24;9.80;38.83;3106.70;1908.17;-1198.52;0.00
0.24;8.77;42.88;3430.31;1858.58;-1571.73;0.00
0.25;10.52;36.88;2950.43;2026.27;-924.16;0.00
0.24;9.80;42.37;3389.70;1925.10;-1464.60;0.00
0.21;9.84;46.77;3741.42;1739.58;-2001.84;0.00
0.25;8.61;32.88;2630.37;1900.64;-729.73;0.00
0.21;9.59;43.11;3449.19;1769.12;-1680.07;0.00
0.23;12.67;37.90;3031.72;2041.49;-990.23;0.00
0.31;10.84;45.81;3664.99;2377.97;-1287.02;0.00
0.23;11.88;39.24;3139.56;2005.54;-1134.01;0.00
0.27;10.55;50.43;4034.21;2156.77;-1877.44;0.00
0.25;8.13;40.18;3214.58;1881.48;-1333.10;0.00
0.29;9.40;44.42;3553.94;2214.67;-1339.26;0.00
0.26;10.92;40.56;3244.52;2087.33;-1157.19;0.00
0.19;9.80;38.74;3099.48;1648.52;-1450.96;0.00
0.24;13.16;36.30;2903.85;2095.52;-808.33;0.00
0.24;9.95;39.37;3149.96;1947.63;-1202.33;0.00
0.31;13.99;46.77;3741.81;2540.54;-1201.28;0.00
0.23;9.00;37.27;2981.46;1799.11;-1182.35;0.00
0.25;8.35;45.92;3673.50;1934.38;-1739.12;0.00
0.25;11.17;38.82;3105.50;2073.06;-1032.44;0.00
0.26;9.39;43.11;3448.89;2043.54;-1405.35;0.00
0.25;8.47;39.86;3188.42;1895.85;-1292.57;0.00
0.30;9.81;45.72;3657.27;2296.64;-1360.63;0.00
0.28;11.56;32.05;2564.30;2264.66;-299.64;0.00
0.26;11.49;40.46;3236.67;2160.90;-1075.77;0.00
0.27;11.70;43.87;3509.37;2222.66;-1286.71;0.00
0.24;11.38;45.02;3601.85;1997.88;-1603.97;0.00
0.22;12.21;36.65;2932.31;1951.09;-981.22;0.00
0.24;9.66;41.00;3279.92;1926.68;-1353.24;0.00
0.31;10.19;37.93;3034.29;2368.37;-665.92;0.00
0.29;8.42;38.99;3119.12;2133.31;-985.81;0.00
0.24;9.92;36.26;2901.16;1909.36;-991.80;0.00
0.26;10.70;41.96;3357.06;2096.21;-1260.86;0.00
0.23;9.24;42.92;3433.42;1824.37;-1609.05;0.00
0.26;10.86;39.32;3145.78;2123.58;-1022.20;0.00
0.26;10.22;39.93;3194.52;2092.09;-1102.43;0.00
0.24;11.21;40.01;3200.72;1985.62;-1215.10;0.00
0.28;10.40;44.74;3579.20;2188.26;-1390.95;0.00
0.20;9.49;32.94;2635.33;1664.79;-970.54;0.00
0.23;10.07;34.21;2736.94;1883.27;-853.67;0.00
0.21;10.21;40.17;3213.98;1757.41;-1456.57;0.00
0.21;10.58;40.16;3212.87;1790.13;-1422.74;0.00
0.28;10.90;40.70;3256.13;2238.97;-1017.16;0.00
0.27;9.42;37.39;2991.41;2078.39;-913.02;0.00
0.25;10.43;42.07;3365.75;2048.39;-1317.36;0.00
0.23;8.80;42.85;3428.10;1806.21;-1621.90;0.00
0.27;12.05;40.81;3264.77;2239.50;-1025.27;0.00
0.25;10.30;38.75;3099.73;2023.32;-1076.41;0.00
0.24;11.49;44.43;3554.59;2041.71;-1512.89;0.00
0.26;11.19;34.13;2730.09;2127.13;-602.95;0.00
0.28;12.03;33.98;2718.71;2299.54;-419.18;0.00
0.21;6.48;35.44;2834.94;1581.70;-1253.24;0.00
0.29;10.73;38.97;3117.95;2286.87;-831.08;0.00
0.23;10.62;38.34;3067.32;1941.66;-1125.66;0.00
0.25;11.23;46.29;3702.89;2050.39;-1652.50;0.00
0.26;9.77;49.57;3965.98;2032.65;-1933.33;0.00
0.26;11.47;48.85;3907.70;2127.36;-1780.34;0.00
0.27;10.66;43.35;3467.63;2131.21;-1336.42;0.00
0.20;10.02;37.74;3018.84;1688.87;-1329.97;0.00
0.25;9.76;42.88;3430.05;2005.93;-1424.13;0.00
0.24;9.77;44.11;3528.64;1913.59;-1615.04;0.00
0.22;11.20;42.41;3393.16;1863.25;-1529.92;0.00
0.26;10.70;37.42;2993.96;2066.30;-927.66;0.00
0.24;8.04;51.72;4137.70;1821.99;-2315.71;0.00
0.22;9.80;43.22;3457.83;1819.90;-1637.93;0.00
0.30;13.01;38.79;3102.86;2438.92;-663.94;0.00
0.27;10.75;45.49;3639.06;2135.07;-1503.99;0.00
0.25;9.17;40.59;3247.56;1975.85;-1271.71;0.00
0.23;8.29;45.00;3599.70;1771.14;-1828.57;0.00
0.24;10.57;39.73;3178.12;1991.78;-1186.34;0.00
0.25;10.88;42.38;3390.76;2058.64;-1332.13;0.00
0.23;10.37;40.47;3237.30;1886.04;-1351.27;0.00
0.27;11.46;32.80;2623.95;2188.66;-435.29;0.00
0.29;9.42;32.73;2618.41;2190.35;-428.06;0.00
0.24;8.98;45.85;3667.84;1906.34;-1761.50;0.00
0.24;9.84;31.22;2497.78;1907.91;-589.87;0.00
0.29;10.74;40.92;3273.63;2298.29;-975.34;0.00
0.24;10.53;44.18;3534.78;1977.82;-1556.96;0.00
0.27;11.07;41.90;3351.89;2169.17;-1182.72;0.00
0.26;7.39;41.36;3309.04;1924.90;-1384.13;0.00
0.26;10.23;34.80;2783.69;2083.52;-700.18;0.00
0.26;10.93;46.24;3698.91;2091.41;-1607.50;0.00
0.22;11.10;36.58;2926.12;1888.37;-1037.75;0.00
0.25;10.95;40.26;3221.07;2044.09;-1176.98;0.00
0.23;8.71;39.57;3165.74;1801.75;-1363.99;0.00
0.23;11.93;42.91;3432.68;1998.83;-1433.86;0.00
0.24;9.38;34.25;2740.00;1921.49;-818.50;0.00
0.21;10.87;46.05;3684.04;1809.92;-1874.12;0.00
0.25;10.43;40.95;3275.77;2004.92;-1270.85;0.00
0.24;12.05;30.11;2408.42;2027.31;-381.11;0.00
0.27;11.76;42.92;3433.85;2207.36;-1226.49;0.00
0.26;10.19;45.08;3606.70;2072.37;-1534.33;0.00
0.27;9.51;48.28;3862.55;2105.67;-1756.88;0.00
0.25;10.16;32.82;2625.81;1977.96;-647.84;0.00
0.24;10.38;38.40;3072.25;1988.76;-1083.49;0.00
0.22;11.62;40.30;3223.75;1936.23;-1287.52;0.00
0.27;10.85;46.60;3727.68;2170.96;-1556.73;0.00
0.27;10.02;41.35;3308.40;2095.79;-1212.60;0.00
0.24;9.85;41.42;3313.61;1944.56;-1369.05;0.00
0.24;9.44;37.82;3025.34;1904.09;-1121.25;0.00
0.24;9.34;51.09;4087.26;1917.30;-2169.95;0.00
0.22;10.53;36.79;2943.03;1841.03;-1102.00;0.00
0.26;9.62;38.10;3048.11;2056.38;-991.73;0.00
0.24;10.94;47.21;3776.73;2006.80;-1769.93;0.00
0.25;8.63;42.79;3423.30;1942.44;-1480.86;0.00
0.27;9.34;37.38;2990.45;2078.73;-911.72;0.00
0.27;9.56;53.37;4269.92;2081.42;-2188.50;0.00
0.27;10.81;40.32;3225.83;2147.31;-1078.51;0.00
0.29;8.69;38.85;3107.68;2184.06;-923.61;0.00
0.28;11.61;36.08;2886.20;2269.93;-616.27;0.00
0.24;9.84;39.18;3134.13;1925.43;-1208.70;0.00
0.27;7.18;44.86;3589.17;1961.29;-1627.88;0.00
0.27;9.24;43.03;3442.05;2065.00;-1377.05;0.00
0.25;10.02;46.80;3744.39;1990.18;-1754.21;0.00
0.23;11.63;45.92;3673.69;1992.85;-1680.84;0.00
0.24;7.96;36.91;2952.70;1817.91;-1134.79;0.00
0.26;8.51;40.76;3261.11;1980.86;-1280.25;0.00
0.23;10.58;40.94;3274.87;1918.70;-1356.17;0.00
0.23;12.11;43.33;3466.77;2019.23;-1447.54;0.00
0.24;10.62;45.56;3645.14;1996.31;-1648.83;0.00
0.23;8.41;45.52;3641.88;1823.82;-1818.06;0.00
0.24;13.07;39.74;3179.60;2106.91;-1072.69;0.00
0.23;9.77;36.93;2954.71;1849.24;-1105.47;0.00
0.29;11.18;36.27;2901.84;2271.10;-630.74;0.00
0.31;9.37;43.73;3498.72;2287.82;-1210.90;0.00
0.22;10.09;33.39;2671.06;1814.32;-856.73;0.00
0.24;9.32;45.05;3603.72;1902.45;-1701.27;0.00
0.26;10.14;40.69;3255.60;2092.19;-1163.41;0.00
0.25;10.12;32.72;2617.80;2001.97;-615.83;0.00
0.27;7.64;37.85;3027.90;2004.24;-1023.66;0.00
0.21;10.67;30.62;2449.51;1814.76;-634.75;0.00
0.29;8.78;38.88;3110.52;2182.65;-927.87;0.00
0.26;8.19;41.88;3350.16;1951.54;-1398.62;0.00
0.28;12.17;46.29;3703.03;2262.74;-1440.29;0.00
0.25;9.46;46.68;3734.09;1982.85;-1751.24;0.00
0.21;11.19;44.55;3563.83;1834.65;-1729.17;0.00
0.26;12.12;39.87;3189.27;2150.54;-1038.73;0.00
0.24;9.62;37.41;2992.81;1900.70;-1092.12;0.00
0.27;12.44;36.29;2903.50;2231.66;-671.84;0.00
0.20;9.55;45.76;3661.09;1710.54;-1950.55;0.00
0.22;11.88;39.98;3198.71;1900.71;-1297.99;0.00
0.23;10.79;41.45;3315.90;1898.88;-1417.02;0.00
0.26;9.68;36.67;2933.36;2026.44;-906.92;0.00
0.20;13.88;42.89;3431.15;1900.38;-1530.77;0.00
0.23;10.06;43.42;3473.22;1860.54;-1612.67;0.00
0.24;7.77;40.59;3247.35;1835.84;-1411.51;0.00
0.23;9.32;38.79;3103.54;1868.56;-1234.98;0.00
0.18;10.03;37.38;2990.39;1620.47;-1369.92;0.00
0.22;8.36;35.10;2807.70;1726.46;-1081.24;0.00
0.31;9.31;43.29;3462.98;2315.51;-1147.47;0.00
0.30;10.59;42.10;3367.64;2313.73;-1053.90;0.00
0.24;8.98;37.18;2974.23;1877.98;-1096.25;0.00
0.29;8.60;30.69;2455.32;2131.66;-323.66;0.00
0.25;8.81;52.63;4210.45;1912.48;-2297.98;0.00
0.26;12.06;36.95;2955.62;2184.82;-770.81;0.00
0.28;11.31;33.96;2716.49;2258.13;-458.36;0.00
0.24;8.24;40.58;3246.66;1869.33;-1377.33;0.00
0.27;9.13;43.89;3511.13;2058.41;-1452.72;0.00
0.25;9.28;43.40;3471.87;1959.64;-1512.23;0.00
0.23;10.58;45.64;3651.25;1937.39;-1713.86;0.00
0.24;9.54;33.52;2681.22;1914.73;-766.49;0.00
0.26;11.90;41.78;3342.06;2158.84;-1183.22;0.00
0.19;10.51;44.54;3562.82;1704.14;-1858.67;0.00
0.25;11.91;47.50;3799.75;2089.80;-1709.94;0.00
0.27;8.91;39.68;3174.35;2056.36;-1117.99;0.00
0.28;9.57;40.39;3230.80;2123.62;-1107.19;0.00
0.23;10.23;46.60;3727.80;1875.39;-1852.41;0.00
0.28;9.59;26.33;2106.49;2130.39;23.90;1.00
0.21;9.03;38.60;3088.16;1690.41;-1397.75;0.00
0.27;9.10;48.96;3916.88;2063.78;-1853.10;0.00
0.29;11.09;40.85;3268.15;2272.33;-995.82;0.00
0.28;10.51;35.47;2837.36;2214.06;-623.31;0.00
0.26;9.47;33.49;2679.13;2032.55;-646.58;0.00
0.23;9.80;39.78;3182.00;1860.37;-1321.63;0.00
0.23;11.51;39.15;3131.93;1982.32;-1149.60;0.00
0.25;9.28;40.64;3251.57;1933.93;-1317.64;0.00
0.20;8.55;39.12;3129.51;1646.09;-1483.42;0.00
0.23;10.22;43.34;3467.07;1910.41;-1556.65;0.00
0.20;11.08;41.14;3290.95;1753.03;-1537.92;0.00
0.22;9.04;40.41;3233.03;1794.51;-1438.53;0.00
0.26;10.73;34.18;2734.34;2117.24;-617.10;0.00
0.25;9.51;38.45;3076.38;1975.56;-1100.82;0.00
0.25;10.13;41.71;3337.01;1991.74;-1345.27;0.00
0.26;10.23;41.52;3321.25;2097.64;-1223.60;0.00
0.24;10.54;40.90;3272.21;1990.25;-1281.95;0.00
0.24;10.92;51.58;4126.40;2001.50;-2124.90;0.00
0.28;8.53;50.51;4040.42;2090.27;-1950.16;0.00
0.22;9.93;41.14;3291.39;1803.57;-1487.82;0.00
0.23;10.85;36.02;2881.48;1911.20;-970.29;0.00
0.21;9.30;45.11;3608.52;1703.08;-1905.45;0.00
0.25;10.29;38.74;3098.91;2024.19;-1074.72;0.00
0.25;8.66;48.77;3901.57;1938.31;-1963.26;0.00
0.23;11.09;41.66;3333.02;1916.90;-1416.12;0.00
0.26;9.57;41.59;3327.27;2016.61;-1310.66;0.00
0.25;11.36;30.77;2461.39;2061.59;-399.79;0.00
0.27;9.08;43.55;3483.71;2046.24;-1437.47;0.00
0.23;11.62;42.56;3404.54;1976.94;-1427.61;0.00
0.26;10.03;46.98;3758.29;2081.83;-1676.46;0.00
0.27;8.93;36.59;2926.80;2046.36;-880.45;0.00
0.24;10.65;40.57;3245.93;1982.20;-1263.73;0.00
0.22;12.09;43.33;3466.68;1956.10;-1510.59;0.00
0.26;10.23;43.38;3470.17;2076.45;-1393.73;0.00
0.25;10.51;36.89;2951.39;2050.36;-901.03;0.00
0.24;10.87;42.44;3395.29;1965.29;-1430.00;0.00
0.27;10.52;44.54;3563.21;2167.37;-1395.84;0.00
0.23;10.28;41.87;3349.80;1910.65;-1439.15;0.00
0.27;9.50;31.10;2488.15;2071.33;-416.82;0.00
0.28;9.25;42.49;3399.54;2120.50;-1279.04;0.00
0.30;8.91;34.07;2725.87;2231.12;-494.74;0.00
0.29;9.62;42.01;3361.02;2214.44;-1146.58;0.00
0.23;10.48;31.42;2513.64;1901.58;-612.06;0.00
0.26;9.16;34.04;2723.04;2013.41;-709.63;0.00
0.21;8.85;50.53;4042.79;1728.14;-2314.65;0.00
0.22;11.91;38.85;3108.18;1919.87;-1188.31;0.00
0.23;8.40;42.30;3383.91;1805.49;-1578.42;0.00
0.25;9.25;36.56;2925.19;1959.11;-966.08;0.00
0.25;10.68;46.74;3739.31;2021.39;-1717.93;0.00
0.26;11.22;41.29;3303.06;2105.71;-1197.35;0.00
0.29;11.42;42.62;3409.69;2307.93;-1101.77;0.00
0.19;9.10;35.67;2853.58;1610.14;-1243.44;0.00
0.24;9.70;41.15;3291.85;1919.83;-1372.01;0.00
0.28;9.31;43.87;3509.34;2164.54;-1344.80;0.00
0.26;9.13;36.61;2929.17;2014.81;-914.36;0.00
0.28;10.78;38.77;3101.91;2220.88;-881.03;0.00
0.28;9.14;36.76;2941.14;2098.53;-842.61;0.00
0.28;11.32;39.24;3139.22;2216.87;-922.35;0.00
0.30;10.20;41.41;3312.66;2294.94;-1017.72;0.00
0.23;9.45;30.71;2456.73;1848.04;-608.68;0.00
0.22;9.99;37.20;2975.76;1847.64;-1128.12;0.00
0.24;9.33;45.06;3604.51;1880.72;-1723.80;0.00
0.27;11.55;34.72;2777.45;2225.54;-551.91;0.00
0.23;9.99;37.18;2974.72;1908.71;-1066.01;0.00
0.23;10.87;42.21;3376.52;1942.02;-1434.50;0.00
0.25;12.06;33.53;2682.27;2112.54;-569.73;0.00
0.23;9.02;38.03;3042.63;1820.72;-1221.90;0.00
0.24;10.94;36.21;2896.57;1998.92;-897.65;0.00
0.23;9.96;37.73;3018.63;1856.93;-1161.71;0.00
0.25;9.06;39.42;3153.87;1934.94;-1218.93;0.00
0.28;12.40;43.55;3484.02;2297.43;-1186.59;0.00
0.28;10.92;37.10;2968.09;2223.27;-744.82;0.00
0.20;10.62;40.51;3241.11;1755.49;-1485.61;0.00
0.23;8.78;40.99;3279.41;1806.04;-1473.37;0.00
0.23;11.63;35.05;2803.78;1941.99;-861.79;0.00
0.21;8.32;39.10;3127.87;1702.67;-1425.20;0.00
0.32;9.64;39.27;3141.81;2360.28;-781.53;0.00
0.24;11.81;38.81;3104.72;2032.65;-1072.07;0.00
0.23;9.81;41.85;3348.30;1899.68;-1448.61;0.00
0.22;9.99;45.89;3671.39;1842.77;-1828.61;0.00
0.22;9.64;38.39;3071.22;1822.97;-1248.25;0.00
0.25;9.69;42.95;3435.90;1980.72;-1455.18;0.00
0.27;10.34;41.70;3336.08;2107.43;-1228.65;0.00
0.26;9.36;34.99;2798.85;2027.13;-771.72;0.00
0.26;10.92;40.70;3255.84;2084.37;-1171.47;0.00
0.26;8.66;40.11;3208.60;1983.28;-1225.32;0.00
0.26;10.98;31.59;2527.17;2138.16;-389.01;0.00
0.27;7.66;34.56;2764.85;2016.33;-748.51;0.00
0.22;8.57;40.08;3206.79;1750.17;-1456.62;0.00
0.26;10.22;48.19;3855.55;2090.57;-1764.98;0.00
0.30;9.73;42.09;3366.94;2291.74;-1075.20;0.00
0.24;10.55;40.04;3203.55;1951.40;-1252.15;0.00
0.26;9.51;43.91;3512.92;2028.46;-1484.47;0.00
0.24;10.98;31.66;2532.80;1997.94;-534.86;0.00
0.25;10.21;38.20;3056.30;2026.64;-1029.65;0.00
0.25;10.71;43.73;3498.20;2055.28;-1442.93;0.00
0.26;10.07;37.50;2999.68;2084.31;-915.36;0.00
0.25;10.69;38.81;3105.08;2027.02;-1078.07;0.00
0.23;10.91;37.46;2997.17;1945.56;-1051.61;0.00
0.25;12.06;41.69;3335.33;2123.70;-1211.64;0.00
0.22;7.88;37.72;3017.40;1706.13;-1311.27;0.00
0.28;9.21;41.86;3348.57;2127.32;-1221.25;0.00
0.23;8.88;44.71;3576.70;1835.50;-1741.20;0.00
0.25;11.75;42.06;3364.60;2099.20;-1265.40;0.00
0.25;11.35;45.61;3648.59;2085.45;-1563.14;0.00
0.25;11.56;44.91;3592.93;2054.79;-1538.14;0.00
0.25;10.05;47.25;3780.05;2008.73;-1771.32;0.00
0.25;10.62;41.31;3304.53;2049.98;-1254.55;0.00
0.27;10.41;38.74;3099.45;2118.97;-980.48;0.00
0.26;10.27;42.54;3403.31;2052.03;-1351.29;0.00
0.27;12.97;44.66;3573.05;2256.81;-1316.24;0.00
0.33;10.18;37.96;3036.48;2448.83;-587.65;0.00
0.27;13.30;29.70;2376.15;2270.74;-105.41;0.00
0.20;11.07;39.81;3185.00;1790.57;-1394.43;0.00
0.26;9.37;50.78;4062.26;2036.25;-2026.01;0.00
0.25;11.01;39.05;3123.98;2042.23;-1081.75;0.00
0.28;9.61;32.46;2596.63;2143.04;-453.59;0.00
0.23;9.68;45.53;3642.59;1837.51;-1805.08;0.00
0.19;10.08;37.89;3031.42;1673.85;-1357.57;0.00
0.24;10.34;34.94;2794.99;1933.23;-861.77;0.00
0.31;10.20;39.73;3178.51;2340.17;-838.34;0.00
0.27;11.12;43.96;3516.42;2165.63;-1350.79;0.00
0.26;9.57;42.42;3393.74;2005.31;-1388.43;0.00
0.27;8.03;41.08;3286.60;2006.95;-1279.65;0.00
0.28;10.93;34.13;2730.07;2211.66;-518.42;0.00
0.23;9.98;41.94;3354.90;1898.49;-1456.41;0.00
0.27;11.66;43.95;3516.34;2220.30;-1296.04;0.00
0.27;10.65;39.85;3187.98;2125.99;-1061.99;0.00
0.28;11.13;40.01;3200.63;2231.70;-968.93;0.00
0.24;10.04;37.45;2996.36;1960.68;-1035.68;0.00
0.21;9.32;37.62;3009.22;1754.21;-1255.01;0.00
0.27;10.49;38.02;3041.49;2119.56;-921.93;0.00
0.20;11.26;42.56;3404.47;1796.31;-1608.16;0.00
0.27;10.35;41.35;3307.77;2151.20;-1156.57;0.00
0.24;9.06;44.93;3594.43;1865.25;-1729.18;0.00
0.25;9.07;46.94;3754.94;1934.36;-1820.58;0.00
0.27;9.01;37.48;2998.19;2073.21;-924.98;0.00
0.23;11.67;37.60;3007.76;1985.60;-1022.16;0.00
0.24;8.36;37.66;3012.48;1844.92;-1167.56;0.00
0.24;9.70;44.56;3564.92;1907.38;-1657.54;0.00
0.27;8.81;41.49;3319.39;2029.02;-1290.37;0.00
0.24;10.34;45.47;3637.45;1983.40;-1654.05;0.00
0.23;10.87;43.26;3460.86;1956.42;-1504.44;0.00
0.24;10.49;41.90;3351.77;1967.14;-1384.63;0.00
0.26;10.16;38.56;3084.69;2066.39;-1018.30;0.00
0.26;10.53;42.11;3368.69;2057.45;-1311.25;0.00
0.26;10.10;40.91;3272.43;2077.13;-1195.30;0.00
0.21;9.86;33.13;2650.65;1755.17;-895.47;0.00
0.28;10.12;45.98;3678.55;2154.23;-1524.32;0.00
0.25;10.64;33.30;2664.28;2031.15;-633.13;0.00
0.25;8.33;47.56;3804.79;1889.04;-1915.75;0.00
0.27;9.52;40.46;3237.13;2099.01;-1138.12;0.00
0.26;10.40;46.09;3686.90;2100.13;-1586.77;0.00
0.21;9.45;46.66;3732.80;1736.74;-1996.06;0.00
0.23;9.26;44.61;3568.56;1847.49;-1721.07;0.00
0.19;9.54;45.76;3661.18;1613.68;-2047.50;0.00
0.26;12.65;42.31;3384.43;2215.05;-1169.38;0.00
0.27;10.33;35.18;2814.68;2108.87;-705.82;0.00
0.22;9.08;38.29;3063.25;1763.68;-1299.58;0.00
0.26;8.65;40.93;3274.33;2010.39;-1263.94;0.00
0.27;9.12;50.27;4021.90;2060.51;-1961.40;0.00
0.23;9.98;31.03;2482.38;1857.27;-625.11;0.00
0.25;8.22;52.25;4179.99;1878.99;-2301.00;0.00
0.26;8.07;45.92;3673.85;1929.51;-1744.34;0.00
0.26;9.51;38.91;3112.44;2025.56;-1086.88;0.00
0.29;10.88;39.26;3140.90;2270.96;-869.94;0.00
0.22;11.20;35.41;2833.15;1881.14;-952.01;0.00
0.21;10.64;29.68;2374.01;1825.34;-548.67;0.00
0.25;11.04;42.73;3418.51;2078.97;-1339.55;0.00
0.28;12.01;38.02;3041.88;2282.50;-759.38;0.00
0.27;11.15;41.34;3307.38;2149.80;-1157.58;0.00
0.25;11.04;42.49;3399.60;2078.07;-1321.53;0.00
0.29;8.52;50.30;4023.99;2175.02;-1848.96;0.00
0.25;10.22;34.57;2765.38;1990.91;-774.47;0.00
0.22;10.50;43.32;3465.29;1878.29;-1587.00;0.00
0.27;11.49;37.79;3023.10;2177.55;-845.55;0.00
0.24;9.34;39.81;3184.41;1926.35;-1258.05;0.00
0.24;9.95;42.35;3388.29;1910.91;-1477.38;0.00
0.26;10.68;37.62;3009.85;2109.83;-900.02;0.00
0.31;10.17;37.18;2974.01;2346.26;-627.75;0.00
0.29;8.89;49.23;3938.25;2174.20;-1764.05;0.00
0.25;9.58;48.44;3875.14;1973.86;-1901.27;0.00
0.28;10.34;34.15;2732.40;2211.34;-521.05;0.00
0.26;10.79;43.23;3458.27;2087.54;-1370.73;0.00
0.25;7.75;35.94;2875.54;1875.27;-1000.27;0.00
0.26;11.52;37.64;3011.32;2126.02;-885.30;0.00
0.26;10.23;37.79;3023.19;2057.58;-965.61;0.00
0.22;9.60;48.00;3840.37;1825.27;-2015.09;0.00
0.29;10.88;43.58;3486.11;2271.97;-1214.14;0.00
0.24;10.51;41.55;3324.28;1969.01;-1355.27;0.00
0.26;10.66;34.04;2722.92;2096.87;-626.04;0.00
0.19;10.60;36.87;2949.84;1690.47;-1259.38;0.00
0.24;8.78;44.69;3574.89;1891.25;-1683.64;0.00
0.24;10.01;41.42;3313.78;1936.74;-1377.04;0.00
0.21;9.96;39.27;3141.92;1755.36;-1386.56;0.00
0.24;12.62;43.98;3518.56;2073.14;-1445.42;0.00
0.27;11.20;39.85;3187.98;2173.88;-1014.10;0.00
0.27;10.18;36.01;2880.64;2124.41;-756.23;0.00
0.26;9.85;45.01;3600.51;2046.95;-1553.56;0.00
0.25;9.49;46.77;3741.77;1976.59;-1765.19;0.00
0.23;9.88;41.15;3291.95;1888.47;-1403.48;0.00
0.28;9.55;38.66;3092.54;2167.67;-924.87;0.00
0.27;11.08;40.90;3271.78;2169.02;-1102.76;0.00
0.26;10.76;40.29;3223.05;2113.09;-1109.96;0.00
0.26;11.35;32.08;2566.16;2152.38;-413.79;0.00
0.30;11.30;33.33;2666.35;2376.24;-290.11;0.00
0.25;9.90;37.59;3007.30;2009.08;-998.22;0.00
0.26;8.68;37.75;3019.82;1959.89;-1059.93;0.00
0.28;12.13;31.88;2550.01;2307.45;-242.56;0.00
0.27;10.60;37.82;3025.24;2119.02;-906.22;0.00
0.24;8.36;40.41;3233.17;1870.18;-1362.99;0.00
0.21;7.90;41.80;3344.24;1635.76;-1708.48;0.00
0.24;11.41;42.09;3367.45;2035.08;-1332.38;0.00
0.28;11.29;36.77;2941.66;2214.11;-727.55;0.00
0.21;9.08;43.11;3449.17;1721.20;-1727.98;0.00
0.26;10.10;44.55;3564.14;2078.58;-1485.56;0.00
0.26;9.48;39.27;3141.95;2048.91;-1093.04;0.00
0.23;10.87;38.55;3084.24;1936.20;-1148.04;0.00
0.26;10.17;39.97;3197.91;2083.44;-1114.47;0.00
0.27;11.20;40.42;3233.78;2194.40;-1039.38;0.00
0.25;10.15;38.29;3063.47;2008.53;-1054.94;0.00
0.24;10.29;41.73;3338.64;1982.02;-1356.61;0.00
0.21;10.64;38.61;3089.20;1810.05;-1279.15;0.00
0.25;10.92;39.16;3132.58;2030.08;-1102.50;0.00
0.29;8.33;41.25;3300.11;2125.99;-1174.12;0.00
0.29;10.32;39.79;3182.98;2252.09;-930.89;0.00
0.23;11.24;44.34;3547.48;1955.43;-1592.05;0.00
0.23;10.00;36.67;2933.74;1857.52;-1076.22;0.00
0.26;9.55;46.61;3729.10;2020.76;-1708.33;0.00
0.21;9.12;39.59;3166.81;1745.73;-1421.08;0.00
0.25;9.92;38.00;3039.96;1980.79;-1059.17;0.00
0.25;11.30;33.93;2714.64;2074.01;-640.63;0.00
0.22;8.07;42.27;3381.43;1743.18;-1638.24;0.00
0.26;11.21;33.58;2686.31;2119.33;-566.98;0.00
0.26;9.55;35.94;2875.49;2003.51;-871.98;0.00
0.25;9.95;38.71;3096.92;1969.22;-1127.70;0.00
0.24;9.73;44.34;3547.06;1929.65;-1617.41;0.00
0.23;9.61;36.23;2898.48;1861.67;-1036.81;0.00
0.21;8.74;36.48;2918.15;1678.81;-1239.34;0.00
0.23;11.57;36.45;2915.62;1972.42;-943.19;0.00
0.19;9.46;43.46;3477.02;1616.62;-1860.40;0.00
0.27;11.12;31.51;2520.48;2156.41;-364.07;0.00
0.26;11.23;42.47;3397.71;2136.63;-1261.08;0.00
0.19;8.52;44.70;3575.65;1551.10;-2024.55;0.00
0.28;9.53;50.61;4049.08;2130.95;-1918.13;0.00
0.25;11.14;36.13;2890.35;2049.82;-840.52;0.00
0.30;9.16;43.93;3514.03;2226.20;-1287.83;0.00
0.23;11.31;45.44;3634.83;1975.56;-1659.28;0.00
0.25;10.49;37.16;2972.46;2020.64;-951.82;0.00
0.25;10.99;37.14;2970.95;2054.00;-916.95;0.00
0.31;11.40;35.01;2800.76;2450.55;-350.21;0.00
0.24;10.43;45.79;3663.14;1954.73;-1708.41;0.00
0.24;9.29;44.48;3558.64;1875.33;-1683.31;0.00
0.22;11.03;41.05;3283.98;1881.44;-1402.54;0.00
0.23;11.86;42.24;3379.56;1959.89;-1419.67;0.00
0.24;10.39;38.21;3056.97;1984.07;-1072.90;0.00
0.24;10.84;46.46;3716.42;1979.29;-1737.13;0.00
0.26;9.59;40.43;3234.63;2043.17;-1191.46;0.00
0.28;11.95;41.26;3300.79;2292.53;-1008.26;0.00
0.25;11.30;43.63;3490.27;2061.79;-1428.48;0.00
0.21;9.88;46.12;3689.59;1734.15;-1955.44;0.00
0.23;11.14;39.82;3185.86;1968.18;-1217.68;0.00
0.22;12.82;36.13;2890.55;1996.67;-893.88;0.00
0.30;9.70;47.25;3780.17;2245.11;-1535.06;0.00
0.28;8.54;33.81;2704.86;2103.78;-601.08;0.00
0.26;12.29;35.70;2855.81;2189.57;-666.23;0.00
0.26;10.32;37.70;3015.71;2045.87;-969.85;0.00
0.22;10.13;45.66;3653.07;1842.09;-1810.98;0.00
0.27;8.88;41.51;3320.74;2057.16;-1263.57;0.00
0.27;10.46;37.58;3006.76;2128.53;-878.23;0.00
0.26;8.20;41.88;3350.63;1932.08;-1418.55;0.00
0.22;8.59;44.18;3534.52;1745.42;-1789.10;0.00
0.26;9.93;45.27;3621.87;2048.18;-1573.69;0.00
0.24;10.29;35.01;2800.83;1980.68;-820.16;0.00
0.25;11.68;36.33;2906.04;2083.10;-822.94;0.00
0.28;9.52;45.03;3602.13;2133.54;-1468.59;0.00
0.24;11.31;44.85;3587.84;1988.25;-1599.58;0.00
0.27;11.09;44.96;3597.19;2187.83;-1409.35;0.00
0.25;9.79;39.70;3176.22;1980.14;-1196.07;0.00
0.24;9.93;39.31;3144.69;1932.67;-1212.02;0.00
0.28;12.02;41.77;3341.38;2299.08;-1042.31;0.00
0.28;11.87;36.67;2933.51;2287.85;-645.66;0.00
0.26;10.54;34.43;2754.79;2061.87;-692.92;0.00
0.21;10.71;40.37;3229.41;1784.51;-1444.91;0.00
0.25;10.97;37.08;2966.03;2074.66;-891.37;0.00
0.27;9.33;41.47;3317.23;2052.20;-1265.03;0.00
0.23;9.34;34.18;2734.66;1855.26;-879.40;0.00
0.26;9.37;39.00;3119.84;2032.03;-1087.81;0.00
0.25;11.17;37.53;3002.02;2074.33;-927.69;0.00
0.26;11.35;34.90;2792.20;2117.84;-674.36;0.00
0.23;10.09;35.99;2878.89;1907.48;-971.41;0.00
0.24;8.72;39.09;3127.42;1866.91;-1260.50;0.00
0.26;10.85;37.00;2959.63;2092.67;-866.96;0.00
0.27;10.07;40.67;3253.96;2142.00;-1111.95;0.00
0.26;8.87;31.12;2489.57;1999.30;-490.27;0.00
0.22;11.89;47.08;3766.60;1900.51;-1866.09;0.00
0.21;9.85;42.52;3401.79;1733.40;-1668.39;0.00
0.24;10.61;41.03;3282.36;1966.81;-1315.54;0.00
0.25;9.80;47.00;3759.87;2005.20;-1754.67;0.00
0.22;9.84;38.53;3082.60;1839.09;-1243.51;0.00
0.24;11.38;50.46;4037.12;2015.61;-2021.51;0.00
0.25;9.40;37.12;2969.21;1959.77;-1009.44;0.00
0.30;10.15;42.13;3370.26;2277.32;-1092.94;0.00
0.22;10.13;37.41;2992.96;1849.26;-1143.70;0.00
0.25;8.44;50.34;4027.58;1897.96;-2129.63;0.00
0.26;9.63;40.29;3223.11;2009.25;-1213.86;0.00
0.26;11.90;39.46;3157.06;2177.57;-979.50;0.00
0.25;10.09;33.22;2657.76;2029.40;-628.35;0.00
0.27;9.56;46.32;3705.22;2068.76;-1636.46;0.00
0.24;10.95;39.43;3154.47;2014.57;-1139.90;0.00
0.24;9.22;40.99;3278.80;1920.33;-1358.47;0.00
0.26;10.71;38.33;3066.70;2118.23;-948.47;0.00
0.25;9.27;46.13;3690.63;1957.16;-1733.47;0.00
0.25;10.61;39.31;3145.03;2014.67;-1130.36;0.00
0.24;9.75;33.11;2649.10;1905.87;-743.23;0.00
0.25;9.58;36.06;2884.71;1989.75;-894.97;0.00
0.21;10.22;41.92;3353.80;1772.79;-1581.01;0.00
0.24;11.28;36.10;2888.23;2012.71;-875.53;0.00
0.29;11.16;36.82;2945.66;2283.22;-662.44;0.00
0.22;11.85;31.82;2545.69;1921.87;-623.82;0.00
0.26;10.30;36.91;2952.71;2101.85;-850.86;0.00
0.22;10.10;45.85;3667.72;1806.41;-1861.31;0.00
0.24;12.06;45.84;3667.22;2028.99;-1638.23;0.00
0.28;10.82;36.25;2900.37;2235.24;-665.13;0.00
0.25;10.95;49.83;3986.01;2052.56;-1933.45;0.00
0.21;9.89;34.34;2747.54;1750.50;-997.04;0.00
0.27;9.28;38.19;3055.38;2096.40;-958.98;0.00
0.26;9.48;33.47;2677.84;2033.08;-644.76;0.00
0.20;8.45;38.73;3098.16;1623.04;-1475.12;0.00
0.24;8.37;37.03;2962.34;1845.81;-1116.53;0.00
0.26;10.05;48.77;3901.38;2046.59;-1854.79;0.00
0.31;10.18;41.93;3354.70;2380.05;-974.65;0.00
0.25;10.68;44.15;3532.39;2007.54;-1524.86;0.00
0.29;10.10;35.32;2825.21;2223.45;-601.76;0.00
0.24;11.12;37.21;2976.65;1977.45;-999.19;0.00
0.24;8.56;41.46;3317.14;1837.77;-1479.36;0.00
0.24;9.40;41.75;3340.06;1915.64;-1424.42;0.00
0.28;10.14;34.57;2765.77;2172.05;-593.73;0.00
0.22;10.47;38.94;3114.88;1870.03;-1244.86;0.00
0.22;10.00;43.16;3452.41;1802.78;-1649.63;0.00
0.23;10.69;43.94;3515.51;1922.09;-1593.42;0.00
0.25;10.72;37.16;2972.40;2034.11;-938.30;0.00
0.26;10.59;43.38;3470.60;2096.66;-1373.94;0.00
0.23;9.77;44.37;3549.63;1861.55;-1688.08;0.00
0.23;10.33;41.73;3338.40;1906.45;-1431.95;0.00
0.24;10.83;42.77;3421.44;2009.02;-1412.42;0.00
0.25;10.60;36.73;2938.13;2041.12;-897.01;0.00
0.23;9.93;42.48;3398.23;1855.59;-1542.65;0.00
0.23;12.00;38.23;3058.47;1960.74;-1097.73;0.00
0.24;9.36;43.32;3465.43;1891.45;-1573.98;0.00
0.28;10.87;36.23;2898.12;2220.61;-677.51;0.00
0.25;8.80;34.41;2752.45;1938.26;-814.19;0.00
0.22;10.13;45.01;3601.06;1844.65;-1756.41;0.00
0.26;9.93;38.91;3112.91;2055.01;-1057.90;0.00
0.24;7.77;44.09;3526.91;1833.89;-1693.02;0.00
0.24;12.75;36.22;2897.20;2095.32;-801.89;0.00
0.23;9.02;41.33;3306.53;1838.77;-1467.76;0.00
0.29;9.09;43.58;3486.47;2181.13;-1305.35;0.00
0.18;12.04;43.41;3472.73;1685.04;-1787.69;0.00
0.27;9.43;41.66;3332.72;2059.76;-1272.96;0.00
0.24;9.63;36.94;2955.10;1903.28;-1051.82;0.00
0.26;9.58;43.31;3464.92;2046.95;-1417.97;0.00
0.25;11.38;40.43;3234.46;2080.00;-1154.46;0.00
0.28;11.80;31.09;2487.00;2277.48;-209.52;0.00
0.24;10.06;45.93;3674.66;1938.60;-1736.06;0.00
0.23;12.84;35.87;2869.57;2025.83;-843.74;0.00
0.27;8.90;37.28;2982.75;2031.15;-951.60;0.00
0.21;9.59;43.16;3452.77;1745.03;-1707.74;0.00
0.21;8.89;44.08;3526.00;1718.40;-1807.60;0.00
0.27;10.29;44.59;3566.86;2139.04;-1427.82;0.00
0.23;11.61;36.49;2919.02;1991.00;-928.02;0.00
0.25;9.30;42.40;3392.39;1985.55;-1406.84;0.00
0.21;10.23;41.06;3284.90;1752.33;-1532.57;0.00
0.26;9.29;40.70;3256.39;2004.20;-1252.19;0.00
0.23;7.93;37.03;2962.62;1745.12;-1217.50;0.00
0.26;10.09;35.53;2842.51;2056.01;-786.50;0.00
0.27;10.60;41.35;3307.87;2119.32;-1188.55;0.00
0.22;9.23;29.85;2387.96;1792.40;-595.57;0.00
0.27;9.79;31.38;2510.08;2101.76;-408.32;0.00
0.25;7.78;35.93;2874.04;1876.87;-997.17;0.00
0.23;10.68;40.30;3224.02;1916.94;-1307.08;0.00
0.26;8.22;44.54;3562.88;1934.81;-1628.07;0.00
0.22;10.49;38.62;3089.66;1866.33;-1223.33;0.00
0.24;12.94;39.57;3165.85;2120.37;-1045.48;0.00
0.26;11.25;42.97;3437.68;2141.41;-1296.27;0.00
0.26;8.06;34.40;2752.07;1934.09;-817.98;0.00
0.21;8.85;33.42;2673.32;1676.38;-996.94;0.00
0.26;9.74;41.70;3335.73;2067.03;-1268.70;0.00
0.27;12.68;48.05;3844.14;2254.77;-1589.37;0.00
0.31;11.37;37.78;3022.18;2442.85;-579.33;0.00
0.29;8.89;32.26;2580.96;2152.62;-428.34;0.00
0.25;10.48;35.95;2875.60;2035.50;-840.10;0.00
0.25;9.92;43.68;3494.71;1967.25;-1527.45;0.00
0.24;8.83;47.08;3766.33;1889.20;-1877.13;0.00
0.25;9.90;45.31;3624.89;2004.18;-1620.71;0.00
0.26;8.68;37.20;2975.69;1990.30;-985.39;0.00
0.24;12.06;47.21;3776.92;2027.19;-1749.73;0.00
0.20;8.68;40.65;3252.12;1654.89;-1597.23;0.00
0.25;8.23;43.55;3483.82;1900.65;-1583.17;0.00
0.23;8.33;34.05;2724.19;1781.09;-943.11;0.00
0.26;11.38;36.90;2951.61;2147.11;-804.49;0.00
0.28;11.22;40.26;3221.15;2227.78;-993.37;0.00
0.26;9.67;35.24;2819.04;2027.62;-791.42;0.00
0.24;10.12;46.35;3707.78;1970.80;-1736.98;0.00
0.24;10.68;34.30;2743.71;2000.35;-743.36;0.00
0.22;10.16;47.34;3786.99;1829.68;-1957.31;0.00
0.25;9.47;40.46;3237.02;1965.78;-1271.24;0.00
0.26;10.61;40.34;3227.27;2100.34;-1126.93;0.00
0.29;10.96;39.59;3167.28;2268.90;-898.38;0.00
0.21;10.33;35.97;2877.32;1760.40;-1116.92;0.00
0.26;11.46;38.34;3067.09;2135.19;-931.89;0.00
0.27;9.82;43.48;3478.07;2109.73;-1368.34;0.00
0.22;9.96;42.85;3428.11;1849.90;-1578.21;0.00
0.25;11.50;38.40;3072.34;2103.17;-969.17;0.00
0.24;10.16;38.94;3114.87;1936.70;-1178.17;0.00
0.22;9.17;35.77;2861.34;1754.43;-1106.91;0.00
0.26;10.96;38.59;3087.59;2105.84;-981.75;0.00
0.31;6.55;36.87;2949.39;2163.93;-785.47;0.00
0.24;9.83;36.44;2915.06;1912.49;-1002.57;0.00
0.28;9.18;42.40;3391.97;2138.94;-1253.03;0.00
0.27;8.74;40.44;3235.42;2024.28;-1211.14;0.00
0.25;10.42;46.52;3721.89;2042.34;-1679.55;0.00
0.22;9.95;42.89;3430.81;1811.55;-1619.26;0.00
0.22;9.46;43.26;3460.84;1796.78;-1664.06;0.00
0.27;10.12;36.45;2916.25;2149.66;-766.58;0.00
0.21;11.46;39.69;3174.86;1840.20;-1334.65;0.00
0.22;12.28;38.07;3045.59;1917.33;-1128.26;0.00
0.22;9.96;36.56;2924.88;1849.99;-1074.89;0.00
0.23;9.78;37.04;2963.12;1874.72;-1088.40;0.00
0.26;10.23;48.28;3862.72;2095.45;-1767.27;0.00
0.22;10.88;40.60;3247.73;1855.03;-1392.70;0.00
0.27;11.45;41.10;3287.86;2175.09;-1112.77;0.00
0.21;8.58;47.35;3788.00;1706.50;-2081.50;0.00
0.24;10.27;36.13;2890.57;1962.04;-928.53;0.00
0.23;11.15;42.12;3370.00;1925.75;-1444.24;0.00
0.27;10.04;35.92;2873.48;2094.21;-779.27;0.00
0.22;8.32;32.10;2568.12;1749.60;-818.52;0.00
0.30;11.36;40.07;3205.36;2365.75;-839.61;0.00
0.23;11.22;48.22;3857.46;1927.30;-1930.16;0.00
0.28;8.57;36.66;2932.90;2066.98;-865.93;0.00
0.26;11.99;51.34;4106.97;2139.39;-1967.57;0.00
0.27;11.29;39.97;3197.35;2156.31;-1041.04;0.00
0.30;11.02;36.49;2919.32;2356.63;-562.69;0.00
0.26;11.57;31.13;2490.46;2152.88;-337.58;0.00
0.25;12.50;34.65;2772.08;2129.83;-642.25;0.00
0.19;10.14;37.13;2970.30;1675.74;-1294.55;0.00
0.24;10.02;41.15;3292.06;1943.07;-1348.99;0.00
0.23;11.49;37.96;3036.42;1933.30;-1103.12;0.00
0.27;8.24;43.00;3440.00;2021.57;-1418.43;0.00
0.22;8.71;42.14;3371.31;1735.94;-1635.37;0.00
0.23;9.95;36.35;2907.66;1878.04;-1029.63;0.00
0.25;10.37;36.38;2910.23;1996.06;-914.17;0.00
0.24;9.17;36.61;2929.02;1895.81;-1033.21;0.00
0.24;10.57;37.10;2968.20;1998.24;-969.96;0.00
0.24;9.53;42.57;3405.51;1923.55;-1481.96;0.00
0.22;10.71;41.94;3355.41;1868.10;-1487.31;0.00
0.27;10.62;39.93;3194.19;2122.27;-1071.92;0.00
0.22;10.64;29.94;2394.95;1884.11;-510.85;0.00
0.25;11.15;34.48;2758.62;2064.43;-694.20;0.00
0.24;8.42;41.08;3286.23;1869.44;-1416.79;0.00
0.20;8.61;37.31;2985.08;1628.97;-1356.12;0.00
0.31;9.04;36.81;2944.48;2277.90;-666.57;0.00
0.23;9.98;40.57;3245.52;1873.49;-1372.02;0.00
0.28;11.09;39.38;3150.72;2224.38;-926.34;0.00
0.30;10.42;36.41;2912.49;2312.37;-600.11;0.00
0.25;11.36;40.65;3252.06;2049.10;-1202.96;0.00
0.28;10.02;42.73;3418.68;2183.89;-1234.79;0.00
0.29;10.72;36.25;2899.89;2261.12;-638.77;0.00
0.25;12.46;41.61;3328.86;2107.19;-1221.67;0.00
0.27;10.62;44.98;3598.51;2151.09;-1447.42;0.00
0.27;10.95;36.28;2902.48;2189.87;-712.61;0.00
0.26;10.14;46.61;3728.43;2062.41;-1666.02;0.00
0.24;10.80;35.70;2856.11;1965.96;-890.15;0.00
0.24;9.88;45.78;3662.29;1914.47;-1747.82;0.00
0.26;9.19;42.00;3359.93;2032.95;-1326.98;0.00
0.27;10.67;39.27;3141.78;2172.92;-968.86;0.00
0.22;8.69;40.68;3254.22;1780.55;-1473.67;0.00
0.22;10.88;37.55;3003.84;1882.76;-1121.08;0.00
0.27;9.10;34.74;2779.36;2046.98;-732.38;0.00
0.26;11.71;41.45;3315.61;2133.46;-1182.15;0.00
0.25;10.92;44.63;3570.79;2029.31;-1541.48;0.00
0.25;10.78;46.63;3730.38;2019.07;-1711.31;0.00
0.18;8.57;41.75;3339.70;1501.78;-1837.92;0.00
0.26;10.45;41.77;3341.46;2060.17;-1281.29;0.00
0.25;10.37;39.83;3186.34;2001.54;-1184.79;0.00
0.26;9.69;43.55;3483.92;2060.18;-1423.75;0.00
0.27;10.44;44.25;3539.64;2128.69;-1410.95;0.00
0.27;10.45;42.06;3364.45;2167.84;-1196.61;0.00
0.25;8.89;50.26;4021.14;1941.37;-2079.77;0.00
0.24;11.70;41.25;3300.30;2006.43;-1293.88;0.00
0.27;8.95;48.10;3848.37;2038.07;-1810.30;0.00
0.24;8.98;39.73;3178.54;1868.14;-1310.40;0.00
0.26;9.89;41.49;3319.04;2060.74;-1258.30;0.00
0.27;10.99;41.02;3281.36;2194.16;-1087.20;0.00
0.25;9.31;44.13;3530.20;1970.75;-1559.45;0.00
0.29;10.77;45.98;3678.22;2257.18;-1421.04;0.00
0.25;6.93;46.92;3753.51;1835.07;-1918.45;0.00
0.24;13.21;37.75;3020.11;2087.21;-932.89;0.00
0.26;11.12;44.66;3573.01;2125.80;-1447.21;0.00
0.24;10.35;38.66;3092.60;1945.74;-1146.86;0.00
0.22;10.74;49.35;3947.67;1879.50;-2068.17;0.00
0.25;11.71;35.32;2825.32;2106.20;-719.12;0.00
0.22;11.26;33.02;2641.44;1901.10;-740.34;0.00
0.20;10.02;48.88;3910.69;1678.39;-2232.30;0.00
0.28;11.07;37.20;2976.16;2258.94;-717.21;0.00
0.24;8.50;42.12;3369.75;1855.73;-1514.02;0.00
0.25;9.21;31.23;2498.51;1950.54;-547.97;0.00
0.25;9.91;36.56;2925.10;1979.03;-946.07;0.00
0.23;11.95;35.92;2873.29;2001.47;-871.81;0.00
0.25;10.25;51.53;4122.36;2006.44;-2115.92;0.00
0.22;9.19;40.92;3273.46;1798.40;-1475.06;0.00
0.26;10.95;36.47;2917.74;2133.79;-783.95;0.00
0.30;9.26;38.01;3040.75;2224.09;-816.66;0.00
0.20;10.68;35.99;2879.32;1769.70;-1109.62;0.00
0.22;10.62;41.54;3323.24;1847.68;-1475.55;0.00
0.24;11.03;42.94;3435.51;2021.67;-1413.84;0.00
0.24;10.47;41.40;3311.97;1980.87;-1331.10;0.00
0.25;11.66;37.07;2965.82;2108.37;-857.45;0.00
0.24;10.25;35.98;2878.55;1978.08;-900.47;0.00
0.24;11.06;44.72;3577.59;2019.47;-1558.13;0.00
0.25;10.59;35.11;2808.69;2056.69;-752.00;0.00
0.22;11.71;33.33;2666.31;1913.25;-753.06;0.00
0.26;8.89;34.88;2790.43;1976.37;-814.06;0.00
0.23;9.44;36.88;2950.64;1824.37;-1126.27;0.00
0.24;9.67;42.34;3387.01;1948.50;-1438.51;0.00
0.24;10.82;47.11;3768.83;2012.34;-1756.49;0.00
0.30;10.37;36.29;2903.10;2321.55;-581.55;0.00
0.23;10.53;40.80;3263.90;1931.45;-1332.45;0.00
0.27;11.77;39.85;3187.74;2198.26;-989.48;0.00
0.27;9.18;41.50;3319.66;2088.84;-1230.82;0.00
0.24;10.99;36.47;2917.21;2013.74;-903.47;0.00
0.26;11.62;35.54;2843.02;2172.44;-670.58;0.00
0.30;9.69;40.51;3240.97;2267.37;-973.60;0.00
0.26;9.81;39.30;3144.04;2023.84;-1120.21;0.00
0.25;9.82;46.70;3735.66;2005.67;-1729.99;0.00
0.22;11.48;48.13;3850.59;1924.24;-1926.35;0.00
0.26;11.25;40.62;3249.75;2139.58;-1110.16;0.00
0.24;10.22;51.68;4134.75;1971.92;-2162.82;0.00
0.27;9.63;40.37;3229.59;2086.32;-1143.27;0.00
0.24;8.17;36.93;2954.19;1860.24;-1093.95;0.00
0.23;10.55;46.52;3721.27;1905.08;-1816.19;0.00
0.23;8.96;35.89;2871.52;1832.11;-1039.40;0.00
0.26;10.61;50.50;4040.01;2117.01;-1923.00;0.00
0.22;8.87;34.67;2773.66;1767.31;-1006.35;0.00
0.25;11.42;38.96;3117.00;2059.32;-1057.68;0.00
0.25;10.85;31.50;2519.75;2055.66;-464.09;0.00
0.24;9.74;39.28;3142.72;1921.05;-1221.67;0.00
0.22;12.33;39.01;3120.63;1973.80;-1146.83;0.00
0.25;10.66;37.81;3024.74;2019.55;-1005.18;0.00
0.25;10.52;46.19;3695.50;2044.50;-1651.00;0.00
0.24;10.15;37.61;3008.59;1962.94;-1045.66;0.00
0.26;10.53;36.94;2955.00;2113.33;-841.67;0.00
0.25;9.07;38.68;3094.46;1965.91;-1128.55;0.00
0.29;9.41;31.67;2533.57;2186.25;-347.32;0.00
0.25;9.87;44.60;3567.86;2012.30;-1555.56;0.00
0.22;10.27;37.76;3020.52;1820.66;-1199.86;0.00
0.26;12.38;37.08;2966.68;2207.71;-758.97;0.00
0.27;9.13;40.87;3269.52;2090.19;-1179.33;0.00
0.23;8.40;35.98;2878.56;1813.48;-1065.08;0.00
0.20;8.86;43.79;3503.59;1669.75;-1833.84;0.00
0.28;11.55;45.37;3629.87;2254.73;-1375.15;0.00
0.27;9.26;36.92;2953.99;2079.90;-874.09;0.00
0.28;10.39;30.27;2421.60;2214.91;-206.69;0.00
0.24;9.48;41.70;3335.81;1932.86;-1402.96;0.00
0.26;10.47;35.95;2875.70;2095.03;-780.67;0.00
0.24;10.22;47.17;3773.52;1955.11;-1818.41;0.00
0.28;9.55;39.30;3144.14;2127.30;-1016.84;0.00
0.23;10.68;39.63;3170.52;1917.82;-1252.71;0.00
0.24;9.82;38.75;3100.14;1929.06;-1171.08;0.00
0.24;10.73;41.80;3344.38;1950.78;-1393.60;0.00
0.29;10.59;35.02;2801.32;2243.50;-557.82;0.00
0.25;10.59;46.25;3700.26;2022.21;-1678.05;0.00
0.25;9.25;37.74;3019.23;1985.51;-1033.72;0.00
0.23;11.48;35.58;2846.12;1965.52;-880.61;0.00
0.24;11.32;43.42;3473.71;2010.92;-1462.78;0.00
0.27;9.12;41.75;3340.09;2047.51;-1292.58;0.00
0.20;9.29;38.18;3054.43;1694.08;-1360.35;0.00
0.25;11.17;40.31;3224.50;2047.37;-1177.12;0.00
0.27;9.30;35.17;2813.87;2068.13;-745.74;0.00
0.26;12.70;41.27;3301.92;2229.06;-1072.86;0.00
0.24;8.50;41.73;3338.06;1837.95;-1500.11;0.00
0.26;9.26;49.07;3925.77;2037.36;-1888.41;0.00
0.27;8.89;35.12;2809.66;2037.46;-772.20;0.00
0.27;10.43;42.39;3391.43;2130.92;-1260.51;0.00
0.27;11.06;39.04;3122.94;2146.70;-976.23;0.00
0.28;9.45;40.15;3211.86;2133.32;-1078.54;0.00
0.25;9.00;43.87;3509.85;1927.17;-1582.68;0.00
0.21;9.45;45.82;3665.62;1719.57;-1946.05;0.00
0.22;8.11;45.24;3619.59;1721.16;-1898.44;0.00
0.27;10.59;41.80;3343.78;2171.27;-1172.51;0.00
0.24;9.77;42.00;3360.15;1916.73;-1443.43;0.00
0.25;11.23;43.65;3491.74;2092.95;-1398.79;0.00
0.21;9.66;39.63;3170.57;1763.97;-1406.60;0.00
0.23;7.77;43.17;3453.39;1763.30;-1690.09;0.00
0.25;8.80;36.72;2937.73;1944.33;-993.40;0.00
0.24;11.25;43.34;3467.22;1985.83;-1481.39;0.00
0.21;11.46;39.02;3121.57;1828.23;-1293.34;0.00
0.22;11.57;40.83;3266.19;1904.28;-1361.92;0.00
0.26;9.97;41.71;3337.01;2040.87;-1296.14;0.00
0.26;9.00;39.69;3175.52;1983.43;-1192.09;0.00
0.22;10.10;40.77;3261.29;1836.08;-1425.20;0.00
0.23;10.58;37.97;3037.84;1938.73;-1099.11;0.00
0.22;9.44;37.72;3017.72;1800.27;-1217.44;0.00
0.24;11.16;39.90;3192.37;2002.99;-1189.38;0.00
0.21;11.76;44.31;3544.85;1876.59;-1668.26;0.00
0.25;9.14;40.28;3222.69;1947.70;-1274.99;0.00
0.30;11.67;43.03;3442.73;2393.85;-1048.88;0.00
0.24;11.20;38.82;3105.80;2030.19;-1075.61;0.00
0.28;9.80;49.82;3985.47;2176.76;-1808.72;0.00
0.23;11.41;43.80;3503.97;1930.70;-1573.27;0.00
0.23;10.30;36.31;2904.46;1918.62;-985.83;0.00
0.21;10.65;43.68;3494.63;1805.43;-1689.20;0.00
0.28;10.58;46.51;3720.74;2209.33;-1511.41;0.00
0.28;9.31;44.52;3561.77;2117.04;-1444.72;0.00
0.24;9.49;31.70;2536.06;1889.94;-646.12;0.00
0.24;8.35;43.86;3508.92;1837.77;-1671.15;0.00
0.26;9.43;45.85;3667.99;2034.31;-1633.68;0.00
0.27;10.73;40.55;3243.93;2157.22;-1086.71;0.00
0.26;11.48;39.05;3123.68;2132.80;-990.88;0.00
0.25;8.14;40.09;3207.30;1877.79;-1329.51;0.00
0.24;11.25;31.88;2550.79;2036.57;-514.22;0.00
0.23;9.96;40.59;3247.58;1878.38;-1369.20;0.00
0.25;11.36;37.42;2993.92;2083.79;-910.12;0.00
0.22;9.30;36.85;2948.33;1792.21;-1156.12;0.00
0.25;11.37;44.64;3571.36;2087.12;-1484.25;0.00
0.26;10.71;47.09;3767.50;2089.25;-1678.26;0.00
0.23;8.50;43.67;3493.90;1829.37;-1664.53;0.00
0.24;10.93;47.03;3762.79;1988.81;-1773.99;0.00
0.21;8.38;46.36;3709.09;1670.93;-2038.16;0.00
0.24;8.85;38.06;3045.01;1889.87;-1155.15;0.00
0.23;10.85;38.51;3080.75;1952.63;-1128.12;0.00
0.27;10.80;42.87;3429.30;2162.03;-1267.26;0.00
0.24;9.76;41.26;3300.58;1904.96;-1395.62;0.00
0.30;10.75;40.04;3202.87;2332.67;-870.20;0.00
0.29;10.49;38.49;3078.89;2232.58;-846.31;0.00
0.20;10.78;39.36;3148.99;1773.62;-1375.36;0.00
0.29;8.61;34.22;2737.37;2154.69;-582.68;0.00
0.29;11.82;38.24;3058.83;2320.03;-738.80;0.00
0.22;9.38;33.87;2709.80;1807.79;-902.01;0.00
0.29;10.87;38.36;3068.64;2294.03;-774.61;0.00
0.23;8.96;45.11;3609.03;1832.83;-1776.20;0.00
0.30;9.51;39.27;3141.75;2258.64;-883.11;0.00
0.25;11.42;38.24;3058.97;2091.67;-967.29;0.00
0.25;11.61;36.76;2940.74;2102.93;-837.81;0.00
0.29;9.66;41.24;3299.35;2192.29;-1107.06;0.00
0.25;10.45;37.31;2985.06;2021.81;-963.25;0.00
0.29;11.25;39.76;3181.18;2290.23;-890.95;0.00
0.25;9.77;44.12;3529.31;1994.43;-1534.88;0.00
0.23;9.63;39.03;3122.66;1853.33;-1269.33;0.00
0.23;11.25;43.77;3501.86;1952.88;-1548.98;0.00
0.25;8.71;39.62;3169.45;1951.50;-1217.94;0.00
0.29;12.33;34.22;2737.60;2339.20;-398.40;0.00
0.20;8.21;43.70;3496.09;1621.32;-1874.76;0.00
0.19;10.38;47.55;3803.64;1691.18;-2112.46;0.00
0.25;9.82;39.84;3187.21;1961.25;-1225.96;0.00
0.29;9.64;37.24;2979.36;2186.61;-792.75;0.00
0.22;10.26;40.94;3275.51;1839.19;-1436.31;0.00
0.26;11.34;30.97;2477.87;2117.72;-360.15;0.00
0.26;8.16;39.52;3161.58;1982.49;-1179.09;0.00
0.29;9.45;41.64;3331.28;2213.98;-1117.30;0.00
0.27;8.38;39.53;3162.41;2030.18;-1132.22;0.00
0.29;12.47;37.46;2996.95;2342.77;-654.18;0.00
0.23;10.10;43.56;3484.62;1894.52;-1590.10;0.00
0.23;9.06;36.89;2951.40;1841.28;-1110.12;0.00
0.24;9.56;38.74;3099.31;1902.33;-1196.98;0.00
0.24;10.23;48.92;3913.44;1978.82;-1934.62;0.00
0.23;10.91;38.63;3090.13;1908.26;-1181.87;0.00
0.26;10.67;42.05;3364.06;2070.59;-1293.47;0.00
0.23;12.04;33.25;2660.06;1992.52;-667.54;0.00
0.28;10.49;35.09;2806.94;2203.84;-603.09;0.00
0.26;11.88;37.36;2988.75;2137.95;-850.81;0.00
0.24;9.63;43.66;3492.52;1940.97;-1551.55;0.00
0.26;10.99;46.05;3684.21;2109.17;-1575.04;0.00
0.25;10.15;42.22;3377.43;1992.47;-1384.96;0.00
0.29;11.08;43.95;3516.19;2264.85;-1251.35;0.00
0.26;10.71;41.03;3282.02;2076.83;-1205.19;0.00
0.26;10.05;43.04;3443.51;2075.15;-1368.37;0.00
0.28;10.25;39.87;3189.21;2208.64;-980.58;0.00
0.26;9.86;36.18;2894.00;2040.82;-853.19;0.00
0.22;11.35;42.94;3434.92;1900.33;-1534.59;0.00
0.21;10.18;40.56;3244.95;1759.64;-1485.31;0.00
0.22;9.91;43.55;3483.84;1810.09;-1673.76;0.00
0.24;9.04;36.10;2888.27;1901.71;-986.56;0.00
0.25;11.03;43.01;3441.01;2024.86;-1416.15;0.00
0.23;12.30;44.55;3564.39;2026.61;-1537.78;0.00
0.19;10.80;39.84;3187.35;1697.43;-1489.92;0.00
0.22;8.08;43.94;3515.37;1726.23;-1789.14;0.00
0.28;9.83;40.00;3200.10;2167.34;-1032.76;0.00
0.26;10.70;37.33;2986.26;2096.33;-889.93;0.00
0.24;10.18;36.76;2940.87;1954.46;-986.40;0.00
0.28;9.74;40.51;3241.02;2166.36;-1074.66;0.00
0.22;12.38;37.49;2999.35;1977.49;-1021.86;0.00
0.22;11.59;44.07;3525.59;1886.73;-1638.87;0.00
0.27;9.82;45.41;3632.50;2108.85;-1523.65;0.00
0.24;10.59;46.96;3756.87;1998.46;-1758.40;0.00
0.24;10.39;37.17;2973.31;1946.37;-1026.94;0.00
0.27;10.51;44.75;3579.77;2125.21;-1454.56;0.00
0.25;10.11;29.35;2348.14;1975.53;-372.61;0.00
0.26;10.77;42.76;3420.95;2109.55;-1311.39;0.00
0.27;10.72;45.22;3617.97;2143.55;-1474.42;0.00
0.26;10.33;51.46;4116.62;2077.22;-2039.39;0.00
0.26;10.59;29.52;2361.52;2097.35;-264.18;0.00
0.24;9.12;41.93;3354.76;1885.50;-1469.26;0.00
0.25;10.30;40.04;3203.08;1987.45;-1215.63;0.00
0.20;9.17;41.08;3286.27;1657.99;-1628.28;0.00
0.26;9.62;30.69;2455.36;2013.69;-441.67;0.00
0.29;10.30;32.98;2638.77;2238.23;-400.54;0.00
0.27;10.62;42.11;3369.06;2147.85;-1221.21;0.00
0.26;10.75;48.42;3873.98;2106.50;-1767.48;0.00
0.27;10.15;37.99;3039.58;2105.37;-934.21;0.00
0.25;11.81;45.98;3678.24;2091.24;-1587.00;0.00
0.28;11.11;32.53;2602.18;2249.57;-352.61;0.00
0.25;9.65;38.40;3072.11;1983.24;-1088.87;0.00
0.27;10.59;37.29;2983.29;2155.59;-827.70;0.00
0.25;11.55;40.39;3231.11;2078.05;-1153.07;0.00
0.25;13.73;34.46;2756.59;2185.96;-570.64;0.00
0.29;9.11;32.78;2622.59;2187.90;-434.69;0.00
0.32;9.11;38.89;3111.34;2359.74;-751.60;0.00
0.21;7.93;33.19;2654.88;1663.64;-991.25;0.00
0.24;10.93;39.60;3167.89;2003.24;-1164.66;0.00
0.26;12.09;39.26;3140.94;2151.17;-989.76;0.00
0.25;10.59;46.92;3753.92;2035.83;-1718.09;0.00
0.27;9.37;40.61;3248.94;2081.86;-1167.08;0.00
0.24;11.86;49.01;3920.78;2032.53;-1888.25;0.00
0.30;9.90;31.30;2504.38;2278.34;-226.04;0.00
0.26;10.08;34.34;2746.82;2080.63;-666.19;0.00
0.24;10.13;41.95;3356.22;1970.52;-1385.70;0.00
0.28;10.79;41.89;3350.88;2240.28;-1110.60;0.00
0.29;13.62;37.07;2965.45;2400.59;-564.86;0.00
0.23;11.55;41.65;3332.36;1967.54;-1364.82;0.00
0.26;12.07;41.44;3314.81;2183.59;-1131.22;0.00
0.21;10.65;38.98;3118.76;1815.54;-1303.22;0.00
0.24;12.40;37.46;2996.44;2050.23;-946.21;0.00
0.25;10.81;41.13;3290.08;2067.80;-1222.28;0.00
