# X_0;X_1;X_2;R_0;S_0;G_0;I_0
0.21;9.36;35.36;2828.47;1753.79;-1074.68;0.00
0.21;9.44;39.72;3177.82;1721.28;-1456.54;0.00
0.21;9.96;32.46;2597.05;1747.56;-849.48;0.00
0.25;10.21;34.94;2795.13;2032.74;-762.39;0.00
0.23;9.64;41.30;3303.82;1845.84;-1457.97;0.00
0.26;10.73;39.48;3158.34;2099.67;-1058.67;0.00
0.21;10.37;45.17;3613.47;1794.36;-1819.11;0.00
0.20;9.56;40.19;3215.14;1702.25;-1512.89;0.00
0.28;9.77;50.56;4044.42;2184.07;-1860.34;0.00
0.25;9.17;38.14;3051.47;1979.09;-1072.38;0.00
0.27;8.26;36.60;2928.25;2010.60;-917.65;0.00
0.23;10.77;42.19;3375.35;1896.42;-1478.94;0.00
0.27;10.39;37.89;3030.90;2156.70;-874.20;0.00
0.26;10.71;39.22;3137.30;2068.70;-1068.60;0.00
0.23;9.64;36.73;2938.52;1864.43;-1074.09;0.00
0.25;9.99;47.26;3780.56;1989.82;-1790.74;0.00
0.18;11.34;37.59;3006.93;1656.62;-1350.31;0.00
0.24;8.42;45.02;3601.25;1879.75;-1721.50;0.00
0.24;10.37;38.09;3046.88;1978.71;-1068.16;0.00
0.27;8.10;37.97;3037.35;2039.97;-997.38;0.00
0.24;9.60;38.88;3110.00;1892.60;-1217.40;0.00
0.28;11.79;38.67;3093.50;2240.38;-853.13;0.00
0.24;12.48;37.94;3034.91;2079.33;-955.58;0.00
0.26;9.49;38.41;3072.55;2002.80;-1069.75;0.00
0.25;9.14;45.18;3614.47;1977.22;-1637.25;0.00
0.22;11.41;42.82;3425.49;1922.93;-1502.56;0.00
0.21;8.26;29.57;2365.43;1675.74;-689.70;0.00
0.28;9.55;43.95;3515.74;2139.40;-1376.34;0.00
0.25;10.90;42.96;3436.95;2041.75;-1395.20;0.00
0.24;11.27;41.63;3330.72;2012.70;-1318.02;0.00
0.25;9.32;36.98;2958.30;1988.37;-969.94;0.00
0.23;12.46;41.30;3303.80;2002.94;-1300.86;0.00
0.26;9.19;38.40;3071.99;2025.39;-1046.59;0.00
0.23;10.98;35.94;2874.88;1950.20;-924.69;0.00
0.27;7.51;44.09;3527.49;1954.35;-1573.14;0.00
0.22;11.92;37.76;3020.87;1948.72;-1072.15;0.00
0.23;9.20;48.10;3848.25;1842.62;-2005.63;0.00
0.24;11.27;44.17;3533.24;1999.01;-1534.24;0.00
0.26;10.98;30.57;2445.63;2126.52;-319.11;0.00
0.19;10.77;37.57;3005.67;1670.51;-1335.17;0.00
0.27;10.36;36.93;2954.57;2126.42;-828.15;0.00
0.20;7.99;37.11;2969.09;1597.46;-1371.63;0.00
0.25;11.09;34.32;2745.61;2059.93;-685.68;0.00
0.27;11.95;44.60;3567.99;2201.11;-1366.88;0.00
0.23;9.54;42.76;3420.98;1845.43;-1575.55;0.00
0.29;9.45;38.89;3111.10;2177.38;-933.72;0.00
0.25;10.76;39.33;3146.10;2067.32;-1078.78;0.00
0.29;9.43;38.57;3085.99;2221.13;-864.86;0.00
0.22;11.54;40.98;3278.25;1913.38;-1364.88;0.00
0.27;10.62;43.36;3469.12;2123.13;-1345.99;0.00
0.25;9.66;37.37;2989.26;1965.73;-1023.53;0.00
0.22;9.94;27.38;2190.65;1837.87;-352.77;0.00
0.28;8.14;33.91;2712.40;2084.21;-628.20;0.00
0.27;9.89;45.89;3671.45;2084.65;-1586.80;0.00
0.23;10.20;43.57;3485.89;1889.50;-1596.39;0.00
0.31;8.82;55.03;4402.68;2290.30;-2112.38;0.00
0.23;11.06;34.03;2722.44;1944.01;-778.43;0.00
0.26;9.85;37.44;2994.86;2063.17;-931.68;0.00
0.28;10.34;39.02;3121.90;2204.65;-917.24;0.00
0.24;9.35;44.64;3570.98;1887.81;-1683.17;0.00
0.29;8.62;38.44;3075.23;2174.16;-901.07;0.00
0.30;10.80;41.39;3311.29;2348.56;-962.72;0.00
0.25;10.29;41.49;3319.42;2022.70;-1296.72;0.00
0.24;9.81;37.57;3005.58;1923.55;-1082.03;0.00
0.25;9.31;39.12;3129.55;1961.64;-1167.91;0.00
0.28;10.59;43.81;3505.03;2188.93;-1316.10;0.00
0.25;10.65;39.85;3187.62;2060.28;-1127.33;0.00
0.26;9.03;42.24;3379.27;2016.62;-1362.64;0.00
0.25;11.40;40.99;3279.29;2071.81;-1207.47;0.00
0.26;11.65;37.39;2990.97;2143.86;-847.12;0.00
0.26;11.25;36.21;2896.96;2132.82;-764.14;0.00
0.22;10.41;52.09;4166.93;1820.96;-2345.97;0.00
0.25;10.94;44.34;3546.90;2059.02;-1487.88;0.00
0.23;11.66;38.21;3056.81;1994.97;-1061.84;0.00
0.24;8.01;41.51;3320.82;1806.40;-1514.42;0.00
0.25;9.85;45.37;3629.21;1994.80;-1634.41;0.00
0.24;10.85;34.11;2728.41;1966.94;-761.48;0.00
0.22;10.38;30.00;2399.66;1871.46;-528.20;0.00
0.22;9.11;51.43;4114.74;1795.43;-2319.30;0.00
0.23;8.94;42.33;3386.22;1837.00;-1549.23;0.00
0.24;12.39;43.03;3442.18;2050.72;-1391.46;0.00
0.27;11.86;36.32;2905.92;2220.67;-685.25;0.00
0.22;9.91;48.78;3902.22;1846.75;-2055.47;0.00
0.22;11.13;34.42;2753.29;1877.42;-875.87;0.00
0.32;9.22;35.86;2869.01;2344.87;-524.14;0.00
0.21;8.68;45.17;3613.54;1696.99;-1916.54;0.00
0.18;10.19;36.44;2915.44;1573.52;-1341.93;0.00
0.25;10.07;51.67;4133.45;2021.41;-2112.05;0.00
0.25;9.65;45.21;3616.85;1977.75;-1639.10;0.00
0.25;12.66;39.96;3196.97;2143.56;-1053.41;0.00
0.22;6.88;34.89;2790.89;1629.71;-1161.18;0.00
0.27;10.26;47.31;3785.00;2135.58;-1649.42;0.00
0.23;10.91;34.80;2784.27;1932.36;-851.91;0.00
0.24;11.00;35.27;2821.67;2021.78;-799.89;0.00
0.27;10.43;47.42;3793.35;2158.79;-1634.57;0.00
0.27;10.89;39.01;3121.17;2171.83;-949.34;0.00
0.28;11.35;41.29;3303.30;2265.05;-1038.25;0.00
0.27;11.93;42.55;3404.37;2198.83;-1205.53;0.00
0.29;9.69;36.33;2906.48;2230.41;-676.07;0.00
0.24;9.45;46.16;3692.79;1907.59;-1785.20;0.00
0.21;10.30;37.17;2973.49;1775.97;-1197.52;0.00
0.26;10.57;44.55;3563.79;2060.30;-1503.49;0.00
0.27;8.03;39.32;3145.90;2017.47;-1128.43;0.00
0.23;12.18;44.16;3532.95;2004.31;-1528.64;0.00
0.23;10.41;40.08;3206.13;1894.43;-1311.70;0.00
0.24;10.86;39.68;3174.42;1985.14;-1189.28;0.00
0.23;8.54;36.19;2894.81;1778.55;-1116.26;0.00
0.22;9.47;37.88;3030.41;1812.84;-1217.57;0.00
0.25;10.62;35.39;2831.25;2011.21;-820.04;0.00
0.26;7.52;40.02;3201.92;1927.11;-1274.81;0.00
0.25;9.01;34.81;2784.43;1969.90;-814.53;0.00
0.29;10.93;32.97;2637.59;2299.66;-337.93;0.00
0.31;9.16;43.35;3467.94;2295.09;-1172.85;0.00
0.22;9.43;46.69;3735.48;1791.57;-1943.90;0.00
0.19;10.37;39.34;3147.38;1689.23;-1458.16;0.00
0.25;10.45;36.88;2950.35;2039.45;-910.90;0.00
0.24;10.44;38.37;3069.95;1942.47;-1127.47;0.00
0.20;11.33;44.13;3530.02;1803.06;-1726.96;0.00
0.24;11.47;35.40;2831.68;2021.58;-810.10;0.00
0.29;8.99;28.31;2264.42;2150.37;-114.04;0.00
0.22;10.30;38.18;3054.02;1867.14;-1186.88;0.00
0.22;10.13;40.88;3270.80;1807.92;-1462.88;0.00
0.31;9.77;44.99;3599.14;2324.88;-1274.26;0.00
0.24;9.36;42.51;3400.61;1899.85;-1500.76;0.00
0.24;8.81;40.21;3216.49;1847.51;-1368.99;0.00
0.28;10.81;40.94;3274.90;2198.92;-1075.98;0.00
0.24;9.94;36.62;2929.49;1918.50;-1010.98;0.00
0.20;9.29;40.87;3269.52;1671.31;-1598.21;0.00
0.23;10.96;38.14;3051.30;1909.66;-1141.63;0.00
0.26;10.11;32.79;2623.35;2034.69;-588.66;0.00
0.27;10.08;40.65;3251.96;2125.13;-1126.83;0.00
0.26;7.95;33.55;2683.81;1973.42;-710.39;0.00
0.26;11.01;35.50;2839.94;2087.31;-752.64;0.00
0.21;12.97;37.95;3035.85;1899.79;-1136.06;0.00
0.20;9.64;44.22;3537.61;1684.26;-1853.35;0.00
0.25;10.03;36.83;2946.08;1994.56;-951.52;0.00
0.26;7.96;47.59;3806.95;1935.87;-1871.07;0.00
0.22;8.03;41.64;3331.52;1698.08;-1633.44;0.00
0.26;11.11;42.20;3375.65;2109.03;-1266.62;0.00
0.25;7.53;42.42;3393.83;1873.66;-1520.17;0.00
0.29;9.47;37.67;3013.44;2213.80;-799.63;0.00
0.24;8.85;35.13;2810.44;1883.68;-926.76;0.00
0.23;10.51;44.86;3589.00;1916.21;-1672.78;0.00
0.22;9.09;48.40;3871.68;1765.73;-2105.95;0.00
0.28;10.21;36.61;2928.87;2161.14;-767.73;0.00
0.25;8.19;46.33;3706.77;1916.80;-1789.97;0.00
0.27;10.80;45.66;3653.02;2130.32;-1522.71;0.00
0.26;12.27;44.56;3564.86;2153.56;-1411.30;0.00
0.23;11.67;43.48;3478.14;1971.90;-1506.24;0.00
0.25;12.20;33.23;2658.38;2112.34;-546.04;0.00
0.25;8.44;44.26;3541.19;1901.04;-1640.15;0.00
0.24;10.35;46.78;3742.46;1978.56;-1763.90;0.00
0.28;9.94;40.75;3259.96;2164.46;-1095.50;0.00
0.22;10.97;41.34;3306.91;1888.09;-1418.82;0.00
0.27;10.41;41.81;3345.05;2135.60;-1209.45;0.00
0.28;12.68;41.98;3358.17;2328.79;-1029.39;0.00
0.24;12.74;46.77;3741.86;2103.50;-1638.36;0.00
0.29;10.60;39.60;3168.10;2288.31;-879.79;0.00
0.22;8.67;36.10;2888.17;1750.68;-1137.49;0.00
0.25;9.66;33.35;2668.10;1972.37;-695.72;0.00
0.28;10.67;37.15;2971.90;2211.04;-760.86;0.00
0.28;10.70;47.27;3781.88;2221.79;-1560.09;0.00
0.21;8.79;44.04;3523.55;1692.52;-1831.03;0.00
0.26;10.12;36.59;2927.09;2073.42;-853.67;0.00
0.22;10.11;35.06;2804.92;1814.50;-990.43;0.00
0.26;10.54;37.09;2967.30;2085.44;-881.86;0.00
0.31;10.82;40.67;3253.42;2377.89;-875.53;0.00
0.26;11.66;41.22;3297.68;2155.57;-1142.11;0.00
0.23;9.80;42.34;3386.92;1897.59;-1489.33;0.00
0.24;9.66;38.88;3110.61;1928.58;-1182.04;0.00
0.26;11.18;38.65;3092.32;2144.30;-948.03;0.00
0.29;10.13;36.50;2919.94;2264.89;-655.04;0.00
0.29;13.31;38.82;3105.71;2417.00;-688.71;0.00
0.30;9.69;44.92;3593.25;2247.51;-1345.74;0.00
0.27;9.65;32.55;2604.18;2109.91;-494.27;0.00
0.27;10.32;42.14;3371.43;2104.10;-1267.34;0.00
0.25;9.88;34.03;2722.05;2016.12;-705.93;0.00
0.25;10.14;45.30;3624.15;1977.55;-1646.60;0.00
0.28;11.14;42.47;3397.84;2242.65;-1155.19;0.00
0.25;9.20;43.62;3489.80;1975.76;-1514.04;0.00
0.28;9.29;37.33;2986.76;2117.56;-869.20;0.00
0.23;10.94;43.95;3515.73;1913.14;-1602.59;0.00
0.26;8.76;36.64;2931.46;1976.62;-954.84;0.00
0.21;8.85;38.51;3080.70;1721.70;-1359.00;0.00
0.15;9.85;47.09;3767.37;1420.53;-2346.85;0.00
0.23;9.33;40.85;3267.94;1873.43;-1394.51;0.00
0.25;11.86;45.83;3666.13;2070.41;-1595.71;0.00
0.27;9.09;39.73;3178.29;2057.60;-1120.69;0.00
0.22;10.38;38.85;3108.36;1862.87;-1245.49;0.00
0.27;9.90;41.05;3284.16;2137.38;-1146.78;0.00
0.25;12.44;45.08;3606.74;2152.05;-1454.69;0.00
0.26;10.01;38.54;3083.02;2039.09;-1043.94;0.00
0.24;9.17;34.54;2763.55;1886.12;-877.43;0.00
0.29;8.56;31.93;2554.10;2181.11;-372.99;0.00
0.24;8.88;35.43;2834.31;1908.39;-925.92;0.00
0.23;9.63;37.42;2993.89;1855.48;-1138.41;0.00
0.28;7.75;35.36;2828.61;2025.28;-803.33;0.00
0.28;10.17;35.37;2829.92;2170.27;-659.65;0.00
0.25;9.97;40.64;3250.90;1989.06;-1261.84;0.00
0.24;12.54;40.11;3209.13;2075.59;-1133.54;0.00
0.24;10.31;44.31;3544.87;1977.68;-1567.19;0.00
0.27;9.78;43.60;3488.15;2075.24;-1412.92;0.00
0.28;11.84;38.26;3060.52;2291.09;-769.43;0.00
0.24;10.06;41.50;3319.71;1927.16;-1392.55;0.00
0.20;8.53;41.53;3322.48;1623.23;-1699.24;0.00
0.23;10.32;35.76;2860.85;1923.38;-937.47;0.00
0.26;12.46;40.74;3258.92;2182.20;-1076.72;0.00
0.21;12.29;46.41;3713.19;1895.70;-1817.50;0.00
0.22;11.42;46.45;3715.85;1902.45;-1813.40;0.00
0.23;9.26;44.07;3525.31;1858.46;-1666.85;0.00
0.26;10.37;39.17;3133.33;2062.60;-1070.73;0.00
0.25;11.12;50.91;4072.44;2077.70;-1994.74;0.00
0.27;9.37;35.05;2804.37;2058.90;-745.47;0.00
0.25;10.15;37.45;2996.39;2015.00;-981.39;0.00
0.30;10.82;45.47;3637.72;2318.55;-1319.17;0.00
0.26;9.94;37.93;3034.26;2081.36;-952.90;0.00
0.23;11.53;44.61;3568.80;1970.56;-1598.25;0.00
0.28;11.46;47.52;3801.88;2248.68;-1553.19;0.00
0.25;9.30;40.05;3204.32;1973.38;-1230.94;0.00
0.21;13.40;45.71;3656.87;1956.32;-1700.55;0.00
0.24;8.93;43.98;3518.42;1863.36;-1655.07;0.00
0.18;9.11;49.58;3966.42;1541.32;-2425.10;0.00
0.25;11.57;40.83;3266.59;2075.53;-1191.07;0.00
0.24;8.46;35.24;2818.92;1877.65;-941.27;0.00
0.27;8.81;36.39;2911.23;2062.26;-848.97;0.00
0.24;11.07;32.61;2608.72;1987.01;-621.71;0.00
0.21;10.35;39.24;3139.43;1771.49;-1367.94;0.00
0.24;11.30;36.58;2926.71;2008.14;-918.57;0.00
0.25;11.39;37.61;3008.81;2048.06;-960.75;0.00
0.25;10.12;38.29;3063.39;1993.06;-1070.33;0.00
0.24;9.25;44.34;3547.28;1914.35;-1632.93;0.00
0.23;8.48;46.73;3738.30;1810.52;-1927.78;0.00
0.24;11.69;38.62;3089.51;2051.26;-1038.25;0.00
0.25;8.17;42.78;3422.11;1877.20;-1544.91;0.00
0.22;9.08;35.84;2867.31;1791.90;-1075.42;0.00
0.26;12.75;40.05;3203.69;2189.61;-1014.08;0.00
0.23;11.25;37.91;3033.10;1974.27;-1058.83;0.00
0.26;7.68;46.97;3757.36;1903.98;-1853.38;0.00
0.28;9.11;42.93;3434.75;2106.39;-1328.36;0.00
0.28;11.87;43.09;3447.07;2280.45;-1166.62;0.00
0.26;9.72;43.05;3444.16;2061.46;-1382.70;0.00
0.27;9.79;48.33;3866.17;2095.15;-1771.02;0.00
0.22;10.27;33.79;2702.97;1853.91;-849.06;0.00
0.23;9.05;38.14;3051.18;1812.48;-1238.70;0.00
0.26;8.98;38.86;3108.59;1979.04;-1129.55;0.00
0.28;8.54;38.59;3087.07;2072.16;-1014.91;0.00
0.23;11.37;48.38;3870.54;1935.47;-1935.06;0.00
0.26;10.29;42.46;3397.13;2098.72;-1298.41;0.00
0.20;12.17;39.64;3171.26;1837.79;-1333.47;0.00
0.25;9.38;41.76;3340.94;1987.07;-1353.87;0.00
0.25;12.63;35.75;2860.04;2125.17;-734.87;0.00
0.29;9.00;45.49;3638.98;2194.92;-1444.05;0.00
0.28;9.66;40.62;3249.78;2137.50;-1112.27;0.00
0.22;10.88;35.59;2847.14;1855.37;-991.77;0.00
0.22;10.22;38.53;3082.47;1813.55;-1268.92;0.00
0.25;9.86;40.19;3214.92;2012.97;-1201.95;0.00
0.25;10.83;38.88;3110.32;2034.82;-1075.50;0.00
0.23;9.18;45.98;3678.76;1843.26;-1835.50;0.00
0.29;11.23;38.74;3099.19;2302.27;-796.92;0.00
0.25;11.55;46.64;3731.02;2085.46;-1645.56;0.00
0.23;10.92;34.98;2798.15;1915.41;-882.74;0.00
0.23;10.88;35.79;2862.83;1941.22;-921.61;0.00
0.29;10.79;41.39;3311.09;2245.30;-1065.79;0.00
0.24;10.74;48.26;3861.06;1983.89;-1877.17;0.00
0.24;11.50;41.84;3347.42;2034.55;-1312.87;0.00
0.25;9.02;40.86;3268.57;1956.72;-1311.86;0.00
0.20;11.26;48.42;3873.22;1791.81;-2081.41;0.00
0.24;9.73;32.91;2632.45;1924.27;-708.19;0.00
0.27;9.23;35.93;2874.23;2055.00;-819.22;0.00
0.25;8.29;36.50;2919.76;1889.16;-1030.60;0.00
0.25;10.06;36.15;2891.84;2024.21;-867.62;0.00
0.24;11.26;37.19;2974.81;2027.31;-947.50;0.00
0.29;8.50;38.28;3062.59;2152.64;-909.94;0.00
0.26;10.94;33.67;2693.60;2102.79;-590.81;0.00
0.25;10.95;40.84;3266.92;2033.00;-1233.92;0.00
0.27;9.01;43.95;3515.76;2066.85;-1448.92;0.00
0.26;9.78;42.18;3374.26;2027.73;-1346.54;0.00
0.20;10.68;31.55;2523.88;1734.25;-789.63;0.00
0.25;8.76;38.96;3117.02;1918.02;-1199.01;0.00
0.23;8.06;34.18;2734.21;1751.22;-983.00;0.00
0.24;8.08;43.66;3492.58;1842.57;-1650.01;0.00
0.29;10.86;38.20;3056.36;2289.50;-766.86;0.00
0.19;9.36;43.30;3463.74;1639.80;-1823.94;0.00
0.26;9.56;33.16;2652.76;2005.75;-647.02;0.00
0.23;9.65;42.18;3374.53;1880.54;-1493.99;0.00
0.28;12.81;44.82;3585.94;2321.79;-1264.15;0.00
0.28;7.65;43.68;3494.40;2037.37;-1457.02;0.00
0.22;9.42;38.20;3055.71;1783.93;-1271.78;0.00
0.23;10.88;42.60;3408.34;1934.20;-1474.14;0.00
0.26;9.51;35.75;2859.96;2013.91;-846.05;0.00
0.23;10.51;41.89;3351.09;1908.90;-1442.19;0.00
0.28;11.11;50.32;4025.32;2208.62;-1816.70;0.00
0.22;8.67;39.57;3165.77;1746.30;-1419.47;0.00
0.23;10.82;39.56;3164.41;1944.81;-1219.60;0.00
0.24;10.07;39.05;3124.05;1931.71;-1192.35;0.00
0.22;8.26;34.59;2767.18;1750.65;-1016.52;0.00
0.26;9.89;35.42;2833.53;2075.92;-757.62;0.00
0.25;10.24;45.75;3659.74;1993.29;-1666.45;0.00
0.26;9.37;48.85;3908.12;2012.02;-1896.11;0.00
0.25;12.62;41.23;3298.05;2138.50;-1159.55;0.00
0.25;12.94;41.69;3335.26;2134.48;-1200.79;0.00
0.27;7.84;41.07;3285.98;1987.40;-1298.58;0.00
0.29;9.39;44.98;3598.62;2216.57;-1382.06;0.00
0.22;10.37;45.33;3626.23;1865.22;-1761.01;0.00
0.24;10.90;36.02;2881.41;1971.07;-910.33;0.00
0.28;10.14;48.56;3884.45;2163.19;-1721.27;0.00
0.21;8.54;41.19;3295.35;1696.81;-1598.54;0.00
0.22;13.28;39.90;3191.90;2024.30;-1167.60;0.00
0.25;11.15;40.37;3229.27;2043.87;-1185.41;0.00
0.24;8.76;42.51;3400.54;1868.92;-1531.62;0.00
0.25;9.33;36.47;2917.63;1959.19;-958.44;0.00
0.22;10.33;33.81;2704.57;1843.18;-861.39;0.00
0.25;9.30;40.23;3218.15;1947.02;-1271.13;0.00
0.27;9.94;41.10;3288.39;2111.69;-1176.70;0.00
0.25;9.41;37.86;3028.58;1947.04;-1081.54;0.00
0.24;11.11;41.97;3357.39;1987.84;-1369.55;0.00
0.23;9.16;44.15;3531.66;1822.62;-1709.04;0.00
0.23;9.89;42.97;3437.65;1902.34;-1535.31;0.00
0.24;9.95;39.24;3139.39;1955.66;-1183.73;0.00
0.23;8.91;40.92;3273.39;1845.67;-1427.73;0.00
0.32;9.72;37.87;3029.62;2369.55;-660.06;0.00
0.26;10.79;35.06;2804.67;2090.45;-714.22;0.00
0.25;10.35;42.77;3421.23;2008.87;-1412.36;0.00
0.24;11.67;38.16;3052.45;2042.08;-1010.37;0.00
0.25;10.74;45.44;3634.95;2033.41;-1601.54;0.00
0.26;9.65;33.80;2703.82;2013.06;-690.76;0.00
0.23;8.58;41.64;3331.58;1807.93;-1523.65;0.00
0.30;9.42;36.54;2923.00;2247.35;-675.65;0.00
0.22;9.39;39.42;3153.90;1793.38;-1360.52;0.00
0.25;10.57;39.26;3140.48;2004.35;-1136.13;0.00
0.24;10.81;40.26;3220.64;1984.18;-1236.46;0.00
0.27;7.98;35.79;2863.45;1991.05;-872.40;0.00
0.28;9.26;43.44;3475.09;2114.46;-1360.63;0.00
0.25;11.79;45.17;3613.54;2120.27;-1493.27;0.00
0.25;10.16;49.12;3929.64;2015.23;-1914.41;0.00
0.21;11.86;38.92;3113.67;1887.63;-1226.03;0.00
0.30;12.66;36.30;2903.85;2414.47;-489.39;0.00
0.22;10.23;37.51;3000.63;1820.48;-1180.16;0.00
0.24;8.00;34.57;2765.34;1831.83;-933.51;0.00
0.20;9.00;34.30;2743.99;1669.11;-1074.88;0.00
0.26;10.58;47.08;3766.35;2092.24;-1674.11;0.00
0.24;10.60;37.15;2972.23;2001.07;-971.16;0.00
0.24;8.58;43.49;3479.21;1870.42;-1608.79;0.00
0.26;10.84;45.45;3636.02;2106.23;-1529.79;0.00
0.25;10.65;40.66;3252.89;2047.95;-1204.94;0.00
0.21;8.90;41.43;3314.27;1724.82;-1589.46;0.00
0.24;8.49;43.39;3470.86;1836.11;-1634.74;0.00
0.25;11.08;45.32;3625.62;2068.71;-1556.91;0.00
0.27;10.17;41.00;3280.39;2138.29;-1142.10;0.00
0.24;11.24;45.70;3656.11;2011.63;-1644.48;0.00
0.22;11.23;40.18;3214.49;1901.47;-1313.02;0.00
0.24;9.96;40.52;3241.99;1919.05;-1322.94;0.00
0.26;11.30;43.46;3477.18;2145.00;-1332.18;0.00
0.22;11.19;39.87;3189.73;1888.80;-1300.93;0.00
0.25;10.82;43.47;3477.28;2056.76;-1420.51;0.00
0.26;11.10;39.52;3161.87;2091.40;-1070.47;0.00
0.26;10.14;36.73;2938.24;2069.51;-868.74;0.00
0.28;8.80;32.40;2592.32;2098.68;-493.64;0.00
0.24;11.49;47.17;3773.60;2025.62;-1747.99;0.00
0.26;9.02;41.82;3345.68;2030.03;-1315.66;0.00
0.25;10.38;44.28;3542.65;2004.82;-1537.83;0.00
0.26;10.18;37.51;3001.08;2043.95;-957.14;0.00
0.22;9.97;45.90;3671.67;1805.98;-1865.69;0.00
0.24;10.63;40.11;3209.18;1994.54;-1214.64;0.00
0.28;9.81;35.73;2858.70;2172.99;-685.71;0.00
0.21;11.24;47.45;3796.32;1818.85;-1977.47;0.00
0.21;10.20;39.91;3192.64;1766.58;-1426.07;0.00
0.24;10.92;28.98;2318.55;2010.24;-308.31;0.00
0.22;10.17;41.89;3351.04;1817.41;-1533.63;0.00
0.25;11.58;47.34;3787.04;2084.79;-1702.25;0.00
0.23;10.37;37.40;2991.61;1898.92;-1092.69;0.00
0.25;10.01;39.12;3129.99;1997.83;-1132.16;0.00
0.26;10.08;35.65;2851.74;2032.42;-819.33;0.00
0.24;8.84;35.14;2810.81;1902.42;-908.40;0.00
0.32;12.05;43.11;3448.71;2499.04;-949.67;0.00
0.27;7.99;40.70;3256.38;1983.49;-1272.89;0.00
0.24;11.13;35.97;2877.53;1983.83;-893.70;0.00
0.21;8.98;40.53;3242.40;1738.88;-1503.52;0.00
0.25;9.83;34.55;2763.94;1976.38;-787.56;0.00
0.26;9.55;34.44;2755.58;2018.53;-737.05;0.00
0.21;9.83;40.83;3266.69;1771.41;-1495.28;0.00
0.27;9.68;36.91;2953.19;2117.51;-835.68;0.00
0.24;9.98;42.20;3376.03;1937.67;-1438.36;0.00
0.28;8.11;39.84;3187.52;2052.45;-1135.07;0.00
0.25;11.70;39.69;3175.07;2092.00;-1083.07;0.00
0.28;10.20;41.34;3307.31;2199.85;-1107.46;0.00
0.24;10.70;40.90;3271.95;1988.51;-1283.44;0.00
0.23;11.18;37.47;2997.45;1959.15;-1038.30;0.00
0.27;10.11;43.34;3467.38;2148.35;-1319.02;0.00
0.26;11.03;42.04;3363.49;2085.31;-1278.18;0.00
0.28;9.64;37.09;2966.80;2125.51;-841.30;0.00
0.27;8.88;36.41;2912.66;2072.80;-839.86;0.00
0.21;11.54;37.40;2991.85;1844.56;-1147.29;0.00
0.28;10.57;33.43;2674.79;2200.07;-474.73;0.00
0.26;11.64;41.85;3348.35;2119.34;-1229.00;0.00
0.28;9.79;28.18;2254.51;2136.66;-117.85;0.00
0.25;9.97;40.20;3215.64;1967.71;-1247.92;0.00
0.26;8.71;36.70;2936.06;2008.83;-927.23;0.00
0.21;11.26;45.60;3647.71;1812.75;-1834.96;0.00
0.22;9.14;39.34;3147.12;1804.32;-1342.80;0.00
0.29;10.43;40.33;3226.49;2237.70;-988.79;0.00
0.23;11.11;37.18;2974.68;1961.64;-1013.03;0.00
0.27;8.93;41.81;3344.69;2066.96;-1277.73;0.00
0.25;9.94;44.76;3580.89;1966.07;-1614.82;0.00
0.23;10.72;37.65;3011.68;1909.44;-1102.23;0.00
0.26;10.46;40.17;3213.22;2108.91;-1104.31;0.00
0.22;11.40;40.37;3229.35;1927.40;-1301.95;0.00
0.25;8.88;46.27;3701.56;1966.40;-1735.16;0.00
0.26;9.76;43.75;3499.98;2043.84;-1456.14;0.00
0.26;11.51;41.92;3353.31;2133.00;-1220.31;0.00
0.24;11.06;46.63;3730.22;1993.19;-1737.03;0.00
0.28;11.07;34.25;2739.69;2216.94;-522.75;0.00
0.24;10.27;48.82;3905.65;1934.03;-1971.62;0.00
0.25;8.99;42.12;3369.25;1920.46;-1448.79;0.00
0.18;10.74;39.14;3131.20;1647.23;-1483.97;0.00
0.22;7.78;45.85;3668.21;1716.21;-1952.00;0.00
0.26;10.57;46.76;3740.55;2113.61;-1626.94;0.00
0.21;11.59;33.33;2666.03;1847.97;-818.06;0.00
0.23;11.14;30.57;2445.68;1936.09;-509.59;0.00
0.25;10.69;39.67;3173.51;2040.57;-1132.94;0.00
0.25;12.76;43.95;3516.20;2169.13;-1347.06;0.00
0.30;11.08;39.26;3140.70;2339.62;-801.09;0.00
0.22;11.84;37.10;2967.86;1916.18;-1051.67;0.00
0.25;9.09;42.14;3371.51;1969.92;-1401.59;0.00
0.25;10.77;43.60;3488.04;2023.95;-1464.09;0.00
0.23;12.45;36.98;2958.18;1989.86;-968.32;0.00
0.28;12.10;45.26;3620.82;2282.01;-1338.81;0.00
0.24;10.90;38.92;3113.94;1998.72;-1115.22;0.00
0.23;9.11;37.16;2972.56;1853.02;-1119.54;0.00
0.22;9.91;37.91;3033.13;1810.54;-1222.59;0.00
0.25;8.78;39.33;3146.26;1903.96;-1242.30;0.00
0.24;11.43;39.19;3135.55;2010.66;-1124.89;0.00
0.24;8.83;44.65;3572.09;1887.46;-1684.63;0.00
0.25;8.67;46.10;3688.38;1902.98;-1785.41;0.00
0.31;10.94;41.98;3358.02;2387.59;-970.43;0.00
0.24;11.73;41.45;3315.87;2035.31;-1280.56;0.00
0.24;10.91;35.51;2841.19;1969.95;-871.23;0.00
0.30;8.05;40.86;3268.67;2183.05;-1085.62;0.00
0.26;8.90;42.43;3394.55;2022.42;-1372.14;0.00
0.25;10.49;47.94;3834.82;2045.14;-1789.68;0.00
0.22;8.78;34.77;2781.79;1768.33;-1013.46;0.00
0.23;9.35;32.67;2613.34;1835.72;-777.62;0.00
0.24;8.43;36.14;2891.57;1829.48;-1062.09;0.00
0.24;8.45;48.01;3841.07;1879.03;-1962.04;0.00
0.25;11.72;44.64;3571.10;2085.08;-1486.02;0.00
0.23;8.49;39.38;3150.30;1776.32;-1373.98;0.00
0.26;8.12;35.02;2801.56;1935.28;-866.28;0.00
0.24;9.89;42.01;3361.11;1936.10;-1425.02;0.00
0.24;12.16;48.11;3848.62;2057.52;-1791.10;0.00
0.25;10.28;43.48;3478.59;2024.07;-1454.51;0.00
0.27;10.01;38.13;3050.18;2129.07;-921.11;0.00
0.27;11.02;49.56;3965.13;2146.66;-1818.47;0.00
0.22;11.87;36.92;2953.92;1941.18;-1012.74;0.00
0.23;10.12;41.60;3327.94;1895.58;-1432.36;0.00
0.29;7.96;29.06;2324.51;2146.45;-178.07;0.00
0.23;7.44;42.32;3385.41;1769.92;-1615.49;0.00
0.19;9.96;32.03;2562.25;1622.85;-939.40;0.00
0.29;8.73;43.52;3481.68;2155.28;-1326.40;0.00
0.20;8.23;37.30;2984.27;1599.82;-1384.45;0.00
0.29;7.71;44.74;3579.03;2087.80;-1491.23;0.00
0.26;11.40;39.54;3163.39;2138.66;-1024.72;0.00
0.28;11.11;41.27;3301.66;2212.79;-1088.88;0.00
0.29;11.23;41.17;3293.62;2312.59;-981.04;0.00
0.24;9.54;38.85;3108.16;1932.81;-1175.35;0.00
0.23;12.02;38.91;3112.98;1997.33;-1115.64;0.00
0.23;9.53;35.39;2831.56;1883.94;-947.62;0.00
0.28;9.72;44.05;3524.13;2149.12;-1375.01;0.00
0.25;11.29;41.61;3328.86;2058.09;-1270.77;0.00
0.25;9.33;42.38;3390.69;1947.20;-1443.49;0.00
0.25;11.14;43.13;3450.26;2061.99;-1388.27;0.00
0.24;9.50;38.32;3065.74;1887.82;-1177.92;0.00
0.23;11.44;41.99;3359.36;1973.36;-1386.00;0.00
0.25;12.01;42.17;3373.31;2080.50;-1292.80;0.00
0.29;9.29;51.30;4104.37;2179.68;-1924.69;0.00
0.25;10.94;35.94;2875.03;2024.81;-850.22;0.00
0.24;9.27;46.10;3687.75;1907.62;-1780.13;0.00
0.26;9.95;57.79;4623.26;2028.58;-2594.68;0.00
0.27;10.95;36.64;2931.06;2159.29;-771.77;0.00
0.25;9.46;31.66;2532.75;1985.09;-547.65;0.00
0.31;11.27;34.98;2798.58;2444.63;-353.94;0.00
0.24;9.86;40.13;3210.45;1921.11;-1289.35;0.00
0.23;9.33;37.71;3017.01;1822.61;-1194.40;0.00
0.25;8.89;39.24;3139.21;1936.75;-1202.46;0.00
0.27;11.09;41.19;3295.13;2147.65;-1147.49;0.00
0.21;11.34;42.45;3396.29;1845.48;-1550.81;0.00
0.30;10.42;35.81;2864.53;2334.65;-529.88;0.00
0.24;10.82;36.43;2914.79;1956.18;-958.61;0.00
0.27;10.34;44.34;3547.26;2127.58;-1419.69;0.00
0.25;10.08;38.94;3115.49;2030.67;-1084.82;0.00
0.26;10.08;35.52;2841.79;2086.67;-755.12;0.00
0.30;8.69;37.15;2972.16;2233.99;-738.17;0.00
0.30;11.35;46.98;3758.01;2349.67;-1408.34;0.00
0.27;10.29;39.56;3165.09;2149.66;-1015.42;0.00
0.25;7.35;45.19;3615.20;1841.05;-1774.15;0.00
0.23;9.51;42.54;3403.12;1836.28;-1566.83;0.00
0.25;11.21;41.70;3335.85;2051.36;-1284.48;0.00
0.28;9.30;42.01;3360.97;2159.93;-1201.04;0.00
0.30;8.03;47.35;3787.70;2181.45;-1606.26;0.00
0.26;10.02;40.65;3251.62;2060.05;-1191.57;0.00
0.26;10.44;40.77;3261.44;2059.75;-1201.69;0.00
0.24;9.39;38.90;3111.76;1926.60;-1185.16;0.00
0.24;10.42;38.21;3057.13;1953.57;-1103.56;0.00
0.23;11.57;34.81;2784.78;1947.69;-837.10;0.00
0.21;9.30;42.31;3384.42;1720.14;-1664.27;0.00
0.26;9.01;30.32;2425.21;2022.80;-402.41;0.00
0.26;9.87;32.46;2597.14;2060.89;-536.25;0.00
0.22;11.46;40.30;3224.14;1922.20;-1301.94;0.00
0.26;9.84;28.17;2253.59;2039.65;-213.94;0.00
0.30;12.00;40.03;3202.06;2420.21;-781.86;0.00
0.24;11.12;40.66;3252.87;1997.31;-1255.55;0.00
0.28;11.20;44.11;3528.49;2223.19;-1305.30;0.00
0.25;10.38;39.54;3163.46;2032.22;-1131.24;0.00
0.27;11.08;48.39;3871.14;2183.81;-1687.33;0.00
0.27;8.75;37.66;3012.42;2032.42;-980.01;0.00
0.24;11.73;36.39;2911.13;2045.60;-865.52;0.00
0.24;10.63;40.52;3241.54;1949.62;-1291.92;0.00
0.26;9.05;46.49;3719.39;2007.89;-1711.50;0.00
0.27;10.17;35.04;2802.91;2098.92;-703.99;0.00
0.26;10.58;33.74;2699.51;2064.61;-634.90;0.00
0.26;12.02;46.28;3702.31;2185.88;-1516.43;0.00
0.26;9.71;31.30;2503.75;2038.68;-465.07;0.00
0.25;11.21;31.90;2551.86;2042.41;-509.45;0.00
0.27;10.40;40.69;3254.89;2149.60;-1105.29;0.00
0.26;10.16;45.74;3658.86;2084.15;-1574.71;0.00
0.28;9.56;45.23;3618.72;2155.35;-1463.38;0.00
0.22;9.85;37.67;3013.65;1805.25;-1208.40;0.00
0.21;8.99;42.41;3393.20;1681.80;-1711.39;0.00
0.25;9.38;41.10;3287.89;1955.31;-1332.58;0.00
0.26;10.63;35.78;2862.18;2114.81;-747.37;0.00
0.20;8.62;46.36;3708.47;1633.29;-2075.17;0.00
0.25;11.74;47.00;3760.25;2071.44;-1688.81;0.00
0.19;11.10;40.11;3209.10;1731.41;-1477.70;0.00
0.25;11.67;39.74;3179.40;2069.76;-1109.64;0.00
0.23;9.39;34.10;2728.35;1875.79;-852.56;0.00
0.27;10.19;32.07;2565.24;2111.37;-453.87;0.00
0.23;10.02;39.63;3170.17;1884.73;-1285.44;0.00
0.27;11.41;34.98;2798.37;2208.19;-590.18;0.00
0.25;10.51;44.71;3576.92;2021.96;-1554.95;0.00
0.27;9.91;39.84;3187.49;2090.47;-1097.03;0.00
0.25;9.75;42.88;3430.59;2002.21;-1428.38;0.00
0.26;11.73;41.40;3312.07;2138.13;-1173.94;0.00
0.24;11.29;33.41;2672.85;2004.77;-668.08;0.00
0.26;11.29;41.08;3286.39;2109.53;-1176.86;0.00
0.30;7.54;49.42;3953.96;2173.98;-1779.98;0.00
0.25;8.89;35.77;2861.32;1915.00;-946.33;0.00
0.26;10.87;45.65;3651.63;2086.69;-1564.94;0.00
0.25;11.41;46.05;3683.88;2068.26;-1615.62;0.00
0.25;10.95;43.19;3455.50;2048.52;-1406.99;0.00
0.26;7.18;38.40;3071.96;1883.11;-1188.84;0.00
0.24;9.99;39.87;3189.59;1949.98;-1239.60;0.00
0.26;11.09;27.30;2184.39;2102.87;-81.52;0.00
0.21;10.88;37.68;3014.20;1805.10;-1209.10;0.00
0.24;8.89;34.76;2780.43;1891.21;-889.22;0.00
0.25;11.21;37.95;3035.61;2041.44;-994.17;0.00
0.22;9.11;38.29;3063.53;1783.63;-1279.89;0.00
0.25;10.61;41.06;3285.12;2047.05;-1238.07;0.00
0.26;8.85;35.46;2836.80;2018.63;-818.17;0.00
0.28;11.03;39.47;3157.35;2243.22;-914.13;0.00
0.25;9.91;35.23;2818.16;1997.19;-820.97;0.00
0.26;10.49;36.54;2922.82;2055.13;-867.69;0.00
0.24;10.09;39.69;3175.27;1969.21;-1206.06;0.00
0.22;10.74;35.67;2853.43;1857.67;-995.76;0.00
0.29;11.08;41.50;3319.64;2308.73;-1010.91;0.00
0.27;10.41;38.21;3057.01;2154.70;-902.31;0.00
0.26;9.68;36.20;2896.04;2061.92;-834.12;0.00
0.23;9.22;40.28;3222.00;1845.90;-1376.10;0.00
0.26;11.52;31.60;2527.82;2136.34;-391.48;0.00
0.17;10.98;44.18;3534.44;1599.15;-1935.29;0.00
0.24;10.57;44.49;3559.20;1999.03;-1560.17;0.00
0.27;10.16;48.00;3839.63;2110.82;-1728.81;0.00
0.29;9.93;39.46;3156.68;2233.37;-923.31;0.00
0.28;9.23;48.34;3867.15;2152.70;-1714.45;0.00
0.26;11.91;39.05;3124.13;2157.79;-966.35;0.00
0.23;7.70;41.29;3302.97;1779.65;-1523.32;0.00
0.26;10.51;41.72;3337.25;2082.63;-1254.62;0.00
0.23;8.62;40.82;3265.51;1786.70;-1478.82;0.00
0.25;10.43;36.21;2897.03;2018.87;-878.16;0.00
0.19;10.90;38.42;3073.32;1703.24;-1370.08;0.00
0.24;12.74;37.63;3010.79;2097.21;-913.58;0.00
0.25;11.42;32.90;2631.71;2051.33;-580.39;0.00
0.26;10.59;50.44;4035.15;2102.31;-1932.84;0.00
0.22;10.38;40.89;3271.39;1844.64;-1426.75;0.00
0.21;9.68;35.81;2864.58;1737.93;-1126.65;0.00
0.29;10.21;41.35;3307.64;2228.61;-1079.03;0.00
0.22;10.98;42.76;3420.91;1885.71;-1535.20;0.00
0.25;9.87;38.00;3039.98;1974.50;-1065.48;0.00
0.24;10.20;35.57;2845.78;1950.86;-894.92;0.00
0.21;11.06;36.45;2916.03;1830.47;-1085.57;0.00
0.26;11.93;46.23;3698.54;2153.64;-1544.90;0.00
0.24;10.47;42.37;3389.67;1954.66;-1435.01;0.00
0.30;9.32;38.89;3111.05;2235.05;-876.00;0.00
0.31;8.12;40.88;3270.43;2267.10;-1003.33;0.00
0.30;11.09;46.20;3696.30;2327.14;-1369.17;0.00
0.27;11.10;41.85;3347.89;2181.58;-1166.31;0.00
0.22;9.80;33.00;2639.73;1830.81;-808.92;0.00
0.24;7.37;39.35;3148.27;1779.85;-1368.43;0.00
0.28;11.07;35.75;2859.72;2255.56;-604.16;0.00
0.20;10.62;33.40;2671.66;1746.99;-924.67;0.00
0.27;9.60;45.17;3613.22;2069.77;-1543.45;0.00
0.27;9.90;41.58;3326.04;2122.08;-1203.96;0.00
0.25;12.38;45.88;3670.69;2097.92;-1572.77;0.00
0.29;9.67;35.02;2801.48;2230.03;-571.45;0.00
0.23;10.13;37.15;2971.93;1881.46;-1090.47;0.00
0.26;10.63;38.64;3090.99;2075.16;-1015.83;0.00
0.25;11.93;40.38;3230.34;2123.59;-1106.75;0.00
0.26;11.31;46.04;3682.92;2150.58;-1532.33;0.00
0.26;12.29;46.01;3680.97;2187.34;-1493.63;0.00
0.23;10.46;37.58;3006.42;1914.06;-1092.37;0.00
0.28;12.09;37.18;2974.41;2278.60;-695.80;0.00
0.28;9.01;37.72;3017.81;2125.96;-891.85;0.00
0.24;9.69;39.91;3192.90;1908.36;-1284.53;0.00
0.28;11.60;35.03;2802.38;2286.11;-516.27;0.00
0.28;9.14;36.41;2913.04;2149.91;-763.14;0.00
0.22;11.10;39.46;3156.64;1888.41;-1268.23;0.00
0.18;9.94;45.43;3634.03;1608.71;-2025.31;0.00
0.30;9.95;42.71;3416.57;2302.08;-1114.50;0.00
0.23;10.55;41.32;3305.38;1912.39;-1392.99;0.00
0.29;8.99;46.81;3744.98;2176.66;-1568.32;0.00
0.24;10.38;45.34;3627.41;1944.86;-1682.54;0.00
0.25;11.98;38.67;3093.46;2128.50;-964.96;0.00
0.27;9.99;45.00;3600.20;2106.78;-1493.42;0.00
0.21;11.11;34.55;2764.01;1838.35;-925.66;0.00
0.25;10.34;39.61;3169.11;1990.85;-1178.26;0.00
0.25;10.60;36.60;2927.94;2054.18;-873.75;0.00
0.29;10.86;44.34;3547.28;2253.51;-1293.77;0.00
0.24;11.35;26.55;2124.11;2030.16;-93.95;0.00
0.20;9.65;47.35;3787.64;1672.07;-2115.57;0.00
0.28;11.32;42.53;3402.27;2219.65;-1182.62;0.00
0.24;11.07;39.33;3146.36;2009.53;-1136.83;0.00
0.28;11.57;36.05;2884.11;2243.27;-640.83;0.00
0.24;8.51;45.76;3660.69;1858.51;-1802.18;0.00
0.23;9.84;44.65;3571.66;1858.26;-1713.40;0.00
0.25;9.69;43.64;3490.87;1963.92;-1526.95;0.00
0.25;9.47;35.96;2876.80;1950.72;-926.08;0.00
0.20;12.27;46.26;3700.45;1856.60;-1843.84;0.00
0.26;12.78;32.70;2615.91;2214.83;-401.08;0.00
0.28;10.99;37.95;3036.21;2201.07;-835.13;0.00
0.21;10.81;38.05;3044.32;1790.47;-1253.85;0.00
0.24;10.92;46.36;3708.45;1983.94;-1724.51;0.00
0.29;10.30;42.51;3400.70;2227.53;-1173.17;0.00
0.22;10.63;38.58;3086.58;1878.77;-1207.81;0.00
0.24;10.49;40.42;3233.28;1968.54;-1264.73;0.00
0.23;10.25;33.05;2644.06;1913.51;-730.54;0.00
0.25;10.54;43.19;3455.53;2011.44;-1444.09;0.00
0.24;9.86;38.76;3100.74;1914.75;-1185.99;0.00
0.25;11.77;39.39;3150.98;2090.87;-1060.11;0.00
0.28;10.77;44.65;3572.21;2187.89;-1384.32;0.00
0.23;10.34;40.32;3225.91;1891.59;-1334.32;0.00
0.23;10.09;37.32;2985.39;1897.52;-1087.87;0.00
0.22;11.48;46.44;3715.00;1883.81;-1831.19;0.00
0.26;9.54;42.55;3404.40;2002.65;-1401.74;0.00
0.21;9.80;39.80;3183.61;1776.13;-1407.47;0.00
0.26;11.95;44.95;3595.62;2162.71;-1432.91;0.00
0.23;9.44;47.80;3823.62;1868.30;-1955.32;0.00
0.31;9.85;44.88;3590.23;2327.70;-1262.53;0.00
0.25;11.24;36.84;2947.46;2092.75;-854.71;0.00
0.27;10.99;47.34;3787.11;2195.54;-1591.57;0.00
0.25;10.40;34.85;2788.39;2000.09;-788.30;0.00
0.21;8.77;35.71;2856.76;1693.60;-1163.17;0.00
0.27;10.34;36.69;2935.57;2158.30;-777.27;0.00
0.21;10.78;36.39;2911.31;1779.22;-1132.09;0.00
0.23;8.52;39.78;3182.36;1802.83;-1379.53;0.00
0.21;8.69;41.35;3307.75;1713.68;-1594.07;0.00
0.29;9.21;40.95;3275.99;2165.02;-1110.98;0.00
0.22;11.00;37.29;2983.55;1860.29;-1123.26;0.00
0.25;10.01;43.55;3484.32;2006.35;-1477.97;0.00
0.27;9.41;39.84;3187.24;2064.08;-1123.16;0.00
0.24;8.48;35.04;2802.94;1885.18;-917.76;0.00
0.25;8.60;42.03;3362.65;1907.66;-1454.99;0.00
0.24;10.25;42.23;3378.31;1951.44;-1426.87;0.00
0.25;10.47;37.07;2965.51;2027.07;-938.43;0.00
0.21;13.32;46.21;3696.98;1939.88;-1757.10;0.00
0.27;10.87;52.06;4164.41;2140.75;-2023.66;0.00
0.26;12.11;43.05;3443.75;2187.76;-1255.99;0.00
0.30;11.67;39.04;3123.13;2359.82;-763.31;0.00
0.26;8.97;34.13;2730.55;1985.10;-745.44;0.00
0.25;9.76;49.59;3967.45;1976.21;-1991.24;0.00
0.26;9.68;33.86;2708.56;2065.16;-643.39;0.00
0.25;11.16;40.36;3228.65;2088.59;-1140.06;0.00
0.25;10.12;43.42;3473.34;2010.90;-1462.44;0.00
0.23;9.21;41.68;3334.30;1858.73;-1475.57;0.00
0.24;10.03;33.97;2717.56;1961.16;-756.40;0.00
0.24;9.47;37.79;3023.32;1925.92;-1097.40;0.00
0.25;9.76;39.91;3192.88;1959.47;-1233.41;0.00
0.22;9.77;37.84;3027.13;1787.04;-1240.09;0.00
0.26;9.03;39.07;3125.37;1989.03;-1136.34;0.00
0.24;8.98;41.26;3301.10;1865.58;-1435.52;0.00
0.29;11.19;46.01;3680.48;2318.84;-1361.65;0.00
0.27;12.89;36.35;2907.71;2289.89;-617.82;0.00
0.28;9.88;39.31;3144.92;2145.46;-999.46;0.00
0.23;8.56;37.04;2963.34;1802.39;-1160.95;0.00
0.27;9.35;38.04;3043.23;2075.02;-968.21;0.00
0.23;9.02;36.96;2956.59;1832.54;-1124.05;0.00
0.24;9.44;41.12;3289.65;1881.54;-1408.11;0.00
0.25;9.98;43.14;3451.20;1984.88;-1466.32;0.00
0.25;10.34;39.92;3193.92;2027.42;-1166.51;0.00
0.25;10.28;41.13;3290.51;1999.60;-1290.91;0.00
0.22;10.95;39.50;3160.34;1869.83;-1290.51;0.00
0.22;10.26;36.47;2917.95;1827.94;-1090.01;0.00
0.25;8.88;41.65;3332.28;1927.62;-1404.66;0.00
0.24;9.90;41.12;3289.81;1939.02;-1350.79;0.00
0.23;9.50;47.80;3824.36;1873.64;-1950.72;0.00
0.30;10.06;49.88;3990.11;2312.21;-1677.90;0.00
0.23;10.55;45.50;3639.89;1910.80;-1729.09;0.00
0.27;12.16;39.18;3134.37;2237.27;-897.09;0.00
0.29;10.19;47.07;3765.31;2212.79;-1552.52;0.00
0.22;9.94;34.67;2773.73;1834.49;-939.24;0.00
0.23;10.32;41.91;3352.86;1888.04;-1464.82;0.00
0.24;10.22;44.24;3539.55;1976.33;-1563.22;0.00
0.21;9.91;36.89;2951.46;1752.04;-1199.41;0.00
0.23;10.54;30.85;2468.15;1891.02;-577.13;0.00
0.25;11.13;47.04;3762.94;2071.03;-1691.91;0.00
0.24;10.79;35.62;2849.51;2011.01;-838.49;0.00
0.22;12.22;36.34;2907.36;1958.00;-949.36;0.00
0.24;9.78;35.63;2850.05;1932.81;-917.24;0.00
0.22;9.62;46.78;3742.34;1779.10;-1963.25;0.00
0.24;10.63;42.32;3385.43;1996.07;-1389.36;0.00
0.23;11.11;44.63;3570.32;1958.78;-1611.54;0.00
0.27;10.96;29.10;2327.82;2194.22;-133.60;0.00
0.22;10.58;36.98;2958.73;1833.74;-1124.98;0.00
0.26;11.32;37.13;2970.05;2128.66;-841.38;0.00
0.27;10.05;41.29;3303.17;2107.58;-1195.59;0.00
0.24;11.48;45.20;3615.70;2024.57;-1591.13;0.00
0.22;9.91;32.32;2585.79;1804.85;-780.94;0.00
0.23;8.64;43.92;3513.28;1821.80;-1691.48;0.00
0.25;9.46;43.82;3505.45;1972.28;-1533.18;0.00
0.28;7.80;42.60;3408.30;2026.16;-1382.15;0.00
0.29;10.33;37.44;2995.00;2230.48;-764.52;0.00
0.25;10.36;50.38;4030.23;2041.53;-1988.70;0.00
0.29;9.91;40.26;3220.60;2253.88;-966.72;0.00
0.27;8.93;34.72;2777.25;2061.12;-716.13;0.00
0.24;10.09;41.36;3308.60;1921.34;-1387.26;0.00
0.25;9.09;43.08;3446.56;1946.37;-1500.19;0.00
0.24;10.13;46.98;3758.71;1961.73;-1796.98;0.00
0.23;9.16;40.24;3218.99;1859.45;-1359.53;0.00
0.26;10.07;39.28;3142.44;2063.12;-1079.32;0.00
0.21;10.83;39.28;3142.39;1786.92;-1355.47;0.00
0.25;11.11;40.20;3216.38;2029.49;-1186.89;0.00
0.28;10.03;45.33;3626.13;2150.20;-1475.93;0.00
0.28;9.82;41.43;3314.02;2148.96;-1165.07;0.00
0.26;10.78;40.73;3258.56;2090.68;-1167.88;0.00
0.20;8.67;44.80;3583.61;1644.67;-1938.94;0.00
0.27;9.85;45.62;3649.45;2123.06;-1526.39;0.00
0.29;9.66;42.03;3362.73;2237.22;-1125.51;0.00
0.27;9.72;44.54;3563.46;2085.88;-1477.58;0.00
0.28;10.51;46.18;3694.71;2206.56;-1488.15;0.00
0.25;10.80;38.82;3105.38;2048.63;-1056.75;0.00
0.23;8.55;41.28;3302.00;1828.57;-1473.43;0.00
0.23;10.50;42.65;3412.11;1899.96;-1512.15;0.00
0.25;9.46;44.17;3533.23;1968.07;-1565.16;0.00
0.24;10.13;41.13;3290.21;1954.06;-1336.15;0.00
0.22;9.69;38.53;3082.16;1779.55;-1302.62;0.00
0.25;9.49;34.54;2763.44;1973.54;-789.89;0.00
0.27;10.05;28.05;2243.94;2098.92;-145.02;0.00
0.25;11.63;31.26;2500.63;2065.02;-435.62;0.00
0.29;10.55;39.72;3177.35;2232.78;-944.57;0.00
0.25;9.60;46.47;3717.60;1979.75;-1737.85;0.00
0.26;8.61;29.98;2398.08;1957.95;-440.13;0.00
0.25;10.56;35.16;2812.47;2013.30;-799.17;0.00
0.24;9.27;42.60;3407.98;1900.79;-1507.19;0.00
0.28;12.35;47.51;3801.04;2277.71;-1523.33;0.00
0.25;10.45;42.54;3403.55;1997.93;-1405.62;0.00
0.19;10.43;39.53;3162.58;1697.40;-1465.19;0.00
0.25;10.22;45.25;3619.84;2025.33;-1594.51;0.00
0.22;11.30;46.02;3681.46;1870.03;-1811.42;0.00
0.25;10.07;40.85;3268.24;2001.12;-1267.12;0.00
0.25;10.01;40.96;3277.18;1999.47;-1277.70;0.00
0.30;9.70;31.86;2549.11;2296.23;-252.87;0.00
0.22;10.83;46.90;3752.31;1843.27;-1909.03;0.00
0.23;8.78;45.03;3602.24;1819.90;-1782.34;0.00
0.26;9.93;33.67;2693.99;2076.18;-617.80;0.00
0.26;11.41;37.75;3020.08;2125.38;-894.70;0.00
0.23;12.68;34.36;2749.02;2011.26;-737.76;0.00
0.27;13.03;41.26;3300.50;2306.81;-993.69;0.00
0.22;10.46;39.73;3178.70;1867.10;-1311.60;0.00
0.28;11.23;31.22;2497.70;2262.36;-235.33;0.00
0.24;9.34;37.85;3028.06;1906.02;-1122.04;0.00
0.28;10.82;40.99;3279.59;2232.54;-1047.05;0.00
0.27;9.86;49.25;3939.67;2110.10;-1829.57;0.00
0.23;10.40;42.99;3439.01;1914.71;-1524.30;0.00
0.23;8.08;32.99;2638.88;1764.32;-874.56;0.00
0.28;11.26;50.79;4063.58;2269.33;-1794.25;0.00
0.23;10.85;41.12;3289.24;1925.37;-1363.87;0.00
0.24;11.15;36.83;2946.61;2003.19;-943.42;0.00
0.27;10.63;43.78;3502.28;2131.20;-1371.08;0.00
0.27;8.80;42.43;3394.26;2031.58;-1362.68;0.00
0.26;8.61;42.08;3366.47;1952.47;-1414.00;0.00
0.26;10.68;42.61;3408.73;2119.34;-1289.40;0.00
0.24;10.36;41.27;3301.92;1979.18;-1322.74;0.00
0.25;10.37;43.02;3441.83;2028.49;-1413.34;0.00
0.24;9.18;34.41;2753.05;1906.72;-846.33;0.00
0.26;10.99;45.42;3633.27;2115.08;-1518.19;0.00
0.25;10.62;44.62;3569.71;2006.67;-1563.04;0.00
0.25;8.48;36.40;2912.31;1930.57;-981.74;0.00
0.25;11.68;39.09;3126.96;2086.73;-1040.23;0.00
0.27;8.81;41.76;3340.42;2073.38;-1267.04;0.00
0.23;10.83;41.94;3354.95;1913.85;-1441.10;0.00
0.23;8.79;43.01;3440.97;1809.27;-1631.70;0.00
0.28;10.44;37.86;3028.47;2189.53;-838.94;0.00
0.25;9.80;40.77;3261.89;2005.54;-1256.35;0.00
0.24;10.08;36.50;2920.05;1959.77;-960.28;0.00
0.25;11.35;33.97;2717.70;2043.87;-673.83;0.00
0.23;12.51;41.43;3314.12;2040.24;-1273.87;0.00
0.28;8.83;39.17;3133.72;2122.04;-1011.68;0.00
0.24;8.78;37.22;2977.94;1893.50;-1084.44;0.00
0.24;10.75;35.77;2861.93;1957.02;-904.91;0.00
0.24;9.73;37.63;3010.63;1900.65;-1109.98;0.00
0.27;10.52;46.79;3743.26;2153.73;-1589.52;0.00
0.23;10.86;40.84;3267.13;1918.57;-1348.56;0.00
0.27;12.31;31.48;2518.52;2224.97;-293.55;0.00
0.23;9.38;37.56;3004.91;1865.89;-1139.02;0.00
0.24;9.28;42.19;3375.35;1875.84;-1499.50;0.00
0.24;10.08;49.77;3981.73;1931.93;-2049.79;0.00
0.30;11.48;35.98;2878.75;2352.06;-526.69;0.00
0.24;10.53;44.52;3561.85;1991.06;-1570.80;0.00
0.25;8.19;39.75;3179.66;1896.46;-1283.21;0.00
0.28;9.75;41.93;3354.10;2172.42;-1181.68;0.00
0.28;9.27;34.59;2767.39;2112.66;-654.73;0.00
0.28;10.90;43.22;3457.86;2233.18;-1224.68;0.00
0.22;10.49;39.83;3186.56;1820.38;-1366.18;0.00
0.25;10.78;44.28;3542.64;2054.28;-1488.36;0.00
0.26;12.88;44.38;3550.18;2205.82;-1344.37;0.00
0.23;10.99;30.52;2441.89;1928.57;-513.32;0.00
0.28;11.23;38.53;3082.14;2234.41;-847.73;0.00
0.23;9.31;41.18;3294.29;1849.86;-1444.43;0.00
0.25;10.18;46.13;3690.77;1982.97;-1707.81;0.00
0.26;9.58;35.72;2857.99;2049.44;-808.55;0.00
0.23;9.07;43.56;3485.13;1840.27;-1644.87;0.00
0.29;8.81;35.48;2838.29;2163.90;-674.39;0.00
0.30;9.64;36.11;2888.61;2256.84;-631.77;0.00
0.25;7.48;42.87;3429.32;1833.06;-1596.26;0.00
0.29;9.33;41.63;3330.61;2169.49;-1161.12;0.00
0.26;10.05;38.56;3084.51;2056.92;-1027.59;0.00
0.23;11.43;39.46;3156.92;1940.68;-1216.23;0.00
0.26;11.47;31.14;2491.56;2147.91;-343.65;0.00
0.27;13.62;44.30;3544.36;2288.28;-1256.08;0.00
0.22;9.83;41.14;3291.34;1828.56;-1462.78;0.00
0.22;10.92;37.31;2985.18;1845.66;-1139.52;0.00
0.25;8.83;42.89;3431.41;1929.84;-1501.57;0.00
0.22;10.67;40.97;3277.62;1857.99;-1419.64;0.00
0.26;12.27;38.89;3111.57;2173.74;-937.83;0.00
0.25;12.61;27.50;2199.89;2112.10;-87.79;0.00
0.24;9.62;38.05;3044.31;1911.72;-1132.59;0.00
0.28;8.88;31.87;2549.78;2098.07;-451.71;0.00
0.23;9.98;41.72;3337.37;1892.17;-1445.21;0.00
0.18;11.80;47.20;3776.07;1714.14;-2061.93;0.00
0.21;10.46;34.29;2742.82;1769.00;-973.82;0.00
0.27;7.46;40.92;3273.79;1962.69;-1311.10;0.00
0.27;11.39;44.58;3566.68;2198.57;-1368.10;0.00
0.27;7.74;40.15;3211.94;1998.58;-1213.36;0.00
0.27;8.59;43.39;3471.37;2065.90;-1405.48;0.00
0.27;11.39;34.11;2728.84;2182.41;-546.42;0.00
0.23;9.16;47.33;3786.54;1813.75;-1972.79;0.00
0.25;10.78;45.12;3609.21;2059.86;-1549.35;0.00
0.25;10.27;35.65;2851.95;2010.88;-841.07;0.00
0.27;9.92;45.13;3610.35;2082.27;-1528.09;0.00
0.29;10.31;37.06;2964.41;2252.43;-711.98;0.00
0.24;12.38;39.22;3137.68;2083.79;-1053.90;0.00
0.24;10.29;41.06;3284.49;1928.83;-1355.66;0.00
0.25;11.81;41.02;3281.29;2075.15;-1206.14;0.00
0.20;12.22;42.69;3415.02;1802.49;-1612.53;0.00
0.26;9.47;36.68;2934.25;2040.47;-893.78;0.00
0.24;9.80;44.37;3549.77;1940.01;-1609.77;0.00
0.25;12.34;43.79;3503.19;2133.10;-1370.09;0.00
0.27;8.69;42.43;3394.20;2064.45;-1329.75;0.00
0.19;11.64;34.20;2735.89;1713.19;-1022.69;0.00
0.22;11.17;46.23;3698.05;1870.54;-1827.51;0.00
0.26;9.92;38.60;3087.76;2025.38;-1062.38;0.00
0.28;7.15;36.98;2958.58;2033.63;-924.95;0.00
0.25;9.81;39.93;3194.28;1975.90;-1218.38;0.00
0.29;10.57;45.30;3624.30;2240.07;-1384.23;0.00
0.27;9.06;41.52;3321.21;2075.49;-1245.73;0.00
0.18;10.09;39.04;3122.86;1621.28;-1501.58;0.00
0.27;10.48;45.80;3664.11;2131.07;-1533.04;0.00
0.28;10.86;44.98;3598.80;2208.58;-1390.22;0.00
0.24;11.15;40.30;3223.84;1989.24;-1234.60;0.00
0.25;9.51;42.86;3428.56;1969.59;-1458.96;0.00
0.30;9.96;38.57;3085.64;2274.61;-811.04;0.00
0.21;10.82;47.75;3819.60;1820.76;-1998.85;0.00
0.23;11.31;45.67;3653.54;1938.07;-1715.47;0.00
0.23;10.77;44.71;3576.65;1917.56;-1659.09;0.00
0.25;11.30;48.15;3851.92;2045.18;-1806.74;0.00
0.23;9.62;41.24;3299.23;1867.00;-1432.23;0.00
0.26;9.57;32.14;2571.28;2048.55;-522.72;0.00
0.20;9.42;40.64;3250.86;1647.66;-1603.19;0.00
0.21;10.97;37.68;3014.02;1799.59;-1214.43;0.00
0.22;11.10;39.94;3195.08;1881.03;-1314.06;0.00
0.28;8.21;40.59;3247.31;2063.13;-1184.18;0.00
0.24;10.70;37.28;2982.79;1975.87;-1006.93;0.00
0.23;11.73;37.59;3007.11;2001.91;-1005.20;0.00
0.28;10.42;40.65;3251.68;2206.71;-1044.97;0.00
0.25;8.60;42.44;3395.43;1901.53;-1493.90;0.00
0.23;11.37;43.09;3447.54;1948.56;-1498.99;0.00
0.26;9.30;36.39;2911.31;2007.03;-904.28;0.00
0.24;8.81;38.37;3069.94;1872.64;-1197.30;0.00
0.29;13.25;37.21;2976.87;2383.46;-593.41;0.00
0.30;9.01;40.75;3260.03;2211.23;-1048.80;0.00
0.24;12.08;45.36;3629.17;2057.23;-1571.94;0.00
0.26;9.78;38.52;3081.31;2063.43;-1017.88;0.00
0.21;9.56;45.84;3667.24;1748.31;-1918.93;0.00
0.27;10.06;41.45;3315.85;2109.97;-1205.87;0.00
0.29;10.19;30.35;2428.39;2235.21;-193.18;0.00
0.29;9.80;40.43;3234.33;2199.72;-1034.61;0.00
0.30;10.06;40.66;3253.13;2311.46;-941.66;0.00
0.30;8.86;39.60;3168.12;2239.76;-928.37;0.00
0.24;10.07;38.48;3078.07;1915.75;-1162.33;0.00
0.26;11.64;36.04;2883.06;2150.11;-732.95;0.00
0.20;10.26;44.80;3584.32;1743.31;-1841.01;0.00
0.25;10.48;42.01;3360.93;2005.69;-1355.25;0.00
0.24;8.46;44.35;3547.78;1839.28;-1708.50;0.00
0.27;12.15;44.38;3550.47;2229.69;-1320.78;0.00
0.26;8.90;38.87;3109.97;1969.74;-1140.23;0.00
0.26;13.92;44.15;3532.16;2262.77;-1269.38;0.00
0.26;11.35;39.51;3160.66;2153.64;-1007.02;0.00
0.25;10.01;40.33;3226.02;2019.98;-1206.04;0.00
0.27;11.51;38.58;3086.52;2189.78;-896.74;0.00
0.24;10.45;35.64;2851.47;1956.39;-895.09;0.00
0.25;10.96;44.57;3565.29;2074.99;-1490.30;0.00
0.21;10.81;46.29;3702.89;1800.07;-1902.82;0.00
0.28;9.42;43.29;3462.92;2114.18;-1348.74;0.00
0.22;10.39;43.46;3476.93;1831.12;-1645.82;0.00
0.22;10.70;41.87;3349.45;1835.79;-1513.66;0.00
0.24;9.92;49.90;3992.09;1920.89;-2071.21;0.00
0.24;13.29;36.50;2919.95;2120.11;-799.84;0.00
0.26;7.31;37.34;2986.82;1892.63;-1094.20;0.00
0.23;11.55;39.65;3171.72;1973.06;-1198.67;0.00
0.24;10.51;35.16;2813.04;1973.00;-840.04;0.00
0.23;9.99;34.62;2769.73;1909.98;-859.74;0.00
0.28;8.79;38.39;3070.90;2111.49;-959.41;0.00
0.21;10.62;42.26;3380.74;1792.04;-1588.70;0.00
0.23;11.53;47.63;3810.29;1981.81;-1828.48;0.00
0.28;10.25;38.49;3078.94;2175.85;-903.09;0.00
0.19;10.68;39.11;3128.40;1678.85;-1449.56;0.00
0.24;9.99;48.56;3884.81;1963.71;-1921.10;0.00
0.23;10.27;44.68;3574.45;1917.62;-1656.83;0.00
0.24;10.57;47.27;3781.90;1991.10;-1790.80;0.00
0.25;9.68;41.65;3332.01;2006.88;-1325.13;0.00
0.21;12.08;41.67;3333.91;1889.36;-1444.55;0.00
0.27;10.76;42.37;3389.85;2159.89;-1229.96;0.00
0.27;8.64;36.06;2884.59;2055.99;-828.61;0.00
0.20;9.13;42.34;3387.06;1671.99;-1715.07;0.00
0.24;10.72;38.13;3050.26;1988.74;-1061.52;0.00
0.23;9.27;42.08;3366.20;1869.58;-1496.62;0.00
0.23;11.73;44.03;3522.42;1981.25;-1541.17;0.00
0.22;9.34;43.76;3501.18;1774.06;-1727.12;0.00
0.26;11.84;31.53;2522.45;2150.50;-371.96;0.00
0.25;10.79;42.02;3361.23;2014.09;-1347.14;0.00
0.20;9.01;38.38;3070.58;1670.93;-1399.66;0.00
0.26;10.73;45.92;3673.72;2110.11;-1563.61;0.00
0.29;8.59;38.23;3058.25;2169.02;-889.23;0.00
0.23;9.84;45.34;3627.44;1885.75;-1741.69;0.00
0.20;11.07;48.24;3858.84;1762.36;-2096.48;0.00
0.28;10.32;44.05;3524.07;2165.26;-1358.81;0.00
0.24;9.95;44.16;3532.46;1931.97;-1600.49;0.00
0.21;11.46;43.12;3449.56;1828.63;-1620.93;0.00
0.25;9.06;33.75;2699.80;1953.93;-745.87;0.00
0.30;9.89;42.48;3398.59;2292.43;-1106.16;0.00
0.24;10.42;44.42;3553.82;1990.49;-1563.33;0.00
0.27;10.79;41.85;3347.78;2151.43;-1196.35;0.00
0.23;9.73;39.24;3139.52;1840.98;-1298.54;0.00
0.25;11.68;49.02;3921.25;2093.12;-1828.14;0.00
0.27;10.54;25.46;2036.95;2169.27;132.32;1.00
0.25;8.73;48.05;3843.63;1909.48;-1934.15;0.00
0.24;9.60;41.24;3299.45;1914.92;-1384.53;0.00
0.25;8.77;37.85;3027.78;1943.76;-1084.02;0.00
0.27;11.35;43.77;3501.70;2210.90;-1290.80;0.00
0.29;12.14;41.96;3356.75;2354.58;-1002.16;0.00
0.26;9.16;40.23;3218.17;2018.87;-1199.30;0.00
0.27;10.59;42.02;3361.21;2167.26;-1193.95;0.00
0.21;9.72;47.68;3814.03;1774.87;-2039.17;0.00
0.24;10.02;32.33;2586.15;1967.39;-618.76;0.00
0.28;10.11;44.16;3533.15;2204.70;-1328.45;0.00
0.24;9.15;36.64;2931.29;1898.67;-1032.63;0.00
0.29;8.22;35.15;2811.66;2138.96;-672.70;0.00
0.27;9.91;32.64;2610.94;2097.94;-513.00;0.00
0.25;10.04;34.65;2771.90;1985.82;-786.08;0.00
0.24;11.17;33.99;2718.89;2012.65;-706.25;0.00
0.28;9.58;35.50;2840.15;2136.65;-703.50;0.00
0.27;11.11;37.03;2962.15;2192.04;-770.11;0.00
0.24;10.78;41.34;3307.45;2008.82;-1298.63;0.00
0.21;10.67;38.33;3066.71;1810.62;-1256.09;0.00
0.20;9.94;44.22;3537.47;1731.52;-1805.94;0.00
0.21;9.26;39.35;3148.35;1734.73;-1413.62;0.00
0.25;11.72;37.74;3018.91;2117.11;-901.80;0.00
0.26;9.60;38.10;3048.30;2061.72;-986.58;0.00
0.25;9.27;47.15;3771.87;1966.94;-1804.93;0.00
0.26;10.57;34.21;2736.53;2074.82;-661.71;0.00
0.27;10.55;49.37;3949.34;2138.86;-1810.48;0.00
0.24;10.16;46.54;3723.48;1975.82;-1747.66;0.00
0.24;9.46;48.81;3905.19;1900.17;-2005.02;0.00
0.23;9.99;31.87;2549.84;1880.96;-668.88;0.00
0.25;8.37;36.08;2886.76;1925.09;-961.67;0.00
0.26;10.02;44.69;3574.86;2051.50;-1523.37;0.00
0.28;7.74;42.66;3412.81;2042.67;-1370.14;0.00
0.25;8.93;43.98;3518.22;1938.18;-1580.04;0.00
0.23;10.47;38.26;3060.88;1895.20;-1165.67;0.00
0.29;9.12;47.01;3760.77;2197.75;-1563.01;0.00
0.25;11.15;38.70;3096.00;2035.14;-1060.85;0.00
0.32;11.94;40.28;3222.41;2484.30;-738.12;0.00
0.22;11.00;38.55;3084.05;1903.32;-1180.73;0.00
0.23;10.58;34.71;2777.16;1895.30;-881.86;0.00
0.23;10.51;39.10;3128.30;1904.48;-1223.82;0.00
0.23;10.62;39.14;3131.03;1895.67;-1235.36;0.00
0.17;9.03;45.92;3673.29;1459.30;-2213.99;0.00
0.24;10.55;38.53;3082.42;1965.43;-1116.99;0.00
0.26;9.45;51.77;4141.48;2051.41;-2090.06;0.00
0.24;10.00;36.42;2913.55;1958.78;-954.77;0.00
0.31;10.02;47.31;3784.93;2351.58;-1433.35;0.00
0.25;8.41;36.98;2958.01;1898.13;-1059.88;0.00
0.28;9.97;40.02;3201.70;2165.68;-1036.02;0.00
0.23;8.83;44.81;3585.19;1831.60;-1753.59;0.00
0.21;8.76;37.21;2977.06;1724.68;-1252.38;0.00
0.25;12.29;40.25;3220.20;2123.38;-1096.82;0.00
0.27;10.23;38.60;3088.24;2101.11;-987.13;0.00
0.24;9.77;42.00;3360.33;1900.58;-1459.75;0.00
0.27;9.47;39.08;3126.08;2099.94;-1026.13;0.00
0.25;11.25;38.64;3090.89;2061.26;-1029.63;0.00
0.31;9.35;46.20;3696.18;2314.78;-1381.40;0.00
0.30;9.85;47.09;3767.46;2308.13;-1459.33;0.00
0.22;11.20;37.98;3038.24;1895.36;-1142.89;0.00
0.23;11.96;43.75;3500.09;1958.54;-1541.56;0.00
0.18;9.83;32.67;2613.43;1572.35;-1041.07;0.00
0.26;10.71;54.34;4347.36;2076.07;-2271.29;0.00
0.25;8.64;36.68;2934.06;1949.92;-984.13;0.00
0.25;10.31;43.85;3507.94;2020.36;-1487.58;0.00
0.24;10.06;47.94;3835.47;1967.31;-1868.15;0.00
0.26;6.56;39.52;3161.67;1881.97;-1279.70;0.00
0.28;8.98;41.47;3317.54;2094.30;-1223.24;0.00
0.27;10.73;38.56;3084.68;2148.65;-936.04;0.00
0.21;9.43;47.75;3820.08;1736.75;-2083.33;0.00
0.24;11.73;48.40;3872.25;2024.93;-1847.32;0.00
0.25;9.64;45.61;3648.86;2001.28;-1647.58;0.00
0.23;10.83;45.61;3648.53;1923.59;-1724.94;0.00
0.24;10.61;38.88;3110.48;1948.85;-1161.63;0.00
0.24;9.59;40.98;3278.29;1920.44;-1357.85;0.00
0.23;11.09;35.09;2807.28;1954.29;-853.00;0.00
0.23;9.22;39.05;3124.20;1853.94;-1270.26;0.00
0.23;8.48;35.53;2842.06;1780.99;-1061.07;0.00
0.25;10.10;35.65;2852.20;1980.35;-871.84;0.00
0.28;9.58;44.29;3542.92;2146.40;-1396.53;0.00
0.23;9.15;44.48;3558.24;1846.98;-1711.25;0.00
0.22;10.47;46.55;3724.24;1829.27;-1894.97;0.00
0.27;9.44;37.10;2968.36;2112.26;-856.10;0.00
0.27;10.53;43.73;3498.34;2137.61;-1360.73;0.00
0.25;10.97;42.42;3393.86;2077.05;-1316.82;0.00
0.26;10.38;45.92;3673.68;2070.58;-1603.10;0.00
0.25;11.78;38.19;3055.37;2065.44;-989.93;0.00
0.28;10.73;44.23;3538.52;2200.83;-1337.68;0.00
0.25;10.08;40.50;3239.88;1996.34;-1243.55;0.00
0.27;11.86;35.80;2863.77;2218.70;-645.07;0.00
0.26;10.63;29.81;2384.52;2078.72;-305.80;0.00
0.26;10.01;34.26;2740.81;2050.90;-689.91;0.00
0.25;10.72;46.35;3708.17;2022.48;-1685.69;0.00
0.28;12.02;32.76;2620.47;2291.39;-329.08;0.00
0.24;10.22;42.46;3396.78;1924.23;-1472.55;0.00
0.25;9.98;45.31;3624.70;1995.90;-1628.79;0.00
0.21;8.28;39.28;3142.42;1693.41;-1449.01;0.00
0.24;12.09;38.21;3057.01;2054.38;-1002.63;0.00
0.23;9.87;48.85;3908.33;1846.17;-2062.16;0.00
0.25;10.06;42.97;3437.61;2013.01;-1424.60;0.00
0.23;8.95;32.97;2637.65;1796.42;-841.23;0.00
0.24;10.66;39.70;3175.81;1991.05;-1184.76;0.00
0.27;9.66;42.11;3368.54;2083.68;-1284.85;0.00
0.26;9.77;33.54;2683.06;2032.56;-650.50;0.00
0.22;9.76;47.15;3772.10;1793.89;-1978.21;0.00
0.31;11.41;35.69;2854.95;2446.46;-408.50;0.00
0.25;10.20;39.09;3126.81;2018.70;-1108.11;0.00
0.24;11.89;33.58;2686.68;2027.22;-659.46;0.00
0.23;11.23;40.15;3212.27;1940.52;-1271.75;0.00
0.27;6.68;37.98;3038.25;1944.70;-1093.56;0.00
0.26;9.60;38.44;3075.27;2015.73;-1059.54;0.00
0.28;8.68;41.61;3328.75;2093.24;-1235.51;0.00
0.24;10.68;38.94;3115.25;1955.34;-1159.91;0.00
0.23;10.60;46.59;3727.43;1927.14;-1800.29;0.00
0.23;10.63;42.78;3422.65;1905.95;-1516.70;0.00
0.26;9.93;45.92;3673.37;2035.12;-1638.25;0.00
0.22;10.66;39.25;3140.25;1836.02;-1304.23;0.00
0.29;10.75;48.90;3912.37;2279.14;-1633.23;0.00
0.29;13.15;38.73;3098.20;2422.97;-675.23;0.00
0.27;9.44;33.25;2659.99;2063.08;-596.91;0.00
0.22;9.75;32.53;2602.07;1837.46;-764.61;0.00
0.26;11.30;47.04;3763.55;2128.45;-1635.10;0.00
0.24;7.77;44.04;3523.40;1800.06;-1723.34;0.00
0.24;12.35;42.46;3396.69;2065.78;-1330.91;0.00
0.24;8.69;48.50;3880.38;1867.83;-2012.55;0.00
0.27;11.21;42.50;3399.77;2203.48;-1196.28;0.00
0.26;9.92;41.37;3309.56;2029.46;-1280.09;0.00
0.24;8.37;48.10;3848.30;1880.78;-1967.52;0.00
0.25;8.77;52.07;4165.94;1950.62;-2215.33;0.00
0.25;10.20;48.51;3880.65;2006.44;-1874.21;0.00
0.21;11.98;48.41;3873.18;1864.89;-2008.29;0.00
0.27;8.42;42.45;3396.11;2034.63;-1361.48;0.00
0.19;9.43;42.72;3417.24;1645.08;-1772.16;0.00
0.28;7.93;39.82;3185.24;2069.29;-1115.95;0.00
0.27;8.61;40.26;3221.11;2015.71;-1205.40;0.00
0.24;10.55;39.43;3154.64;1967.09;-1187.55;0.00
0.27;7.73;40.74;3258.83;2005.56;-1253.27;0.00
0.27;9.76;48.02;3841.41;2099.59;-1741.82;0.00
0.21;10.34;36.23;2898.33;1754.37;-1143.96;0.00
0.24;7.64;38.34;3066.86;1790.33;-1276.53;0.00
0.27;12.27;37.53;3002.64;2255.81;-746.83;0.00
0.24;10.81;38.26;3060.98;1998.84;-1062.14;0.00
0.22;10.88;41.18;3294.46;1861.49;-1432.97;0.00
0.25;10.49;40.29;3222.90;2031.71;-1191.19;0.00
0.26;9.20;40.76;3260.83;2031.83;-1229.00;0.00
0.24;11.64;35.23;2818.24;2047.15;-771.09;0.00
0.22;10.50;38.78;3102.18;1876.50;-1225.68;0.00
0.25;9.53;35.50;2840.38;1999.37;-841.00;0.00
0.28;9.50;32.40;2592.40;2157.40;-435.00;0.00
0.21;10.60;43.82;3505.44;1775.41;-1730.03;0.00
0.26;10.41;44.54;3563.34;2056.26;-1507.08;0.00
0.24;9.26;38.08;3046.15;1923.22;-1122.93;0.00
0.21;12.22;40.26;3221.05;1864.89;-1356.17;0.00
0.28;9.99;36.78;2942.76;2178.47;-764.29;0.00
0.25;9.21;44.39;3550.94;1969.12;-1581.82;0.00
0.26;10.77;46.92;3753.35;2073.63;-1679.72;0.00
0.23;10.40;38.59;3087.38;1909.84;-1177.53;0.00
0.27;10.53;36.54;2923.32;2134.92;-788.39;0.00
0.25;10.97;37.59;3007.53;2023.05;-984.49;0.00
0.26;9.45;45.80;3663.89;2021.21;-1642.68;0.00
0.24;9.44;53.52;4281.59;1915.74;-2365.85;0.00
0.26;9.65;33.16;2652.77;2013.69;-639.09;0.00
0.23;10.74;35.29;2823.33;1949.47;-873.86;0.00
0.25;9.23;39.22;3137.45;1943.42;-1194.03;0.00
0.23;10.48;34.83;2786.53;1878.42;-908.11;0.00
0.22;11.97;40.41;3232.52;1929.47;-1303.06;0.00
0.25;10.39;40.59;3247.28;2019.97;-1227.31;0.00
0.23;8.36;36.86;2948.87;1771.93;-1176.94;0.00
0.26;11.55;41.04;3283.48;2122.66;-1160.82;0.00
0.18;11.39;42.01;3360.95;1681.02;-1679.93;0.00
0.21;10.48;40.36;3228.96;1818.72;-1410.24;0.00
0.25;8.80;35.03;2802.20;1923.65;-878.55;0.00
0.28;10.36;40.92;3273.82;2182.67;-1091.15;0.00
0.26;7.89;37.65;3011.66;1945.13;-1066.53;0.00
0.25;9.31;35.79;2863.59;1971.31;-892.28;0.00
0.21;7.48;45.87;3669.40;1637.11;-2032.29;0.00
0.24;9.38;38.22;3057.87;1899.55;-1158.33;0.00
0.27;10.60;37.22;2977.55;2137.52;-840.03;0.00
0.19;10.11;35.38;2830.60;1641.56;-1189.05;0.00
0.28;8.47;38.31;3064.54;2061.97;-1002.57;0.00
0.22;11.85;40.12;3209.46;1945.01;-1264.45;0.00
0.21;9.12;36.43;2914.35;1696.39;-1217.96;0.00
0.25;12.36;37.86;3028.97;2148.10;-880.86;0.00
0.24;10.38;43.40;3471.72;1961.15;-1510.57;0.00
0.24;8.78;31.53;2522.08;1859.62;-662.46;0.00
0.24;8.07;48.77;3901.39;1825.81;-2075.58;0.00
0.28;10.79;38.49;3079.59;2188.22;-891.38;0.00
0.25;10.79;41.89;3351.23;2060.55;-1290.68;0.00
0.21;8.38;35.60;2848.31;1703.97;-1144.34;0.00
0.26;11.42;44.40;3551.62;2152.92;-1398.70;0.00
0.22;9.61;41.23;3298.48;1791.70;-1506.78;0.00
0.24;11.56;36.95;2955.84;2050.64;-905.20;0.00
0.29;9.53;37.32;2985.85;2194.74;-791.11;0.00
0.21;11.53;36.60;2927.68;1839.75;-1087.93;0.00
0.24;10.25;41.08;3286.10;1979.75;-1306.35;0.00
0.24;10.22;47.48;3798.63;1970.96;-1827.67;0.00
0.24;11.08;36.31;2905.18;1992.82;-912.36;0.00
0.26;9.20;34.61;2768.85;2016.49;-752.37;0.00
0.33;10.11;43.61;3489.00;2488.08;-1000.92;0.00
0.27;9.78;32.96;2637.01;2109.97;-527.04;0.00
0.27;11.70;44.33;3546.69;2207.38;-1339.30;0.00
0.24;9.85;36.16;2893.08;1941.47;-951.61;0.00
0.26;9.26;34.14;2731.18;2012.10;-719.08;0.00
0.27;11.07;31.68;2534.40;2161.60;-372.80;0.00
0.24;7.50;48.70;3896.37;1831.29;-2065.09;0.00
0.28;8.09;38.96;3117.10;2064.78;-1052.32;0.00
0.23;10.29;43.21;3456.89;1872.07;-1584.82;0.00
0.27;10.66;45.77;3661.84;2166.93;-1494.91;0.00
0.26;10.90;38.70;3096.39;2079.94;-1016.45;0.00
0.22;7.89;40.09;3207.56;1723.64;-1483.92;0.00
0.32;9.00;38.33;3066.04;2371.44;-694.60;0.00
0.20;8.72;40.61;3248.69;1612.61;-1636.08;0.00
0.25;9.61;35.60;2848.03;1983.86;-864.17;0.00
0.22;11.43;42.65;3411.97;1924.91;-1487.07;0.00
0.28;9.70;41.41;3313.01;2152.12;-1160.89;0.00
0.27;10.74;38.66;3093.06;2134.73;-958.33;0.00
0.20;11.13;48.87;3909.69;1764.40;-2145.29;0.00
0.25;8.96;44.07;3525.58;1968.95;-1556.63;0.00
0.21;8.43;35.71;2856.95;1693.39;-1163.56;0.00
0.27;10.68;41.27;3301.51;2177.04;-1124.47;0.00
0.26;9.81;35.71;2856.64;2035.90;-820.74;0.00
0.27;11.21;40.23;3218.43;2170.43;-1048.00;0.00
0.24;8.64;48.39;3871.39;1872.07;-1999.31;0.00
0.28;9.62;37.07;2965.24;2180.14;-785.10;0.00
0.31;9.41;29.37;2349.21;2290.30;-58.91;0.00
0.25;10.43;35.99;2879.01;1997.52;-881.49;0.00
0.28;11.56;32.89;2630.82;2237.13;-393.69;0.00
0.28;11.21;37.55;3003.76;2230.94;-772.82;0.00
0.28;11.62;39.45;3156.25;2259.29;-896.96;0.00
0.25;11.09;41.16;3292.80;2060.28;-1232.52;0.00
0.27;9.14;42.79;3423.49;2065.49;-1357.99;0.00
0.24;12.13;40.51;3240.65;2051.10;-1189.56;0.00
0.25;9.00;41.88;3350.72;1943.25;-1407.47;0.00
0.23;9.58;49.30;3944.13;1869.25;-2074.87;0.00
0.20;10.81;37.87;3029.55;1760.62;-1268.93;0.00
0.22;10.12;44.78;3582.59;1853.52;-1729.07;0.00
0.28;10.49;41.32;3305.87;2211.55;-1094.32;0.00
0.27;9.91;31.45;2516.02;2089.13;-426.89;0.00
0.22;11.94;35.89;2871.35;1919.43;-951.92;0.00
0.24;7.95;39.34;3147.16;1813.38;-1333.78;0.00
0.24;10.22;43.68;3494.40;1952.64;-1541.76;0.00
0.26;10.21;34.60;2767.69;2086.09;-681.60;0.00
0.20;9.72;41.00;3280.38;1716.30;-1564.08;0.00
0.28;8.38;40.04;3202.81;2064.27;-1138.54;0.00
0.28;8.55;38.20;3056.21;2117.56;-938.65;0.00
0.27;11.64;38.41;3072.76;2192.47;-880.29;0.00
0.21;9.69;43.60;3487.92;1743.72;-1744.20;0.00
0.23;8.72;33.15;2651.62;1809.19;-842.43;0.00
0.22;11.30;32.73;2618.17;1869.08;-749.09;0.00
0.25;9.81;46.83;3746.76;1978.35;-1768.41;0.00
0.27;11.53;34.76;2781.11;2222.61;-558.51;0.00
0.23;9.52;33.48;2678.39;1861.60;-816.79;0.00
0.28;11.41;36.75;2940.16;2264.03;-676.14;0.00
0.27;8.61;37.47;2997.99;2067.25;-930.75;0.00
0.18;11.78;38.32;3065.71;1690.90;-1374.81;0.00
0.25;10.75;38.52;3081.30;2009.18;-1072.12;0.00
0.28;11.47;43.97;3517.95;2257.62;-1260.32;0.00
0.27;11.30;38.82;3105.23;2192.75;-912.48;0.00
0.24;10.94;35.19;2815.35;2017.15;-798.20;0.00
0.21;10.97;44.62;3569.22;1824.20;-1745.02;0.00
0.28;9.78;35.46;2836.53;2184.80;-651.73;0.00
0.23;11.07;39.71;3177.13;1949.07;-1228.05;0.00
0.21;9.79;35.47;2837.87;1781.05;-1056.82;0.00
0.22;9.13;39.04;3123.42;1755.12;-1368.30;0.00
0.23;10.30;39.54;3163.14;1923.28;-1239.86;0.00
0.26;10.90;43.84;3507.51;2133.30;-1374.21;0.00
0.20;9.56;40.32;3225.59;1701.62;-1523.98;0.00
0.27;10.52;41.17;3293.43;2117.21;-1176.22;0.00
0.32;8.64;44.39;3551.43;2334.98;-1216.45;0.00
0.22;8.63;47.32;3785.54;1737.61;-2047.93;0.00
0.28;10.47;40.18;3214.04;2191.12;-1022.92;0.00
0.30;9.55;34.05;2724.09;2236.67;-487.42;0.00
0.25;11.15;39.74;3179.45;2060.09;-1119.36;0.00
0.25;8.57;41.72;3337.93;1928.46;-1409.47;0.00
0.23;11.44;34.37;2749.62;1931.86;-817.75;0.00
0.25;9.77;39.65;3172.12;2007.02;-1165.09;0.00
0.27;11.16;43.19;3454.81;2163.52;-1291.29;0.00
0.27;12.03;41.80;3343.75;2223.95;-1119.80;0.00
0.25;13.40;37.53;3002.19;2187.73;-814.46;0.00
0.25;11.04;40.93;3274.27;2080.35;-1193.92;0.00
0.30;9.01;32.56;2604.73;2215.09;-389.64;0.00
0.25;12.10;38.28;3062.24;2103.08;-959.16;0.00
0.25;10.52;36.27;2901.23;2037.11;-864.12;0.00
0.27;8.95;37.45;2996.10;2040.07;-956.03;0.00
0.23;10.21;35.11;2809.19;1918.93;-890.26;0.00
0.25;8.98;35.06;2804.70;1957.98;-846.71;0.00
0.27;11.17;38.18;3054.25;2150.85;-903.40;0.00
0.28;10.05;39.17;3133.97;2154.55;-979.42;0.00
0.21;9.90;37.91;3032.87;1739.14;-1293.73;0.00
0.24;8.39;36.33;2906.77;1854.81;-1051.96;0.00
0.26;9.78;41.87;3349.96;2050.83;-1299.13;0.00
0.27;11.17;37.38;2990.18;2183.64;-806.54;0.00
0.25;10.69;43.25;3459.93;2020.79;-1439.13;0.00
0.24;9.56;40.98;3278.68;1931.47;-1347.21;0.00
0.23;10.89;35.67;2853.65;1918.30;-935.36;0.00
0.24;11.54;36.82;2945.53;1995.80;-949.73;0.00
0.20;9.37;46.54;3722.99;1652.25;-2070.73;0.00
0.21;10.31;34.89;2791.00;1803.82;-987.18;0.00
0.25;10.53;40.06;3204.45;2014.80;-1189.64;0.00
0.29;9.89;37.05;2964.26;2205.65;-758.61;0.00
0.24;7.80;41.60;3327.60;1826.14;-1501.46;0.00
0.22;10.07;41.87;3349.45;1839.60;-1509.86;0.00
0.26;10.69;34.43;2754.14;2065.47;-688.66;0.00
0.25;9.32;43.40;3471.93;1953.85;-1518.08;0.00
0.22;9.82;43.87;3509.39;1826.69;-1682.70;0.00
0.28;11.62;37.74;3019.00;2282.36;-736.64;0.00
0.24;11.03;36.80;2943.84;2012.66;-931.18;0.00
0.25;10.46;42.95;3436.09;2041.96;-1394.13;0.00
0.25;10.61;36.79;2943.18;2014.20;-928.97;0.00
0.23;11.47;35.31;2824.64;1975.31;-849.33;0.00
0.21;9.25;45.07;3605.99;1731.26;-1874.73;0.00
0.24;11.21;34.51;2760.69;1993.91;-766.77;0.00
0.23;11.62;37.26;2980.68;1997.49;-983.18;0.00
0.22;10.70;40.28;3222.00;1881.49;-1340.51;0.00
0.23;10.93;43.40;3472.38;1929.77;-1542.61;0.00
0.24;9.69;41.44;3315.37;1918.00;-1397.37;0.00
0.27;12.29;40.77;3261.81;2260.43;-1001.38;0.00
0.25;10.88;41.77;3341.90;2058.96;-1282.94;0.00
0.32;9.17;40.29;3223.09;2351.05;-872.04;0.00
0.26;8.80;37.50;3000.16;2009.77;-990.39;0.00
0.26;10.56;39.40;3152.27;2101.32;-1050.95;0.00
0.27;12.15;37.03;2962.47;2232.99;-729.48;0.00
0.28;11.08;43.23;3458.77;2230.45;-1228.33;0.00
0.25;9.33;37.55;3003.67;1959.30;-1044.37;0.00
0.24;9.72;43.91;3512.85;1944.90;-1567.94;0.00
0.23;9.78;32.81;2624.46;1870.37;-754.10;0.00
0.22;10.16;48.88;3910.21;1818.20;-2092.01;0.00
0.24;10.61;43.49;3479.28;1995.25;-1484.03;0.00
0.25;8.73;41.94;3355.37;1933.96;-1421.41;0.00
0.24;11.41;41.46;3317.02;1993.87;-1323.15;0.00
0.20;11.03;38.91;3112.81;1780.95;-1331.86;0.00
0.25;10.14;38.33;3066.57;2030.47;-1036.11;0.00
0.26;11.48;45.64;3651.22;2153.11;-1498.11;0.00
0.29;9.63;32.29;2583.60;2210.52;-373.08;0.00
0.24;9.54;34.41;2752.50;1901.41;-851.09;0.00
0.25;8.49;41.96;3357.17;1921.30;-1435.87;0.00
0.24;11.02;44.65;3572.01;1984.74;-1587.27;0.00
0.27;10.21;42.90;3431.61;2116.55;-1315.06;0.00
0.27;9.59;47.86;3829.07;2092.79;-1736.29;0.00
0.25;9.19;36.43;2914.28;1937.79;-976.49;0.00
0.25;10.36;35.95;2876.03;2030.41;-845.63;0.00
0.24;10.51;30.16;2412.76;1975.28;-437.48;0.00
0.27;10.17;40.33;3226.63;2122.67;-1103.95;0.00
0.26;10.03;37.67;3013.53;2058.38;-955.15;0.00
0.25;10.46;48.08;3846.37;2024.60;-1821.77;0.00
0.27;9.11;41.26;3300.85;2038.83;-1262.03;0.00
0.22;8.44;44.65;3572.03;1735.62;-1836.40;0.00
0.23;9.81;36.75;2939.68;1844.25;-1095.43;0.00
0.26;10.08;41.28;3302.39;2053.65;-1248.74;0.00
0.28;8.87;43.55;3484.32;2135.53;-1348.79;0.00
0.22;10.02;43.57;3485.89;1817.57;-1668.33;0.00
0.20;10.21;37.91;3032.65;1701.58;-1331.07;0.00
0.25;9.53;42.87;3429.61;1959.11;-1470.50;0.00
0.27;9.59;35.50;2840.26;2068.31;-771.95;0.00
0.29;9.52;38.77;3101.69;2210.75;-890.93;0.00
0.21;11.34;35.76;2860.81;1825.43;-1035.38;0.00
0.26;8.16;37.34;2987.29;1984.30;-1002.99;0.00
0.22;8.87;43.31;3464.50;1778.62;-1685.88;0.00
0.23;9.76;37.04;2963.00;1844.10;-1118.90;0.00
0.26;8.62;32.56;2604.86;2005.04;-599.82;0.00
0.27;10.96;41.17;3293.92;2171.64;-1122.28;0.00
0.27;12.43;42.37;3389.48;2224.38;-1165.11;0.00
0.22;12.09;37.03;2962.65;1958.76;-1003.89;0.00
0.25;10.62;41.31;3305.04;2009.70;-1295.34;0.00
0.27;11.66;44.34;3547.14;2195.93;-1351.21;0.00
0.27;10.57;38.16;3052.45;2165.75;-886.70;0.00
0.24;10.44;40.43;3234.00;1985.88;-1248.13;0.00
0.23;10.53;43.08;3446.58;1926.66;-1519.92;0.00
0.26;9.96;30.70;2456.28;2073.01;-383.27;0.00
0.29;10.48;40.30;3223.83;2252.52;-971.31;0.00
0.25;12.49;38.95;3116.25;2152.08;-964.17;0.00
0.25;10.10;40.31;3224.65;2030.01;-1194.64;0.00
0.26;9.83;45.05;3604.11;2052.54;-1551.57;0.00
0.28;8.62;38.89;3110.87;2125.73;-985.13;0.00
0.27;11.92;46.13;3690.47;2232.03;-1458.43;0.00
0.27;9.21;40.17;3213.77;2058.80;-1154.97;0.00
0.26;9.47;36.24;2899.50;2019.17;-880.33;0.00
0.27;10.41;43.71;3496.68;2129.16;-1367.52;0.00
0.23;9.06;37.09;2967.11;1837.90;-1129.20;0.00
0.25;11.68;43.22;3457.92;2102.66;-1355.26;0.00
0.25;11.66;37.07;2965.36;2061.07;-904.29;0.00
0.23;11.43;38.50;3080.14;1963.11;-1117.03;0.00
0.25;11.29;43.52;3481.27;2075.72;-1405.55;0.00
0.27;11.88;40.17;3213.37;2224.87;-988.51;0.00
0.26;10.18;44.75;3580.26;2053.87;-1526.40;0.00
0.27;9.97;39.86;3188.93;2123.36;-1065.57;0.00
0.24;9.88;51.12;4089.29;1956.05;-2133.24;0.00
0.21;10.73;48.21;3856.63;1811.57;-2045.06;0.00
0.27;9.62;34.95;2795.91;2088.89;-707.01;0.00
0.27;10.88;36.84;2947.38;2142.13;-805.25;0.00
0.30;12.08;51.99;4158.81;2385.81;-1773.00;0.00
0.26;8.46;38.73;3098.68;1997.38;-1101.30;0.00
0.27;9.91;45.38;3630.69;2130.29;-1500.40;0.00
0.21;9.19;42.36;3388.44;1738.69;-1649.75;0.00
0.30;10.44;41.22;3297.50;2288.36;-1009.13;0.00
0.29;7.81;36.88;2950.04;2111.20;-838.84;0.00
0.25;9.70;47.61;3809.02;1965.41;-1843.61;0.00
0.26;9.76;50.99;4079.38;2031.83;-2047.55;0.00
0.23;9.41;37.08;2966.26;1872.16;-1094.10;0.00
0.23;9.16;35.06;2804.85;1839.07;-965.78;0.00
0.23;10.78;39.84;3187.47;1913.39;-1274.08;0.00
0.24;10.40;39.32;3145.23;1975.95;-1169.29;0.00
0.22;10.79;36.38;2910.29;1838.11;-1072.19;0.00
0.26;11.44;30.19;2414.89;2114.01;-300.88;0.00
0.27;10.82;32.41;2592.83;2143.18;-449.65;0.00
0.25;9.59;40.70;3256.39;1982.61;-1273.78;0.00
0.27;9.85;37.32;2985.78;2131.43;-854.34;0.00
0.25;11.00;45.73;3658.65;2072.87;-1585.78;0.00
0.28;10.64;38.58;3086.57;2182.11;-904.45;0.00
0.26;11.51;46.25;3699.68;2151.54;-1548.14;0.00
0.18;10.49;43.38;3470.79;1590.88;-1879.91;0.00
0.28;9.39;35.47;2837.37;2165.80;-671.58;0.00
0.22;10.15;40.68;3254.70;1825.25;-1429.45;0.00
0.30;10.09;44.42;3553.45;2302.27;-1251.18;0.00
0.26;10.27;48.01;3841.19;2069.77;-1771.42;0.00
0.27;8.71;42.41;3392.45;2048.08;-1344.37;0.00
0.20;10.68;36.78;2942.19;1769.31;-1172.88;0.00
0.22;12.86;34.61;2768.78;1954.17;-814.61;0.00
0.27;9.87;33.74;2699.54;2086.83;-612.70;0.00
0.26;10.11;38.65;3091.77;2044.17;-1047.60;0.00
0.19;10.97;41.94;3355.20;1686.80;-1668.40;0.00
0.25;10.41;41.28;3302.40;2029.54;-1272.86;0.00
0.29;11.19;46.36;3708.60;2301.69;-1406.91;0.00
0.25;10.58;42.25;3379.80;2043.91;-1335.89;0.00
0.25;10.03;33.30;2663.65;1971.24;-692.41;0.00
0.22;9.65;47.64;3811.40;1828.06;-1983.33;0.00
0.26;9.97;46.21;3696.92;2043.38;-1653.55;0.00
0.27;9.90;42.47;3397.73;2128.03;-1269.70;0.00
0.24;11.24;37.96;3036.72;1984.46;-1052.26;0.00
0.27;10.57;43.00;3439.94;2140.56;-1299.38;0.00
0.22;10.69;48.73;3898.56;1843.12;-2055.44;0.00
0.25;10.06;39.60;3168.09;2016.27;-1151.82;0.00
0.27;9.43;39.77;3181.49;2063.27;-1118.22;0.00
0.26;10.36;48.77;3901.65;2092.08;-1809.58;0.00
0.23;10.36;41.74;3338.95;1885.45;-1453.50;0.00
0.27;12.34;43.24;3458.99;2219.77;-1239.22;0.00
0.26;10.18;36.49;2918.92;2047.50;-871.42;0.00
0.22;10.26;40.95;3276.36;1821.19;-1455.17;0.00
0.25;12.26;34.38;2750.08;2121.77;-628.31;0.00
0.23;9.76;38.30;3064.00;1862.94;-1201.06;0.00
0.26;11.12;43.83;3506.39;2120.50;-1385.89;0.00
0.31;10.58;45.81;3665.07;2364.74;-1300.33;0.00
0.25;10.12;43.31;3464.64;2013.52;-1451.12;0.00
0.29;10.75;38.64;3091.44;2261.25;-830.19;0.00
0.27;9.87;50.57;4045.72;2088.11;-1957.61;0.00
0.22;8.97;37.47;2997.57;1790.70;-1206.87;0.00
0.24;9.58;39.72;3177.80;1913.31;-1264.49;0.00
0.23;9.44;36.70;2936.30;1864.02;-1072.28;0.00
0.26;12.31;29.32;2345.78;2190.18;-155.60;0.00
0.23;12.11;43.38;3470.43;2005.69;-1464.75;0.00
0.25;8.69;35.92;2873.63;1953.05;-920.58;0.00
0.26;11.20;38.26;3060.42;2107.55;-952.88;0.00
0.25;9.66;38.81;3105.17;1961.97;-1143.20;0.00
0.22;12.18;37.10;2968.20;1960.22;-1007.98;0.00
0.24;10.14;43.44;3475.37;1952.62;-1522.75;0.00
0.25;10.86;41.15;3291.76;2035.55;-1256.21;0.00
0.28;10.13;49.82;3985.88;2190.22;-1795.67;0.00
0.27;7.79;45.36;3629.05;1994.47;-1634.59;0.00
0.26;8.65;46.19;3695.08;1959.48;-1735.60;0.00
0.25;10.91;44.43;3554.34;2032.91;-1521.43;0.00
0.25;8.99;35.90;2872.33;1968.16;-904.17;0.00
0.24;10.99;40.89;3271.39;1979.53;-1291.85;0.00
0.24;9.39;33.81;2705.13;1910.27;-794.86;0.00
0.24;10.69;44.51;3560.71;1971.56;-1589.15;0.00
0.27;9.98;39.12;3129.64;2087.52;-1042.12;0.00
0.26;8.42;45.76;3660.94;1981.39;-1679.55;0.00
0.27;11.01;42.69;3415.49;2181.33;-1234.17;0.00
0.28;9.69;43.42;3473.70;2152.75;-1320.96;0.00
0.30;11.11;36.50;2919.78;2362.25;-557.53;0.00
0.25;11.20;44.00;3519.77;2055.92;-1463.85;0.00
0.24;13.25;44.07;3525.88;2128.00;-1397.88;0.00
0.25;10.16;30.44;2435.32;2018.66;-416.66;0.00
0.22;8.20;39.64;3171.03;1740.15;-1430.89;0.00
0.25;8.63;48.66;3892.53;1908.58;-1983.94;0.00
0.27;11.32;44.20;3536.30;2196.55;-1339.76;0.00
0.21;11.14;37.49;2999.41;1845.35;-1154.06;0.00
0.26;10.71;39.68;3174.16;2111.01;-1063.16;0.00
0.27;9.72;44.44;3555.44;2081.02;-1474.42;0.00
0.24;11.39;41.60;3328.24;2023.97;-1304.26;0.00
0.26;8.85;38.01;3040.56;1999.66;-1040.90;0.00
0.25;10.05;38.35;3067.69;1990.63;-1077.06;0.00
0.25;11.17;39.21;3137.05;2034.13;-1102.92;0.00
0.29;10.32;33.08;2646.29;2223.32;-422.97;0.00
0.25;8.40;42.31;3385.12;1893.73;-1491.39;0.00
0.24;9.80;42.68;3414.44;1947.23;-1467.21;0.00
0.25;10.68;39.02;3121.78;2013.10;-1108.68;0.00
0.21;8.12;42.67;3413.89;1682.79;-1731.09;0.00
0.26;8.66;34.88;2790.24;1974.42;-815.82;0.00
0.26;11.90;41.41;3312.53;2146.23;-1166.30;0.00
0.22;8.69;42.41;3392.41;1730.56;-1661.86;0.00
0.29;9.66;32.00;2560.27;2192.46;-367.81;0.00
0.24;9.52;38.52;3081.75;1900.05;-1181.70;0.00
0.28;10.34;40.07;3205.21;2166.88;-1038.33;0.00
0.27;12.10;40.42;3233.26;2204.12;-1029.13;0.00
0.26;10.93;40.49;3238.84;2095.96;-1142.88;0.00
0.26;10.29;43.94;3515.39;2045.71;-1469.68;0.00
0.21;10.11;42.82;3425.35;1769.72;-1655.63;0.00
0.23;9.85;40.33;3226.58;1873.33;-1353.25;0.00
0.25;11.87;31.80;2543.91;2078.40;-465.51;0.00
0.28;11.21;44.84;3587.55;2260.30;-1327.26;0.00
0.28;10.34;34.32;2745.69;2183.05;-562.63;0.00
0.20;9.83;30.15;2411.79;1708.36;-703.43;0.00
0.29;10.69;43.41;3472.48;2247.04;-1225.44;0.00
0.24;8.12;36.30;2904.36;1812.32;-1092.04;0.00
0.24;10.21;39.44;3154.89;1978.55;-1176.34;0.00
0.28;10.59;36.30;2903.82;2213.28;-690.54;0.00
0.25;10.43;44.95;3595.96;2004.29;-1591.66;0.00
0.25;8.86;39.85;3188.40;1917.93;-1270.46;0.00
0.22;9.08;41.69;3335.48;1773.64;-1561.84;0.00
0.26;8.99;36.88;2950.26;2025.15;-925.11;0.00
0.24;9.89;37.71;3016.56;1926.62;-1089.94;0.00
0.25;10.94;41.91;3352.75;2045.60;-1307.15;0.00
0.23;9.57;31.20;2496.20;1864.45;-631.75;0.00
0.28;12.18;38.04;3043.60;2316.94;-726.66;0.00
0.26;7.78;38.01;3040.97;1916.29;-1124.69;0.00
0.22;12.06;44.82;3585.85;1925.68;-1660.17;0.00
0.27;10.34;43.15;3452.02;2133.83;-1318.18;0.00
0.27;10.76;39.71;3176.97;2150.21;-1026.77;0.00
0.29;9.96;30.94;2475.60;2216.62;-258.98;0.00
0.26;10.74;32.62;2609.39;2123.12;-486.27;0.00
0.26;9.73;34.16;2732.94;2051.90;-681.04;0.00
0.23;9.63;37.63;3010.64;1859.06;-1151.58;0.00
0.23;9.99;35.04;2802.87;1896.72;-906.15;0.00
0.28;9.51;35.02;2801.62;2165.80;-635.82;0.00
0.31;9.44;45.38;3630.28;2345.80;-1284.48;0.00
0.28;10.04;36.38;2910.69;2146.15;-764.54;0.00
0.24;8.61;33.58;2686.17;1865.34;-820.83;0.00
0.27;10.37;34.01;2721.10;2155.82;-565.29;0.00
0.21;10.73;38.25;3060.29;1802.66;-1257.63;0.00
0.29;8.46;37.81;3024.80;2167.81;-856.99;0.00
0.25;11.11;38.05;3043.63;2046.07;-997.56;0.00
0.24;7.56;36.78;2942.48;1831.31;-1111.16;0.00
0.32;9.17;51.92;4153.21;2363.61;-1789.61;0.00
0.24;10.56;45.79;3662.83;1945.50;-1717.33;0.00
0.25;9.43;31.72;2537.81;1994.28;-543.53;0.00
0.26;10.34;38.95;3115.99;2062.92;-1053.07;0.00
0.25;8.51;54.69;4375.16;1927.74;-2447.41;0.00
0.23;13.06;41.61;3328.63;2037.27;-1291.36;0.00
0.25;11.92;46.08;3686.47;2115.19;-1571.28;0.00
0.25;11.52;34.60;2767.90;2100.94;-666.96;0.00
