# X_0;X_1;X_2;R_0;S_0;G_0;I_0
0.23;10.48;40.16;3213.12;1884.03;-1329.09;0.00
0.23;11.02;43.35;3467.92;1944.69;-1523.23;0.00
0.21;8.66;39.45;3156.23;1714.51;-1441.71;0.00
0.24;9.23;38.26;3060.89;1899.29;-1161.60;0.00
0.23;10.62;36.98;2958.69;1913.07;-1045.62;0.00
0.28;10.94;39.62;3169.72;2196.63;-973.09;0.00
0.27;8.14;35.60;2847.78;2005.29;-842.48;0.00
0.19;11.30;39.68;3174.20;1701.26;-1472.94;0.00
0.23;10.10;38.28;3062.68;1907.09;-1155.59;0.00
0.28;8.45;31.46;2516.82;2085.43;-431.39;0.00
0.24;10.15;42.47;3397.67;1957.18;-1440.48;0.00
0.25;11.29;44.82;3585.47;2054.75;-1530.72;0.00
0.25;10.76;42.42;3393.27;2037.19;-1356.08;0.00
0.22;11.21;36.94;2955.10;1861.24;-1093.85;0.00
0.23;11.43;33.74;2699.50;1935.50;-764.00;0.00
0.23;9.87;49.51;3960.82;1848.15;-2112.67;0.00
0.26;8.53;44.53;3562.56;1996.68;-1565.87;0.00
0.27;10.81;46.04;3683.37;2135.39;-1547.98;0.00
0.25;11.32;45.03;3602.80;2071.12;-1531.67;0.00
0.31;11.12;43.66;3492.96;2380.49;-1112.48;0.00
0.20;10.86;46.86;3748.95;1753.07;-1995.88;0.00
0.25;9.65;46.30;3704.12;2001.55;-1702.57;0.00
0.29;9.72;40.96;3277.00;2196.93;-1080.07;0.00
0.23;10.13;43.79;3503.07;1859.08;-1643.99;0.00
0.27;10.90;38.48;3078.05;2135.57;-942.48;0.00
0.26;9.69;40.76;3260.77;2067.38;-1193.38;0.00
0.29;11.09;48.58;3886.04;2269.29;-1616.75;0.00
0.27;10.02;34.02;2721.76;2110.68;-611.08;0.00
0.24;9.75;41.49;3318.85;1901.85;-1417.00;0.00
0.25;10.85;39.50;3160.00;2051.10;-1108.89;0.00
0.25;10.58;43.66;3492.64;2047.70;-1444.94;0.00
0.28;8.77;42.93;3434.76;2114.82;-1319.94;0.00
0.24;7.58;39.66;3172.55;1837.18;-1335.36;0.00
0.22;9.77;44.42;3553.47;1823.02;-1730.45;0.00
0.22;8.97;28.01;2240.44;1784.03;-456.41;0.00
0.27;10.73;36.94;2955.39;2131.16;-824.23;0.00
0.26;7.75;34.42;2753.71;1963.54;-790.17;0.00
0.27;9.17;43.97;3517.25;2056.32;-1460.93;0.00
0.20;9.85;29.26;2341.12;1690.97;-650.15;0.00
0.23;10.32;41.91;3352.65;1879.95;-1472.70;0.00
0.26;9.87;34.82;2785.92;2051.96;-733.95;0.00
0.28;9.33;46.69;3735.26;2151.24;-1584.02;0.00
0.27;11.20;31.11;2488.57;2152.98;-335.59;0.00
0.22;10.10;37.22;2977.63;1835.03;-1142.60;0.00
0.29;11.30;42.84;3427.18;2314.43;-1112.75;0.00
0.22;7.99;36.99;2958.95;1700.78;-1258.17;0.00
0.26;6.72;35.91;2872.46;1858.40;-1014.05;0.00
0.27;12.30;35.22;2817.59;2260.24;-557.35;0.00
0.28;10.97;42.45;3396.18;2250.50;-1145.69;0.00
0.22;11.19;47.87;3829.45;1864.03;-1965.42;0.00
0.23;9.06;36.00;2879.62;1858.29;-1021.33;0.00
0.27;11.53;35.11;2809.16;2200.61;-608.55;0.00
0.26;8.44;45.00;3599.61;1976.08;-1623.53;0.00
0.26;10.94;36.13;2890.45;2106.26;-784.19;0.00
0.27;9.99;41.07;3285.83;2123.90;-1161.94;0.00
0.23;10.74;48.05;3844.24;1928.27;-1915.97;0.00
0.26;10.21;44.55;3563.70;2052.06;-1511.64;0.00
0.25;12.03;39.50;3160.28;2120.57;-1039.70;0.00
0.26;9.53;41.60;3327.89;2019.06;-1308.83;0.00
0.26;10.04;48.91;3912.90;2041.64;-1871.26;0.00
0.25;8.57;37.78;3022.58;1913.33;-1109.26;0.00
0.23;9.85;40.55;3243.82;1856.20;-1387.62;0.00
0.25;11.23;44.93;3594.57;2048.98;-1545.59;0.00
0.24;7.68;41.42;3313.74;1823.03;-1490.71;0.00
0.22;8.56;42.42;3393.32;1751.07;-1642.25;0.00
0.28;11.61;46.92;3753.69;2285.67;-1468.02;0.00
0.30;9.47;47.63;3810.77;2278.12;-1532.65;0.00
0.20;11.06;41.89;3351.04;1751.18;-1599.85;0.00
0.27;10.88;40.42;3233.29;2151.51;-1081.78;0.00
0.25;8.14;40.45;3236.18;1877.86;-1358.33;0.00
0.25;11.65;42.20;3376.24;2091.67;-1284.57;0.00
0.24;10.62;49.43;3954.15;1946.83;-2007.32;0.00
0.25;9.34;41.15;3291.65;1933.29;-1358.36;0.00
0.32;10.47;36.63;2930.62;2430.16;-500.46;0.00
0.28;11.41;30.68;2454.45;2221.86;-232.59;0.00
0.25;11.12;39.65;3171.80;2035.36;-1136.45;0.00
0.23;9.95;46.05;3683.66;1860.37;-1823.29;0.00
0.27;10.23;42.08;3366.25;2126.14;-1240.11;0.00
0.26;9.77;39.85;3187.99;2041.69;-1146.30;0.00
0.20;11.35;40.53;3242.15;1796.82;-1445.33;0.00
0.21;9.17;50.30;4024.21;1742.04;-2282.17;0.00
0.27;9.88;41.18;3294.79;2079.51;-1215.28;0.00
0.23;9.45;37.77;3021.86;1825.62;-1196.24;0.00
0.29;9.21;35.03;2802.31;2172.64;-629.67;0.00
0.22;10.32;37.67;3013.29;1868.69;-1144.60;0.00
0.24;8.66;47.86;3829.00;1894.42;-1934.58;0.00
0.22;10.20;37.53;3002.65;1810.75;-1191.90;0.00
0.26;9.07;42.97;3437.98;2022.57;-1415.42;0.00
0.25;12.86;37.57;3005.24;2175.08;-830.16;0.00
0.24;10.68;45.20;3615.86;2002.85;-1613.01;0.00
0.24;8.39;44.13;3530.24;1845.26;-1684.98;0.00
0.22;10.58;35.68;2854.13;1859.28;-994.85;0.00
0.26;10.63;37.69;3015.53;2080.92;-934.61;0.00
0.27;9.11;42.04;3363.51;2086.00;-1277.51;0.00
0.24;10.29;38.82;3106.00;1954.82;-1151.18;0.00
0.24;12.23;42.32;3385.37;2040.27;-1345.10;0.00
0.31;8.35;34.76;2781.03;2240.17;-540.85;0.00
0.25;9.80;32.09;2567.13;2014.40;-552.73;0.00
0.23;9.96;42.63;3410.65;1855.19;-1555.47;0.00
0.25;9.14;46.02;3681.27;1941.54;-1739.73;0.00
0.24;9.23;36.52;2921.25;1882.47;-1038.78;0.00
0.30;8.89;47.28;3782.26;2219.94;-1562.32;0.00
0.25;9.84;38.02;3041.62;1977.75;-1063.87;0.00
0.24;8.72;35.70;2855.74;1898.84;-956.91;0.00
0.21;10.89;33.53;2682.19;1799.84;-882.35;0.00
0.24;9.02;41.58;3326.10;1869.83;-1456.27;0.00
0.25;9.86;47.22;3777.63;2003.70;-1773.93;0.00
0.20;10.54;42.84;3427.41;1710.59;-1716.82;0.00
0.27;8.54;33.77;2701.57;2040.12;-661.45;0.00
0.25;8.31;43.46;3476.69;1892.59;-1584.10;0.00
0.25;9.90;33.04;2643.53;1966.86;-676.67;0.00
0.23;9.50;35.31;2824.70;1828.68;-996.02;0.00
0.27;11.42;42.90;3432.22;2207.84;-1224.38;0.00
0.24;10.17;44.20;3536.16;1974.93;-1561.24;0.00
0.22;11.03;40.57;3245.74;1859.68;-1386.05;0.00
0.24;8.95;41.55;3324.05;1882.84;-1441.20;0.00
0.29;10.24;39.83;3186.38;2236.72;-949.66;0.00
0.24;11.17;37.56;3004.82;2001.93;-1002.89;0.00
0.23;9.72;40.85;3267.94;1879.66;-1388.28;0.00
0.26;9.25;45.82;3665.81;2011.22;-1654.59;0.00
0.24;11.72;53.30;4264.31;2027.44;-2236.87;0.00
0.24;12.88;38.81;3104.98;2114.53;-990.45;0.00
0.23;9.18;44.05;3524.07;1864.03;-1660.04;0.00
0.24;8.23;41.86;3348.45;1830.93;-1517.52;0.00
0.23;9.19;39.76;3181.08;1845.87;-1335.21;0.00
0.24;8.91;34.59;2767.20;1864.38;-902.81;0.00
0.24;10.72;41.87;3349.47;1986.08;-1363.39;0.00
0.23;12.38;35.74;2859.32;2028.94;-830.38;0.00
0.24;10.23;44.85;3588.07;1926.95;-1661.12;0.00
0.20;11.30;33.74;2699.18;1795.74;-903.44;0.00
0.21;9.31;40.80;3263.72;1748.77;-1514.95;0.00
0.26;12.10;46.37;3709.52;2154.36;-1555.16;0.00
0.24;9.20;40.94;3275.05;1881.52;-1393.53;0.00
0.24;11.65;38.57;3085.65;2024.56;-1061.08;0.00
0.26;9.37;35.53;2842.16;2050.48;-791.68;0.00
0.19;10.30;33.45;2676.10;1637.33;-1038.77;0.00
0.23;10.43;44.12;3529.56;1877.40;-1652.16;0.00
0.18;10.25;34.81;2785.10;1606.41;-1178.70;0.00
0.25;11.28;35.34;2827.10;2068.41;-758.69;0.00
0.25;10.11;48.98;3918.53;2003.94;-1914.59;0.00
0.25;11.12;38.89;3111.18;2056.73;-1054.44;0.00
0.24;8.72;44.98;3598.02;1854.26;-1743.76;0.00
0.25;7.67;41.70;3336.31;1845.16;-1491.15;0.00
0.23;10.42;48.53;3882.79;1879.81;-2002.98;0.00
0.24;9.88;36.36;2908.89;1955.41;-953.48;0.00
0.30;10.63;43.44;3475.23;2296.78;-1178.46;0.00
0.25;10.00;34.07;2725.55;1981.69;-743.86;0.00
0.30;9.94;40.89;3271.26;2286.96;-984.30;0.00
0.22;10.32;36.10;2887.62;1839.69;-1047.92;0.00
0.25;10.84;40.49;3239.41;2047.91;-1191.50;0.00
0.22;9.76;41.00;3279.66;1808.21;-1471.45;0.00
0.20;10.62;41.44;3314.97;1736.79;-1578.18;0.00
0.24;10.62;51.68;4134.59;1971.97;-2162.62;0.00
0.25;8.44;40.66;3252.65;1912.51;-1340.13;0.00
0.28;10.95;50.78;4062.64;2195.91;-1866.74;0.00
0.27;10.38;49.40;3952.30;2159.67;-1792.63;0.00
0.23;8.50;33.16;2652.54;1781.03;-871.51;0.00
0.22;10.14;34.96;2796.62;1814.79;-981.83;0.00
0.28;11.20;44.26;3540.81;2223.48;-1317.33;0.00
0.22;10.28;38.21;3056.86;1859.37;-1197.48;0.00
0.24;10.99;47.61;3808.79;2004.17;-1804.61;0.00
0.29;8.96;35.70;2856.00;2185.13;-670.87;0.00
0.24;10.15;45.81;3664.90;1920.28;-1744.62;0.00
0.27;9.46;37.70;3016.03;2113.90;-902.13;0.00
0.27;8.99;37.50;2999.70;2053.00;-946.70;0.00
0.24;10.80;41.57;3325.49;1979.06;-1346.43;0.00
0.27;8.23;40.03;3202.33;2035.96;-1166.37;0.00
0.21;11.03;40.79;3263.22;1806.09;-1457.13;0.00
0.26;9.89;39.13;3130.70;2054.07;-1076.63;0.00
0.24;9.88;55.64;4451.23;1916.68;-2534.55;0.00
0.23;9.76;38.46;3077.11;1844.60;-1232.51;0.00
0.24;11.44;43.52;3481.63;2025.24;-1456.39;0.00
0.24;10.74;44.97;3597.30;1977.41;-1619.89;0.00
0.23;11.34;39.80;3184.34;1952.82;-1231.52;0.00
0.26;10.95;43.53;3482.18;2094.50;-1387.68;0.00
0.28;8.51;43.87;3509.68;2117.07;-1392.61;0.00
0.27;9.70;43.66;3492.80;2124.19;-1368.61;0.00
0.23;9.73;39.85;3188.03;1857.32;-1330.71;0.00
0.23;8.83;43.29;3463.56;1840.52;-1623.03;0.00
0.21;8.59;41.05;3283.91;1681.82;-1602.09;0.00
0.28;9.83;42.82;3425.47;2181.77;-1243.70;0.00
0.27;10.83;42.97;3437.86;2174.34;-1263.52;0.00
0.24;10.24;34.84;2787.30;1956.09;-831.21;0.00
0.25;10.45;44.59;3567.52;2007.03;-1560.50;0.00
0.23;10.41;42.13;3370.01;1929.32;-1440.69;0.00
0.23;7.73;37.62;3009.29;1779.42;-1229.87;0.00
0.27;9.83;36.25;2899.65;2083.34;-816.31;0.00
0.25;10.69;38.67;3093.57;2056.18;-1037.40;0.00
0.22;10.22;35.29;2823.21;1858.32;-964.88;0.00
0.24;9.54;38.99;3119.21;1895.93;-1223.28;0.00
0.27;7.97;34.45;2755.62;2001.28;-754.34;0.00
0.20;10.23;41.20;3296.11;1703.48;-1592.62;0.00
0.24;8.93;33.93;2714.06;1888.85;-825.21;0.00
0.23;10.41;37.19;2975.59;1889.32;-1086.28;0.00
0.26;11.73;38.49;3079.58;2163.55;-916.03;0.00
0.28;7.51;45.16;3612.55;2016.70;-1595.85;0.00
0.24;9.21;37.95;3035.72;1901.54;-1134.18;0.00
0.28;9.14;42.52;3401.38;2134.64;-1266.74;0.00
0.24;8.30;31.69;2535.28;1822.73;-712.55;0.00
0.24;9.31;42.24;3379.52;1926.71;-1452.82;0.00
0.26;9.87;43.04;3443.19;2068.70;-1374.49;0.00
0.25;8.96;39.79;3183.04;1923.23;-1259.82;0.00
0.25;11.50;34.47;2757.99;2072.55;-685.44;0.00
0.30;12.84;49.03;3922.75;2447.60;-1475.14;0.00
0.28;10.42;40.35;3227.68;2171.53;-1056.15;0.00
0.27;10.47;31.72;2537.47;2150.54;-386.92;0.00
0.22;8.91;37.25;2980.30;1787.24;-1193.06;0.00
0.26;9.60;35.97;2877.82;2039.19;-838.64;0.00
0.25;8.60;41.84;3347.28;1927.93;-1419.35;0.00
0.22;9.54;41.94;3355.22;1815.91;-1539.31;0.00
0.31;8.05;41.27;3301.27;2264.42;-1036.85;0.00
0.26;9.59;41.54;3323.48;2020.16;-1303.33;0.00
0.26;10.23;37.87;3029.60;2067.39;-962.22;0.00
0.25;8.32;41.96;3357.17;1903.08;-1454.09;0.00
0.25;11.24;37.07;2965.33;2085.21;-880.12;0.00
0.24;9.20;35.52;2841.66;1925.54;-916.12;0.00
0.21;10.26;39.27;3141.43;1779.64;-1361.79;0.00
0.24;7.88;47.18;3774.09;1851.08;-1923.01;0.00
0.26;9.03;30.28;2422.65;1991.75;-430.90;0.00
0.27;10.45;42.61;3408.94;2154.45;-1254.49;0.00
0.25;10.52;44.48;3558.29;2025.75;-1532.54;0.00
0.24;11.55;45.62;3649.87;1997.09;-1652.79;0.00
0.28;11.96;48.24;3859.59;2290.69;-1568.91;0.00
0.25;10.60;29.05;2323.71;2007.00;-316.70;0.00
0.27;9.48;39.56;3165.01;2082.49;-1082.52;0.00
0.25;9.98;42.72;3417.51;2002.66;-1414.85;0.00
0.26;11.04;42.62;3409.25;2110.32;-1298.93;0.00
0.26;11.68;41.90;3352.16;2157.82;-1194.35;0.00
0.23;10.24;35.14;2811.30;1916.97;-894.33;0.00
0.20;11.29;45.44;3635.48;1771.99;-1863.49;0.00
0.26;11.16;40.05;3204.38;2130.46;-1073.92;0.00
0.22;11.02;43.01;3440.41;1868.63;-1571.78;0.00
0.28;8.32;36.71;2937.12;2094.27;-842.85;0.00
0.23;10.92;36.03;2882.36;1918.71;-963.64;0.00
0.26;10.23;35.61;2848.45;2063.66;-784.79;0.00
0.27;14.11;28.40;2272.02;2329.90;57.88;1.00
0.23;9.51;41.10;3287.70;1839.80;-1447.90;0.00
0.24;11.57;39.57;3165.74;2030.39;-1135.36;0.00
0.30;8.78;43.19;3454.94;2223.94;-1231.00;0.00
0.24;10.94;45.28;3622.65;1991.45;-1631.20;0.00
0.26;9.67;37.31;2984.94;2051.07;-933.87;0.00
0.23;9.79;41.76;3340.60;1885.12;-1455.48;0.00
0.23;10.21;39.82;3185.35;1894.66;-1290.69;0.00
0.29;10.99;46.12;3689.81;2263.68;-1426.13;0.00
0.24;9.37;47.40;3792.14;1888.17;-1903.96;0.00
0.27;11.19;42.45;3395.84;2198.37;-1197.47;0.00
0.25;10.38;36.87;2949.49;2043.66;-905.83;0.00
0.24;9.58;35.78;2862.37;1917.57;-944.80;0.00
0.25;10.63;41.30;3303.91;2011.33;-1292.58;0.00
0.26;10.52;42.72;3417.32;2095.07;-1322.25;0.00
0.25;11.52;36.30;2904.11;2101.48;-802.62;0.00
0.25;10.47;40.50;3239.64;2035.98;-1203.66;0.00
0.24;8.57;38.18;3054.57;1882.28;-1172.30;0.00
0.23;9.45;37.51;3001.20;1822.86;-1178.34;0.00
0.26;7.61;42.03;3362.00;1942.56;-1419.44;0.00
0.30;8.39;39.61;3169.02;2206.63;-962.39;0.00
0.21;8.97;48.87;3909.51;1717.88;-2191.63;0.00
0.28;10.72;38.30;3064.29;2235.67;-828.62;0.00
0.23;9.86;39.74;3178.80;1877.18;-1301.62;0.00
0.24;10.29;40.31;3224.95;1959.03;-1265.93;0.00
0.30;10.50;39.85;3188.13;2323.96;-864.17;0.00
0.27;9.82;38.29;3062.94;2113.92;-949.02;0.00
0.25;7.75;38.04;3043.25;1892.69;-1150.56;0.00
0.25;8.90;38.67;3093.66;1952.37;-1141.30;0.00
0.25;9.21;46.22;3697.94;1961.31;-1736.63;0.00
0.24;9.44;33.53;2682.60;1893.25;-789.35;0.00
0.25;10.35;35.90;2872.27;2037.37;-834.90;0.00
0.23;10.57;34.89;2791.20;1921.66;-869.53;0.00
0.23;9.28;39.05;3124.00;1827.85;-1296.16;0.00
0.26;11.18;42.38;3390.18;2107.67;-1282.51;0.00
0.21;10.69;35.23;2818.40;1822.66;-995.74;0.00
0.27;9.26;33.09;2647.45;2063.00;-584.45;0.00
0.24;10.01;37.80;3023.96;1925.44;-1098.52;0.00
0.27;11.12;50.18;4014.05;2191.41;-1822.65;0.00
0.26;11.59;38.73;3098.71;2113.92;-984.79;0.00
0.25;10.33;42.62;3409.46;2038.24;-1371.22;0.00
0.21;9.21;51.31;4104.95;1740.43;-2364.52;0.00
0.24;11.16;39.37;3149.53;2000.28;-1149.25;0.00
0.27;11.30;51.73;4138.48;2207.63;-1930.85;0.00
0.22;9.93;38.76;3100.84;1845.89;-1254.95;0.00
0.26;10.94;39.86;3188.60;2104.92;-1083.68;0.00
0.24;9.58;42.44;3395.53;1939.56;-1455.98;0.00
0.25;8.93;39.56;3164.85;1945.15;-1219.69;0.00
0.25;9.62;33.80;2703.66;2001.06;-702.60;0.00
0.21;9.76;35.58;2846.68;1749.72;-1096.96;0.00
0.23;9.37;29.62;2369.78;1872.34;-497.44;0.00
0.24;8.80;42.85;3427.77;1847.48;-1580.29;0.00
0.25;8.67;40.41;3233.11;1950.58;-1282.53;0.00
0.26;8.84;38.34;3066.90;1988.91;-1077.99;0.00
0.21;8.88;39.84;3187.11;1708.64;-1478.47;0.00
0.24;7.10;35.98;2878.21;1784.30;-1093.91;0.00
0.25;8.68;44.13;3530.10;1897.82;-1632.28;0.00
0.25;12.13;40.18;3214.71;2119.77;-1094.95;0.00
0.28;11.52;37.34;2986.86;2254.04;-732.82;0.00
0.30;9.34;41.93;3354.76;2236.71;-1118.05;0.00
0.25;10.16;34.36;2748.45;2008.43;-740.02;0.00
0.23;9.95;33.02;2641.26;1896.29;-744.97;0.00
0.23;11.17;48.67;3893.97;1965.20;-1928.77;0.00
0.31;11.66;46.85;3748.13;2429.88;-1318.25;0.00
0.27;9.26;47.83;3826.49;2064.27;-1762.22;0.00
0.24;11.71;45.13;3610.22;2018.80;-1591.42;0.00
0.27;9.66;44.44;3555.06;2102.13;-1452.93;0.00
0.26;11.63;39.61;3168.99;2129.37;-1039.62;0.00
0.25;10.02;39.50;3159.92;1999.92;-1160.01;0.00
0.22;11.99;43.54;3483.24;1907.69;-1575.55;0.00
0.23;10.30;34.85;2787.87;1915.92;-871.95;0.00
0.23;9.81;39.35;3147.75;1889.29;-1258.46;0.00
0.28;9.36;36.47;2917.42;2129.75;-787.67;0.00
0.24;9.58;35.89;2871.39;1903.65;-967.74;0.00
0.25;11.96;41.74;3339.00;2116.24;-1222.76;0.00
0.21;10.72;39.34;3147.34;1825.40;-1321.94;0.00
0.28;10.89;43.70;3496.34;2205.42;-1290.92;0.00
0.30;10.65;39.98;3198.15;2333.45;-864.69;0.00
0.27;10.41;33.42;2673.67;2131.27;-542.40;0.00
0.26;10.97;35.79;2862.89;2103.78;-759.11;0.00
0.26;10.90;40.83;3266.29;2131.19;-1135.10;0.00
0.21;11.00;40.70;3256.36;1847.27;-1409.09;0.00
0.25;10.31;42.89;3431.50;1996.61;-1434.89;0.00
0.28;9.96;39.28;3142.63;2160.36;-982.27;0.00
0.24;9.67;37.13;2970.06;1917.05;-1053.01;0.00
0.27;10.50;36.61;2929.12;2159.70;-769.43;0.00
0.23;11.09;33.06;2644.41;1929.15;-715.26;0.00
0.25;11.22;44.29;3543.07;2068.60;-1474.47;0.00
0.24;10.03;41.34;3307.38;1915.64;-1391.74;0.00
0.23;7.59;46.53;3722.26;1759.03;-1963.23;0.00
0.26;11.48;36.28;2902.51;2120.34;-782.17;0.00
0.24;9.30;42.32;3385.98;1926.73;-1459.25;0.00
0.25;9.98;35.41;2832.44;1979.86;-852.58;0.00
0.25;8.00;45.28;3622.67;1905.64;-1717.03;0.00
0.22;8.51;52.92;4233.40;1714.11;-2519.29;0.00
0.20;10.08;36.85;2947.78;1698.63;-1249.14;0.00
0.31;10.68;38.32;3065.33;2389.15;-676.18;0.00
0.24;9.86;32.92;2633.88;1959.43;-674.45;0.00
0.23;9.76;44.24;3539.03;1878.76;-1660.27;0.00
0.24;9.91;41.06;3284.85;1954.91;-1329.93;0.00
0.25;11.48;33.02;2641.31;2079.92;-561.40;0.00
0.22;10.41;41.02;3281.86;1830.74;-1451.12;0.00
0.22;10.87;47.13;3770.62;1860.25;-1910.37;0.00
0.27;12.65;40.24;3219.01;2236.46;-982.55;0.00
0.30;10.27;41.64;3331.02;2315.60;-1015.42;0.00
0.23;10.93;24.52;1961.76;1929.71;-32.05;0.00
0.24;11.57;45.13;3610.10;2017.88;-1592.22;0.00
0.30;10.57;38.14;3051.56;2292.11;-759.46;0.00
0.22;9.91;36.17;2893.37;1841.99;-1051.38;0.00
0.22;10.66;38.08;3046.53;1849.36;-1197.17;0.00
0.28;8.42;44.28;3542.31;2086.38;-1455.93;0.00
0.27;10.21;41.94;3355.59;2107.79;-1247.80;0.00
0.27;9.16;49.30;3944.22;2051.13;-1893.09;0.00
0.24;10.62;46.51;3720.81;1995.09;-1725.72;0.00
0.25;8.44;38.09;3047.27;1912.10;-1135.17;0.00
0.33;8.67;38.40;3072.03;2409.48;-662.55;0.00
0.25;10.96;34.90;2792.06;2047.17;-744.89;0.00
0.29;11.93;35.89;2871.31;2333.91;-537.40;0.00
0.25;9.18;33.22;2657.68;1941.53;-716.15;0.00
0.25;11.41;40.53;3242.39;2057.91;-1184.48;0.00
0.23;9.49;47.20;3775.91;1829.01;-1946.90;0.00
0.22;8.93;34.55;2764.05;1777.83;-986.23;0.00
0.23;10.40;39.25;3140.22;1924.73;-1215.50;0.00
0.24;9.10;48.27;3861.86;1919.15;-1942.71;0.00
0.25;8.33;41.82;3345.40;1925.03;-1420.37;0.00
0.25;11.20;38.58;3086.40;2088.01;-998.39;0.00
0.27;10.84;40.88;3270.34;2143.92;-1126.42;0.00
0.23;11.05;33.44;2675.25;1925.98;-749.27;0.00
0.22;8.08;33.11;2648.68;1728.07;-920.61;0.00
0.30;10.00;42.08;3366.74;2312.49;-1054.25;0.00
0.23;10.65;35.46;2836.83;1901.68;-935.15;0.00
0.25;9.11;48.64;3891.33;1952.43;-1938.90;0.00
0.27;10.25;32.20;2576.40;2099.50;-476.89;0.00
0.25;10.59;37.45;2996.00;2002.58;-993.42;0.00
0.23;10.20;39.86;3188.56;1918.28;-1270.27;0.00
0.22;9.53;39.13;3130.37;1786.28;-1344.09;0.00
0.26;10.34;32.04;2563.48;2077.20;-486.28;0.00
0.24;11.87;39.10;3128.01;2044.42;-1083.58;0.00
0.23;9.00;41.59;3327.48;1829.26;-1498.22;0.00
0.24;10.06;36.59;2927.04;1967.76;-959.29;0.00
0.23;10.95;44.05;3523.87;1907.14;-1616.73;0.00
0.21;12.57;43.71;3496.73;1903.96;-1592.77;0.00
0.26;10.70;39.84;3186.91;2081.68;-1105.24;0.00
0.27;9.88;39.37;3149.27;2134.39;-1014.87;0.00
0.25;9.47;38.83;3106.57;1985.32;-1121.24;0.00
0.22;10.72;41.27;3301.40;1870.50;-1430.90;0.00
0.18;8.84;38.85;3107.73;1545.71;-1562.02;0.00
0.23;9.44;42.89;3431.19;1874.13;-1557.07;0.00
0.24;10.16;39.11;3129.14;1956.07;-1173.07;0.00
0.28;12.32;50.81;4064.68;2303.99;-1760.69;0.00
0.24;9.98;49.19;3935.20;1937.97;-1997.23;0.00
0.24;9.79;45.28;3622.68;1937.60;-1685.08;0.00
0.24;9.60;41.74;3338.98;1895.13;-1443.84;0.00
0.30;10.00;40.95;3276.15;2280.04;-996.11;0.00
0.21;10.31;51.75;4139.76;1808.47;-2331.28;0.00
0.24;8.52;35.46;2836.52;1844.39;-992.13;0.00
0.26;8.20;43.07;3445.82;1964.83;-1480.99;0.00
0.27;10.46;37.33;2986.11;2146.44;-839.68;0.00
0.23;9.85;33.78;2702.24;1870.31;-831.93;0.00
0.25;8.47;38.22;3057.70;1935.02;-1122.68;0.00
0.22;11.55;42.90;3432.16;1930.83;-1501.33;0.00
0.23;9.18;34.61;2768.46;1841.25;-927.21;0.00
0.25;9.63;37.54;3003.52;1997.63;-1005.90;0.00
0.24;9.11;46.58;3726.64;1877.31;-1849.33;0.00
0.25;9.25;48.75;3900.18;1967.45;-1932.73;0.00
0.25;10.67;41.36;3308.50;2031.83;-1276.68;0.00
0.24;9.43;44.41;3553.12;1892.31;-1660.81;0.00
0.23;9.90;30.26;2420.71;1898.98;-521.74;0.00
0.23;9.57;33.94;2715.01;1838.22;-876.79;0.00
0.23;10.74;40.61;3248.84;1944.90;-1303.94;0.00
0.24;10.96;42.03;3362.28;1984.61;-1377.67;0.00
0.27;10.74;37.23;2978.49;2159.69;-818.80;0.00
0.22;12.66;33.97;2717.26;1992.86;-724.40;0.00
0.26;11.59;35.10;2807.75;2166.54;-641.21;0.00
0.21;12.03;37.44;2994.94;1892.20;-1102.74;0.00
0.27;9.12;36.99;2959.12;2088.72;-870.40;0.00
0.23;9.98;31.23;2498.47;1866.36;-632.11;0.00
0.19;10.57;43.30;3464.01;1682.79;-1781.22;0.00
0.21;10.43;40.27;3221.97;1787.28;-1434.69;0.00
0.20;9.88;42.30;3384.39;1725.06;-1659.34;0.00
0.22;11.02;38.51;3080.98;1897.00;-1183.98;0.00
0.22;10.95;47.89;3831.51;1868.01;-1963.50;0.00
0.28;11.92;44.70;3576.34;2287.08;-1289.25;0.00
0.27;12.18;43.46;3476.48;2234.37;-1242.11;0.00
0.24;11.24;36.46;2916.49;2007.75;-908.75;0.00
0.26;9.29;50.07;4005.94;1992.03;-2013.91;0.00
0.26;8.48;43.96;3516.62;1948.84;-1567.79;0.00
0.27;10.96;30.73;2458.58;2153.44;-305.14;0.00
0.26;7.81;41.67;3333.79;1930.41;-1403.38;0.00
0.24;11.23;36.95;2956.10;2007.48;-948.62;0.00
0.23;8.65;39.75;3179.77;1791.75;-1388.02;0.00
0.25;8.96;35.40;2831.72;1919.04;-912.67;0.00
0.22;8.72;38.18;3054.53;1760.35;-1294.18;0.00
0.26;10.10;43.68;3494.64;2061.50;-1433.15;0.00
0.26;10.70;33.03;2642.49;2073.84;-568.65;0.00
0.24;8.77;43.19;3455.30;1889.76;-1565.54;0.00
0.25;9.19;39.88;3190.15;1932.09;-1258.06;0.00
0.32;9.91;44.37;3549.57;2400.78;-1148.80;0.00
0.27;9.35;34.46;2756.54;2080.64;-675.90;0.00
0.26;11.02;43.97;3517.57;2140.06;-1377.51;0.00
0.27;12.41;39.10;3127.99;2233.20;-894.79;0.00
0.25;11.77;35.45;2835.88;2096.79;-739.09;0.00
0.29;9.52;41.16;3292.97;2194.57;-1098.40;0.00
0.28;10.92;38.68;3094.79;2200.75;-894.04;0.00
0.24;9.76;31.19;2494.93;1926.46;-568.47;0.00
0.25;9.70;34.98;2798.04;1996.92;-801.12;0.00
0.24;9.84;43.70;3496.29;1922.61;-1573.68;0.00
0.25;9.37;36.12;2889.22;1951.84;-937.38;0.00
0.26;11.09;40.35;3227.74;2119.97;-1107.77;0.00
0.26;9.99;39.70;3176.27;2035.80;-1140.47;0.00
0.26;11.27;37.28;2982.29;2152.34;-829.96;0.00
0.26;12.65;32.80;2623.77;2176.81;-446.96;0.00
0.27;9.06;39.29;3143.47;2051.29;-1092.18;0.00
0.25;10.88;49.33;3946.53;2032.81;-1913.71;0.00
0.22;9.91;41.55;3323.65;1844.19;-1479.47;0.00
0.25;9.03;42.99;3438.90;1961.84;-1477.06;0.00
0.27;9.49;36.81;2944.78;2076.82;-867.96;0.00
0.23;10.00;41.76;3340.42;1878.90;-1461.51;0.00
0.22;11.19;52.53;4202.09;1915.83;-2286.27;0.00
0.28;10.33;37.99;3039.00;2162.31;-876.69;0.00
0.28;9.76;43.99;3518.89;2179.49;-1339.40;0.00
0.23;11.65;39.25;3140.08;1984.30;-1155.77;0.00
0.26;10.28;44.61;3569.12;2100.24;-1468.88;0.00
0.26;11.42;51.87;4150.00;2137.27;-2012.73;0.00
0.25;11.48;41.68;3334.79;2069.02;-1265.77;0.00
0.27;10.62;38.76;3100.68;2151.26;-949.42;0.00
0.24;10.45;41.29;3303.07;1978.93;-1324.14;0.00
0.22;10.03;33.68;2694.77;1822.96;-871.81;0.00
0.20;9.67;45.40;3632.06;1700.19;-1931.87;0.00
0.28;10.06;40.16;3212.46;2166.72;-1045.74;0.00
0.21;10.38;40.55;3244.07;1796.98;-1447.09;0.00
0.24;10.61;40.51;3240.85;1984.92;-1255.92;0.00
0.27;11.36;41.36;3308.72;2216.78;-1091.94;0.00
0.27;9.62;37.47;2997.88;2106.24;-891.65;0.00
0.26;11.75;44.35;3548.03;2159.82;-1388.21;0.00
0.22;11.45;33.48;2678.57;1901.41;-777.16;0.00
0.27;9.64;43.92;3513.81;2075.86;-1437.95;0.00
0.26;10.87;41.06;3284.62;2103.73;-1180.89;0.00
0.28;12.50;38.68;3094.50;2279.61;-814.90;0.00
0.24;10.40;39.51;3160.81;1969.31;-1191.50;0.00
0.24;12.23;37.66;3012.60;2084.32;-928.27;0.00
0.25;11.19;40.79;3263.53;2079.63;-1183.89;0.00
0.27;9.08;35.94;2875.20;2054.47;-820.73;0.00
0.25;10.73;47.35;3788.37;2066.05;-1722.32;0.00
0.24;10.14;42.48;3398.44;1948.72;-1449.72;0.00
0.23;10.15;51.69;4135.29;1900.53;-2234.76;0.00
0.25;10.12;34.08;2726.79;2008.99;-717.80;0.00
0.21;10.18;45.57;3645.57;1794.74;-1850.82;0.00
0.23;10.40;31.55;2523.76;1920.76;-603.00;0.00
0.31;11.53;40.63;3250.37;2440.33;-810.04;0.00
0.28;10.55;31.86;2548.50;2226.63;-321.86;0.00
0.27;11.47;42.48;3398.58;2203.56;-1195.02;0.00
0.28;8.83;37.87;3029.77;2127.54;-902.23;0.00
0.27;10.23;37.80;3023.79;2146.08;-877.71;0.00
0.21;9.64;42.96;3437.01;1742.49;-1694.52;0.00
0.29;9.68;45.17;3613.87;2240.49;-1373.38;0.00
0.20;7.23;37.41;2993.15;1559.76;-1433.39;0.00
0.28;9.89;40.09;3206.85;2166.46;-1040.38;0.00
0.23;8.92;42.10;3368.29;1801.93;-1566.36;0.00
0.24;9.62;47.50;3800.14;1906.03;-1894.12;0.00
0.30;9.42;38.06;3044.48;2246.75;-797.73;0.00
0.24;10.98;39.05;3123.75;2012.01;-1111.74;0.00
0.26;11.08;32.30;2583.70;2110.22;-473.48;0.00
0.26;9.53;47.52;3801.68;2029.38;-1772.30;0.00
0.26;11.42;34.90;2791.66;2110.11;-681.55;0.00
0.23;9.92;35.43;2834.69;1899.23;-935.46;0.00
0.26;10.65;41.31;3304.80;2077.97;-1226.83;0.00
0.26;8.32;37.20;2975.67;1952.34;-1023.33;0.00
0.25;9.34;29.54;2362.98;1943.01;-419.97;0.00
0.25;10.37;45.78;3662.09;2045.55;-1616.53;0.00
0.24;11.44;31.45;2515.61;1989.10;-526.51;0.00
0.24;8.62;42.12;3369.55;1836.88;-1532.67;0.00
0.24;11.10;36.37;2909.23;2014.56;-894.66;0.00
0.25;9.60;36.23;2898.34;1950.57;-947.78;0.00
0.23;9.20;33.53;2682.77;1831.87;-850.91;0.00
0.24;9.79;34.71;2776.48;1956.94;-819.54;0.00
0.24;9.68;42.11;3368.67;1934.45;-1434.22;0.00
0.21;11.62;47.69;3815.42;1879.51;-1935.91;0.00
0.31;10.23;36.68;2934.14;2389.27;-544.87;0.00
0.28;11.04;38.43;3074.31;2220.84;-853.47;0.00
0.25;9.16;43.50;3480.24;1957.02;-1523.21;0.00
0.26;9.03;34.86;2789.20;1992.76;-796.44;0.00
0.27;10.52;37.79;3022.87;2159.48;-863.39;0.00
0.24;11.71;39.74;3178.81;2020.63;-1158.18;0.00
0.25;11.38;43.58;3486.27;2055.37;-1430.90;0.00
0.25;9.02;49.34;3947.31;1924.92;-2022.39;0.00
0.24;9.41;38.12;3049.59;1933.55;-1116.04;0.00
0.22;12.29;41.37;3309.75;1967.17;-1342.58;0.00
0.20;11.18;45.74;3659.30;1769.18;-1890.12;0.00
0.23;9.88;43.79;3502.88;1856.13;-1646.76;0.00
0.28;9.98;32.77;2621.76;2153.30;-468.46;0.00
0.24;10.00;38.26;3060.54;1920.91;-1139.63;0.00
0.24;11.59;39.33;3146.71;2043.13;-1103.58;0.00
0.28;12.40;47.45;3795.78;2330.37;-1465.41;0.00
0.26;10.25;40.16;3212.83;2054.07;-1158.76;0.00
0.25;10.47;43.19;3455.05;2022.58;-1432.47;0.00
0.26;9.43;39.65;3172.28;1998.71;-1173.57;0.00
0.21;11.84;40.16;3212.95;1884.24;-1328.71;0.00
0.25;12.24;35.97;2877.46;2126.82;-750.64;0.00
0.29;10.24;42.47;3397.64;2267.58;-1130.06;0.00
0.24;10.15;41.71;3336.60;1949.32;-1387.28;0.00
0.23;10.12;41.39;3311.52;1895.74;-1415.79;0.00
0.24;8.58;42.94;3434.98;1844.82;-1590.16;0.00
0.25;9.54;29.65;2371.77;1991.99;-379.79;0.00
0.25;10.26;41.53;3322.22;2037.73;-1284.49;0.00
0.23;11.52;42.64;3411.46;1979.68;-1431.77;0.00
0.25;7.67;40.73;3258.66;1887.92;-1370.74;0.00
0.23;8.85;46.43;3714.31;1832.05;-1882.26;0.00
0.27;10.66;31.06;2484.53;2123.90;-360.63;0.00
0.23;7.77;33.32;2666.00;1781.56;-884.44;0.00
0.28;11.10;49.81;3984.50;2236.19;-1748.31;0.00
0.26;10.92;31.33;2506.26;2134.35;-371.91;0.00
0.25;10.14;45.72;3657.66;2033.64;-1624.02;0.00
0.24;11.45;42.76;3420.61;2030.47;-1390.14;0.00
0.25;11.12;37.47;2997.38;2045.68;-951.69;0.00
0.22;8.71;41.68;3334.63;1754.35;-1580.28;0.00
0.20;11.51;31.49;2519.11;1793.43;-725.69;0.00
0.25;10.52;33.87;2709.63;2036.51;-673.12;0.00
0.24;10.01;34.79;2783.33;1936.81;-846.52;0.00
0.28;10.99;40.92;3273.55;2238.24;-1035.30;0.00
0.26;8.64;44.82;3585.78;1969.88;-1615.90;0.00
0.22;9.99;43.80;3503.85;1818.46;-1685.40;0.00
0.20;10.11;34.45;2756.17;1692.21;-1063.96;0.00
0.24;9.25;44.34;3547.59;1906.57;-1641.01;0.00
0.24;11.90;34.45;2756.30;2015.61;-740.69;0.00
0.30;8.33;38.03;3042.20;2202.86;-839.33;0.00
0.24;9.47;44.83;3586.64;1905.81;-1680.82;0.00
0.26;9.18;45.16;3612.95;1986.29;-1626.66;0.00
0.24;10.52;44.61;3568.82;1960.38;-1608.44;0.00
0.28;8.69;34.95;2796.01;2085.41;-710.60;0.00
0.24;9.77;42.22;3377.94;1946.92;-1431.02;0.00
0.25;11.06;37.01;2960.97;2077.44;-883.53;0.00
0.25;10.11;40.58;3246.03;2014.90;-1231.12;0.00
0.19;9.70;43.91;3513.09;1654.16;-1858.92;0.00
0.26;9.73;47.36;3789.17;2026.43;-1762.74;0.00
0.24;8.99;41.94;3355.13;1871.89;-1483.24;0.00
0.24;10.34;42.81;3424.70;1945.49;-1479.22;0.00
0.24;10.67;44.17;3533.42;1993.69;-1539.73;0.00
0.26;10.39;45.79;3663.04;2080.21;-1582.83;0.00
0.28;10.70;43.21;3456.91;2184.10;-1272.81;0.00
0.23;8.73;49.27;3941.36;1816.93;-2124.43;0.00
0.24;10.95;45.14;3611.34;1990.13;-1621.22;0.00
0.21;9.68;39.61;3169.15;1724.15;-1445.00;0.00
0.22;9.79;34.00;2719.83;1824.18;-895.66;0.00
0.30;7.65;42.77;3421.38;2150.67;-1270.71;0.00
0.25;8.79;37.48;2998.25;1935.83;-1062.42;0.00
0.22;9.88;34.74;2778.84;1805.07;-973.77;0.00
0.26;11.69;41.32;3305.27;2170.80;-1134.47;0.00
0.21;9.46;39.42;3153.83;1739.20;-1414.64;0.00
0.29;9.41;42.37;3389.61;2220.93;-1168.68;0.00
0.25;8.95;42.07;3365.26;1929.99;-1435.26;0.00
0.23;9.50;36.88;2950.29;1854.84;-1095.45;0.00
0.27;11.08;44.27;3541.40;2194.20;-1347.20;0.00
0.26;8.91;50.30;4024.39;1978.34;-2046.05;0.00
0.25;11.63;41.71;3336.89;2106.36;-1230.54;0.00
0.27;10.94;40.21;3216.72;2172.55;-1044.18;0.00
0.28;11.05;47.43;3794.29;2236.10;-1558.19;0.00
0.27;10.81;40.14;3211.30;2137.74;-1073.56;0.00
0.26;8.80;40.08;3206.24;1994.46;-1211.79;0.00
0.24;9.08;43.66;3492.78;1885.81;-1606.97;0.00
0.27;9.08;48.11;3848.86;2045.53;-1803.33;0.00
0.23;10.62;41.37;3309.39;1896.77;-1412.62;0.00
0.21;10.53;46.24;3699.56;1810.25;-1889.32;0.00
0.25;9.15;46.31;3704.94;1923.12;-1781.82;0.00
0.25;9.80;38.93;3114.23;1996.24;-1117.99;0.00
0.27;10.48;44.92;3593.92;2135.33;-1458.59;0.00
0.25;9.07;35.43;2834.05;1964.72;-869.32;0.00
0.27;11.40;41.33;3306.15;2190.43;-1115.72;0.00
0.25;9.85;41.90;3352.15;1987.20;-1364.95;0.00
0.25;11.57;33.01;2640.77;2059.94;-580.83;0.00
0.25;7.66;34.59;2767.05;1875.90;-891.15;0.00
0.24;11.09;40.11;3209.06;1972.47;-1236.59;0.00
0.31;9.61;38.94;3115.59;2306.76;-808.83;0.00
0.21;9.69;36.15;2891.77;1738.88;-1152.89;0.00
0.24;12.08;40.86;3268.66;2052.08;-1216.58;0.00
0.24;8.99;38.71;3096.40;1870.21;-1226.20;0.00
0.26;8.46;35.56;2844.78;1978.68;-866.10;0.00
0.26;8.92;44.28;3542.77;1980.01;-1562.77;0.00
0.25;10.75;47.68;3814.27;2049.27;-1765.01;0.00
0.23;10.07;37.90;3031.95;1909.59;-1122.36;0.00
0.24;10.46;47.98;3838.62;1989.73;-1848.88;0.00
0.24;10.89;43.34;3467.57;2010.66;-1456.91;0.00
0.28;10.41;38.90;3112.07;2191.90;-920.17;0.00
0.25;11.04;37.87;3029.26;2078.89;-950.36;0.00
0.23;10.07;40.78;3262.08;1867.73;-1394.35;0.00
0.23;11.55;45.02;3601.42;1961.70;-1639.73;0.00
0.24;10.45;45.20;3616.20;1982.71;-1633.50;0.00
0.29;11.23;36.36;2908.40;2318.83;-589.57;0.00
0.23;9.02;36.48;2918.44;1857.16;-1061.28;0.00
0.21;11.27;36.26;2900.54;1830.41;-1070.13;0.00
0.21;10.17;35.63;2850.39;1767.11;-1083.27;0.00
0.22;9.21;30.09;2407.59;1780.94;-626.65;0.00
0.23;7.77;39.26;3140.47;1777.34;-1363.13;0.00
0.25;9.94;44.05;3524.13;1976.71;-1547.41;0.00
0.28;8.12;37.76;3020.82;2047.93;-972.90;0.00
0.27;11.38;41.05;3284.27;2198.03;-1086.24;0.00
0.25;9.42;44.26;3541.17;1979.13;-1562.03;0.00
0.26;10.33;43.61;3488.86;2048.50;-1440.36;0.00
0.28;12.66;37.47;2997.33;2323.80;-673.53;0.00
0.26;9.63;35.60;2848.00;2064.76;-783.24;0.00
0.27;12.03;33.96;2716.61;2227.14;-489.47;0.00
0.27;8.41;35.32;2825.73;2000.64;-825.09;0.00
0.26;8.99;44.06;3524.79;1989.04;-1535.75;0.00
0.23;11.85;43.95;3516.04;1980.20;-1535.84;0.00
0.25;10.32;43.34;3467.60;1993.87;-1473.73;0.00
0.26;10.96;31.85;2547.79;2093.72;-454.07;0.00
0.22;9.36;37.09;2966.85;1770.91;-1195.94;0.00
0.26;11.95;34.28;2742.57;2187.68;-554.89;0.00
0.25;10.50;48.63;3890.02;2030.49;-1859.52;0.00
0.20;7.60;35.08;2806.72;1556.03;-1250.69;0.00
0.25;11.33;41.94;3355.29;2079.69;-1275.60;0.00
0.21;11.02;35.26;2821.06;1830.25;-990.80;0.00
0.27;9.25;36.71;2936.54;2096.30;-840.23;0.00
0.25;9.77;30.48;2438.34;1991.94;-446.40;0.00
0.21;11.66;39.22;3137.37;1839.62;-1297.76;0.00
0.25;7.95;45.76;3660.71;1867.54;-1793.17;0.00
0.25;10.02;44.45;3555.65;2005.36;-1550.28;0.00
0.29;9.28;45.86;3668.95;2192.24;-1476.71;0.00
0.29;11.83;45.46;3637.19;2302.59;-1334.61;0.00
0.21;8.94;35.06;2805.10;1700.04;-1105.06;0.00
0.23;9.66;43.85;3507.93;1877.89;-1630.04;0.00
0.29;12.50;31.12;2489.50;2342.59;-146.91;0.00
0.27;9.56;35.70;2856.18;2082.10;-774.08;0.00
0.25;9.52;40.00;3200.05;1975.35;-1224.70;0.00
0.31;10.35;34.89;2791.41;2392.90;-398.51;0.00
0.24;10.44;41.44;3314.90;1967.40;-1347.51;0.00
0.23;8.11;41.99;3359.17;1797.70;-1561.46;0.00
0.25;9.19;36.34;2907.38;1933.56;-973.82;0.00
0.26;9.74;37.27;2981.41;2038.61;-942.79;0.00
0.24;8.94;48.72;3897.30;1857.71;-2039.59;0.00
0.26;9.25;45.68;3654.70;2035.70;-1619.00;0.00
0.27;11.13;40.72;3257.46;2168.76;-1088.70;0.00
0.28;9.63;39.44;3155.57;2151.70;-1003.88;0.00
0.23;10.85;39.66;3173.04;1941.40;-1231.64;0.00
0.28;12.24;45.24;3619.34;2315.80;-1303.54;0.00
0.28;10.32;35.54;2843.01;2189.77;-653.24;0.00
0.20;9.82;35.09;2807.19;1674.37;-1132.82;0.00
0.22;10.75;40.70;3256.20;1886.70;-1369.51;0.00
0.26;11.29;51.95;4156.30;2104.04;-2052.27;0.00
0.20;9.42;36.10;2888.35;1671.72;-1216.63;0.00
0.25;12.54;33.33;2666.25;2123.85;-542.41;0.00
0.25;10.90;36.15;2891.90;2053.61;-838.29;0.00
0.25;11.96;42.46;3396.69;2084.90;-1311.79;0.00
0.27;11.39;36.38;2910.42;2183.70;-726.72;0.00
0.27;10.08;42.81;3424.47;2128.63;-1295.83;0.00
0.26;10.09;39.10;3128.31;2070.75;-1057.57;0.00
0.26;9.95;34.92;2793.72;2050.78;-742.94;0.00
0.22;8.61;39.93;3194.13;1752.52;-1441.61;0.00
0.23;10.04;36.02;2881.88;1876.30;-1005.57;0.00
0.26;9.55;38.99;3119.30;2032.38;-1086.92;0.00
0.23;11.17;37.66;3012.60;1939.76;-1072.84;0.00
0.22;10.98;38.86;3108.57;1869.00;-1239.57;0.00
0.24;12.90;40.46;3237.16;2123.67;-1113.49;0.00
0.21;9.79;36.47;2917.41;1765.10;-1152.31;0.00
0.23;8.29;45.18;3614.18;1817.54;-1796.64;0.00
0.23;8.60;47.79;3823.06;1832.93;-1990.13;0.00
0.24;10.83;38.08;3046.03;1963.31;-1082.71;0.00
0.23;9.62;39.76;3181.04;1840.01;-1341.03;0.00
0.19;9.38;46.57;3725.27;1625.59;-2099.68;0.00
0.26;11.86;39.28;3142.54;2161.48;-981.07;0.00
0.27;10.12;47.23;3778.21;2108.26;-1669.95;0.00
0.27;9.80;41.29;3303.21;2090.72;-1212.49;0.00
0.24;11.43;39.79;3182.96;2039.10;-1143.85;0.00
0.27;10.45;36.49;2918.88;2113.21;-805.67;0.00
0.27;9.73;38.68;3094.16;2096.97;-997.18;0.00
0.26;12.03;40.52;3241.62;2175.90;-1065.72;0.00
0.25;11.14;41.78;3342.53;2038.72;-1303.81;0.00
0.26;10.99;45.25;3620.07;2109.43;-1510.63;0.00
0.22;10.52;46.16;3692.82;1842.79;-1850.03;0.00
0.25;11.46;31.63;2530.66;2069.04;-461.62;0.00
0.26;12.70;42.90;3432.12;2207.59;-1224.54;0.00
0.22;10.37;48.80;3904.23;1842.26;-2061.98;0.00
0.24;10.02;39.33;3146.38;1926.78;-1219.61;0.00
0.25;10.97;35.58;2846.11;2057.99;-788.12;0.00
0.27;11.03;37.28;2982.60;2147.80;-834.80;0.00
0.24;8.86;44.41;3553.03;1888.40;-1664.63;0.00
0.27;9.79;39.26;3140.87;2118.25;-1022.63;0.00
0.27;9.21;39.71;3176.96;2051.66;-1125.31;0.00
0.25;9.36;33.95;2715.63;1982.73;-732.90;0.00
0.26;10.22;42.49;3398.95;2095.33;-1303.62;0.00
0.25;12.45;35.43;2834.21;2145.93;-688.27;0.00
0.25;9.18;41.45;3316.05;1942.50;-1373.55;0.00
0.24;9.92;38.10;3047.89;1954.53;-1093.36;0.00
0.24;8.74;33.94;2715.59;1878.48;-837.11;0.00
0.22;10.12;34.72;2777.63;1823.86;-953.76;0.00
0.22;9.99;46.89;3751.01;1838.96;-1912.05;0.00
0.28;9.57;40.30;3224.00;2151.47;-1072.53;0.00
0.25;12.33;41.86;3348.49;2112.27;-1236.23;0.00
0.22;8.05;44.41;3553.11;1711.87;-1841.25;0.00
0.26;10.02;38.10;3047.78;2085.29;-962.49;0.00
0.25;8.59;37.99;3038.95;1949.37;-1089.58;0.00
0.25;9.36;36.83;2946.21;1949.67;-996.54;0.00
0.24;10.25;46.39;3711.58;1947.28;-1764.30;0.00
0.25;10.87;35.28;2822.17;2045.29;-776.88;0.00
0.24;12.04;38.66;3093.04;2056.23;-1036.81;0.00
0.25;7.50;49.63;3970.32;1883.32;-2087.00;0.00
0.27;11.04;49.43;3954.73;2176.54;-1778.18;0.00
0.23;10.25;43.34;3467.21;1923.22;-1543.99;0.00
0.24;10.30;35.65;2852.17;1927.33;-924.84;0.00
0.28;10.53;34.31;2744.58;2180.08;-564.50;0.00
0.24;7.43;35.08;2806.23;1809.86;-996.37;0.00
0.26;12.41;47.22;3777.43;2186.45;-1590.98;0.00
0.20;10.49;42.52;3401.91;1760.56;-1641.35;0.00
0.25;10.14;37.43;2994.13;2025.72;-968.42;0.00
0.26;11.46;39.40;3152.23;2157.57;-994.67;0.00
0.29;11.58;38.69;3095.08;2314.93;-780.15;0.00
0.24;9.82;36.92;2953.68;1925.18;-1028.49;0.00
0.25;10.83;39.94;3195.31;2017.00;-1178.30;0.00
0.24;9.78;42.51;3401.02;1929.49;-1471.53;0.00
0.22;9.34;38.22;3057.37;1783.13;-1274.24;0.00
0.26;9.47;41.41;3312.95;2040.58;-1272.37;0.00
0.26;9.86;34.01;2720.51;2036.33;-684.18;0.00
0.26;9.97;38.89;3110.93;2058.50;-1052.43;0.00
0.26;11.81;38.90;3111.65;2163.60;-948.06;0.00
0.25;9.80;35.08;2806.31;1994.96;-811.35;0.00
0.23;10.95;47.38;3790.08;1956.87;-1833.21;0.00
0.28;9.40;39.70;3176.02;2162.84;-1013.18;0.00
0.25;8.69;44.49;3559.20;1926.22;-1632.98;0.00
0.22;10.35;33.41;2672.51;1826.35;-846.17;0.00
0.24;12.90;38.72;3097.99;2092.74;-1005.25;0.00
0.26;10.47;36.49;2919.17;2088.09;-831.09;0.00
0.25;11.46;37.85;3027.95;2092.84;-935.11;0.00
0.28;9.36;40.26;3221.17;2155.38;-1065.79;0.00
0.20;10.34;35.77;2861.84;1731.76;-1130.08;0.00
0.25;11.45;45.77;3661.94;2056.36;-1605.58;0.00
0.24;12.69;38.31;3064.53;2103.75;-960.78;0.00
0.20;11.07;35.66;2852.63;1777.34;-1075.29;0.00
0.24;11.21;36.20;2895.71;2028.70;-867.01;0.00
0.21;10.14;39.51;3161.15;1777.32;-1383.82;0.00
0.26;11.38;42.18;3374.10;2114.79;-1259.31;0.00
0.25;11.52;40.66;3252.95;2097.26;-1155.69;0.00
0.25;10.00;39.44;3155.10;2012.99;-1142.11;0.00
0.24;8.06;32.71;2616.83;1806.27;-810.57;0.00
0.29;9.80;47.03;3762.43;2218.97;-1543.46;0.00
0.23;10.03;37.92;3033.75;1908.52;-1125.22;0.00
0.23;10.38;37.95;3036.00;1916.60;-1119.40;0.00
0.25;9.95;46.38;3710.61;1991.48;-1719.14;0.00
0.24;10.54;45.29;3623.19;1939.98;-1683.20;0.00
0.28;10.64;41.38;3310.50;2194.69;-1115.81;0.00
0.28;9.97;36.78;2942.70;2185.65;-757.05;0.00
0.21;9.17;46.52;3721.80;1735.70;-1986.09;0.00
0.24;9.55;45.81;3664.65;1929.89;-1734.76;0.00
0.20;11.77;38.25;3059.76;1787.16;-1272.59;0.00
0.27;12.66;46.73;3738.51;2253.13;-1485.39;0.00
0.28;9.66;30.14;2411.11;2132.47;-278.64;0.00
0.23;10.78;39.77;3181.58;1915.49;-1266.09;0.00
0.27;10.71;40.44;3235.52;2172.70;-1062.82;0.00
0.26;10.38;34.28;2742.20;2075.09;-667.12;0.00
0.28;10.85;45.06;3605.01;2230.74;-1374.27;0.00
0.22;9.85;49.45;3956.06;1789.62;-2166.44;0.00
0.21;12.12;34.79;2783.21;1881.78;-901.43;0.00
0.24;11.27;42.79;3423.38;1988.04;-1435.33;0.00
0.24;10.50;38.70;3096.37;1993.46;-1102.91;0.00
0.29;10.73;39.43;3154.57;2241.86;-912.71;0.00
0.24;11.55;40.98;3278.68;2051.72;-1226.96;0.00
0.27;11.26;36.07;2885.64;2179.68;-705.95;0.00
0.21;8.99;39.46;3156.99;1697.28;-1459.71;0.00
0.24;9.64;37.69;3015.10;1911.53;-1103.57;0.00
0.28;9.38;37.77;3021.74;2146.24;-875.51;0.00
0.20;11.73;38.07;3045.71;1774.35;-1271.36;0.00
0.25;10.18;49.20;3936.26;1984.18;-1952.09;0.00
0.24;10.36;41.37;3309.67;1955.07;-1354.60;0.00
0.19;9.92;39.81;3185.17;1665.88;-1519.29;0.00
0.28;10.56;32.06;2565.17;2215.42;-349.75;0.00
0.24;8.31;42.99;3439.49;1859.16;-1580.34;0.00
0.24;9.20;37.06;2964.66;1896.78;-1067.88;0.00
0.26;10.52;37.49;2999.33;2079.07;-920.26;0.00
0.24;11.28;47.71;3816.53;2000.22;-1816.31;0.00
0.19;10.80;35.39;2830.96;1701.58;-1129.38;0.00
0.29;9.88;42.44;3395.35;2199.79;-1195.56;0.00
0.25;9.54;40.75;3260.17;1975.65;-1284.52;0.00
0.28;10.00;42.74;3419.34;2189.68;-1229.65;0.00
0.20;10.19;40.64;3250.97;1735.42;-1515.55;0.00
0.28;11.08;41.79;3343.25;2216.30;-1126.95;0.00
0.22;10.78;39.27;3141.47;1845.42;-1296.05;0.00
