# X_0;X_1;X_2;R_0;S_0;G_0;I_0
0.22;11.20;34.69;2775.16;1907.57;-867.60;0.00
0.25;9.92;39.91;3192.97;2010.58;-1182.39;0.00
0.25;10.18;32.08;2566.70;1991.57;-575.13;0.00
0.27;8.79;37.83;3026.56;2026.85;-999.71;0.00
0.23;10.76;32.11;2568.57;1915.00;-653.58;0.00
0.25;9.47;44.89;3591.01;1951.56;-1639.45;0.00
0.23;10.46;41.77;3341.41;1889.66;-1451.75;0.00
0.25;11.45;38.33;3066.61;2059.28;-1007.33;0.00
0.28;12.01;28.59;2287.06;2261.30;-25.77;0.00
0.24;10.15;28.30;2263.76;1954.94;-308.82;0.00
0.28;10.14;37.81;3024.42;2207.70;-816.71;0.00
0.29;9.16;41.95;3355.66;2165.94;-1189.72;0.00
0.23;12.56;43.40;3472.37;2041.86;-1430.51;0.00
0.27;9.45;42.81;3424.56;2061.02;-1363.54;0.00
0.23;8.80;45.82;3665.73;1795.53;-1870.19;0.00
0.21;9.32;35.89;2871.10;1738.86;-1132.25;0.00
0.26;7.16;36.02;2881.68;1881.26;-1000.42;0.00
0.22;10.75;34.39;2751.46;1834.89;-916.57;0.00
0.22;9.97;44.10;3528.34;1797.94;-1730.40;0.00
0.22;11.96;46.67;3733.59;1933.08;-1800.51;0.00
0.26;12.81;38.88;3110.56;2193.14;-917.42;0.00
0.25;9.88;44.68;3574.20;2017.49;-1556.71;0.00
0.26;13.15;43.29;3463.25;2237.63;-1225.62;0.00
0.25;11.27;42.21;3376.59;2050.84;-1325.75;0.00
0.24;11.53;40.42;3233.26;1994.02;-1239.24;0.00
0.24;10.14;47.36;3788.65;1944.93;-1843.71;0.00
0.24;9.56;44.16;3533.05;1907.84;-1625.21;0.00
0.26;9.94;37.48;2998.12;2027.53;-970.58;0.00
0.25;9.87;40.54;3243.40;1981.93;-1261.47;0.00
0.28;11.32;35.05;2804.14;2218.57;-585.57;0.00
0.28;10.16;34.35;2748.21;2155.11;-593.10;0.00
0.23;11.00;45.39;3630.90;1907.24;-1723.66;0.00
0.28;8.63;40.93;3274.24;2070.51;-1203.73;0.00
0.22;7.25;42.16;3372.71;1658.55;-1714.16;0.00
0.23;10.46;28.86;2308.93;1898.85;-410.07;0.00
0.26;7.24;48.86;3908.57;1891.82;-2016.75;0.00
0.24;10.17;41.46;3316.44;1931.04;-1385.40;0.00
0.29;9.85;39.05;3124.29;2242.20;-882.09;0.00
0.28;10.54;45.87;3669.24;2182.34;-1486.90;0.00
0.22;10.56;33.91;2712.77;1874.76;-838.01;0.00
0.23;10.53;47.47;3797.94;1916.77;-1881.17;0.00
0.26;8.95;41.27;3301.85;2000.66;-1301.19;0.00
0.23;11.27;41.50;3319.83;1957.91;-1361.92;0.00
0.28;10.29;38.00;3039.68;2208.56;-831.12;0.00
0.22;9.32;37.29;2983.14;1774.92;-1208.22;0.00
0.26;10.38;38.17;3053.86;2053.30;-1000.56;0.00
0.26;10.55;44.73;3578.06;2064.59;-1513.47;0.00
0.26;10.61;44.00;3519.89;2068.12;-1451.77;0.00
0.25;10.09;35.52;2841.33;1986.42;-854.92;0.00
0.22;11.03;37.05;2963.82;1898.11;-1065.72;0.00
0.24;11.21;35.12;2809.21;2022.89;-786.31;0.00
0.22;7.78;31.27;2501.60;1709.75;-791.85;0.00
0.27;9.55;41.99;3358.91;2110.70;-1248.20;0.00
0.27;10.22;37.40;2992.39;2097.37;-895.02;0.00
0.24;8.31;38.02;3041.57;1837.64;-1203.93;0.00
0.28;11.03;31.15;2491.76;2210.56;-281.20;0.00
0.27;10.08;37.14;2970.88;2093.12;-877.76;0.00
0.23;9.30;40.42;3233.31;1872.23;-1361.08;0.00
0.25;11.12;40.98;3278.21;2060.22;-1218.00;0.00
0.24;9.60;31.63;2530.76;1935.79;-594.97;0.00
0.27;13.27;37.04;2962.94;2285.84;-677.09;0.00
0.26;12.14;41.32;3305.74;2185.56;-1120.18;0.00
0.25;10.40;35.68;2854.17;2014.59;-839.58;0.00
0.27;9.78;34.27;2741.25;2105.74;-635.50;0.00
0.25;10.41;47.64;3811.46;2025.13;-1786.33;0.00
0.27;9.80;33.88;2710.54;2109.18;-601.36;0.00
0.21;11.80;41.00;3280.17;1834.72;-1445.45;0.00
0.26;11.34;40.42;3233.28;2153.68;-1079.60;0.00
0.27;9.58;36.79;2943.37;2112.03;-831.34;0.00
0.23;10.70;42.84;3427.01;1913.16;-1513.85;0.00
0.27;9.87;40.42;3233.99;2096.02;-1137.96;0.00
0.22;9.19;35.02;2801.35;1798.82;-1002.53;0.00
0.26;10.79;39.06;3124.83;2086.96;-1037.87;0.00
0.19;9.56;47.72;3817.25;1624.76;-2192.50;0.00
0.20;8.07;43.94;3514.95;1601.20;-1913.75;0.00
0.30;9.13;41.09;3287.36;2235.64;-1051.71;0.00
0.25;9.71;45.73;3658.09;2006.60;-1651.49;0.00
0.24;9.73;45.03;3602.46;1923.69;-1678.77;0.00
0.22;10.34;40.98;3278.18;1848.82;-1429.35;0.00
0.24;10.63;42.05;3364.33;1975.58;-1388.75;0.00
0.25;9.82;34.43;2754.13;1978.16;-775.97;0.00
0.25;10.39;40.09;3207.28;2029.55;-1177.72;0.00
0.26;10.75;47.31;3784.61;2085.93;-1698.68;0.00
0.24;10.65;36.95;2955.88;1993.01;-962.88;0.00
0.24;10.73;40.10;3207.98;2005.03;-1202.95;0.00
0.23;10.89;32.49;2599.34;1952.81;-646.53;0.00
0.26;9.34;37.72;3017.51;2005.80;-1011.71;0.00
0.27;10.62;43.67;3493.50;2167.37;-1326.13;0.00
0.23;8.76;33.44;2675.58;1802.49;-873.09;0.00
0.28;9.99;47.34;3787.34;2176.45;-1610.89;0.00
0.27;8.76;39.42;3153.83;2063.96;-1089.87;0.00
0.22;7.86;47.70;3816.36;1710.22;-2106.13;0.00
0.24;8.60;48.71;3896.76;1867.50;-2029.26;0.00
0.21;9.85;41.01;3280.51;1762.73;-1517.78;0.00
0.21;10.54;38.84;3107.12;1765.28;-1341.84;0.00
0.24;10.56;40.00;3199.65;1999.05;-1200.59;0.00
0.25;10.45;40.97;3277.90;2017.33;-1260.57;0.00
0.27;11.84;40.00;3199.85;2192.51;-1007.34;0.00
0.26;8.78;37.05;2964.24;2013.43;-950.81;0.00
0.23;11.52;42.21;3376.42;1992.24;-1384.18;0.00
0.21;7.69;40.20;3216.03;1630.08;-1585.95;0.00
0.25;8.99;41.49;3318.85;1963.69;-1355.16;0.00
0.25;9.92;37.08;2966.73;2000.04;-966.69;0.00
0.25;9.34;42.74;3419.28;1938.04;-1481.24;0.00
0.29;8.67;37.42;2993.82;2141.96;-851.85;0.00
0.26;12.23;39.11;3128.85;2150.44;-978.41;0.00
0.27;10.81;36.78;2942.01;2170.40;-771.61;0.00
0.23;8.30;42.74;3419.32;1799.65;-1619.67;0.00
0.23;10.82;35.18;2814.15;1900.41;-913.74;0.00
0.24;8.80;37.82;3025.37;1888.35;-1137.03;0.00
0.25;9.28;46.26;3701.18;1974.03;-1727.15;0.00
0.24;8.22;41.04;3282.96;1857.30;-1425.66;0.00
0.24;8.68;42.66;3412.69;1890.13;-1522.56;0.00
0.23;9.48;44.93;3594.70;1824.87;-1769.83;0.00
0.29;10.92;36.34;2907.10;2272.08;-635.02;0.00
0.30;9.91;45.75;3659.80;2276.93;-1382.87;0.00
0.24;9.60;49.46;3956.45;1930.55;-2025.90;0.00
0.23;9.81;44.61;3569.14;1897.04;-1672.10;0.00
0.26;12.46;32.76;2620.56;2185.40;-435.15;0.00
0.28;10.19;32.93;2634.41;2165.10;-469.31;0.00
0.27;10.19;38.63;3090.60;2100.80;-989.80;0.00
0.26;9.73;41.99;3359.49;2028.20;-1331.29;0.00
0.24;9.97;44.98;3598.08;1932.89;-1665.19;0.00
0.26;10.23;38.79;3103.41;2080.65;-1022.75;0.00
0.26;9.30;40.22;3217.51;2046.72;-1170.80;0.00
0.28;10.36;40.63;3250.67;2213.65;-1037.02;0.00
0.25;10.22;36.23;2898.06;1992.76;-905.30;0.00
0.27;9.34;44.26;3541.17;2053.94;-1487.23;0.00
0.22;10.97;38.74;3098.92;1847.99;-1250.93;0.00
0.27;8.44;34.62;2769.62;2030.45;-739.17;0.00
0.30;11.37;35.59;2847.49;2369.35;-478.14;0.00
0.25;11.33;28.78;2302.47;2042.64;-259.83;0.00
0.25;7.90;39.16;3132.51;1858.14;-1274.37;0.00
0.21;10.97;47.35;3787.71;1817.40;-1970.31;0.00
0.23;10.15;43.44;3474.85;1915.16;-1559.69;0.00
0.29;9.26;36.31;2905.12;2176.45;-728.67;0.00
0.22;9.00;39.32;3145.63;1782.25;-1363.38;0.00
0.27;9.84;42.03;3362.11;2095.49;-1266.62;0.00
0.25;11.09;40.83;3266.20;2072.23;-1193.97;0.00
0.25;8.52;37.19;2974.87;1925.38;-1049.48;0.00
0.24;9.43;37.37;2989.31;1936.06;-1053.25;0.00
0.25;8.94;34.41;2753.06;1954.16;-798.90;0.00
0.24;10.56;41.25;3299.67;1952.81;-1346.87;0.00
0.28;8.34;46.03;3682.45;2081.07;-1601.39;0.00
0.26;10.46;42.72;3417.70;2086.52;-1331.18;0.00
0.30;11.37;43.33;3466.65;2380.21;-1086.44;0.00
0.25;9.47;36.94;2955.31;1960.59;-994.72;0.00
0.30;11.61;44.89;3591.36;2366.23;-1225.13;0.00
0.19;12.43;42.07;3365.57;1763.46;-1602.11;0.00
0.24;11.11;46.97;3757.90;2018.92;-1738.97;0.00
0.25;7.34;39.19;3135.21;1837.72;-1297.48;0.00
0.25;9.49;49.07;3925.73;1966.05;-1959.68;0.00
0.30;11.71;40.71;3256.86;2374.71;-882.16;0.00
0.23;10.44;48.61;3888.80;1920.81;-1967.99;0.00
0.25;9.84;45.33;3626.50;1991.28;-1635.22;0.00
0.27;8.92;27.90;2231.80;2042.47;-189.33;0.00
0.24;11.21;45.90;3672.14;2029.70;-1642.44;0.00
0.28;10.87;42.86;3428.52;2240.90;-1187.62;0.00
0.24;9.74;42.85;3428.19;1907.71;-1520.48;0.00
0.28;10.99;35.44;2835.12;2207.47;-627.64;0.00
0.25;9.03;44.32;3545.86;1920.14;-1625.72;0.00
0.24;11.17;40.03;3202.59;2022.48;-1180.11;0.00
0.21;10.89;42.40;3391.75;1836.57;-1555.17;0.00
0.25;9.59;48.38;3870.21;1964.88;-1905.33;0.00
0.26;10.78;39.98;3198.10;2090.16;-1107.94;0.00
0.28;10.38;33.38;2670.66;2189.38;-481.29;0.00
0.23;9.85;42.29;3383.10;1856.75;-1526.35;0.00
0.23;10.31;41.45;3316.37;1922.15;-1394.23;0.00
0.23;9.50;38.36;3069.16;1830.47;-1238.69;0.00
0.28;8.56;35.80;2863.91;2097.54;-766.37;0.00
0.25;10.84;41.96;3357.19;2037.52;-1319.67;0.00
0.26;10.18;35.95;2875.66;2059.38;-816.28;0.00
0.30;10.36;39.25;3139.88;2284.75;-855.13;0.00
0.26;7.64;39.95;3195.91;1911.71;-1284.20;0.00
0.25;10.07;32.49;2599.27;1989.20;-610.07;0.00
0.22;9.88;39.70;3176.10;1815.79;-1360.31;0.00
0.24;11.90;42.51;3400.78;2053.99;-1346.78;0.00
0.24;11.19;37.48;2998.16;1980.08;-1018.07;0.00
0.23;10.99;46.24;3699.09;1931.44;-1767.65;0.00
0.31;11.66;37.59;3007.31;2454.08;-553.23;0.00
0.23;11.84;42.13;3370.45;1984.85;-1385.60;0.00
0.28;10.95;46.06;3684.93;2211.21;-1473.72;0.00
0.27;12.36;37.43;2994.11;2227.38;-766.72;0.00
0.25;9.61;36.77;2941.26;1980.99;-960.27;0.00
0.27;10.08;45.90;3672.15;2109.49;-1562.65;0.00
0.27;10.22;37.36;2988.69;2149.85;-838.84;0.00
0.22;11.02;36.62;2929.21;1901.84;-1027.37;0.00
0.22;11.14;42.00;3359.69;1859.42;-1500.27;0.00
0.26;12.76;41.63;3330.49;2213.34;-1117.14;0.00
0.23;9.31;43.98;3518.69;1868.36;-1650.33;0.00
0.24;11.07;54.39;4351.00;2005.16;-2345.84;0.00
0.26;8.90;48.42;3873.43;1983.74;-1889.69;0.00
0.29;10.48;35.91;2872.77;2264.56;-608.21;0.00
0.24;12.62;39.34;3147.04;2074.29;-1072.75;0.00
0.31;10.31;43.04;3443.04;2369.10;-1073.93;0.00
0.21;8.92;44.67;3573.95;1729.49;-1844.46;0.00
0.26;12.37;44.52;3561.27;2211.78;-1349.49;0.00
0.25;10.14;41.61;3328.85;2017.27;-1311.58;0.00
0.30;10.38;39.53;3162.68;2302.67;-860.00;0.00
0.29;9.91;51.97;4157.68;2252.33;-1905.35;0.00
0.25;9.14;26.37;2109.32;1924.10;-185.23;0.00
0.26;8.90;47.74;3819.15;1972.54;-1846.61;0.00
0.26;11.81;41.78;3342.19;2144.21;-1197.98;0.00
0.26;9.23;37.49;2998.98;1991.20;-1007.78;0.00
0.26;8.59;39.26;3140.89;1980.64;-1160.25;0.00
0.24;10.29;31.37;2509.65;1945.70;-563.95;0.00
0.18;9.06;39.07;3125.82;1550.54;-1575.27;0.00
0.23;9.62;36.59;2927.57;1836.47;-1091.10;0.00
0.26;10.91;40.00;3199.78;2129.85;-1069.93;0.00
0.22;7.65;36.06;2884.91;1722.12;-1162.79;0.00
0.28;9.71;42.90;3431.83;2149.40;-1282.43;0.00
0.27;9.99;42.60;3407.85;2098.44;-1309.41;0.00
0.25;11.71;39.22;3137.70;2099.68;-1038.03;0.00
0.27;9.60;38.76;3100.95;2115.17;-985.79;0.00
0.30;10.40;46.00;3679.91;2286.79;-1393.12;0.00
0.25;10.51;40.56;3245.13;2040.16;-1204.97;0.00
0.25;12.21;47.85;3827.70;2099.96;-1727.74;0.00
0.27;10.79;44.96;3596.54;2154.21;-1442.32;0.00
0.24;9.09;43.04;3443.60;1886.32;-1557.27;0.00
0.26;10.16;38.84;3107.51;2063.85;-1043.66;0.00
0.30;10.80;42.97;3437.69;2347.18;-1090.51;0.00
0.24;11.45;35.95;2876.21;2014.75;-861.46;0.00
0.28;8.99;38.30;3063.88;2129.81;-934.06;0.00
0.26;11.12;40.10;3207.81;2117.95;-1089.85;0.00
0.25;10.17;39.99;3199.45;1985.04;-1214.41;0.00
0.20;10.17;42.48;3398.63;1714.89;-1683.74;0.00
0.23;9.27;39.51;3160.57;1822.11;-1338.45;0.00
0.23;9.82;41.30;3303.75;1876.95;-1426.81;0.00
0.30;10.18;39.91;3192.88;2305.15;-887.73;0.00
0.27;8.44;33.65;2691.78;2040.30;-651.48;0.00
0.23;10.21;38.37;3069.27;1904.35;-1164.92;0.00
0.24;11.25;41.49;3319.49;2002.36;-1317.14;0.00
0.26;8.10;47.27;3781.35;1968.24;-1813.11;0.00
0.30;9.03;41.93;3354.32;2219.75;-1134.57;0.00
0.20;9.38;32.41;2592.59;1687.75;-904.84;0.00
0.27;8.89;38.34;3067.24;2048.54;-1018.70;0.00
0.25;9.43;42.35;3387.68;1991.20;-1396.48;0.00
0.22;11.39;41.93;3354.61;1926.95;-1427.66;0.00
0.22;10.79;32.54;2603.35;1880.12;-723.22;0.00
0.30;10.99;42.33;3386.12;2337.41;-1048.72;0.00
0.24;9.65;42.74;3419.22;1905.99;-1513.24;0.00
0.27;11.47;36.63;2930.72;2165.70;-765.02;0.00
0.24;10.41;48.90;3912.24;1936.43;-1975.81;0.00
0.27;11.20;34.52;2761.42;2197.48;-563.94;0.00
0.26;11.45;37.23;2978.01;2148.03;-829.97;0.00
0.29;10.78;46.07;3685.74;2266.70;-1419.04;0.00
0.24;9.55;49.25;3939.64;1899.38;-2040.25;0.00
0.23;10.73;44.42;3553.55;1932.54;-1621.01;0.00
0.27;10.73;39.83;3186.29;2140.14;-1046.15;0.00
0.20;8.99;36.73;2938.45;1655.69;-1282.76;0.00
0.23;8.39;37.80;3023.81;1808.57;-1215.23;0.00
0.24;9.94;39.04;3122.99;1931.07;-1191.92;0.00
0.25;14.36;44.67;3573.22;2259.54;-1313.68;0.00
0.29;12.32;47.33;3786.30;2336.43;-1449.87;0.00
0.27;12.32;45.07;3605.48;2251.01;-1354.47;0.00
0.22;9.19;41.75;3340.10;1795.14;-1544.95;0.00
0.23;10.37;41.63;3330.52;1899.21;-1431.32;0.00
0.26;9.11;41.34;3307.43;2018.80;-1288.63;0.00
0.22;9.71;46.10;3687.87;1789.76;-1898.11;0.00
0.26;11.01;45.64;3651.51;2087.44;-1564.08;0.00
0.21;10.88;44.12;3529.81;1796.94;-1732.87;0.00
0.27;10.00;37.16;2972.89;2109.01;-863.88;0.00
0.33;10.30;32.12;2569.32;2480.48;-88.84;0.00
0.27;9.96;41.30;3303.70;2123.92;-1179.78;0.00
0.27;10.43;37.25;2980.31;2116.58;-863.73;0.00
0.29;8.97;43.55;3484.10;2191.37;-1292.73;0.00
0.28;9.80;40.44;3235.39;2154.22;-1081.17;0.00
0.25;8.91;37.89;3031.31;1911.82;-1119.49;0.00
0.21;10.89;40.93;3274.54;1819.85;-1454.69;0.00
0.25;10.65;45.86;3668.59;2033.00;-1635.60;0.00
0.20;9.54;38.53;3082.63;1695.93;-1386.70;0.00
0.22;10.34;46.89;3751.26;1853.73;-1897.53;0.00
0.31;9.65;40.31;3224.79;2309.90;-914.90;0.00
0.22;10.07;38.06;3045.17;1852.73;-1192.45;0.00
0.29;11.69;40.59;3247.08;2334.49;-912.59;0.00
0.24;11.30;47.60;3808.39;1988.70;-1819.69;0.00
0.23;11.40;39.07;3125.36;1968.75;-1156.61;0.00
0.24;11.72;43.09;3447.33;2050.03;-1397.30;0.00
0.29;9.68;35.51;2840.70;2224.70;-616.00;0.00
0.24;10.07;39.28;3142.56;1948.18;-1194.38;0.00
0.28;11.20;35.24;2819.38;2223.34;-596.04;0.00
0.21;11.49;39.00;3120.29;1838.06;-1282.23;0.00
0.30;9.16;43.99;3518.95;2254.77;-1264.18;0.00
0.26;8.76;43.99;3519.17;2011.32;-1507.84;0.00
0.21;11.10;40.38;3230.16;1815.58;-1414.59;0.00
0.24;10.49;38.74;3098.88;1977.69;-1121.19;0.00
0.29;9.72;34.33;2746.45;2240.15;-506.30;0.00
0.30;10.82;45.86;3668.44;2321.70;-1346.74;0.00
0.22;11.59;43.98;3518.50;1921.55;-1596.95;0.00
0.21;8.00;32.77;2621.66;1660.68;-960.97;0.00
0.27;10.11;37.00;2959.61;2139.88;-819.73;0.00
0.24;11.01;42.60;3407.65;1995.38;-1412.27;0.00
0.26;12.18;35.37;2829.35;2156.08;-673.28;0.00
0.27;12.35;35.25;2819.74;2241.49;-578.25;0.00
0.25;9.58;37.92;3033.57;1983.92;-1049.64;0.00
0.27;10.23;43.77;3501.21;2143.02;-1358.19;0.00
0.23;10.18;47.69;3814.96;1863.65;-1951.31;0.00
0.27;10.70;45.46;3637.12;2176.76;-1460.36;0.00
0.33;10.33;40.36;3228.54;2455.43;-773.11;0.00
0.23;11.50;41.80;3344.11;1988.07;-1356.05;0.00
0.22;10.51;36.94;2955.37;1879.51;-1075.86;0.00
0.26;10.91;33.72;2697.55;2133.76;-563.79;0.00
0.26;11.18;47.13;3770.23;2145.70;-1624.52;0.00
0.26;10.67;44.52;3561.97;2089.48;-1472.49;0.00
0.23;10.27;27.04;2163.47;1911.81;-251.66;0.00
0.21;11.65;41.02;3281.62;1849.37;-1432.25;0.00
0.24;11.80;56.75;4540.17;2059.05;-2481.12;0.00
0.33;10.88;45.53;3642.11;2502.63;-1139.48;0.00
0.22;11.43;47.53;3802.36;1895.57;-1906.78;0.00
0.27;8.13;44.12;3529.97;2016.20;-1513.77;0.00
0.25;8.95;37.17;2973.98;1956.86;-1017.12;0.00
0.26;10.36;46.80;3743.66;2067.96;-1675.70;0.00
0.27;9.19;43.02;3441.90;2060.48;-1381.42;0.00
0.25;10.16;42.84;3426.88;1982.63;-1444.25;0.00
0.21;10.59;41.85;3348.14;1825.02;-1523.12;0.00
0.27;13.13;36.41;2912.79;2271.82;-640.97;0.00
0.26;8.87;48.01;3840.99;2009.14;-1831.85;0.00
0.22;12.07;37.97;3037.50;1957.46;-1080.04;0.00
0.24;10.45;44.86;3588.55;1955.95;-1632.60;0.00
0.23;9.26;46.62;3729.24;1861.44;-1867.79;0.00
0.20;8.85;39.31;3144.64;1660.59;-1484.05;0.00
0.28;8.61;37.93;3034.48;2113.26;-921.22;0.00
0.27;11.69;40.93;3274.36;2189.75;-1084.61;0.00
0.25;14.01;44.45;3556.32;2222.12;-1334.20;0.00
0.28;10.63;36.60;2928.27;2222.80;-705.47;0.00
0.25;11.28;38.67;3093.75;2078.74;-1015.01;0.00
0.26;10.95;46.69;3734.94;2107.14;-1627.80;0.00
0.25;10.76;28.10;2247.81;2046.23;-201.58;0.00
0.29;8.01;40.51;3241.09;2124.40;-1116.68;0.00
0.23;9.02;37.85;3027.87;1809.22;-1218.65;0.00
0.23;8.24;38.66;3092.62;1769.56;-1323.05;0.00
0.28;11.82;41.12;3289.73;2292.41;-997.32;0.00
0.30;9.68;34.12;2729.80;2257.56;-472.24;0.00
0.23;12.33;33.04;2643.34;1978.43;-664.91;0.00
0.26;10.83;41.79;3343.26;2082.15;-1261.11;0.00
0.24;11.86;42.20;3376.39;2018.47;-1357.92;0.00
0.23;8.25;39.86;3188.75;1798.63;-1390.13;0.00
0.28;12.26;48.24;3859.14;2321.81;-1537.32;0.00
0.28;8.12;39.94;3195.30;2045.84;-1149.46;0.00
0.24;10.63;34.99;2799.11;1987.62;-811.48;0.00
0.26;10.38;41.97;3357.64;2062.13;-1295.51;0.00
0.26;9.62;37.22;2977.79;2062.46;-915.33;0.00
0.27;9.46;42.91;3433.13;2098.44;-1334.69;0.00
0.23;10.89;42.18;3374.69;1951.69;-1422.99;0.00
0.24;10.44;43.33;3466.64;1972.06;-1494.58;0.00
0.25;9.81;40.26;3220.92;1970.69;-1250.23;0.00
0.26;11.46;42.03;3362.29;2107.80;-1254.49;0.00
0.30;9.46;44.54;3563.49;2237.57;-1325.92;0.00
0.24;10.91;35.74;2858.89;1967.45;-891.43;0.00
0.28;10.96;42.81;3424.41;2233.68;-1190.72;0.00
0.30;11.32;41.64;3331.02;2331.64;-999.38;0.00
0.24;12.53;46.18;3694.29;2053.23;-1641.06;0.00
0.29;11.89;36.56;2924.94;2315.07;-609.87;0.00
0.28;12.14;31.12;2489.83;2316.47;-173.36;0.00
0.23;12.78;34.17;2733.71;2058.01;-675.70;0.00
0.21;9.23;44.29;3543.45;1729.57;-1813.88;0.00
0.26;11.25;41.33;3306.79;2107.79;-1198.99;0.00
0.23;8.97;37.19;2974.96;1849.66;-1125.31;0.00
0.25;10.76;39.11;3128.73;2030.57;-1098.16;0.00
0.26;11.16;37.65;3011.90;2103.05;-908.84;0.00
0.26;10.79;38.50;3079.78;2122.77;-957.01;0.00
0.26;9.60;39.30;3144.14;2025.63;-1118.51;0.00
0.28;10.09;35.57;2845.25;2161.24;-684.01;0.00
0.28;10.95;38.96;3116.45;2245.21;-871.24;0.00
0.27;10.00;32.89;2631.14;2097.86;-533.27;0.00
0.28;9.97;31.17;2493.82;2199.73;-294.10;0.00
0.27;10.64;37.28;2982.61;2143.08;-839.53;0.00
0.25;9.23;35.24;2819.09;1958.48;-860.61;0.00
0.23;10.50;37.07;2965.70;1891.89;-1073.81;0.00
0.21;10.82;45.47;3637.31;1815.37;-1821.94;0.00
0.27;8.67;37.43;2994.02;2023.69;-970.33;0.00
0.20;8.50;48.96;3916.89;1615.67;-2301.22;0.00
0.27;9.94;35.64;2851.39;2137.45;-713.94;0.00
0.26;10.99;47.92;3833.46;2132.06;-1701.40;0.00
0.26;10.57;28.21;2256.63;2082.88;-173.75;0.00
0.23;11.92;34.90;2791.66;1984.43;-807.24;0.00
0.25;8.33;48.52;3881.69;1895.27;-1986.42;0.00
0.26;9.78;32.11;2568.49;2035.79;-532.70;0.00
0.24;11.72;38.21;3056.51;2045.65;-1010.86;0.00
0.28;10.09;37.39;2991.46;2188.55;-802.92;0.00
0.32;10.71;40.25;3219.66;2424.37;-795.29;0.00
0.26;12.03;38.79;3103.06;2158.24;-944.82;0.00
0.25;9.81;32.34;2586.80;1979.00;-607.81;0.00
0.25;11.13;37.26;2980.52;2067.91;-912.61;0.00
0.24;9.45;37.33;2986.58;1909.38;-1077.21;0.00
0.27;11.93;41.98;3358.06;2193.24;-1164.81;0.00
0.24;9.95;32.33;2586.24;1914.37;-671.87;0.00
0.22;9.36;38.73;3098.13;1802.69;-1295.44;0.00
0.23;10.22;52.11;4168.73;1915.16;-2253.57;0.00
0.20;10.17;45.63;3650.77;1689.04;-1961.72;0.00
0.22;8.52;35.02;2801.47;1770.94;-1030.53;0.00
0.24;10.90;41.50;3320.28;1970.52;-1349.76;0.00
0.24;9.68;33.30;2664.19;1904.74;-759.45;0.00
0.28;11.31;46.00;3679.72;2217.76;-1461.96;0.00
0.23;10.10;42.41;3392.94;1866.65;-1526.29;0.00
0.26;8.61;39.78;3182.08;1952.32;-1229.77;0.00
0.22;9.23;28.94;2315.12;1802.93;-512.19;0.00
0.28;10.89;34.57;2765.27;2201.78;-563.49;0.00
0.25;13.39;35.23;2818.18;2160.81;-657.37;0.00
0.23;8.95;43.00;3439.92;1812.02;-1627.90;0.00
0.25;9.04;38.77;3101.20;1962.78;-1138.42;0.00
0.23;8.98;41.36;3308.86;1841.32;-1467.55;0.00
0.24;10.42;42.93;3434.12;1938.44;-1495.68;0.00
0.27;11.34;39.93;3194.75;2208.26;-986.49;0.00
0.22;8.91;36.66;2933.00;1738.99;-1194.01;0.00
0.24;11.23;37.33;2986.39;1980.31;-1006.08;0.00
0.28;11.27;41.61;3329.12;2215.39;-1113.73;0.00
0.27;11.08;41.44;3315.38;2150.62;-1164.76;0.00
0.24;9.66;43.50;3480.26;1941.97;-1538.29;0.00
0.26;9.13;33.32;2665.95;2027.51;-638.44;0.00
0.25;10.82;44.96;3596.81;2014.82;-1581.98;0.00
0.22;8.85;40.06;3204.71;1787.53;-1417.18;0.00
0.21;11.66;52.10;4168.04;1859.60;-2308.44;0.00
0.24;7.90;39.15;3132.32;1834.38;-1297.94;0.00
0.29;9.92;41.92;3353.80;2243.21;-1110.59;0.00
0.21;7.89;48.11;3848.74;1665.44;-2183.30;0.00
0.27;9.97;35.00;2800.11;2126.16;-673.95;0.00
0.26;10.92;41.83;3346.65;2099.79;-1246.86;0.00
0.28;9.91;32.91;2633.02;2178.27;-454.76;0.00
0.27;9.62;44.24;3539.21;2075.94;-1463.27;0.00
0.27;10.18;46.14;3691.06;2128.14;-1562.92;0.00
0.23;7.43;41.23;3298.47;1732.11;-1566.36;0.00
0.25;9.87;42.01;3361.15;2009.54;-1351.61;0.00
0.25;10.86;46.21;3697.00;2039.84;-1657.17;0.00
0.23;11.50;33.20;2655.86;1973.10;-682.75;0.00
0.23;12.54;42.90;3432.14;2038.54;-1393.60;0.00
0.27;10.68;31.85;2547.99;2134.80;-413.19;0.00
0.24;10.22;36.62;2929.66;1951.14;-978.52;0.00
0.23;11.69;36.19;2894.98;2000.32;-894.66;0.00
0.30;10.28;42.04;3363.51;2299.96;-1063.55;0.00
0.26;8.83;36.33;2906.78;2014.10;-892.68;0.00
0.23;10.99;47.31;3784.73;1940.09;-1844.64;0.00
0.25;10.64;43.49;3479.20;2011.95;-1467.26;0.00
0.23;9.76;35.44;2834.91;1884.56;-950.35;0.00
0.25;11.31;38.33;3066.47;2093.72;-972.75;0.00
0.24;11.10;43.02;3441.91;1981.08;-1460.83;0.00
0.27;12.65;29.94;2394.93;2239.99;-154.94;0.00
0.31;9.01;40.95;3276.19;2294.26;-981.93;0.00
0.26;10.13;46.02;3681.65;2085.97;-1595.68;0.00
0.23;9.48;39.82;3185.51;1876.40;-1309.11;0.00
0.23;9.18;35.94;2875.03;1854.54;-1020.49;0.00
0.30;11.44;41.04;3283.34;2350.10;-933.24;0.00
0.27;10.12;38.65;3091.77;2105.30;-986.47;0.00
0.26;8.61;34.27;2741.81;1955.13;-786.68;0.00
0.26;11.01;35.76;2860.80;2108.04;-752.76;0.00
0.27;8.96;29.22;2337.91;2036.31;-301.60;0.00
0.25;10.50;34.63;2770.10;2007.09;-763.02;0.00
0.26;10.83;38.49;3079.39;2094.15;-985.24;0.00
0.27;10.54;38.54;3083.38;2158.06;-925.32;0.00
0.29;10.02;34.89;2791.47;2217.25;-574.22;0.00
0.24;10.65;33.56;2684.46;1992.46;-692.00;0.00
0.25;8.90;36.59;2927.49;1963.81;-963.68;0.00
0.26;10.57;46.57;3725.93;2100.60;-1625.33;0.00
0.22;9.98;36.72;2937.41;1821.16;-1116.24;0.00
0.19;10.29;39.83;3186.51;1654.61;-1531.90;0.00
0.23;10.52;47.54;3803.51;1902.80;-1900.71;0.00
0.25;12.41;44.29;3543.39;2129.60;-1413.79;0.00
0.26;10.86;30.19;2415.23;2120.84;-294.40;0.00
0.21;11.78;38.90;3111.69;1857.57;-1254.12;0.00
0.23;9.45;38.92;3113.33;1826.46;-1286.87;0.00
0.26;11.54;38.84;3106.82;2140.71;-966.11;0.00
0.23;10.15;38.96;3116.90;1911.75;-1205.15;0.00
0.26;11.13;38.78;3102.19;2092.34;-1009.84;0.00
0.26;8.53;39.21;3137.11;1953.88;-1183.22;0.00
0.29;9.97;39.16;3132.82;2223.48;-909.34;0.00
0.27;10.95;35.38;2830.58;2160.06;-670.52;0.00
0.29;11.71;39.47;3157.66;2329.71;-827.95;0.00
0.26;10.95;44.55;3563.79;2125.98;-1437.81;0.00
0.26;12.45;33.62;2689.46;2193.63;-495.83;0.00
0.26;10.56;43.63;3490.66;2100.25;-1390.41;0.00
0.28;10.32;39.22;3137.23;2203.91;-933.32;0.00
0.27;9.54;36.75;2939.79;2091.49;-848.30;0.00
0.29;10.25;43.56;3484.74;2270.76;-1213.98;0.00
0.26;11.27;45.66;3652.64;2148.93;-1503.71;0.00
0.27;8.64;33.94;2715.43;2016.43;-699.00;0.00
0.25;9.78;43.61;3488.48;1988.28;-1500.20;0.00
0.24;10.20;32.67;2613.84;1973.38;-640.45;0.00
0.20;9.15;38.48;3078.46;1685.58;-1392.88;0.00
0.24;10.56;36.22;2897.94;1950.05;-947.88;0.00
0.21;9.58;46.23;3698.19;1749.08;-1949.11;0.00
0.24;11.36;42.94;3435.51;2030.55;-1404.96;0.00
0.26;11.65;40.44;3235.03;2168.43;-1066.60;0.00
0.27;7.46;34.46;2757.04;1988.93;-768.11;0.00
0.21;9.28;41.33;3306.62;1748.05;-1558.57;0.00
0.28;9.22;42.41;3392.55;2145.80;-1246.75;0.00
0.25;10.37;34.38;2750.62;2020.04;-730.58;0.00
0.25;9.97;28.90;2311.77;2014.73;-297.04;0.00
0.26;8.41;35.59;2847.02;1986.32;-860.70;0.00
0.26;9.95;41.29;3303.24;2043.88;-1259.35;0.00
0.25;10.01;45.87;3669.26;2007.32;-1661.94;0.00
0.25;7.62;39.76;3180.72;1888.06;-1292.66;0.00
0.24;11.57;44.75;3579.92;2028.30;-1551.62;0.00
0.27;7.41;39.85;3188.03;2001.70;-1186.33;0.00
0.23;10.84;40.43;3234.67;1924.47;-1310.19;0.00
0.25;7.97;40.22;3217.65;1877.50;-1340.14;0.00
0.27;10.57;45.90;3672.13;2120.35;-1551.79;0.00
0.24;12.12;50.35;4028.26;2064.09;-1964.17;0.00
0.24;12.81;40.17;3213.40;2112.19;-1101.21;0.00
0.29;9.47;35.87;2869.88;2204.12;-665.76;0.00
0.28;9.87;35.06;2804.70;2139.38;-665.32;0.00
0.26;9.51;42.17;3373.30;2024.98;-1348.33;0.00
0.26;9.82;42.64;3410.91;2049.25;-1361.65;0.00
0.28;9.52;42.48;3398.30;2133.20;-1265.09;0.00
0.25;12.19;42.63;3410.05;2094.44;-1315.61;0.00
0.28;9.72;42.99;3439.38;2139.20;-1300.18;0.00
0.25;10.51;40.40;3231.85;2035.90;-1195.96;0.00
0.24;9.76;42.34;3387.57;1935.82;-1451.76;0.00
0.20;11.16;37.83;3026.68;1775.86;-1250.82;0.00
0.22;12.02;47.94;3835.22;1959.83;-1875.40;0.00
0.25;11.14;37.14;2970.90;2050.28;-920.62;0.00
0.24;9.11;38.95;3115.70;1894.29;-1221.41;0.00
0.26;11.31;42.63;3410.06;2153.72;-1256.33;0.00
0.27;10.35;44.35;3547.70;2107.88;-1439.82;0.00
0.28;11.25;41.54;3323.45;2234.43;-1089.02;0.00
0.24;8.29;38.60;3088.08;1872.95;-1215.13;0.00
0.25;10.61;40.77;3261.87;2038.94;-1222.93;0.00
0.25;10.92;33.38;2670.64;2027.44;-643.20;0.00
0.23;9.28;37.77;3021.41;1821.29;-1200.11;0.00
0.28;10.13;36.85;2947.70;2206.46;-741.24;0.00
0.21;9.53;44.78;3582.44;1719.59;-1862.84;0.00
0.25;10.81;44.51;3560.93;2040.13;-1520.80;0.00
0.28;11.22;39.31;3144.85;2223.78;-921.07;0.00
0.25;10.41;32.25;2580.11;2008.47;-571.64;0.00
0.24;12.93;45.08;3606.65;2095.04;-1511.61;0.00
0.28;11.52;42.86;3429.07;2269.84;-1159.23;0.00
0.27;9.07;43.43;3474.64;2063.88;-1410.76;0.00
0.30;9.42;38.41;3073.16;2249.71;-823.45;0.00
0.31;9.74;41.89;3350.86;2308.27;-1042.59;0.00
0.26;8.98;39.15;3132.24;2029.37;-1102.88;0.00
0.26;10.82;47.61;3808.72;2115.71;-1693.01;0.00
0.29;9.24;39.67;3173.90;2165.53;-1008.37;0.00
0.25;9.85;33.25;2660.12;1990.33;-669.79;0.00
0.25;10.41;41.93;3354.14;2011.09;-1343.05;0.00
0.30;10.22;46.95;3756.37;2325.01;-1431.36;0.00
0.26;10.32;38.00;3040.28;2051.86;-988.42;0.00
0.29;10.76;41.75;3339.72;2279.21;-1060.50;0.00
0.23;10.14;41.25;3300.12;1870.85;-1429.27;0.00
0.28;10.47;44.45;3556.24;2181.92;-1374.32;0.00
0.26;9.50;38.08;3046.38;2001.49;-1044.88;0.00
0.26;11.21;47.67;3813.31;2130.18;-1683.14;0.00
0.21;8.42;41.73;3338.27;1702.17;-1636.10;0.00
0.24;8.93;36.06;2884.54;1883.61;-1000.93;0.00
0.24;9.54;46.20;3695.88;1924.91;-1770.97;0.00
0.25;9.57;38.35;3067.88;1950.10;-1117.78;0.00
0.24;9.27;41.07;3285.66;1898.29;-1387.37;0.00
0.27;10.67;39.96;3196.51;2176.49;-1020.02;0.00
0.25;10.66;41.92;3353.25;2061.61;-1291.65;0.00
0.27;9.86;42.82;3425.61;2117.37;-1308.25;0.00
0.23;10.87;36.87;2949.65;1956.46;-993.18;0.00
0.26;11.47;40.34;3227.29;2107.61;-1119.68;0.00
0.26;12.74;40.96;3276.80;2198.32;-1078.48;0.00
0.25;9.13;44.71;3576.67;1954.54;-1622.13;0.00
0.30;10.43;38.06;3044.52;2333.03;-711.49;0.00
0.27;10.07;42.70;3416.26;2099.46;-1316.80;0.00
0.23;10.07;31.21;2496.76;1899.22;-597.54;0.00
0.25;9.42;35.97;2877.61;1995.30;-882.32;0.00
0.23;8.29;35.36;2829.00;1782.75;-1046.25;0.00
0.26;9.78;40.52;3241.39;2051.06;-1190.33;0.00
0.22;10.49;42.54;3403.00;1829.21;-1573.79;0.00
0.26;10.30;37.29;2982.84;2086.86;-895.98;0.00
0.24;8.61;43.41;3472.83;1867.77;-1605.06;0.00
0.29;8.56;37.10;2967.69;2133.99;-833.70;0.00
0.24;11.35;36.20;2896.20;2012.44;-883.76;0.00
0.25;10.31;32.98;2638.56;1990.09;-648.47;0.00
0.20;10.63;35.00;2800.23;1742.49;-1057.74;0.00
0.26;11.58;38.31;3064.69;2118.48;-946.22;0.00
0.24;11.06;35.98;2878.15;2004.65;-873.50;0.00
0.21;9.23;33.06;2644.40;1732.14;-912.26;0.00
0.25;9.30;39.13;3130.67;1980.01;-1150.66;0.00
0.26;10.14;44.53;3562.39;2074.22;-1488.17;0.00
0.27;9.73;34.72;2777.39;2116.97;-660.42;0.00
0.23;11.14;43.29;3462.83;1939.29;-1523.54;0.00
0.28;12.62;38.02;3041.49;2308.57;-732.92;0.00
0.24;10.13;42.19;3375.40;1942.88;-1432.52;0.00
0.22;10.26;47.15;3771.87;1841.10;-1930.77;0.00
0.25;11.12;39.37;3149.32;2034.01;-1115.31;0.00
0.22;10.91;37.33;2986.55;1892.06;-1094.50;0.00
0.27;8.23;42.13;3370.19;2035.96;-1334.23;0.00
0.19;10.30;38.10;3047.72;1677.21;-1370.51;0.00
0.23;10.75;44.25;3539.70;1930.26;-1609.44;0.00
0.22;10.49;43.31;3465.03;1839.31;-1625.72;0.00
0.24;9.36;45.70;3655.93;1933.76;-1722.17;0.00
0.25;11.17;32.26;2580.54;2034.83;-545.71;0.00
0.28;9.51;30.20;2416.09;2151.48;-264.61;0.00
0.25;9.59;37.12;2969.27;1948.59;-1020.69;0.00
0.24;10.30;38.16;3052.94;1942.27;-1110.67;0.00
0.26;9.79;49.39;3951.54;2060.99;-1890.55;0.00
0.27;10.01;42.97;3437.87;2099.99;-1337.88;0.00
0.25;10.63;42.08;3366.02;2021.10;-1344.92;0.00
0.23;8.30;38.87;3109.95;1806.34;-1303.61;0.00
0.26;10.00;39.35;3147.93;2041.22;-1106.71;0.00
0.31;10.04;46.14;3691.21;2335.90;-1355.31;0.00
0.23;10.34;33.71;2697.19;1881.94;-815.25;0.00
0.28;12.13;42.99;3439.59;2273.68;-1165.91;0.00
0.25;10.40;44.80;3584.11;2031.90;-1552.21;0.00
0.23;10.13;35.50;2839.70;1894.72;-944.98;0.00
0.21;11.94;38.81;3104.94;1870.26;-1234.68;0.00
0.26;11.22;40.68;3254.56;2114.45;-1140.11;0.00
0.24;11.12;35.92;2873.47;1984.14;-889.33;0.00
0.25;11.11;45.59;3647.06;2079.69;-1567.37;0.00
0.20;9.98;37.91;3033.10;1676.26;-1356.84;0.00
0.29;9.97;37.81;3025.01;2235.29;-789.73;0.00
0.24;11.39;39.17;3133.92;2016.07;-1117.84;0.00
0.27;10.05;41.36;3308.74;2113.60;-1195.14;0.00
0.24;8.12;33.13;2650.08;1864.52;-785.56;0.00
0.23;11.62;37.00;2960.35;1942.32;-1018.03;0.00
0.25;8.62;50.25;4019.60;1897.95;-2121.65;0.00
0.24;10.98;36.73;2938.45;1991.71;-946.74;0.00
0.29;9.30;47.54;3803.19;2206.84;-1596.35;0.00
0.27;10.76;41.68;3334.38;2177.31;-1157.07;0.00
0.27;11.26;36.94;2954.83;2189.76;-765.06;0.00
0.29;12.59;33.43;2674.45;2381.72;-292.73;0.00
0.28;10.32;35.02;2801.55;2190.31;-611.23;0.00
0.21;9.49;44.33;3546.30;1752.12;-1794.18;0.00
0.28;10.05;38.11;3048.56;2185.63;-862.93;0.00
0.24;9.53;44.29;3543.40;1885.76;-1657.63;0.00
0.26;11.34;44.31;3544.93;2100.51;-1444.42;0.00
0.27;10.66;41.56;3325.06;2132.80;-1192.26;0.00
0.20;10.92;42.31;3384.46;1740.22;-1644.24;0.00
0.25;10.08;41.42;3313.61;1996.44;-1317.17;0.00
0.29;11.06;35.43;2834.34;2285.49;-548.85;0.00
0.24;9.80;36.88;2950.61;1950.41;-1000.20;0.00
0.22;13.37;44.28;3542.64;1978.99;-1563.65;0.00
0.27;9.88;41.79;3343.41;2125.47;-1217.93;0.00
0.24;8.69;39.39;3151.46;1888.76;-1262.70;0.00
0.25;9.67;36.17;2893.69;1990.02;-903.68;0.00
0.26;11.14;41.35;3308.15;2100.21;-1207.94;0.00
0.22;9.47;37.24;2979.38;1813.30;-1166.08;0.00
0.25;11.75;40.00;3199.85;2092.36;-1107.49;0.00
0.22;9.02;39.52;3161.79;1768.88;-1392.90;0.00
0.25;10.56;39.62;3169.55;2037.27;-1132.28;0.00
0.29;10.65;35.86;2868.83;2267.77;-601.06;0.00
0.26;9.39;46.26;3700.90;2027.04;-1673.86;0.00
0.27;8.69;43.12;3449.77;2021.34;-1428.43;0.00
0.25;10.60;48.83;3906.61;2052.66;-1853.95;0.00
0.28;9.57;33.66;2693.10;2140.47;-552.62;0.00
0.28;7.58;37.74;3019.52;2017.34;-1002.18;0.00
0.23;10.92;42.83;3426.75;1906.76;-1519.99;0.00
0.28;9.82;42.74;3419.51;2171.80;-1247.71;0.00
0.25;11.93;44.25;3539.81;2106.82;-1433.00;0.00
0.24;9.28;40.02;3201.41;1926.23;-1275.17;0.00
0.21;8.73;39.33;3146.44;1718.92;-1427.53;0.00
0.27;8.50;37.10;2967.92;2016.01;-951.91;0.00
0.27;10.36;43.60;3488.15;2119.84;-1368.31;0.00
0.27;10.74;37.98;3038.53;2159.73;-878.80;0.00
0.23;12.36;36.93;2954.14;2031.69;-922.46;0.00
0.26;11.85;37.38;2990.14;2145.41;-844.73;0.00
0.23;10.53;40.17;3213.25;1934.16;-1279.08;0.00
0.25;9.65;29.60;2368.25;1996.68;-371.57;0.00
0.20;8.64;38.26;3060.96;1616.43;-1444.53;0.00
0.24;9.85;40.50;3239.88;1924.95;-1314.93;0.00
0.23;9.89;40.73;3258.43;1885.57;-1372.86;0.00
0.25;10.20;40.64;3251.07;2028.28;-1222.79;0.00
0.22;8.66;36.71;2936.85;1734.52;-1202.33;0.00
0.23;8.94;34.81;2785.02;1820.91;-964.11;0.00
0.26;10.38;36.40;2911.74;2073.09;-838.65;0.00
0.24;10.10;42.03;3362.23;1952.20;-1410.03;0.00
0.27;12.22;44.75;3580.27;2225.87;-1354.40;0.00
0.26;10.56;35.84;2867.00;2065.06;-801.95;0.00
0.25;10.24;40.86;3269.07;2032.39;-1236.68;0.00
0.29;10.81;31.91;2552.54;2288.33;-264.20;0.00
0.22;9.50;32.33;2586.47;1809.70;-776.77;0.00
0.22;8.97;40.88;3270.01;1738.65;-1531.36;0.00
0.24;12.43;33.39;2670.88;2051.45;-619.43;0.00
0.20;10.68;43.15;3452.38;1766.39;-1686.00;0.00
0.27;11.18;40.15;3211.71;2176.17;-1035.53;0.00
0.24;11.38;44.24;3539.04;2024.51;-1514.53;0.00
0.25;10.36;42.96;3436.77;1996.71;-1440.06;0.00
0.25;12.26;41.13;3290.50;2095.51;-1194.98;0.00
0.26;13.08;43.39;3470.99;2200.86;-1270.14;0.00
0.26;8.74;44.15;3532.22;2011.37;-1520.85;0.00
0.25;10.59;43.76;3500.48;2026.67;-1473.81;0.00
0.24;10.67;36.84;2947.43;1963.45;-983.98;0.00
0.23;11.85;41.37;3309.46;2001.16;-1308.30;0.00
0.22;10.65;26.20;2096.09;1843.78;-252.30;0.00
0.27;8.03;50.07;4005.98;1987.35;-2018.62;0.00
0.23;11.90;41.07;3285.81;1999.96;-1285.85;0.00
0.28;10.01;31.74;2539.47;2193.97;-345.50;0.00
0.28;9.08;28.41;2272.98;2117.79;-155.19;0.00
0.23;10.98;44.48;3558.45;1945.31;-1613.13;0.00
0.27;11.28;35.68;2854.63;2191.66;-662.97;0.00
0.26;10.95;37.12;2969.38;2090.69;-878.69;0.00
0.23;10.65;40.46;3237.05;1939.98;-1297.07;0.00
0.27;10.24;37.46;2996.59;2107.88;-888.71;0.00
0.26;9.60;38.56;3084.75;2011.09;-1073.66;0.00
0.27;9.66;41.21;3296.98;2095.69;-1201.29;0.00
0.23;8.83;35.70;2855.67;1830.57;-1025.10;0.00
0.27;11.40;42.35;3387.79;2173.96;-1213.83;0.00
0.22;9.80;43.19;3454.92;1826.93;-1627.99;0.00
0.26;11.69;39.23;3138.38;2131.15;-1007.23;0.00
0.25;7.02;44.46;3556.87;1841.85;-1715.02;0.00
0.25;9.64;43.21;3456.72;1966.95;-1489.78;0.00
0.23;10.82;35.24;2818.97;1933.59;-885.38;0.00
0.25;8.49;46.15;3692.30;1896.42;-1795.88;0.00
0.22;11.38;36.72;2937.39;1895.54;-1041.85;0.00
0.24;9.74;41.03;3282.06;1915.48;-1366.58;0.00
0.23;10.22;38.54;3083.27;1878.67;-1204.60;0.00
0.27;10.89;46.79;3743.57;2149.05;-1594.51;0.00
0.26;8.93;34.32;2745.47;1982.09;-763.38;0.00
0.28;10.19;34.13;2730.54;2173.27;-557.26;0.00
0.25;9.70;42.66;3413.13;1956.76;-1456.37;0.00
0.25;10.79;49.64;3971.01;2013.62;-1957.39;0.00
0.23;11.23;38.21;3057.15;1959.52;-1097.64;0.00
0.25;9.86;42.69;3414.92;1975.87;-1439.06;0.00
0.24;11.07;56.71;4537.11;1975.45;-2561.66;0.00
0.24;9.15;35.70;2855.62;1873.15;-982.47;0.00
0.22;12.45;33.61;2688.58;1927.19;-761.39;0.00
0.28;10.15;41.19;3294.81;2207.67;-1087.14;0.00
0.22;10.53;32.65;2612.09;1828.09;-784.00;0.00
0.26;9.60;36.40;2911.72;2010.31;-901.41;0.00
0.27;11.51;39.77;3181.45;2176.75;-1004.70;0.00
0.23;9.80;34.19;2735.09;1860.31;-874.77;0.00
0.22;10.16;44.04;3522.96;1850.35;-1672.61;0.00
0.29;10.79;35.62;2849.22;2255.23;-594.00;0.00
0.29;10.57;33.11;2648.80;2244.03;-404.77;0.00
0.24;10.07;35.41;2832.76;1937.38;-895.38;0.00
0.25;10.45;29.67;2373.76;2027.48;-346.28;0.00
0.22;8.57;36.90;2952.20;1774.60;-1177.59;0.00
0.24;8.62;36.61;2928.93;1850.96;-1077.97;0.00
0.27;9.92;42.13;3370.09;2085.58;-1284.51;0.00
0.27;9.59;49.33;3946.13;2083.02;-1863.11;0.00
0.27;11.39;37.63;3010.04;2171.58;-838.46;0.00
0.23;11.64;41.19;3295.07;1944.21;-1350.87;0.00
0.25;11.33;41.68;3334.13;2091.65;-1242.48;0.00
0.24;12.15;48.35;3868.11;2064.82;-1803.29;0.00
0.24;11.15;37.18;2974.45;1987.63;-986.81;0.00
0.28;9.73;36.40;2912.15;2141.26;-770.88;0.00
0.23;9.41;44.98;3598.30;1825.95;-1772.35;0.00
0.23;9.88;45.97;3677.33;1881.80;-1795.53;0.00
0.23;9.26;35.74;2859.22;1834.59;-1024.63;0.00
0.24;10.84;43.20;3456.29;1974.60;-1481.69;0.00
0.28;10.20;39.83;3186.55;2159.31;-1027.23;0.00
0.26;6.75;47.55;3803.64;1861.21;-1942.43;0.00
0.26;9.40;45.37;3629.71;2029.38;-1600.33;0.00
0.21;10.05;35.03;2802.00;1795.70;-1006.31;0.00
0.23;8.63;44.77;3581.74;1809.67;-1772.07;0.00
0.24;9.70;37.41;2992.78;1948.71;-1044.07;0.00
0.23;11.46;43.80;3503.65;1974.18;-1529.47;0.00
0.27;11.09;35.57;2845.29;2169.63;-675.66;0.00
0.24;10.06;36.54;2923.37;1917.62;-1005.75;0.00
0.27;9.12;44.67;3573.47;2039.52;-1533.95;0.00
0.28;8.21;45.33;3626.74;2090.16;-1536.57;0.00
0.27;8.00;44.68;3574.34;2001.83;-1572.52;0.00
0.27;10.76;44.97;3597.87;2182.24;-1415.64;0.00
0.25;10.15;42.34;3387.33;2025.31;-1362.03;0.00
0.24;10.89;36.58;2926.52;1958.75;-967.77;0.00
0.21;10.37;37.41;2992.65;1806.10;-1186.55;0.00
0.25;9.54;34.62;2769.38;1977.33;-792.05;0.00
0.23;9.14;44.10;3528.29;1813.71;-1714.58;0.00
0.25;9.82;35.18;2814.57;1992.81;-821.75;0.00
0.30;10.59;36.73;2938.05;2298.60;-639.46;0.00
0.28;9.49;41.70;3336.27;2156.11;-1180.15;0.00
0.26;11.76;39.63;3170.04;2146.31;-1023.73;0.00
0.28;10.54;38.37;3069.74;2186.85;-882.89;0.00
0.23;10.69;30.10;2407.74;1945.24;-462.50;0.00
0.27;12.30;38.94;3115.01;2252.94;-862.08;0.00
0.20;10.33;36.46;2916.97;1731.86;-1185.12;0.00
0.23;8.90;39.99;3199.10;1813.51;-1385.59;0.00
0.26;10.08;43.82;3505.47;2043.02;-1462.45;0.00
0.22;10.53;37.05;2964.31;1840.69;-1123.62;0.00
0.25;9.79;36.14;2891.32;1959.79;-931.53;0.00
0.26;10.41;45.76;3661.06;2091.86;-1569.20;0.00
0.30;8.83;46.55;3724.31;2204.16;-1520.15;0.00
0.23;10.68;41.72;3337.21;1906.70;-1430.52;0.00
0.29;10.41;41.43;3314.31;2236.01;-1078.29;0.00
0.21;9.39;41.48;3318.30;1739.32;-1578.98;0.00
0.27;10.04;42.09;3366.84;2107.66;-1259.18;0.00
0.25;9.24;31.15;2492.38;1952.26;-540.13;0.00
0.24;10.65;45.74;3658.98;1998.48;-1660.50;0.00
0.20;10.78;33.81;2704.42;1770.49;-933.93;0.00
0.25;10.06;38.50;3079.93;2029.67;-1050.26;0.00
0.25;9.08;38.77;3101.76;1936.10;-1165.66;0.00
0.25;12.75;46.44;3715.24;2141.38;-1573.85;0.00
0.27;10.19;34.72;2777.28;2124.77;-652.51;0.00
0.25;7.37;41.23;3298.14;1843.86;-1454.28;0.00
0.25;8.95;39.65;3172.40;1944.35;-1228.05;0.00
0.25;9.42;34.70;2776.27;1950.64;-825.64;0.00
0.27;10.07;44.90;3591.65;2128.32;-1463.33;0.00
0.27;11.01;31.29;2502.81;2176.68;-326.13;0.00
0.24;9.00;36.31;2904.47;1905.42;-999.05;0.00
0.27;12.18;37.09;2967.04;2223.27;-743.77;0.00
0.25;11.45;30.30;2424.05;2082.47;-341.58;0.00
0.24;10.01;40.76;3260.68;1968.39;-1292.29;0.00
0.21;10.17;51.29;4103.12;1791.22;-2311.90;0.00
0.22;8.71;43.15;3452.10;1772.87;-1679.23;0.00
0.22;10.83;31.03;2482.74;1857.66;-625.09;0.00
0.22;10.79;42.45;3395.92;1853.45;-1542.47;0.00
0.26;9.70;31.65;2531.85;2043.17;-488.68;0.00
0.26;10.91;41.89;3351.32;2079.54;-1271.78;0.00
0.28;10.90;39.22;3137.86;2211.03;-926.83;0.00
0.28;11.11;42.88;3430.49;2243.66;-1186.82;0.00
0.22;9.73;40.09;3207.39;1803.59;-1403.80;0.00
0.30;10.92;36.88;2950.76;2322.86;-627.90;0.00
0.29;12.20;43.73;3498.44;2324.53;-1173.90;0.00
0.23;10.62;37.52;3001.24;1915.39;-1085.85;0.00
0.23;11.50;41.44;3315.01;1943.13;-1371.87;0.00
0.23;13.61;42.80;3423.70;2069.64;-1354.06;0.00
0.26;9.92;36.78;2942.54;2023.14;-919.40;0.00
0.24;8.97;38.52;3081.93;1875.89;-1206.03;0.00
0.23;9.69;44.19;3535.10;1887.88;-1647.21;0.00
0.22;8.76;38.67;3093.33;1776.22;-1317.11;0.00
0.23;10.20;43.48;3478.02;1874.98;-1603.04;0.00
0.28;9.26;39.78;3182.33;2142.80;-1039.53;0.00
0.25;9.35;41.93;3354.69;1952.24;-1402.45;0.00
0.26;9.91;34.88;2790.64;2052.65;-737.99;0.00
0.26;9.59;30.29;2423.29;2032.13;-391.17;0.00
0.25;10.59;36.59;2926.83;2011.86;-914.96;0.00
0.22;8.70;47.11;3769.09;1737.62;-2031.47;0.00
0.23;11.66;46.17;3693.71;1980.16;-1713.55;0.00
0.28;11.16;39.12;3129.40;2206.81;-922.59;0.00
