# X_0;X_1;X_2;R_0;S_0;G_0;I_0
0.29;9.52;46.23;3698.04;2189.62;-1508.42;0.00
0.26;11.50;46.77;3741.91;2121.74;-1620.17;0.00
0.27;11.84;38.62;3089.84;2211.87;-877.97;0.00
0.22;9.86;36.07;2885.54;1821.39;-1064.16;0.00
0.26;10.11;39.31;3145.12;2078.06;-1067.06;0.00
0.25;9.40;38.61;3089.14;1970.00;-1119.14;0.00
0.23;9.17;41.23;3298.25;1834.27;-1463.98;0.00
0.23;8.09;49.05;3924.38;1788.83;-2135.55;0.00
0.25;9.67;42.84;3427.53;1983.92;-1443.60;0.00
0.22;9.97;44.71;3576.65;1804.76;-1771.89;0.00
0.29;9.56;41.18;3294.43;2209.60;-1084.83;0.00
0.26;10.11;36.74;2938.83;2091.46;-847.37;0.00
0.28;9.24;44.35;3547.82;2149.95;-1397.87;0.00
0.27;9.46;42.84;3427.38;2102.62;-1324.76;0.00
0.23;10.68;37.78;3022.28;1912.45;-1109.83;0.00
0.23;11.61;41.89;3351.01;1943.00;-1408.01;0.00
0.23;8.17;45.50;3639.89;1797.74;-1842.16;0.00
0.25;10.13;37.37;2989.93;2019.74;-970.18;0.00
0.23;11.13;39.95;3195.68;1955.86;-1239.82;0.00
0.26;10.67;40.24;3219.07;2099.43;-1119.64;0.00
0.28;9.77;41.83;3346.25;2133.36;-1212.89;0.00
0.22;8.58;49.69;3975.19;1737.54;-2237.65;0.00
0.26;8.49;30.82;2465.89;1969.29;-496.60;0.00
0.30;9.40;44.13;3530.29;2234.05;-1296.24;0.00
0.23;11.19;29.48;2358.52;1918.75;-439.76;0.00
0.26;9.43;41.12;3289.94;2018.13;-1271.81;0.00
0.23;10.52;37.37;2989.91;1899.40;-1090.51;0.00
0.22;11.58;42.36;3389.12;1884.56;-1504.56;0.00
0.22;11.96;42.39;3391.55;1908.61;-1482.94;0.00
0.26;10.56;39.85;3187.74;2107.13;-1080.61;0.00
0.21;11.90;40.41;3232.44;1891.95;-1340.50;0.00
0.20;8.15;40.76;3260.58;1604.36;-1656.21;0.00
0.25;10.57;40.69;3255.25;2021.33;-1233.92;0.00
0.27;9.62;31.32;2505.39;2085.08;-420.31;0.00
0.24;9.29;46.22;3697.23;1923.57;-1773.65;0.00
0.23;10.50;45.28;3622.19;1906.91;-1715.28;0.00
0.23;11.94;37.06;2964.70;1960.63;-1004.07;0.00
0.21;11.45;37.33;2986.04;1858.79;-1127.25;0.00
0.21;8.51;33.94;2715.57;1683.43;-1032.14;0.00
0.23;10.04;34.35;2748.32;1884.24;-864.09;0.00
0.27;11.72;43.46;3476.85;2190.54;-1286.31;0.00
0.27;7.81;42.94;3435.52;1997.48;-1438.05;0.00
0.21;11.53;37.28;2982.20;1844.28;-1137.92;0.00
0.26;10.30;45.76;3660.59;2044.22;-1616.37;0.00
0.28;8.96;36.57;2925.41;2132.23;-793.18;0.00
0.25;8.86;37.89;3031.25;1963.04;-1068.20;0.00
0.24;10.25;39.92;3193.94;1951.49;-1242.46;0.00
0.24;11.67;42.50;3399.89;2029.07;-1370.82;0.00
0.19;9.06;42.42;3393.41;1592.17;-1801.24;0.00
0.22;11.28;42.09;3366.99;1874.82;-1492.16;0.00
0.26;10.72;43.29;3463.45;2085.51;-1377.94;0.00
0.27;8.13;40.06;3204.43;2011.95;-1192.48;0.00
0.25;7.50;44.13;3530.36;1884.14;-1646.21;0.00
0.25;10.36;45.09;3606.88;2024.62;-1582.27;0.00
0.31;10.20;44.73;3578.35;2334.96;-1243.39;0.00
0.22;11.28;38.53;3082.73;1899.24;-1183.49;0.00
0.25;10.06;32.82;2625.89;1989.08;-636.81;0.00
0.24;11.67;39.40;3151.81;2053.83;-1097.98;0.00
0.25;11.02;44.71;3576.75;2056.12;-1520.63;0.00
0.22;10.92;26.87;2149.64;1890.71;-258.93;0.00
0.27;10.20;46.39;3711.52;2117.58;-1593.94;0.00
0.25;11.56;35.20;2815.98;2062.51;-753.48;0.00
0.24;9.15;41.47;3317.78;1883.88;-1433.90;0.00
0.24;10.75;44.16;3533.19;1993.94;-1539.26;0.00
0.25;11.62;35.19;2814.97;2089.21;-725.76;0.00
0.21;11.27;45.77;3661.29;1839.23;-1822.05;0.00
0.26;10.84;32.52;2601.86;2120.24;-481.61;0.00
0.21;10.12;33.62;2689.20;1751.62;-937.58;0.00
0.25;12.56;39.92;3193.92;2147.61;-1046.31;0.00
0.21;9.86;41.94;3354.83;1758.17;-1596.66;0.00
0.28;10.25;34.88;2790.73;2179.94;-610.79;0.00
0.22;10.68;39.51;3160.66;1878.52;-1282.14;0.00
0.26;8.23;42.71;3416.75;1969.80;-1446.96;0.00
0.25;10.26;37.44;2995.00;2021.60;-973.40;0.00
0.24;9.67;41.93;3354.54;1928.67;-1425.87;0.00
0.21;10.71;40.53;3242.25;1799.59;-1442.66;0.00
0.24;12.34;34.89;2791.33;2058.01;-733.33;0.00
0.25;12.21;45.73;3658.34;2145.93;-1512.41;0.00
0.26;9.37;41.31;3304.56;2028.15;-1276.40;0.00
0.26;12.06;43.46;3476.75;2164.58;-1312.17;0.00
0.21;9.17;43.99;3519.16;1746.61;-1772.55;0.00
0.26;11.60;36.99;2959.23;2128.05;-831.17;0.00
0.26;10.29;38.08;3046.11;2052.84;-993.27;0.00
0.24;9.78;39.61;3168.83;1913.70;-1255.13;0.00
0.23;9.20;48.54;3883.23;1860.01;-2023.22;0.00
0.21;11.42;41.14;3291.23;1846.58;-1444.65;0.00
0.23;8.80;37.96;3036.98;1840.42;-1196.56;0.00
0.25;9.83;32.28;2582.29;1998.43;-583.85;0.00
0.26;13.10;33.01;2640.46;2213.49;-426.97;0.00
0.19;8.69;47.56;3804.60;1557.15;-2247.44;0.00
0.24;10.26;36.14;2891.29;1959.93;-931.36;0.00
0.25;10.38;39.05;3123.99;2010.39;-1113.59;0.00
0.25;11.47;37.88;3030.49;2071.61;-958.88;0.00
0.25;9.53;45.71;3656.60;1975.34;-1681.27;0.00
0.26;10.27;36.33;2906.47;2092.05;-814.42;0.00
0.25;11.07;40.80;3263.71;2064.73;-1198.98;0.00
0.29;10.18;37.62;3009.40;2231.97;-777.43;0.00
0.32;10.32;35.47;2837.50;2437.14;-400.36;0.00
0.25;11.75;39.49;3158.99;2117.39;-1041.60;0.00
0.21;9.34;35.65;2851.71;1717.92;-1133.79;0.00
0.23;8.81;38.62;3089.22;1843.35;-1245.88;0.00
0.23;12.04;41.12;3289.83;1983.68;-1306.16;0.00
0.26;11.49;43.60;3488.04;2162.20;-1325.84;0.00
0.24;10.83;43.76;3500.41;1982.18;-1518.23;0.00
0.25;12.36;31.83;2546.13;2127.11;-419.02;0.00
0.26;11.52;48.41;3872.59;2141.10;-1731.49;0.00
0.23;10.74;33.62;2689.92;1928.04;-761.88;0.00
0.26;10.50;47.28;3782.72;2067.01;-1715.72;0.00
0.26;9.36;40.05;3204.05;2032.94;-1171.11;0.00
0.32;10.47;38.70;3095.78;2412.10;-683.68;0.00
0.30;9.52;39.17;3133.75;2274.80;-858.95;0.00
0.28;10.35;43.66;3492.64;2218.35;-1274.29;0.00
0.22;10.00;39.05;3124.07;1840.43;-1283.64;0.00
0.25;11.38;38.98;3118.51;2048.98;-1069.53;0.00
0.17;12.50;37.95;3036.13;1674.93;-1361.19;0.00
0.23;7.12;35.60;2847.75;1726.34;-1121.41;0.00
0.30;9.69;40.24;3219.05;2246.90;-972.16;0.00
0.23;11.39;41.60;3328.24;1940.14;-1388.10;0.00
0.28;10.12;39.01;3121.20;2162.72;-958.48;0.00
0.29;11.18;46.52;3721.56;2323.82;-1397.74;0.00
0.25;10.45;45.20;3616.39;2027.51;-1588.88;0.00
0.24;9.20;50.28;4022.10;1888.24;-2133.86;0.00
0.25;10.85;32.76;2621.14;2048.89;-572.26;0.00
0.28;8.19;41.01;3280.57;2073.19;-1207.39;0.00
0.24;11.88;42.77;3421.70;2022.71;-1398.99;0.00
0.25;9.83;36.05;2884.18;1975.64;-908.53;0.00
0.24;9.92;44.24;3539.41;1915.68;-1623.73;0.00
0.22;8.56;48.02;3841.49;1737.46;-2104.02;0.00
0.29;11.51;49.85;3988.19;2297.98;-1690.21;0.00
0.22;10.81;47.25;3779.87;1840.21;-1939.66;0.00
0.27;9.22;41.79;3343.31;2096.07;-1247.24;0.00
0.27;8.28;41.58;3326.77;1998.46;-1328.31;0.00
0.26;9.90;36.17;2893.70;2078.01;-815.69;0.00
0.26;9.95;49.31;3944.61;2067.68;-1876.93;0.00
0.23;8.48;45.94;3675.05;1795.23;-1879.82;0.00
0.26;12.15;38.53;3082.75;2201.35;-881.40;0.00
0.26;10.57;40.01;3200.77;2072.40;-1128.37;0.00
0.24;8.40;41.91;3352.98;1834.90;-1518.08;0.00
0.28;10.41;42.77;3421.23;2182.14;-1239.09;0.00
0.29;8.96;46.83;3746.28;2145.95;-1600.33;0.00
0.25;10.96;29.28;2342.68;2065.10;-277.58;0.00
0.22;10.19;42.00;3359.96;1814.22;-1545.74;0.00
0.22;11.16;42.87;3429.38;1897.59;-1531.79;0.00
0.27;10.28;35.65;2852.36;2137.98;-714.38;0.00
0.30;8.96;40.94;3275.30;2206.26;-1069.04;0.00
0.24;12.51;42.67;3413.41;2097.31;-1316.10;0.00
0.22;9.88;39.10;3128.39;1827.23;-1301.16;0.00
0.24;11.24;43.30;3463.67;1977.90;-1485.77;0.00
0.26;11.11;40.87;3269.55;2124.10;-1145.46;0.00
0.26;9.94;39.33;3146.66;2033.45;-1113.20;0.00
0.24;9.13;43.66;3492.82;1911.06;-1581.76;0.00
0.25;10.88;45.45;3636.00;2074.05;-1561.95;0.00
0.25;10.93;51.06;4085.08;2023.32;-2061.76;0.00
0.25;9.44;38.02;3041.52;1985.56;-1055.96;0.00
0.28;10.61;40.39;3231.21;2217.25;-1013.96;0.00
0.27;8.69;36.63;2930.71;2025.01;-905.70;0.00
0.24;10.45;43.65;3492.34;1980.90;-1511.44;0.00
0.25;9.91;45.87;3669.38;2021.12;-1648.26;0.00
0.26;11.06;44.38;3550.68;2095.80;-1454.88;0.00
0.22;11.27;44.83;3586.15;1908.54;-1677.62;0.00
0.25;11.58;37.55;3004.25;2079.43;-924.83;0.00
0.23;9.55;46.03;3682.41;1881.72;-1800.68;0.00
0.21;9.68;44.48;3558.13;1769.70;-1788.42;0.00
0.26;9.08;28.65;2291.78;1982.44;-309.34;0.00
0.26;11.08;35.11;2809.05;2094.16;-714.89;0.00
0.21;10.06;40.40;3231.68;1785.77;-1445.91;0.00
0.23;8.18;39.54;3163.06;1779.50;-1383.56;0.00
0.24;9.46;36.18;2894.66;1931.56;-963.10;0.00
0.30;11.42;36.97;2957.88;2359.85;-598.03;0.00
0.21;11.53;45.30;3624.27;1847.59;-1776.68;0.00
0.27;9.65;43.47;3477.48;2110.03;-1367.45;0.00
0.27;10.42;37.72;3017.39;2145.50;-871.89;0.00
0.23;10.60;40.49;3239.45;1902.24;-1337.21;0.00
0.28;8.98;36.53;2922.13;2142.49;-779.63;0.00
0.27;8.45;39.07;3125.62;2014.84;-1110.78;0.00
0.22;11.84;44.35;3547.74;1918.05;-1629.69;0.00
0.29;9.81;38.88;3110.50;2202.11;-908.39;0.00
0.26;10.00;36.35;2907.92;2084.62;-823.30;0.00
0.27;11.30;40.40;3231.81;2164.72;-1067.08;0.00
0.23;9.87;45.05;3603.73;1879.26;-1724.47;0.00
0.30;10.13;40.80;3263.80;2310.07;-953.74;0.00
0.26;8.84;42.40;3392.25;2021.17;-1371.08;0.00
0.28;10.63;33.31;2665.08;2209.93;-455.16;0.00
0.24;10.07;35.69;2855.29;1968.56;-886.73;0.00
0.23;12.82;44.26;3540.90;2028.65;-1512.25;0.00
0.28;11.12;39.36;3148.48;2252.98;-895.50;0.00
0.29;11.01;39.71;3176.99;2297.93;-879.06;0.00
0.23;9.09;45.01;3601.01;1858.59;-1742.42;0.00
0.23;11.15;38.29;3063.23;1960.99;-1102.23;0.00
0.23;10.92;45.30;3624.11;1942.86;-1681.25;0.00
0.22;11.78;36.60;2927.75;1944.71;-983.04;0.00
0.24;8.06;39.77;3181.97;1811.36;-1370.61;0.00
0.29;10.18;39.94;3195.26;2244.56;-950.70;0.00
0.26;9.91;44.70;3576.26;2056.55;-1519.71;0.00
0.27;8.60;41.13;3290.18;2033.74;-1256.44;0.00
0.21;9.24;42.20;3376.22;1702.71;-1673.51;0.00
0.26;11.46;41.91;3352.93;2138.42;-1214.51;0.00
0.26;10.43;48.75;3900.39;2073.02;-1827.37;0.00
0.26;9.36;44.68;3574.61;2028.95;-1545.66;0.00
0.26;8.97;31.13;2490.19;1977.59;-512.59;0.00
0.31;9.02;35.17;2813.55;2313.70;-499.86;0.00
0.22;8.02;42.80;3424.00;1736.43;-1687.57;0.00
0.27;9.33;38.13;3050.63;2086.14;-964.49;0.00
0.21;9.06;38.90;3112.17;1728.48;-1383.68;0.00
0.24;13.40;44.27;3541.49;2120.77;-1420.72;0.00
0.24;12.54;47.68;3814.11;2080.16;-1733.95;0.00
0.24;8.26;44.11;3528.49;1844.90;-1683.59;0.00
0.23;10.82;41.10;3288.21;1954.22;-1333.98;0.00
0.24;10.55;44.10;3528.05;1986.49;-1541.55;0.00
0.30;10.19;48.24;3858.86;2292.46;-1566.40;0.00
0.28;7.46;38.00;3040.02;2007.69;-1032.33;0.00
0.26;9.75;35.65;2851.81;2018.15;-833.66;0.00
0.27;11.91;48.94;3915.40;2192.78;-1722.62;0.00
0.24;10.54;37.80;3023.80;1951.14;-1072.66;0.00
0.30;11.04;39.75;3180.30;2336.57;-843.72;0.00
0.25;8.58;44.82;3585.31;1901.18;-1684.13;0.00
0.28;10.28;44.02;3521.86;2178.40;-1343.45;0.00
0.24;9.82;34.07;2725.82;1933.41;-792.42;0.00
0.26;12.62;35.06;2805.11;2189.86;-615.25;0.00
0.19;8.74;38.09;3047.31;1605.16;-1442.16;0.00
0.20;10.98;33.16;2652.85;1786.74;-866.11;0.00
0.25;10.59;27.20;2175.78;2002.75;-173.03;0.00
0.26;9.88;35.60;2848.12;2043.75;-804.37;0.00
0.25;12.12;40.05;3204.24;2114.40;-1089.84;0.00
0.25;9.77;42.05;3364.17;1960.28;-1403.89;0.00
0.29;10.84;28.72;2297.76;2276.44;-21.32;0.00
0.25;10.90;41.13;3290.33;2068.32;-1222.02;0.00
0.30;10.33;39.37;3149.58;2320.88;-828.70;0.00
0.24;11.07;35.78;2862.33;2008.99;-853.34;0.00
0.25;11.30;43.32;3465.52;2044.35;-1421.16;0.00
0.20;10.11;41.59;3327.33;1723.49;-1603.83;0.00
0.28;11.18;31.98;2558.41;2264.53;-293.88;0.00
0.25;9.19;40.56;3244.83;1970.93;-1273.91;0.00
0.23;11.61;37.61;3008.64;1985.80;-1022.84;0.00
0.25;8.39;27.49;2199.25;1907.08;-292.17;0.00
0.22;10.30;47.52;3801.35;1838.01;-1963.34;0.00
0.25;8.21;40.43;3234.15;1875.86;-1358.29;0.00
0.26;12.33;40.54;3242.97;2158.19;-1084.78;0.00
0.27;10.75;47.96;3836.89;2131.91;-1704.99;0.00
0.25;10.28;46.48;3718.25;2022.94;-1695.31;0.00
0.24;11.24;45.97;3677.79;2019.74;-1658.05;0.00
0.23;11.44;44.50;3559.66;1976.25;-1583.41;0.00
0.27;9.93;33.42;2673.25;2083.60;-589.65;0.00
0.26;6.79;37.86;3028.90;1880.61;-1148.29;0.00
0.25;8.07;40.76;3260.87;1923.18;-1337.69;0.00
0.26;9.56;39.65;3172.35;2030.52;-1141.83;0.00
0.26;8.40;43.84;3507.03;1976.06;-1530.96;0.00
0.23;9.83;39.41;3152.74;1872.96;-1279.78;0.00
0.26;9.17;38.37;3069.41;2026.29;-1043.12;0.00
0.26;11.48;41.69;3335.24;2109.31;-1225.93;0.00
0.26;10.54;40.55;3244.33;2082.79;-1161.53;0.00
0.27;10.49;45.70;3656.16;2142.42;-1513.74;0.00
0.29;10.09;40.44;3235.40;2213.07;-1022.33;0.00
0.25;11.32;34.44;2755.40;2073.65;-681.75;0.00
0.23;9.67;48.17;3853.41;1875.85;-1977.56;0.00
0.25;8.55;47.74;3818.88;1947.96;-1870.92;0.00
0.26;9.99;30.83;2466.27;2084.02;-382.25;0.00
0.21;8.92;35.84;2867.27;1726.16;-1141.11;0.00
0.27;11.33;45.25;3620.12;2168.53;-1451.59;0.00
0.24;11.16;42.27;3381.32;2020.30;-1361.02;0.00
0.27;10.41;35.14;2811.56;2120.10;-691.47;0.00
0.26;9.95;40.79;3263.29;2060.62;-1202.67;0.00
0.25;8.60;37.27;2981.38;1909.65;-1071.72;0.00
0.22;9.32;36.78;2942.64;1780.23;-1162.41;0.00
0.29;10.31;34.89;2791.18;2274.72;-516.46;0.00
0.26;10.41;40.31;3225.07;2086.93;-1138.14;0.00
0.27;9.15;45.58;3646.68;2055.99;-1590.70;0.00
0.25;10.08;36.58;2926.21;2020.27;-905.94;0.00
0.29;12.20;36.71;2936.58;2337.34;-599.25;0.00
0.28;9.52;44.89;3591.20;2122.66;-1468.53;0.00
0.25;10.77;39.18;3134.61;2050.75;-1083.87;0.00
0.20;9.21;30.43;2434.17;1659.76;-774.41;0.00
0.21;10.57;39.37;3149.37;1809.26;-1340.12;0.00
0.20;9.42;36.15;2891.97;1699.83;-1192.13;0.00
0.22;12.26;43.34;3466.90;1968.25;-1498.65;0.00
0.19;9.60;42.35;3387.86;1621.80;-1766.06;0.00
0.27;9.90;32.81;2624.83;2097.52;-527.31;0.00
0.27;11.30;39.80;3184.19;2172.71;-1011.48;0.00
0.22;10.45;39.39;3151.07;1855.67;-1295.40;0.00
0.27;9.13;38.65;3092.05;2092.43;-999.62;0.00
0.29;8.73;48.03;3842.15;2158.98;-1683.17;0.00
0.23;9.43;42.57;3405.95;1842.84;-1563.11;0.00
0.25;10.82;39.36;3148.64;2034.38;-1114.26;0.00
0.24;11.74;36.57;2925.25;2058.04;-867.21;0.00
0.28;9.50;39.30;3144.27;2129.66;-1014.62;0.00
0.27;9.81;36.99;2959.38;2101.92;-857.47;0.00
0.24;10.05;36.70;2935.69;1929.30;-1006.39;0.00
0.23;11.88;32.72;2617.44;1995.77;-621.67;0.00
0.24;10.02;47.56;3804.77;1945.22;-1859.55;0.00
0.26;10.67;40.69;3255.35;2121.42;-1133.93;0.00
0.22;9.39;35.00;2799.95;1808.35;-991.60;0.00
0.27;9.47;47.28;3782.42;2082.46;-1699.96;0.00
0.24;8.68;40.71;3256.83;1893.33;-1363.50;0.00
0.29;9.21;39.88;3190.17;2161.30;-1028.88;0.00
0.24;9.89;38.97;3117.36;1918.78;-1198.58;0.00
0.21;9.58;40.21;3216.69;1748.69;-1468.00;0.00
0.26;10.09;44.99;3598.89;2080.95;-1517.94;0.00
0.25;12.11;44.54;3563.48;2113.32;-1450.16;0.00
0.24;11.22;49.12;3929.55;2032.53;-1897.02;0.00
0.28;8.35;39.51;3160.85;2075.49;-1085.36;0.00
0.25;11.63;42.16;3373.08;2102.72;-1270.36;0.00
0.25;10.88;36.19;2895.11;2072.86;-822.25;0.00
0.25;9.41;43.55;3483.70;1963.75;-1519.95;0.00
0.28;8.70;40.57;3245.92;2087.07;-1158.85;0.00
0.25;10.45;40.01;3200.99;2032.83;-1168.16;0.00
0.25;9.87;41.71;3336.44;1968.80;-1367.65;0.00
0.25;9.79;42.33;3386.06;1959.13;-1426.93;0.00
0.27;9.54;50.05;4003.73;2107.62;-1896.12;0.00
0.27;12.59;42.21;3376.78;2225.30;-1151.49;0.00
0.25;10.19;43.77;3501.99;1989.50;-1512.49;0.00
0.25;8.17;43.31;3464.41;1909.72;-1554.69;0.00
0.24;10.99;40.96;3276.61;1990.34;-1286.27;0.00
0.24;10.09;44.60;3567.74;1939.11;-1628.63;0.00
0.32;8.51;43.11;3449.10;2303.80;-1145.31;0.00
0.24;10.65;44.60;3567.63;1949.42;-1618.20;0.00
0.29;7.68;41.80;3344.26;2079.04;-1265.22;0.00
0.26;9.95;34.44;2755.07;2039.30;-715.78;0.00
0.24;10.76;37.65;3011.79;1974.63;-1037.16;0.00
0.25;8.60;51.69;4135.41;1923.75;-2211.66;0.00
0.23;9.32;41.14;3291.59;1861.29;-1430.30;0.00
0.24;10.49;42.64;3411.14;1937.84;-1473.30;0.00
0.26;9.75;36.26;2900.43;2064.80;-835.63;0.00
0.26;12.74;49.26;3940.56;2204.46;-1736.09;0.00
0.25;10.35;34.37;2749.84;2044.22;-705.63;0.00
0.23;10.75;33.04;2642.91;1911.00;-731.91;0.00
0.28;8.94;37.11;2969.11;2105.02;-864.10;0.00
0.24;8.34;35.71;2856.68;1873.45;-983.24;0.00
0.22;10.72;38.07;3045.21;1851.86;-1193.35;0.00
0.26;9.18;37.87;3029.25;2013.15;-1016.10;0.00
0.31;10.73;37.03;2962.55;2374.84;-587.71;0.00
0.20;10.74;40.44;3235.15;1757.08;-1478.07;0.00
0.23;9.81;43.21;3456.50;1890.91;-1565.59;0.00
0.29;9.74;43.19;3455.56;2216.76;-1238.79;0.00
0.22;10.21;41.25;3299.93;1861.55;-1438.38;0.00
0.30;9.32;41.44;3315.14;2272.01;-1043.13;0.00
0.31;10.24;39.76;3180.81;2364.98;-815.83;0.00
0.25;9.97;42.12;3369.85;1984.80;-1385.05;0.00
0.30;10.46;41.35;3308.16;2296.68;-1011.48;0.00
0.29;12.05;41.82;3345.40;2320.51;-1024.89;0.00
0.23;8.24;34.74;2778.94;1799.78;-979.15;0.00
0.26;9.71;42.97;3437.99;2042.30;-1395.69;0.00
0.24;9.04;48.15;3851.90;1879.68;-1972.21;0.00
0.26;10.57;35.76;2860.98;2060.65;-800.33;0.00
0.28;12.43;39.00;3119.69;2280.85;-838.84;0.00
0.24;9.08;38.92;3113.56;1868.41;-1245.16;0.00
0.23;12.29;37.78;3022.02;2021.98;-1000.04;0.00
0.22;9.46;32.98;2638.72;1805.32;-833.40;0.00
0.21;10.90;31.50;2519.99;1794.04;-725.95;0.00
0.25;9.40;34.31;2745.01;1977.92;-767.09;0.00
0.22;7.94;48.04;3842.88;1726.95;-2115.92;0.00
0.21;10.25;39.11;3128.94;1788.23;-1340.71;0.00
0.26;10.67;40.73;3258.01;2113.33;-1144.67;0.00
0.27;10.86;34.26;2741.12;2156.53;-584.59;0.00
0.22;11.52;39.29;3143.04;1927.61;-1215.43;0.00
0.27;10.55;45.83;3666.25;2125.95;-1540.29;0.00
0.24;11.22;38.12;3049.31;2010.71;-1038.60;0.00
0.26;10.19;44.92;3593.24;2062.15;-1531.09;0.00
0.28;11.07;42.74;3419.53;2228.94;-1190.59;0.00
0.29;10.66;41.72;3337.78;2239.73;-1098.05;0.00
0.25;9.02;40.23;3218.08;1930.68;-1287.40;0.00
0.29;10.41;37.85;3028.01;2243.79;-784.21;0.00
0.20;11.11;37.20;2975.86;1762.00;-1213.86;0.00
0.23;9.36;43.59;3487.55;1824.75;-1662.80;0.00
0.25;11.50;47.70;3815.90;2102.78;-1713.12;0.00
0.22;11.20;42.54;3403.29;1893.06;-1510.23;0.00
0.23;11.17;39.16;3132.84;1944.64;-1188.21;0.00
0.27;9.72;45.72;3657.73;2090.29;-1567.45;0.00
0.20;11.56;39.76;3180.48;1815.72;-1364.75;0.00
0.23;12.52;42.72;3417.63;2009.97;-1407.66;0.00
0.24;11.07;42.24;3379.30;1988.13;-1391.16;0.00
0.27;9.37;36.79;2943.45;2085.55;-857.90;0.00
0.24;10.30;39.78;3182.57;1951.47;-1231.10;0.00
0.24;10.46;36.52;2921.29;1942.86;-978.42;0.00
0.25;8.63;49.41;3952.92;1933.06;-2019.87;0.00
0.23;9.11;39.16;3132.87;1849.25;-1283.62;0.00
0.26;11.56;40.13;3210.55;2142.54;-1068.01;0.00
0.22;8.93;39.60;3168.36;1790.27;-1378.10;0.00
0.25;11.68;37.71;3016.42;2093.44;-922.98;0.00
0.24;9.12;41.79;3343.18;1918.43;-1424.75;0.00
0.21;10.97;39.07;3125.95;1841.50;-1284.45;0.00
0.22;12.03;37.03;2962.26;1921.70;-1040.56;0.00
0.19;11.36;36.47;2917.55;1723.60;-1193.95;0.00
0.25;9.90;38.21;3056.47;1964.83;-1091.63;0.00
0.27;9.36;35.02;2801.55;2072.41;-729.14;0.00
0.25;11.73;31.54;2523.19;2070.84;-452.35;0.00
0.26;9.78;41.96;3356.99;2038.61;-1318.38;0.00
0.26;12.03;42.46;3396.49;2166.85;-1229.64;0.00
0.28;10.10;37.77;3021.95;2207.01;-814.94;0.00
0.26;10.11;35.50;2839.80;2033.52;-806.28;0.00
0.27;10.27;40.45;3236.27;2142.21;-1094.06;0.00
0.25;7.96;45.83;3666.60;1903.13;-1763.48;0.00
0.26;10.42;40.34;3227.09;2081.41;-1145.68;0.00
0.24;11.60;34.85;2788.06;2031.03;-757.03;0.00
0.22;9.75;39.17;3133.42;1805.38;-1328.04;0.00
0.27;9.21;40.10;3208.05;2062.54;-1145.52;0.00
0.26;8.70;39.70;3176.08;1962.20;-1213.87;0.00
0.28;11.09;47.67;3813.28;2220.81;-1592.47;0.00
0.24;8.76;32.43;2594.78;1872.93;-721.85;0.00
0.25;12.63;35.42;2833.37;2167.89;-665.48;0.00
0.28;9.02;38.49;3079.17;2118.67;-960.50;0.00
0.23;9.45;40.26;3220.45;1852.06;-1368.40;0.00
0.30;8.32;33.43;2674.77;2194.45;-480.32;0.00
0.23;11.05;37.03;2962.48;1914.46;-1048.02;0.00
0.26;9.23;43.70;3495.87;2027.73;-1468.14;0.00
0.28;10.56;46.23;3698.07;2187.40;-1510.68;0.00
0.25;10.78;35.06;2805.08;2055.23;-749.85;0.00
0.21;10.47;43.15;3452.34;1774.73;-1677.60;0.00
0.24;9.13;41.48;3318.24;1898.13;-1420.10;0.00
0.25;11.23;32.97;2637.69;2092.13;-545.56;0.00
0.25;9.50;40.47;3237.97;1972.94;-1265.03;0.00
0.23;10.10;36.42;2913.63;1896.29;-1017.34;0.00
0.28;9.54;46.34;3707.30;2141.58;-1565.71;0.00
0.31;8.06;43.33;3466.02;2219.30;-1246.72;0.00
0.24;9.66;40.65;3252.04;1949.54;-1302.50;0.00
0.22;10.14;38.60;3087.80;1803.81;-1283.99;0.00
0.24;10.96;35.75;2860.19;2000.72;-859.47;0.00
0.22;12.08;32.50;2600.33;1921.75;-678.58;0.00
0.25;10.23;34.26;2740.62;1986.88;-753.74;0.00
0.22;11.01;41.00;3279.77;1888.73;-1391.04;0.00
0.29;10.01;39.06;3124.44;2218.53;-905.91;0.00
0.24;10.77;38.75;3100.20;1957.35;-1142.85;0.00
0.27;11.11;37.42;2993.30;2186.70;-806.60;0.00
0.27;10.59;39.23;3138.33;2127.15;-1011.18;0.00
0.23;9.44;44.99;3598.91;1866.63;-1732.27;0.00
0.24;11.59;36.12;2889.88;2015.32;-874.56;0.00
0.28;12.01;47.05;3763.72;2304.03;-1459.68;0.00
0.22;8.55;44.52;3561.55;1739.58;-1821.97;0.00
0.23;11.05;37.28;2982.21;1930.08;-1052.12;0.00
0.25;9.55;40.44;3235.23;1978.36;-1256.86;0.00
0.25;9.52;34.53;2762.56;1974.74;-787.83;0.00
0.20;10.58;47.31;3784.91;1711.40;-2073.51;0.00
0.24;10.30;37.98;3038.21;1977.91;-1060.29;0.00
0.22;10.97;47.95;3836.09;1880.67;-1955.41;0.00
0.24;8.87;40.94;3275.37;1893.65;-1381.71;0.00
0.23;9.74;43.75;3499.70;1862.44;-1637.26;0.00
0.26;10.45;37.37;2989.82;2086.04;-903.78;0.00
0.25;11.03;44.90;3591.83;2055.20;-1536.62;0.00
0.28;11.77;39.65;3171.96;2276.58;-895.38;0.00
0.23;11.97;36.44;2915.06;1988.98;-926.07;0.00
0.23;8.36;37.82;3025.22;1799.97;-1225.25;0.00
0.25;9.03;44.59;3567.22;1969.11;-1598.12;0.00
0.24;10.43;39.33;3146.25;1939.19;-1207.06;0.00
0.21;12.14;34.23;2738.00;1907.45;-830.55;0.00
0.25;9.31;41.41;3312.77;1980.11;-1332.65;0.00
0.25;10.66;35.09;2807.56;2009.69;-797.86;0.00
0.24;8.98;45.77;3661.34;1869.49;-1791.85;0.00
0.26;9.61;41.34;3307.45;2019.18;-1288.27;0.00
0.26;11.27;37.65;3012.25;2106.70;-905.54;0.00
0.28;10.21;35.87;2869.93;2200.09;-669.84;0.00
0.29;12.14;42.72;3417.55;2347.32;-1070.23;0.00
0.26;10.28;36.23;2898.69;2057.26;-841.43;0.00
0.28;9.25;47.16;3772.82;2135.16;-1637.65;0.00
0.23;10.63;38.11;3048.95;1922.04;-1126.90;0.00
0.22;10.75;40.95;3275.61;1858.52;-1417.09;0.00
0.26;10.23;44.55;3564.22;2066.77;-1497.45;0.00
0.24;9.87;34.32;2745.92;1955.41;-790.51;0.00
0.26;8.54;38.24;3059.37;2002.25;-1057.12;0.00
0.27;10.39;49.65;3972.32;2140.51;-1831.81;0.00
0.25;10.28;39.53;3162.60;1988.86;-1173.74;0.00
0.28;8.75;36.60;2927.61;2113.04;-814.57;0.00
0.32;9.23;43.85;3508.35;2354.47;-1153.88;0.00
0.24;11.73;44.98;3598.31;2015.85;-1582.47;0.00
0.24;9.35;38.19;3055.10;1909.87;-1145.23;0.00
0.23;9.36;47.84;3827.55;1863.03;-1964.52;0.00
0.28;10.05;49.41;3952.74;2203.22;-1749.52;0.00
0.26;12.48;41.62;3329.58;2190.59;-1138.99;0.00
0.27;12.30;43.12;3449.77;2245.75;-1204.02;0.00
0.25;8.81;44.97;3597.98;1940.72;-1657.26;0.00
0.26;11.57;40.00;3199.86;2127.85;-1072.00;0.00
0.26;11.34;41.49;3319.34;2141.02;-1178.32;0.00
0.25;9.75;38.08;3046.73;2007.30;-1039.44;0.00
0.25;10.17;39.81;3184.90;1998.52;-1186.38;0.00
0.26;9.14;33.81;2704.58;2021.83;-682.75;0.00
0.26;9.30;40.06;3205.14;2017.90;-1187.24;0.00
0.28;10.21;26.48;2118.09;2197.51;79.42;1.00
0.25;9.38;42.01;3360.99;1991.62;-1369.37;0.00
0.24;11.41;42.94;3434.87;2013.85;-1421.02;0.00
0.21;11.15;40.04;3203.40;1805.04;-1398.36;0.00
0.17;12.10;38.81;3104.74;1652.94;-1451.80;0.00
0.21;9.18;49.17;3933.40;1703.50;-2229.90;0.00
0.25;10.28;32.21;2576.55;2033.50;-543.04;0.00
0.24;9.32;40.13;3210.36;1884.77;-1325.59;0.00
0.21;11.06;35.84;2867.25;1794.86;-1072.39;0.00
0.19;9.59;35.98;2878.56;1615.97;-1262.59;0.00
0.27;9.25;34.25;2739.74;2091.63;-648.11;0.00
0.27;8.66;37.70;3016.06;2065.26;-950.80;0.00
0.27;11.23;38.42;3073.62;2182.21;-891.41;0.00
0.17;10.44;32.86;2628.57;1565.86;-1062.71;0.00
0.28;9.87;44.02;3521.62;2171.39;-1350.23;0.00
0.24;8.84;42.91;3433.06;1867.35;-1565.71;0.00
0.24;10.28;38.67;3093.33;1959.94;-1133.38;0.00
0.21;11.55;47.24;3779.31;1842.19;-1937.11;0.00
0.23;9.52;42.81;3424.64;1881.90;-1542.74;0.00
0.25;11.15;39.83;3186.19;2078.68;-1107.51;0.00
0.28;10.52;42.74;3419.28;2172.99;-1246.30;0.00
0.31;10.50;42.25;3379.68;2399.93;-979.75;0.00
0.26;10.54;41.65;3332.14;2081.18;-1250.96;0.00
0.24;9.11;45.43;3634.61;1907.19;-1727.43;0.00
0.20;10.23;41.93;3354.44;1737.31;-1617.14;0.00
0.25;9.47;50.08;4006.58;1973.55;-2033.02;0.00
0.25;11.72;39.89;3191.60;2096.91;-1094.69;0.00
0.26;10.07;40.76;3261.01;2050.27;-1210.74;0.00
0.24;8.86;43.66;3492.84;1905.99;-1586.85;0.00
0.26;10.01;38.20;3056.38;2040.25;-1016.13;0.00
0.21;10.36;38.01;3040.51;1783.72;-1256.79;0.00
0.29;11.23;40.46;3236.90;2269.18;-967.72;0.00
0.25;11.32;42.51;3400.68;2044.54;-1356.13;0.00
0.26;10.69;33.30;2663.93;2107.23;-556.70;0.00
0.27;6.71;42.54;3403.12;1950.41;-1452.71;0.00
0.27;12.41;44.20;3536.03;2249.85;-1286.17;0.00
0.23;11.30;44.89;3590.98;1969.73;-1621.25;0.00
0.22;9.82;35.56;2844.55;1812.68;-1031.88;0.00
0.25;10.43;31.60;2527.86;2027.24;-500.62;0.00
0.28;10.46;38.46;3076.48;2177.28;-899.21;0.00
0.23;8.84;49.25;3940.35;1802.30;-2138.04;0.00
0.27;10.28;34.90;2791.95;2152.50;-639.45;0.00
0.23;10.04;28.52;2281.55;1857.12;-424.43;0.00
0.23;11.00;39.34;3147.06;1945.40;-1201.66;0.00
0.25;11.85;43.67;3493.47;2104.59;-1388.88;0.00
0.23;10.17;45.75;3660.38;1900.33;-1760.06;0.00
0.23;11.85;42.84;3427.32;2000.17;-1427.15;0.00
0.23;12.47;41.12;3289.92;2002.33;-1287.59;0.00
0.27;11.64;30.02;2401.68;2201.42;-200.26;0.00
0.23;11.38;34.39;2750.85;1983.36;-767.49;0.00
0.28;10.05;38.65;3092.10;2178.48;-913.62;0.00
0.27;10.94;49.63;3970.33;2170.65;-1799.68;0.00
0.26;9.55;44.06;3524.41;2042.66;-1481.75;0.00
0.28;9.53;32.47;2597.61;2145.48;-452.14;0.00
0.23;8.84;37.56;3005.08;1829.95;-1175.13;0.00
0.20;10.24;36.55;2924.04;1744.29;-1179.75;0.00
0.25;9.69;26.08;2086.37;2005.27;-81.10;0.00
0.28;11.54;32.27;2581.34;2278.47;-302.87;0.00
0.20;9.18;47.70;3815.65;1650.89;-2164.76;0.00
0.26;9.18;44.57;3565.73;2006.45;-1559.28;0.00
0.24;12.46;50.22;4017.77;2094.25;-1923.51;0.00
0.23;9.54;31.55;2524.11;1847.30;-676.81;0.00
0.32;8.79;45.10;3608.21;2351.91;-1256.30;0.00
0.25;9.56;43.21;3456.48;1961.92;-1494.56;0.00
0.25;10.11;40.23;3218.34;2014.58;-1203.76;0.00
0.24;8.72;44.14;3531.53;1859.74;-1671.79;0.00
0.25;10.41;39.66;3173.04;2037.94;-1135.10;0.00
0.23;7.58;39.59;3167.40;1731.55;-1435.85;0.00
0.24;10.47;49.77;3981.93;1991.20;-1990.73;0.00
0.24;10.26;44.10;3528.15;1969.51;-1558.64;0.00
0.22;12.66;33.55;2683.67;1959.17;-724.50;0.00
0.26;9.23;36.94;2954.87;1998.91;-955.96;0.00
0.26;9.28;31.16;2493.03;2018.68;-474.35;0.00
0.28;9.73;39.73;3178.74;2182.94;-995.80;0.00
0.25;10.87;36.78;2942.52;2044.73;-897.79;0.00
0.21;7.46;39.23;3138.21;1655.25;-1482.95;0.00
0.27;12.09;42.74;3418.90;2241.02;-1177.87;0.00
0.28;9.17;35.61;2849.06;2123.96;-725.10;0.00
0.24;10.51;33.08;2646.48;1989.88;-656.60;0.00
0.26;10.45;37.13;2970.55;2095.46;-875.09;0.00
0.23;9.76;41.73;3338.20;1848.81;-1489.39;0.00
0.24;10.83;37.26;2980.68;1986.72;-993.95;0.00
0.28;9.12;45.52;3641.40;2117.49;-1523.91;0.00
0.26;9.34;31.98;2558.78;2002.10;-556.69;0.00
0.25;8.87;38.93;3114.15;1952.27;-1161.87;0.00
0.23;8.62;30.30;2424.30;1809.82;-614.48;0.00
0.25;10.37;38.77;3101.77;1991.71;-1110.06;0.00
0.27;9.34;43.90;3511.71;2077.95;-1433.76;0.00
0.26;9.40;52.24;4179.13;1999.49;-2179.64;0.00
0.23;12.07;41.71;3337.10;2013.07;-1324.03;0.00
0.24;10.76;38.43;3074.30;1954.24;-1120.06;0.00
0.26;10.44;42.51;3400.47;2072.12;-1328.35;0.00
0.30;9.58;41.50;3320.15;2253.34;-1066.80;0.00
0.23;11.52;35.31;2825.09;1987.01;-838.08;0.00
0.20;10.49;34.30;2743.99;1708.09;-1035.89;0.00
0.25;10.00;38.04;3042.99;1986.37;-1056.62;0.00
0.25;12.96;35.08;2806.61;2152.33;-654.29;0.00
0.25;8.84;44.08;3526.46;1946.10;-1580.36;0.00
0.28;10.60;40.90;3271.91;2211.69;-1060.22;0.00
0.23;10.04;46.90;3752.40;1912.47;-1839.93;0.00
0.24;12.91;41.42;3313.82;2089.24;-1224.59;0.00
0.25;9.94;47.14;3771.14;2001.35;-1769.79;0.00
0.21;10.37;44.03;3522.52;1772.59;-1749.94;0.00
0.28;10.15;52.31;4184.84;2175.20;-2009.64;0.00
0.23;10.54;41.84;3347.58;1926.05;-1421.53;0.00
0.26;11.28;48.44;3874.89;2146.08;-1728.81;0.00
0.24;10.54;44.81;3584.50;1979.42;-1605.08;0.00
0.25;11.23;42.16;3372.50;2039.94;-1332.56;0.00
0.24;10.80;41.44;3315.14;1964.35;-1350.79;0.00
0.26;10.86;36.98;2958.23;2091.84;-866.39;0.00
0.27;11.47;46.53;3722.57;2192.51;-1530.06;0.00
0.25;10.57;38.07;3045.66;2010.92;-1034.74;0.00
0.25;10.52;38.73;3098.48;2029.61;-1068.87;0.00
0.23;10.27;38.17;3053.72;1893.95;-1159.78;0.00
0.27;10.88;34.40;2751.68;2144.94;-606.73;0.00
0.22;9.79;42.33;3386.09;1813.84;-1572.25;0.00
0.28;11.57;43.14;3451.47;2265.80;-1185.66;0.00
0.25;11.39;42.83;3426.56;2076.92;-1349.64;0.00
0.23;10.84;33.60;2688.21;1952.58;-735.63;0.00
0.22;10.08;39.76;3180.60;1849.21;-1331.40;0.00
0.22;13.78;38.74;3099.23;2033.73;-1065.50;0.00
0.28;7.87;35.89;2871.22;2070.85;-800.37;0.00
0.26;11.50;42.36;3389.01;2164.53;-1224.48;0.00
0.30;9.08;46.45;3715.93;2245.16;-1470.77;0.00
0.21;9.25;45.43;3634.15;1748.02;-1886.12;0.00
0.23;9.69;38.74;3098.81;1867.05;-1231.76;0.00
0.27;10.26;31.33;2506.36;2146.91;-359.45;0.00
0.26;10.64;37.79;3023.21;2076.62;-946.59;0.00
0.27;10.40;43.60;3488.10;2143.63;-1344.48;0.00
0.22;11.95;42.47;3397.43;1945.58;-1451.84;0.00
0.30;9.89;41.30;3303.97;2257.57;-1046.40;0.00
0.27;9.90;38.92;3113.46;2124.86;-988.60;0.00
0.23;8.27;31.48;2518.58;1781.78;-736.80;0.00
0.27;10.89;40.60;3248.12;2139.84;-1108.28;0.00
0.27;10.05;46.64;3731.34;2109.86;-1621.48;0.00
0.26;9.39;39.56;3165.17;2045.75;-1119.42;0.00
0.23;10.09;36.28;2902.12;1862.57;-1039.55;0.00
0.24;8.40;41.34;3307.47;1849.52;-1457.94;0.00
0.23;8.42;34.78;2782.23;1801.60;-980.63;0.00
0.28;11.45;44.65;3572.25;2257.04;-1315.21;0.00
0.23;9.79;42.44;3394.98;1861.18;-1533.80;0.00
0.22;11.89;38.32;3065.92;1931.02;-1134.89;0.00
0.24;10.30;41.11;3288.40;1964.88;-1323.52;0.00
0.27;10.13;37.93;3034.71;2145.89;-888.82;0.00
0.27;12.26;39.93;3194.55;2264.91;-929.64;0.00
0.25;10.31;50.03;4002.73;2037.12;-1965.61;0.00
0.30;10.46;42.24;3379.32;2314.70;-1064.62;0.00
0.25;10.78;43.16;3452.59;2046.11;-1406.48;0.00
0.26;10.61;33.92;2713.70;2077.75;-635.95;0.00
0.25;8.50;43.12;3449.62;1943.84;-1505.79;0.00
0.21;10.22;36.37;2909.86;1787.47;-1122.40;0.00
0.22;10.62;36.19;2895.08;1885.03;-1010.05;0.00
0.26;9.91;45.59;3646.89;2047.89;-1599.00;0.00
0.25;9.88;45.84;3666.97;2014.57;-1652.40;0.00
0.27;8.25;38.24;3059.45;2032.24;-1027.21;0.00
0.28;11.35;38.57;3085.91;2266.54;-819.37;0.00
0.24;10.13;40.90;3271.91;1928.26;-1343.65;0.00
0.26;9.77;36.31;2904.97;2058.76;-846.21;0.00
0.24;9.52;39.64;3171.38;1941.94;-1229.45;0.00
0.23;8.88;35.44;2834.92;1808.45;-1026.47;0.00
0.28;10.26;38.35;3068.35;2170.39;-897.95;0.00
0.19;8.47;47.01;3760.48;1560.62;-2199.86;0.00
0.25;10.10;44.89;3591.10;2027.25;-1563.86;0.00
0.26;10.06;41.26;3300.98;2081.29;-1219.69;0.00
0.29;9.37;44.90;3592.01;2172.35;-1419.66;0.00
0.26;9.58;40.75;3260.05;2018.86;-1241.19;0.00
0.24;10.80;38.44;3075.37;1960.21;-1115.16;0.00
0.27;11.05;34.59;2767.09;2185.74;-581.35;0.00
0.25;10.75;41.81;3344.41;2016.90;-1327.50;0.00
0.26;9.52;37.67;3013.86;2018.26;-995.61;0.00
0.28;9.64;46.40;3712.20;2139.04;-1573.15;0.00
0.29;11.23;44.13;3530.16;2275.39;-1254.77;0.00
0.24;8.68;32.83;2626.14;1875.47;-750.67;0.00
0.24;11.13;38.55;3084.28;2029.21;-1055.07;0.00
0.27;11.57;36.65;2931.96;2196.05;-735.91;0.00
0.24;9.48;44.12;3529.55;1939.44;-1590.10;0.00
0.26;8.17;46.24;3699.18;1958.55;-1740.63;0.00
0.24;8.97;44.61;3568.89;1885.57;-1683.33;0.00
0.25;10.28;40.81;3264.67;1985.21;-1279.46;0.00
0.22;12.18;42.59;3407.49;1918.88;-1488.61;0.00
0.26;9.89;31.54;2522.90;2078.40;-444.50;0.00
0.31;8.43;44.80;3584.18;2236.41;-1347.77;0.00
0.25;8.91;34.49;2759.24;1932.74;-826.50;0.00
0.22;9.89;37.78;3022.01;1790.77;-1231.24;0.00
0.28;9.73;36.82;2945.29;2148.57;-796.72;0.00
0.33;12.05;33.17;2653.86;2569.68;-84.19;0.00
0.23;11.44;32.68;2614.27;1956.10;-658.17;0.00
0.27;10.79;37.16;2972.84;2153.00;-819.84;0.00
0.23;10.12;41.90;3351.71;1896.79;-1454.92;0.00
0.26;9.97;35.89;2871.51;2058.50;-813.01;0.00
0.30;11.19;46.29;3703.54;2337.57;-1365.97;0.00
0.29;11.74;36.64;2931.46;2334.37;-597.09;0.00
0.23;11.28;35.52;2841.25;1973.44;-867.80;0.00
0.24;8.59;36.84;2947.21;1879.93;-1067.27;0.00
0.26;10.32;42.04;3363.42;2067.25;-1296.17;0.00
0.23;9.43;45.31;3624.48;1852.51;-1771.97;0.00
0.26;9.49;47.47;3797.32;2002.37;-1794.95;0.00
0.25;10.16;43.33;3466.22;2029.04;-1437.19;0.00
0.26;10.62;39.43;3154.48;2089.54;-1064.94;0.00
0.25;9.01;42.17;3373.63;1956.48;-1417.15;0.00
0.23;11.80;36.47;2917.98;1998.53;-919.45;0.00
0.25;11.22;42.72;3417.72;2041.07;-1376.66;0.00
0.27;8.59;43.87;3509.63;2039.74;-1469.89;0.00
0.25;12.12;33.42;2673.24;2090.08;-583.17;0.00
0.25;10.28;50.16;4012.41;1996.11;-2016.30;0.00
0.25;9.81;36.55;2924.34;1967.38;-956.96;0.00
0.24;11.14;35.19;2814.88;1972.90;-841.97;0.00
0.27;8.09;36.44;2915.50;2020.19;-895.31;0.00
0.24;9.85;35.35;2827.70;1932.80;-894.90;0.00
0.26;10.26;45.47;3637.90;2082.28;-1555.62;0.00
0.28;10.64;47.37;3789.30;2208.80;-1580.50;0.00
0.24;9.77;48.17;3853.98;1942.61;-1911.37;0.00
0.27;8.44;45.50;3640.32;2032.54;-1607.78;0.00
0.26;11.46;43.98;3518.17;2160.30;-1357.87;0.00
0.26;6.41;52.36;4188.56;1887.62;-2300.95;0.00
0.25;8.90;38.52;3081.88;1958.26;-1123.62;0.00
0.25;8.12;38.65;3092.07;1920.70;-1171.37;0.00
0.20;10.56;43.90;3511.69;1759.02;-1752.68;0.00
0.26;10.76;45.07;3605.37;2072.53;-1532.84;0.00
0.29;8.29;38.58;3086.27;2157.84;-928.43;0.00
0.25;10.19;43.64;3491.51;2005.96;-1485.55;0.00
0.24;11.28;47.14;3770.87;2021.55;-1749.33;0.00
0.25;11.13;45.00;3599.92;2032.17;-1567.75;0.00
0.27;9.48;36.38;2910.42;2081.48;-828.93;0.00
0.28;10.86;42.14;3371.32;2228.83;-1142.49;0.00
0.22;11.21;45.74;3659.25;1913.10;-1746.15;0.00
0.25;9.56;41.40;3312.19;1997.73;-1314.46;0.00
0.25;11.37;37.53;3002.15;2053.14;-949.01;0.00
0.28;10.10;42.99;3439.47;2161.81;-1277.65;0.00
0.22;10.74;36.45;2915.85;1837.32;-1078.53;0.00
0.25;9.57;43.58;3486.07;1977.86;-1508.21;0.00
0.33;10.12;49.23;3938.77;2494.67;-1444.11;0.00
0.28;9.96;40.32;3225.25;2188.26;-1036.98;0.00
0.23;10.61;40.46;3236.94;1910.03;-1326.91;0.00
0.21;9.43;37.84;3027.41;1742.58;-1284.83;0.00
0.25;9.82;44.28;3542.10;1994.14;-1547.95;0.00
0.28;10.63;38.07;3045.67;2196.25;-849.41;0.00
0.27;10.26;44.12;3529.46;2142.03;-1387.43;0.00
0.29;11.01;45.09;3607.13;2302.13;-1305.00;0.00
0.20;10.22;38.59;3087.39;1745.35;-1342.03;0.00
0.25;9.84;46.15;3692.15;1977.66;-1714.49;0.00
0.24;10.65;40.37;3229.48;1976.26;-1253.22;0.00
0.28;9.63;47.71;3816.91;2134.83;-1682.08;0.00
0.23;10.33;35.90;2871.97;1870.61;-1001.36;0.00
0.23;9.81;41.12;3289.75;1896.70;-1393.06;0.00
0.29;10.44;38.96;3116.91;2273.63;-843.28;0.00
0.21;8.87;40.42;3233.44;1729.69;-1503.75;0.00
0.31;9.79;39.91;3193.09;2308.18;-884.91;0.00
0.21;11.31;36.91;2952.92;1863.19;-1089.73;0.00
0.27;11.99;37.36;2988.40;2205.00;-783.41;0.00
0.24;11.36;36.04;2882.90;1993.14;-889.76;0.00
0.23;9.73;43.37;3469.46;1860.13;-1609.34;0.00
0.28;10.84;34.06;2725.17;2236.29;-488.88;0.00
0.22;11.89;40.91;3272.60;1931.09;-1341.51;0.00
0.28;10.65;39.42;3153.69;2218.25;-935.43;0.00
0.26;10.04;36.05;2883.65;2033.44;-850.21;0.00
0.23;6.93;37.97;3037.90;1737.79;-1300.11;0.00
0.21;9.63;34.37;2749.59;1757.24;-992.36;0.00
0.25;10.26;34.62;2769.33;1987.49;-781.84;0.00
0.26;9.82;41.91;3352.72;2048.35;-1304.37;0.00
0.22;10.74;41.30;3304.19;1833.74;-1470.45;0.00
0.20;8.09;36.43;2914.20;1628.67;-1285.54;0.00
0.26;9.77;46.44;3714.82;2032.21;-1682.60;0.00
0.23;11.08;41.26;3300.70;1957.93;-1342.78;0.00
0.26;8.66;39.97;3197.51;1989.17;-1208.34;0.00
0.26;11.30;42.22;3377.25;2098.45;-1278.80;0.00
0.22;9.58;41.22;3297.25;1793.80;-1503.45;0.00
0.23;10.76;40.57;3245.63;1901.79;-1343.84;0.00
0.27;9.27;44.56;3564.78;2068.13;-1496.65;0.00
0.26;11.71;39.93;3194.68;2123.62;-1071.06;0.00
0.30;10.24;41.96;3356.42;2282.21;-1074.20;0.00
0.24;10.79;45.44;3635.28;1963.90;-1671.37;0.00
0.29;10.13;42.95;3435.95;2219.99;-1215.96;0.00
0.23;9.16;49.51;3961.02;1838.48;-2122.53;0.00
0.27;10.81;44.51;3561.13;2176.02;-1385.11;0.00
0.25;10.91;42.67;3413.75;2036.46;-1377.29;0.00
0.25;10.68;44.47;3557.43;2006.73;-1550.70;0.00
0.26;11.22;40.67;3253.25;2107.21;-1146.03;0.00
0.26;9.33;41.63;3330.77;2039.20;-1291.57;0.00
0.27;9.33;45.76;3660.48;2087.33;-1573.15;0.00
0.25;10.20;29.58;2366.69;2008.46;-358.23;0.00
0.26;11.22;43.42;3473.66;2136.37;-1337.29;0.00
0.24;11.74;43.16;3452.85;2048.07;-1404.78;0.00
0.27;10.27;43.89;3511.30;2133.22;-1378.08;0.00
0.24;8.94;38.31;3065.13;1896.06;-1169.07;0.00
0.23;11.35;35.87;2869.45;1982.28;-887.17;0.00
0.23;10.03;35.51;2841.02;1875.36;-965.66;0.00
0.27;12.57;36.00;2879.62;2263.59;-616.03;0.00
0.28;11.31;45.27;3621.24;2267.74;-1353.50;0.00
0.27;10.21;38.96;3116.96;2150.72;-966.25;0.00
0.26;12.21;30.54;2443.31;2152.24;-291.07;0.00
0.21;10.76;47.44;3794.84;1795.41;-1999.43;0.00
0.25;9.25;39.61;3168.60;1961.93;-1206.67;0.00
0.27;11.04;38.04;3043.04;2184.98;-858.06;0.00
0.23;10.61;38.11;3049.08;1907.58;-1141.49;0.00
0.23;12.43;47.48;3798.09;2026.95;-1771.14;0.00
0.20;11.33;42.69;3415.45;1766.79;-1648.66;0.00
0.23;10.35;38.30;3064.40;1874.81;-1189.59;0.00
0.25;10.29;37.48;2998.77;2018.18;-980.59;0.00
0.25;10.91;38.21;3056.94;2025.16;-1031.78;0.00
0.26;10.58;43.43;3474.41;2069.45;-1404.96;0.00
0.20;11.97;47.61;3809.13;1821.74;-1987.39;0.00
0.25;9.83;41.01;3281.18;1970.01;-1311.17;0.00
0.27;8.51;41.26;3300.96;2009.91;-1291.05;0.00
0.20;9.92;42.64;3411.46;1676.48;-1734.97;0.00
0.28;9.02;28.79;2303.02;2103.79;-199.23;0.00
0.22;9.86;46.06;3684.64;1837.50;-1847.14;0.00
0.25;8.94;47.53;3802.53;1955.34;-1847.19;0.00
0.27;10.77;41.16;3292.94;2144.72;-1148.22;0.00
0.22;10.78;40.39;3231.35;1836.68;-1394.68;0.00
0.26;11.79;38.78;3102.46;2173.92;-928.54;0.00
0.21;11.16;36.32;2905.84;1816.00;-1089.84;0.00
0.23;9.98;36.40;2911.99;1856.62;-1055.37;0.00
0.29;9.96;47.12;3769.90;2202.82;-1567.08;0.00
0.27;10.66;39.32;3145.62;2132.72;-1012.89;0.00
0.22;9.90;45.83;3666.74;1845.13;-1821.60;0.00
0.24;11.39;41.81;3344.51;2011.19;-1333.31;0.00
0.30;10.68;42.03;3362.67;2339.08;-1023.59;0.00
0.22;11.12;35.79;2863.27;1878.21;-985.06;0.00
0.22;11.14;41.57;3325.60;1902.79;-1422.80;0.00
0.30;11.99;40.51;3240.47;2379.75;-860.72;0.00
0.24;11.07;30.00;2399.95;1986.66;-413.29;0.00
0.24;8.43;51.91;4152.92;1865.86;-2287.07;0.00
0.22;8.91;42.50;3399.78;1768.88;-1630.90;0.00
0.26;10.18;37.17;2973.51;2072.33;-901.18;0.00
0.24;9.90;42.88;3430.73;1951.12;-1479.61;0.00
0.27;10.49;37.61;3009.05;2127.48;-881.57;0.00
0.23;10.27;49.51;3961.11;1879.14;-2081.97;0.00
0.25;10.03;36.63;2930.47;2023.54;-906.93;0.00
0.20;10.91;24.92;1993.93;1749.49;-244.45;0.00
0.22;9.31;45.95;3676.02;1779.99;-1896.02;0.00
0.23;10.13;40.14;3211.53;1913.13;-1298.40;0.00
0.27;9.73;36.48;2918.39;2104.95;-813.44;0.00
0.24;8.91;39.63;3170.28;1897.91;-1272.37;0.00
0.25;9.89;39.41;3153.03;2014.21;-1138.82;0.00
0.23;11.04;41.68;3334.56;1956.70;-1377.85;0.00
0.23;10.36;34.15;2731.84;1894.53;-837.31;0.00
0.22;10.45;41.03;3282.34;1875.76;-1406.58;0.00
0.26;10.65;33.63;2690.72;2100.38;-590.35;0.00
0.27;10.78;48.82;3905.33;2173.69;-1731.64;0.00
0.25;9.02;37.76;3020.43;1947.12;-1073.31;0.00
0.27;8.24;36.82;2945.97;2041.16;-904.81;0.00
0.27;9.93;42.23;3378.58;2108.63;-1269.95;0.00
0.26;9.53;44.38;3550.21;2038.01;-1512.20;0.00
0.25;12.14;40.11;3208.50;2135.18;-1073.32;0.00
0.25;7.41;42.73;3418.33;1836.23;-1582.10;0.00
0.29;10.13;32.70;2615.71;2242.08;-373.63;0.00
0.28;9.70;40.45;3236.07;2146.47;-1089.60;0.00
0.28;10.45;43.15;3452.26;2173.97;-1278.29;0.00
0.25;10.27;38.92;3113.60;1991.20;-1122.40;0.00
0.25;10.41;44.74;3579.49;2018.51;-1560.98;0.00
0.25;10.66;41.83;3346.03;2030.18;-1315.85;0.00
0.25;10.40;48.66;3892.58;2040.31;-1852.27;0.00
0.25;10.50;39.32;3145.58;2035.18;-1110.40;0.00
0.27;9.71;45.72;3657.47;2083.20;-1574.27;0.00
0.26;8.84;32.63;2610.43;2013.91;-596.52;0.00
0.20;8.25;37.06;2964.89;1600.52;-1364.37;0.00
0.25;8.82;47.07;3765.27;1950.16;-1815.10;0.00
0.25;10.40;39.97;3197.82;2041.89;-1155.93;0.00
0.28;8.55;39.38;3150.71;2094.12;-1056.59;0.00
0.27;12.31;44.80;3583.84;2247.53;-1336.31;0.00
0.27;10.71;44.41;3553.15;2167.71;-1385.43;0.00
0.25;10.62;31.82;2545.95;2022.47;-523.48;0.00
0.23;10.19;43.64;3491.17;1899.61;-1591.56;0.00
0.24;11.22;33.25;2659.90;2025.78;-634.11;0.00
0.27;12.41;46.22;3697.90;2218.45;-1479.45;0.00
0.26;11.75;40.04;3203.59;2146.05;-1057.54;0.00
0.23;10.24;34.63;2770.04;1888.73;-881.32;0.00
0.27;8.28;42.43;3394.18;1998.98;-1395.20;0.00
0.25;10.25;43.71;3496.53;2011.71;-1484.82;0.00
0.25;12.24;41.44;3314.81;2090.17;-1224.63;0.00
0.25;9.34;39.65;3172.12;1956.26;-1215.85;0.00
0.31;9.93;41.29;3303.21;2354.38;-948.83;0.00
0.23;11.56;41.96;3356.42;1983.37;-1373.05;0.00
0.22;10.97;43.32;3465.65;1881.87;-1583.78;0.00
0.26;9.70;39.61;3169.00;2059.17;-1109.83;0.00
0.26;12.37;40.75;3260.08;2183.23;-1076.84;0.00
0.29;8.59;42.75;3420.12;2161.38;-1258.73;0.00
0.23;11.82;40.07;3205.29;1958.06;-1247.22;0.00
0.27;10.29;41.27;3301.42;2134.43;-1166.99;0.00
0.30;8.93;31.76;2540.98;2253.12;-287.86;0.00
0.24;10.39;40.90;3271.88;1988.21;-1283.67;0.00
0.23;8.97;39.94;3195.43;1835.47;-1359.95;0.00
0.22;11.16;34.16;2732.85;1876.91;-855.94;0.00
0.23;11.54;44.06;3524.75;1973.31;-1551.44;0.00
0.27;9.59;38.62;3089.52;2111.56;-977.96;0.00
0.25;11.69;38.89;3111.55;2061.84;-1049.71;0.00
0.24;10.02;39.96;3196.56;1929.81;-1266.75;0.00
0.24;10.41;34.51;2760.63;1974.93;-785.70;0.00
0.26;10.92;42.35;3388.26;2129.70;-1258.56;0.00
0.24;11.66;34.63;2770.59;2046.83;-723.77;0.00
0.28;10.08;44.63;3570.11;2169.80;-1400.32;0.00
0.27;10.92;32.69;2615.11;2160.30;-454.80;0.00
0.24;7.98;38.97;3117.68;1831.20;-1286.49;0.00
0.21;11.12;40.78;3262.09;1845.26;-1416.83;0.00
0.23;9.57;39.62;3169.84;1862.73;-1307.11;0.00
0.26;9.20;34.47;2757.71;2029.00;-728.71;0.00
0.26;11.23;41.51;3321.06;2101.26;-1219.80;0.00
0.25;10.02;37.22;2977.79;2014.58;-963.21;0.00
0.21;10.28;42.14;3371.11;1776.45;-1594.66;0.00
0.27;8.23;51.93;4154.53;2015.67;-2138.86;0.00
0.27;9.85;39.78;3182.08;2098.82;-1083.26;0.00
0.24;11.84;38.01;3040.58;2029.83;-1010.74;0.00
0.27;10.24;41.29;3303.11;2121.42;-1181.69;0.00
0.23;10.47;47.12;3769.54;1900.89;-1868.65;0.00
0.28;10.95;39.95;3196.23;2202.41;-993.82;0.00
0.29;10.87;36.85;2948.01;2302.81;-645.20;0.00
0.21;9.38;41.61;3328.78;1744.90;-1583.88;0.00
0.26;9.99;39.14;3130.83;2043.91;-1086.92;0.00
0.23;9.68;32.17;2573.40;1872.13;-701.27;0.00
0.26;8.06;43.80;3504.33;1967.00;-1537.34;0.00
0.25;10.47;38.99;3119.40;2051.28;-1068.13;0.00
0.23;11.44;36.48;2918.03;1986.78;-931.26;0.00
0.28;10.68;40.73;3258.37;2195.29;-1063.08;0.00
0.27;10.87;43.58;3486.50;2137.42;-1349.09;0.00
0.22;9.64;41.88;3350.58;1799.43;-1551.15;0.00
0.30;9.91;36.96;2956.81;2270.28;-686.54;0.00
0.26;10.89;39.00;3119.71;2126.55;-993.16;0.00
0.22;9.98;38.60;3088.05;1848.94;-1239.11;0.00
0.24;10.85;32.18;2574.40;1966.39;-608.01;0.00
0.23;10.55;32.41;2592.63;1909.03;-683.59;0.00
0.26;10.73;37.51;3000.49;2113.88;-886.61;0.00
0.25;11.79;34.13;2730.44;2121.98;-608.46;0.00
0.22;10.12;46.96;3757.01;1819.95;-1937.06;0.00
0.26;11.81;40.92;3273.45;2125.84;-1147.62;0.00
0.27;9.49;41.78;3342.52;2078.27;-1264.25;0.00
0.23;8.82;35.23;2818.47;1818.88;-999.59;0.00
0.30;9.64;33.13;2650.61;2259.88;-390.73;0.00
0.25;10.42;42.95;3435.87;2003.19;-1432.68;0.00
0.21;11.51;44.59;3567.58;1831.65;-1735.93;0.00
0.27;10.22;34.26;2741.14;2109.60;-631.54;0.00
0.24;10.90;42.78;3422.30;1965.97;-1456.33;0.00
0.22;9.69;39.49;3159.54;1823.29;-1336.25;0.00
0.28;8.38;42.59;3406.98;2103.66;-1303.32;0.00
0.29;10.53;38.44;3075.44;2276.95;-798.50;0.00
0.21;9.98;47.35;3788.07;1758.28;-2029.80;0.00
0.24;9.10;33.62;2689.71;1910.32;-779.39;0.00
0.26;11.81;42.69;3415.11;2160.90;-1254.21;0.00
0.22;8.03;33.41;2672.86;1737.94;-934.92;0.00
0.23;9.39;43.00;3440.23;1847.46;-1592.77;0.00
0.25;10.63;43.15;3451.64;2027.11;-1424.52;0.00
0.22;11.00;34.65;2772.19;1900.96;-871.23;0.00
0.28;10.98;38.60;3087.84;2253.83;-834.00;0.00
0.24;7.92;44.39;3551.47;1852.68;-1698.79;0.00
0.26;10.89;44.45;3556.36;2118.20;-1438.16;0.00
0.22;11.46;37.60;3008.22;1910.72;-1097.50;0.00
0.23;10.96;42.96;3437.16;1911.52;-1525.64;0.00
0.23;8.95;45.03;3602.77;1846.95;-1755.82;0.00
0.24;8.60;41.72;3337.75;1851.73;-1486.02;0.00
0.27;11.57;29.76;2380.56;2197.44;-183.12;0.00
0.26;11.90;39.10;3128.16;2150.32;-977.83;0.00
0.27;11.97;37.37;2989.49;2210.41;-779.08;0.00
0.32;9.91;38.85;3108.06;2394.20;-713.86;0.00
0.23;10.27;39.30;3143.77;1899.87;-1243.90;0.00
0.23;9.45;38.65;3092.01;1837.86;-1254.15;0.00
0.27;10.62;39.70;3176.08;2164.48;-1011.60;0.00
0.21;11.50;41.01;3280.93;1858.73;-1422.20;0.00
0.23;9.43;37.06;2964.53;1842.15;-1122.38;0.00
0.24;8.34;45.21;3617.19;1846.23;-1770.97;0.00
0.24;10.81;41.12;3289.34;2010.18;-1279.16;0.00
0.25;10.34;42.06;3364.50;2014.97;-1349.53;0.00
0.25;8.57;39.94;3195.31;1926.73;-1268.58;0.00
0.27;11.47;44.99;3598.84;2209.98;-1388.86;0.00
0.31;11.21;38.14;3051.53;2431.23;-620.30;0.00
0.26;10.37;50.75;4059.91;2057.36;-2002.56;0.00
0.29;8.58;40.21;3216.56;2133.49;-1083.07;0.00
0.30;9.94;36.38;2910.00;2311.67;-598.33;0.00
0.27;11.81;39.25;3139.79;2192.50;-947.28;0.00
0.27;11.79;37.76;3020.96;2226.82;-794.14;0.00
0.24;11.45;39.85;3188.40;2014.86;-1173.53;0.00
0.25;11.82;32.92;2633.28;2120.37;-512.91;0.00
0.24;9.72;38.81;3104.57;1934.26;-1170.32;0.00
0.28;9.54;49.55;3963.71;2176.82;-1786.89;0.00
0.24;12.14;35.83;2866.68;2032.76;-833.92;0.00
0.25;11.93;47.91;3832.42;2093.39;-1739.04;0.00
0.23;9.99;43.57;3485.31;1862.85;-1622.46;0.00
0.27;10.09;46.86;3748.95;2146.05;-1602.90;0.00
0.26;10.36;48.01;3841.15;2074.48;-1766.67;0.00
0.24;10.57;42.81;3424.65;1973.11;-1451.54;0.00
0.25;10.04;41.38;3310.66;1993.18;-1317.48;0.00
0.29;10.36;35.82;2865.42;2222.16;-643.26;0.00
0.22;10.82;39.90;3192.07;1850.72;-1341.35;0.00
0.22;10.82;42.84;3426.86;1894.69;-1532.17;0.00
0.24;9.36;31.65;2531.88;1920.85;-611.04;0.00
0.26;10.38;36.44;2915.30;2081.72;-833.58;0.00
0.27;9.16;31.20;2496.07;2083.59;-412.48;0.00
0.26;12.02;46.44;3715.33;2172.66;-1542.67;0.00
0.25;10.02;48.69;3895.27;2005.43;-1889.84;0.00
0.21;8.43;40.07;3205.48;1708.61;-1496.87;0.00
0.27;10.39;45.71;3656.45;2119.95;-1536.49;0.00
0.26;7.90;48.48;3878.28;1919.77;-1958.51;0.00
0.23;10.08;43.62;3489.84;1862.12;-1627.72;0.00
0.24;9.60;39.48;3158.63;1910.26;-1248.37;0.00
0.21;9.39;44.61;3568.68;1742.27;-1826.41;0.00
0.22;10.66;43.17;3453.72;1885.43;-1568.29;0.00
0.23;10.11;38.50;3079.91;1885.39;-1194.51;0.00
0.30;9.63;37.70;3016.11;2272.93;-743.18;0.00
0.25;9.49;35.29;2823.27;1955.12;-868.15;0.00
0.31;9.67;45.22;3617.91;2335.14;-1282.77;0.00
0.23;9.69;38.83;3106.74;1839.57;-1267.18;0.00
0.24;10.84;42.99;3439.51;1991.03;-1448.49;0.00
0.22;9.88;42.23;3378.50;1830.30;-1548.20;0.00
0.26;10.36;38.88;3110.41;2063.13;-1047.28;0.00
0.20;8.01;40.02;3201.79;1609.16;-1592.62;0.00
0.26;10.16;39.07;3125.68;2090.59;-1035.08;0.00
0.29;10.38;43.34;3467.30;2255.10;-1212.20;0.00
0.27;10.72;38.93;3114.42;2128.07;-986.36;0.00
0.21;9.83;35.95;2876.32;1774.53;-1101.78;0.00
0.28;9.11;44.40;3551.89;2136.03;-1415.87;0.00
0.26;11.07;40.60;3247.95;2109.49;-1138.47;0.00
0.25;10.25;49.53;3962.18;1985.43;-1976.75;0.00
0.22;8.10;39.17;3133.93;1711.61;-1422.32;0.00
0.28;10.63;41.33;3306.35;2226.57;-1079.77;0.00
0.31;10.38;43.45;3475.90;2374.48;-1101.42;0.00
0.25;9.38;43.56;3484.64;1984.38;-1500.26;0.00
0.29;12.26;24.06;1924.63;2341.48;416.85;1.00
0.26;8.84;43.36;3468.50;1973.39;-1495.11;0.00
0.24;12.78;40.40;3232.25;2094.82;-1137.43;0.00
0.25;9.71;41.14;3291.13;1984.12;-1307.02;0.00
0.26;10.41;33.33;2666.08;2075.73;-590.35;0.00
0.22;10.25;47.77;3821.35;1861.92;-1959.44;0.00
0.29;12.63;36.70;2936.17;2360.08;-576.09;0.00
0.23;9.24;44.83;3586.22;1843.91;-1742.31;0.00
0.23;12.04;52.14;4170.91;2015.89;-2155.02;0.00
0.21;10.71;46.07;3685.85;1817.36;-1868.49;0.00
0.25;11.67;36.74;2939.58;2088.59;-850.99;0.00
