# X_0;X_1;X_2;R_0;R_1;S_0;S_1;G_0;G_1;I_0;I_1
593;914;2;2;3;2;2;0;0;0;0
588;1203;3;3;3;2;2;0;0;0;0
419;1025;2;2;3;2;2;0;-1;0;0
495;1120;2;2;3;2;2;0;0;0;0
559;982;3;3;3;2;2;0;-1;0;0
696;944;2;2;3;3;3;0;0;1;1
384;1040;3;3;3;1;2;-1;-1;0;0
423;959;2;2;3;2;2;0;-1;0;0
431;1076;2;2;3;2;2;0;0;0;0
506;976;3;3;3;2;2;-1;-1;0;0
622;1043;2;2;3;2;2;0;0;0;0
419;1006;2;2;3;2;2;0;0;0;0
416;734;3;3;3;1;1;-1;-1;0;0
450;1090;2;2;2;2;2;0;0;0;0
459;961;3;3;3;2;2;-1;-1;0;0
645;1054;3;3;4;2;3;0;-1;0;0
575;878;2;2;3;2;2;0;0;0;0
413;924;2;2;3;1;2;0;-1;0;0
572;989;2;2;2;2;2;0;0;0;0
532;1039;2;2;3;2;2;0;0;0;0
529;1063;3;3;3;2;2;0;-1;0;0
443;1199;3;3;3;2;2;-1;-1;0;0
612;1072;2;2;3;2;2;0;0;0;0
524;1095;3;3;3;2;2;0;0;0;0
583;926;2;2;3;2;2;0;0;0;0
378;1067;2;2;2;1;2;0;0;0;0
201;945;2;2;3;1;1;-1;-1;0;0
551;1080;3;3;3;2;2;0;0;0;0
509;855;2;2;2;2;2;0;0;0;0
637;954;3;3;3;2;2;0;0;0;0
526;1017;2;2;3;2;2;0;0;0;0
375;1041;3;3;3;1;1;-1;-1;0;0
370;1113;3;3;3;1;2;-1;-1;0;0
451;1037;3;3;3;2;2;-1;-1;0;0
470;1107;3;3;3;2;2;-1;-1;0;0
432;971;3;3;3;2;2;-1;-1;0;0
567;1050;3;3;3;2;2;0;0;0;0
334;940;2;2;3;1;1;-1;-1;0;0
363;943;3;3;3;1;1;-1;-1;0;0
564;1120;2;2;2;2;2;0;0;1;0
457;958;2;2;3;2;2;0;0;0;0
515;959;2;2;3;2;2;0;0;0;0
551;790;2;2;3;2;2;0;0;0;0
482;925;2;2;3;2;2;0;0;0;0
613;918;2;2;3;2;2;0;0;0;0
450;980;3;3;3;2;2;-1;-1;0;0
432;971;2;2;3;2;2;0;-1;0;0
571;1025;2;2;3;2;2;0;0;0;0
569;1041;2;2;3;2;2;0;0;0;0
522;1042;2;2;3;2;2;0;0;0;0
518;926;2;2;2;2;2;0;0;0;0
728;1063;3;3;3;3;3;0;0;1;1
436;1011;2;2;2;2;2;0;0;0;0
522;963;3;3;3;2;2;0;0;0;0
394;1204;2;2;2;2;2;0;0;0;0
462;768;2;2;3;2;2;0;-1;0;0
527;1011;2;2;2;2;2;0;0;0;0
518;892;3;3;3;2;2;0;-1;0;0
537;918;2;2;3;2;2;0;0;0;0
533;1062;2;2;2;2;2;0;0;1;0
520;1017;2;2;3;2;2;0;0;0;0
565;908;2;2;2;2;2;0;0;0;0
438;995;3;3;3;2;2;0;-1;0;0
649;842;2;2;3;2;2;0;0;0;0
432;910;3;3;3;2;2;0;-1;0;0
402;847;2;2;3;1;1;0;-1;0;0
359;955;2;2;2;1;1;0;0;0;0
362;941;2;2;3;1;1;0;-1;0;0
595;1057;3;3;3;2;2;0;0;0;0
404;701;3;3;3;1;1;-1;-1;0;0
595;915;2;2;3;2;2;0;0;0;0
542;1003;3;3;3;2;2;0;0;0;0
562;1249;3;3;3;2;2;0;0;0;0
469;922;3;3;3;2;2;0;-1;0;0
377;949;2;2;3;1;1;0;-1;0;0
632;1003;2;2;3;2;2;0;0;0;0
563;1006;2;2;2;2;2;0;0;0;0
624;1100;2;2;3;2;2;0;0;1;0
368;858;2;2;2;1;1;0;0;0;0
486;1020;2;2;3;2;2;0;0;0;0
396;1089;3;3;3;2;2;-1;-1;0;0
600;976;2;2;3;2;2;0;0;0;0
630;890;2;2;3;2;2;0;0;0;0
485;1022;2;2;3;2;2;0;0;0;0
537;820;3;3;3;2;2;-1;-1;0;0
463;1049;2;2;3;2;2;0;0;0;0
574;1028;2;2;3;2;2;0;0;0;0
620;1212;2;2;3;2;3;0;0;0;0
590;905;3;3;3;2;2;0;0;0;0
599;1062;2;2;3;2;2;0;0;0;0
344;898;3;3;3;1;1;-1;-1;0;0
468;913;3;3;3;2;2;0;-1;0;0
492;898;2;2;2;2;2;0;0;0;0
537;836;2;2;3;2;2;0;0;0;0
697;1045;2;2;3;3;3;0;0;1;1
407;1070;3;3;3;2;2;-1;-1;0;0
556;1000;3;3;3;2;2;0;-1;0;0
293;1068;2;2;2;1;1;-1;-1;0;0
497;1034;3;3;3;2;2;0;-1;0;0
728;870;3;3;3;3;3;0;0;0;0
535;979;2;2;2;2;2;0;0;0;0
557;923;3;3;3;2;2;0;0;0;0
588;1029;2;2;3;2;2;0;0;0;0
559;971;3;3;3;2;2;0;0;0;0
330;799;2;2;2;1;1;-1;-1;0;0
455;1025;2;2;2;2;2;0;0;0;0
383;1031;2;2;2;1;2;0;0;0;0
631;1111;2;2;3;2;3;0;0;0;0
458;914;3;3;3;2;2;-1;-1;0;0
535;1188;2;2;3;2;2;0;0;0;0
487;786;2;2;2;2;2;0;0;0;0
396;967;3;3;3;1;2;-1;-1;0;0
539;837;2;2;2;2;2;0;0;0;0
502;1141;3;3;3;2;2;0;0;0;0
570;908;2;2;3;2;2;0;0;0;0
494;990;2;2;3;2;2;0;0;0;0
559;901;2;2;3;2;2;0;0;0;0
490;1088;3;3;3;2;2;0;0;0;0
596;1077;2;2;2;2;2;0;0;1;1
554;887;3;3;3;2;2;0;0;0;0
728;684;3;3;3;3;3;0;0;1;0
534;996;2;2;3;2;2;0;0;0;0
675;958;2;2;2;2;3;0;0;1;1
327;860;2;2;2;1;1;0;-1;0;0
475;1045;3;3;3;2;2;0;0;0;0
535;1106;2;2;3;2;2;0;0;0;0
410;1057;2;2;2;2;2;0;0;0;0
507;1004;2;2;2;2;2;0;0;0;0
541;920;2;2;3;2;2;0;0;0;0
470;1055;2;2;3;2;2;0;0;0;0
596;805;3;3;3;2;2;0;0;0;0
434;1185;3;3;3;2;2;-1;-1;0;0
492;1138;2;2;2;2;2;0;0;0;0
387;976;3;3;3;1;2;-1;-1;0;0
472;856;2;2;3;2;2;0;0;0;0
675;1101;2;2;2;3;3;0;0;1;1
684;1040;2;2;2;3;3;0;0;1;1
540;1100;3;3;3;2;2;0;0;0;0
398;1109;3;3;3;2;2;-1;-1;0;0
540;881;2;2;2;2;2;0;0;0;0
398;941;3;3;3;1;2;-1;-1;0;0
677;946;2;2;3;2;3;0;0;1;0
414;1043;3;3;3;2;2;-1;-1;0;0
595;1094;2;2;2;2;2;0;0;1;0
733;975;2;2;2;3;3;0;0;1;1
447;1044;2;2;3;2;2;0;0;0;0
590;1135;2;2;3;2;2;0;0;0;0
478;904;2;2;2;2;2;0;0;0;0
562;927;3;3;3;2;2;0;0;0;0
439;933;2;2;3;2;2;0;0;0;0
485;1148;2;2;2;2;2;0;0;0;0
447;855;3;3;3;2;2;-1;-1;0;0
476;955;2;2;3;2;2;0;0;0;0
512;1070;2;2;3;2;2;0;0;0;0
752;936;3;3;3;3;3;0;0;0;0
389;869;2;2;2;1;1;0;0;0;0
698;952;3;3;3;3;3;0;0;0;0
396;1052;2;2;3;1;2;0;0;0;0
618;909;3;3;3;2;2;0;0;0;0
389;979;2;2;3;1;2;0;-1;0;0
554;1004;3;3;3;2;2;0;0;0;0
468;1015;3;3;3;2;2;-1;-1;0;0
492;1120;2;2;2;2;2;0;0;0;0
544;1012;2;2;3;2;2;0;0;0;0
327;1017;3;3;3;1;1;-1;-1;0;0
562;977;3;3;3;2;2;0;0;0;0
493;1011;3;3;3;2;2;0;0;0;0
396;771;2;2;3;1;1;0;-1;0;0
469;1137;2;2;2;2;2;0;0;0;0
521;926;2;2;2;2;2;0;0;0;0
435;1162;3;3;3;2;2;-1;-1;0;0
416;954;2;2;3;2;2;0;0;0;0
486;1062;2;2;2;2;2;0;0;0;0
634;925;3;3;3;2;2;0;0;0;0
551;1069;3;3;3;2;2;0;0;0;0
424;763;3;3;3;1;2;-1;-1;0;0
458;1049;2;2;3;2;2;0;0;0;0
487;1040;3;3;3;2;2;-1;-1;0;0
444;941;2;2;2;2;2;0;0;0;0
474;1029;2;2;2;2;2;0;0;0;0
500;1085;3;3;3;2;2;0;0;0;0
458;896;3;3;3;2;2;0;-1;0;0
415;976;2;2;3;2;2;0;-1;0;0
427;1046;2;2;2;2;2;0;0;0;0
270;1045;3;3;3;1;1;-1;-1;0;0
694;887;3;3;3;3;3;0;0;0;0
432;1053;2;2;3;2;2;0;0;0;0
572;942;4;4;4;2;2;-1;-1;0;0
621;1033;2;2;3;2;2;0;0;0;0
689;1054;2;2;3;3;3;0;0;1;1
462;971;3;3;3;2;2;0;-1;0;0
495;1055;3;3;3;2;2;-1;-1;0;0
407;971;2;2;3;1;2;0;-1;0;0
539;1035;2;2;3;2;2;0;0;0;0
510;911;3;3;3;2;2;-1;-1;0;0
636;1161;3;3;3;2;3;0;0;0;0
368;919;2;2;2;1;1;0;-1;0;0
561;1043;2;2;2;2;2;0;0;0;0
584;784;2;2;2;2;2;0;0;1;0
577;1076;3;3;3;2;2;0;0;0;0
412;946;3;3;3;1;2;-1;-1;0;0
372;1012;3;3;3;1;1;-1;-1;0;0
484;1165;3;3;3;2;2;0;0;0;0
305;983;3;3;3;1;1;-1;-1;0;0
492;1153;2;2;3;2;2;0;0;0;0
520;997;2;2;3;2;2;0;0;0;0
772;1113;2;2;3;3;3;0;0;1;1
513;815;3;3;3;2;2;-1;-1;0;0
518;979;3;3;4;2;2;-1;-1;0;0
356;1065;2;2;3;1;1;0;-1;0;0
274;1043;2;2;2;1;1;-1;-1;0;0
375;968;3;3;3;1;1;-1;-1;0;0
476;879;2;2;2;2;2;0;0;0;0
369;1058;3;3;3;1;1;-1;-1;0;0
456;1023;2;2;2;2;2;0;0;0;0
488;1130;3;3;3;2;2;0;-1;0;0
621;892;3;3;3;2;2;0;0;0;0
368;858;2;2;2;1;1;0;-1;0;0
636;860;3;3;3;2;2;0;0;0;0
412;1127;2;2;2;2;2;0;0;0;0
385;942;2;2;3;1;1;0;-1;0;0
444;972;3;3;3;2;2;-1;-1;0;0
529;1022;2;2;3;2;2;0;0;0;0
326;904;2;2;3;1;1;-1;-1;0;0
571;852;2;2;2;2;2;0;0;1;1
392;1015;3;3;3;1;2;-1;-1;0;0
579;755;2;2;2;2;2;0;0;1;0
526;1112;2;2;3;2;2;0;0;0;0
510;991;3;3;3;2;2;0;-1;0;0
614;973;2;2;2;2;2;0;0;1;0
417;868;2;2;3;1;2;0;-1;0;0
572;945;3;3;3;2;2;0;0;0;0
470;963;3;3;3;2;2;0;-1;0;0
759;864;3;3;3;3;3;0;0;1;1
302;986;2;2;3;1;1;-1;-1;0;0
637;862;3;3;3;2;2;0;0;0;0
492;1152;2;2;3;2;2;0;0;0;0
536;936;3;3;3;2;2;0;0;0;0
605;856;2;2;2;2;2;0;0;0;0
448;998;2;2;3;2;2;0;0;0;0
604;1113;3;3;3;2;2;0;0;0;0
428;797;2;2;3;1;2;0;0;0;0
487;801;2;2;3;2;2;0;0;0;0
401;1090;3;3;3;2;2;-1;-1;0;0
406;1144;2;2;2;2;2;0;0;0;0
617;1087;3;3;3;2;2;0;0;0;0
391;1233;3;3;3;2;2;-1;-1;0;0
517;1219;3;3;3;2;2;0;-1;0;0
408;844;2;2;3;1;2;0;-1;0;0
603;875;2;2;3;2;2;0;0;0;0
482;984;2;2;3;2;2;0;0;0;0
459;1133;2;2;2;2;2;0;0;0;0
590;815;2;2;2;2;2;0;0;1;1
303;845;3;3;3;1;1;-1;-1;0;0
623;874;2;2;3;2;2;0;0;0;0
579;1173;3;3;3;2;2;0;0;0;0
365;1026;2;2;3;1;1;0;-1;0;0
528;975;2;2;3;2;2;0;0;0;0
641;1095;2;2;3;2;3;0;0;0;0
434;894;3;3;3;2;2;-1;-1;0;0
571;1023;3;3;3;2;2;0;0;0;0
610;1146;2;2;3;2;2;0;0;0;0
596;1000;2;2;3;2;2;0;0;0;0
394;1073;2;2;2;1;2;0;0;0;0
429;915;2;2;2;2;2;0;0;0;0
333;1027;3;3;3;1;1;-1;-2;0;0
374;977;3;3;3;1;1;-1;-1;0;0
497;1213;2;2;2;2;2;0;0;0;0
586;982;2;2;3;2;2;0;0;0;0
556;1140;3;3;3;2;2;0;0;0;0
489;1008;3;3;3;2;2;0;0;0;0
643;1073;3;3;3;2;3;0;0;0;0
550;735;2;2;3;2;2;0;0;0;0
430;1024;3;3;3;2;2;-1;-1;0;0
517;1056;2;2;2;2;2;0;0;0;0
359;1014;2;2;2;1;1;0;-1;0;0
334;999;3;3;3;1;1;-1;-1;0;0
537;818;2;2;2;2;2;0;0;0;0
325;866;3;3;3;1;1;-1;-1;0;0
459;1040;3;3;3;2;2;0;-1;0;0
510;885;2;2;3;2;2;0;0;0;0
349;1143;2;2;3;1;1;0;-1;0;0
532;864;2;2;3;2;2;0;0;0;0
464;1173;3;3;3;2;2;0;-1;0;0
425;1041;3;3;3;2;2;-1;-1;0;0
541;1055;2;2;3;2;2;0;0;0;0
662;1180;2;2;3;3;3;0;0;1;1
579;862;3;3;3;2;2;0;0;0;0
523;1117;2;2;3;2;2;0;0;0;0
430;986;3;3;3;2;2;-1;-1;0;0
423;970;2;2;2;2;2;0;0;0;0
453;1006;3;3;3;2;2;-1;-1;0;0
444;915;2;2;3;2;2;0;-1;0;0
487;917;3;3;3;2;2;0;-1;0;0
422;979;2;2;2;2;2;0;0;0;0
370;1048;2;2;2;1;1;0;0;0;0
313;1234;2;2;3;1;1;-1;-1;0;0
478;919;3;3;3;2;2;-1;-1;0;0
588;848;3;3;3;2;2;0;0;0;0
621;948;2;2;3;2;2;0;0;1;0
465;811;3;3;3;2;2;0;-1;0;0
412;807;3;3;3;1;2;-1;-1;0;0
561;998;3;3;3;2;2;0;0;0;0
428;1163;2;2;3;2;2;0;0;0;0
458;969;2;2;3;2;2;0;0;0;0
114;948;2;2;3;1;1;-1;-2;0;0
539;1039;2;2;3;2;2;0;0;0;0
309;881;3;3;3;1;1;-1;-1;0;0
587;1133;2;2;3;2;2;0;0;0;0
641;1213;3;3;3;2;3;0;0;0;0
561;991;3;3;3;2;2;-1;-1;0;0
495;967;3;3;3;2;2;0;-1;0;0
574;976;2;2;3;2;2;0;0;0;0
371;1070;2;2;3;1;2;0;-1;0;0
551;889;3;3;3;2;2;-1;-1;0;0
731;974;3;3;4;3;3;0;0;0;0
537;927;2;2;2;2;2;0;0;0;0
535;1146;2;2;2;2;2;0;0;0;0
495;1010;2;2;2;2;2;0;0;0;0
610;1037;2;2;3;2;2;0;0;0;0
722;979;3;3;3;3;3;0;0;0;0
392;921;2;2;3;1;1;0;-1;0;0
522;986;3;3;3;2;2;0;0;0;0
539;1153;3;3;3;2;2;0;0;0;0
522;969;2;2;3;2;2;0;0;0;0
703;1064;3;3;3;3;3;0;0;0;0
313;992;3;3;3;1;1;-1;-1;0;0
434;1248;2;2;3;2;2;0;0;0;0
482;1011;2;2;2;2;2;0;0;0;0
658;942;3;3;3;2;3;0;0;0;0
411;1191;3;3;3;2;2;-1;-1;0;0
496;777;3;3;3;2;2;0;0;0;0
454;940;2;2;3;2;2;0;0;0;0
440;850;2;2;2;2;2;0;0;0;0
551;1051;3;3;3;2;2;0;0;0;0
423;1058;3;3;3;2;2;-1;-1;0;0
369;918;2;2;3;1;1;-1;-1;0;0
543;991;2;2;3;2;2;0;0;0;0
501;988;3;3;3;2;2;-1;-1;0;0
697;1038;2;2;3;3;3;0;0;1;1
566;934;2;2;3;2;2;0;0;0;0
554;1071;3;3;3;2;2;0;0;0;0
638;1004;2;2;3;2;2;0;0;1;0
514;1010;2;2;3;2;2;0;0;0;0
512;908;2;2;2;2;2;0;0;0;0
492;810;3;3;3;2;2;-1;-1;0;0
351;918;2;2;3;1;1;-1;-1;0;0
669;1091;2;2;2;3;3;0;0;1;1
372;1041;3;3;3;1;1;-1;-1;0;0
613;904;3;3;3;2;2;0;0;0;0
594;989;3;3;3;2;2;0;-1;0;0
408;1036;3;3;3;2;2;-1;-1;0;0
362;1190;3;3;3;1;2;-1;-1;0;0
665;1088;2;2;3;2;3;0;0;1;0
433;838;2;2;3;2;2;0;-1;0;0
392;1130;2;2;2;2;2;0;0;0;0
349;940;2;2;3;1;1;-1;-1;0;0
491;1029;3;3;3;2;2;-1;-1;0;0
535;1043;3;3;3;2;2;0;0;0;0
439;909;3;3;3;2;2;-1;-1;0;0
287;1140;2;2;3;1;1;-1;-1;0;0
520;1040;2;2;2;2;2;0;0;0;0
578;1116;3;3;3;2;2;0;0;0;0
523;992;2;2;2;2;2;0;0;0;0
496;1039;3;3;3;2;2;0;0;0;0
560;1136;3;3;3;2;2;0;0;0;0
252;971;2;2;3;1;1;-1;-1;0;0
574;1136;2;2;3;2;2;0;0;0;0
330;1102;2;2;2;1;1;0;0;0;0
432;1017;3;3;3;2;2;-1;-1;0;0
519;991;2;2;3;2;2;0;0;0;0
333;763;2;2;2;1;1;-1;-1;0;0
461;936;2;2;2;2;2;0;0;0;0
422;1030;2;2;3;2;2;0;0;0;0
625;964;3;3;3;2;2;0;0;0;0
415;904;2;2;2;1;2;0;0;0;0
442;923;3;3;3;2;2;0;-1;0;0
444;849;2;2;3;2;2;0;0;0;0
385;930;3;3;3;1;1;-1;-1;0;0
445;889;2;2;3;2;2;0;0;0;0
468;1057;3;3;3;2;2;0;-1;0;0
346;1264;2;2;3;1;2;0;-1;0;0
333;829;3;3;4;1;1;-2;-2;0;0
416;1103;2;2;3;2;2;0;-1;0;0
329;1119;2;2;3;1;1;-1;-1;0;0
480;1130;3;3;3;2;2;-1;-1;0;0
358;1070;2;2;3;1;1;-1;-1;0;0
479;1065;3;3;3;2;2;-1;-1;0;0
691;1112;3;3;3;3;3;0;0;1;0
330;945;3;3;3;1;1;-1;-1;0;0
602;1003;3;3;3;2;2;0;-1;0;0
451;1213;2;2;3;2;2;0;0;0;0
654;896;2;2;3;2;3;0;0;0;0
333;1027;3;3;3;1;1;-1;-1;0;0
451;956;3;3;3;2;2;0;-1;0;0
315;958;2;2;3;1;1;-1;-1;0;0
521;966;2;2;2;2;2;0;0;0;0
420;967;2;2;3;2;2;0;0;0;0
478;931;3;3;3;2;2;-1;-1;0;0
565;841;3;3;3;2;2;0;0;0;0
564;984;3;3;3;2;2;0;0;0;0
318;1133;3;3;3;1;1;-1;-1;0;0
283;855;2;2;3;1;1;-1;-1;0;0
504;868;3;3;3;2;2;0;0;0;0
389;961;3;3;3;1;2;-1;-1;0;0
487;988;3;3;3;2;2;-1;-1;0;0
343;1045;2;2;2;1;1;0;0;0;0
689;1079;2;2;3;3;3;0;0;1;1
446;877;3;3;3;2;2;-1;-1;0;0
572;947;3;3;3;2;2;0;0;0;0
669;1065;2;2;3;3;3;0;0;1;0
296;1121;2;2;3;1;1;-1;-1;0;0
537;1023;3;3;3;2;2;0;0;0;0
768;822;2;2;2;3;3;0;0;1;1
515;935;3;3;3;2;2;0;0;0;0
360;1024;2;2;2;1;1;0;-1;0;0
484;996;2;2;3;2;2;0;0;0;0
537;938;2;2;3;2;2;0;0;0;0
511;1001;3;3;3;2;2;0;0;0;0
478;1142;3;3;3;2;2;-1;-1;0;0
553;981;2;2;3;2;2;0;0;0;0
509;882;2;2;3;2;2;0;0;0;0
511;960;3;3;3;2;2;0;0;0;0
540;915;3;3;3;2;2;0;0;0;0
457;960;2;2;2;2;2;0;0;0;0
524;1032;2;2;3;2;2;0;0;0;0
475;1236;3;3;3;2;2;0;0;0;0
598;1083;2;2;3;2;2;0;0;0;0
371;900;2;2;2;1;1;0;0;0;0
455;839;2;2;2;2;2;0;0;0;0
606;996;3;3;3;2;2;0;0;0;0
467;976;3;3;3;2;2;0;-1;0;0
667;763;2;2;2;2;3;0;0;1;1
479;1070;2;2;3;2;2;0;0;0;0
682;1044;2;2;3;3;3;0;0;1;0
381;1097;2;2;3;1;2;0;-1;0;0
407;989;3;3;3;1;2;-1;-1;0;0
579;995;2;2;3;2;2;0;0;0;0
394;1017;2;2;2;1;2;0;0;0;0
652;1027;2;2;3;2;3;0;0;1;0
584;1082;3;3;3;2;2;0;0;0;0
502;907;2;2;3;2;2;0;0;0;0
582;1094;3;3;3;2;2;0;0;0;0
477;986;3;3;3;2;2;0;-1;0;0
546;1075;2;2;2;2;2;0;0;1;1
584;940;3;3;3;2;2;0;0;0;0
533;977;3;3;3;2;2;0;0;0;0
459;1106;2;2;3;2;2;0;0;0;0
473;1095;3;3;3;2;2;-1;-1;0;0
520;957;3;3;3;2;2;0;0;0;0
607;989;3;3;3;2;2;0;0;0;0
448;784;2;2;3;2;2;0;0;0;0
585;1100;3;3;3;2;2;0;0;0;0
553;941;3;3;3;2;2;0;0;0;0
540;953;3;3;3;2;2;0;0;0;0
443;1020;3;3;3;2;2;-1;-1;0;0
627;917;2;2;3;2;2;0;0;0;0
722;920;3;3;3;3;3;0;0;0;0
414;1044;2;2;3;2;2;0;0;0;0
396;941;2;2;3;1;2;-1;-1;0;0
534;929;3;3;3;2;2;0;0;0;0
565;1049;3;3;4;2;2;-1;-1;0;0
353;875;3;3;3;1;1;-1;-1;0;0
472;1136;2;2;3;2;2;0;0;0;0
395;887;2;2;3;1;1;0;-1;0;0
492;935;2;2;2;2;2;0;0;0;0
518;907;3;3;3;2;2;0;0;0;0
485;1028;3;3;3;2;2;0;0;0;0
532;1112;2;2;3;2;2;0;0;0;0
482;1082;3;3;3;2;2;0;-1;0;0
270;1104;2;2;3;1;1;-1;-1;0;0
380;947;2;2;2;1;1;0;0;0;0
698;1051;2;2;3;3;3;0;0;1;0
286;1084;3;3;3;1;1;-1;-1;0;0
499;1036;2;2;2;2;2;0;0;0;0
454;997;3;3;3;2;2;-1;-1;0;0
421;962;3;3;3;2;2;-1;-1;0;0
482;836;3;3;3;2;2;-1;-1;0;0
509;1152;2;2;3;2;2;0;0;0;0
591;1146;3;3;3;2;2;0;0;0;0
441;879;2;2;3;2;2;0;-1;0;0
512;973;2;2;3;2;2;0;0;0;0
293;991;3;3;3;1;1;-1;-1;0;0
406;1058;3;3;3;2;2;-1;-1;0;0
556;993;3;3;3;2;2;0;0;0;0
436;1041;2;2;2;2;2;0;0;0;0
515;902;2;2;2;2;2;0;0;0;0
453;933;2;2;3;2;2;0;0;0;0
584;1144;2;2;3;2;2;0;0;0;0
426;1167;3;3;3;2;2;-1;-1;0;0
432;949;2;2;3;2;2;0;0;0;0
606;958;3;3;3;2;2;0;0;0;0
554;1054;3;3;3;2;2;0;-1;0;0
489;897;2;2;3;2;2;0;0;0;0
524;719;3;3;3;2;2;-1;-1;0;0
512;740;3;3;3;2;2;0;0;0;0
342;1108;2;2;2;1;1;0;0;0;0
540;985;2;2;3;2;2;0;0;0;0
315;906;2;2;3;1;1;-1;-1;0;0
514;1040;2;2;3;2;2;0;0;0;0
497;950;2;2;3;2;2;0;0;0;0
423;1063;3;3;3;2;2;-1;-1;0;0
594;928;3;3;3;2;2;0;0;0;0
508;1010;2;2;3;2;2;0;0;0;0
411;919;3;3;3;1;2;-1;-1;0;0
473;948;3;3;3;2;2;-1;-1;0;0
582;940;2;2;2;2;2;0;0;1;0
373;1003;3;3;3;1;1;-1;-1;0;0
530;891;3;3;3;2;2;0;-1;0;0
465;991;2;2;3;2;2;0;0;0;0
642;863;3;3;3;2;2;0;0;0;0
341;1026;2;2;2;1;1;0;-1;0;0
371;922;2;2;3;1;1;-1;-1;0;0
443;916;2;2;2;2;2;0;0;0;0
716;976;3;3;3;3;3;0;0;1;0
564;926;3;3;3;2;2;0;0;0;0
410;944;2;2;2;1;2;0;0;0;0
320;1031;3;3;3;1;1;-1;-1;0;0
432;1174;3;3;3;2;2;-1;-1;0;0
543;1089;3;3;3;2;2;-1;-1;0;0
359;930;2;2;2;1;1;0;0;0;0
622;1010;2;2;3;2;2;0;0;0;0
417;1044;3;3;3;2;2;-1;-1;0;0
560;1177;2;2;2;2;2;0;0;1;0
586;1245;2;2;3;2;2;0;0;0;0
389;1065;2;2;3;1;2;0;-1;0;0
516;986;2;2;2;2;2;0;0;0;0
554;974;3;3;4;2;2;-1;-1;0;0
530;839;2;2;2;2;2;0;0;0;0
523;1144;3;3;3;2;2;0;0;0;0
653;1159;3;3;3;2;3;0;0;0;0
703;962;2;2;3;3;3;0;0;1;1
584;1152;3;3;3;2;2;0;0;0;0
655;1050;2;2;2;2;3;0;0;1;1
324;904;3;3;3;1;1;-1;-1;0;0
469;1040;2;2;3;2;2;0;0;0;0
619;1063;2;2;2;2;2;0;0;1;1
526;1021;2;2;2;2;2;0;0;0;0
443;897;2;2;2;2;2;0;0;0;0
720;758;3;3;3;3;3;0;0;1;0
477;1064;3;3;4;2;2;-1;-1;0;0
478;939;3;3;3;2;2;0;-1;0;0
613;953;3;3;3;2;2;0;0;0;0
438;895;2;2;3;2;2;0;0;0;0
362;871;3;3;3;1;1;-1;-1;0;0
548;908;2;2;2;2;2;0;0;1;1
682;858;2;2;2;2;3;0;0;1;1
525;871;3;3;3;2;2;0;0;0;0
522;954;2;2;2;2;2;0;0;0;0
380;964;2;2;2;1;1;0;0;0;0
608;1041;2;2;2;2;2;0;0;1;1
534;1089;2;2;2;2;2;0;0;0;0
589;1018;3;3;3;2;2;0;0;0;0
512;959;3;3;3;2;2;-1;-1;0;0
487;1035;2;2;3;2;2;0;0;0;0
349;1001;3;3;3;1;1;-1;-1;0;0
485;971;3;3;3;2;2;0;-1;0;0
603;938;2;2;3;2;2;0;0;0;0
238;1158;3;3;3;1;1;-1;-1;0;0
421;954;3;3;3;2;2;-1;-1;0;0
368;1008;3;3;3;1;1;-1;-1;0;0
513;1103;3;3;3;2;2;0;-1;0;0
440;1025;2;2;2;2;2;0;0;0;0
607;1065;3;3;3;2;2;0;0;0;0
365;890;3;3;3;1;1;-1;-1;0;0
542;912;2;2;2;2;2;0;0;0;0
496;1031;2;2;3;2;2;0;0;0;0
547;1050;2;2;3;2;2;0;0;0;0
548;894;2;2;2;2;2;0;0;0;0
481;1109;3;3;3;2;2;0;-1;0;0
494;930;2;2;3;2;2;0;0;0;0
301;904;2;2;3;1;1;-1;-1;0;0
527;1160;2;2;3;2;2;0;0;0;0
654;937;2;2;3;2;3;0;0;1;1
429;1058;2;2;3;2;2;0;0;0;0
513;1054;3;3;3;2;2;0;0;0;0
527;934;2;2;2;2;2;0;0;0;0
478;1028;3;3;3;2;2;0;-1;0;0
454;959;3;3;3;2;2;-1;-1;0;0
547;1030;2;2;3;2;2;0;0;0;0
546;1127;2;2;3;2;2;0;0;0;0
449;1192;3;3;3;2;2;-1;-1;0;0
440;1039;3;3;3;2;2;-1;-1;0;0
443;1082;2;2;3;2;2;0;0;0;0
521;1079;2;2;3;2;2;0;0;0;0
542;907;3;3;3;2;2;0;-1;0;0
684;1014;3;3;4;3;3;0;0;0;0
445;941;2;2;3;2;2;0;0;0;0
593;1037;2;2;2;2;2;0;0;1;1
665;882;2;2;3;2;3;0;0;1;1
480;1001;2;2;3;2;2;0;0;0;0
529;1030;2;2;2;2;2;0;0;0;0
486;885;2;2;2;2;2;0;0;0;0
472;836;2;2;3;2;2;0;0;0;0
560;1005;3;3;3;2;2;0;0;0;0
476;1126;2;2;3;2;2;0;0;0;0
490;1055;2;2;3;2;2;0;0;0;0
340;831;3;3;3;1;1;-1;-2;0;0
494;937;3;3;3;2;2;-1;-1;0;0
415;1018;3;3;3;2;2;-1;-1;0;0
380;797;3;3;3;1;1;-1;-1;0;0
426;974;3;3;3;2;2;-1;-1;0;0
359;1040;2;2;2;1;1;0;0;0;0
528;917;3;3;3;2;2;0;-1;0;0
466;995;3;3;3;2;2;0;-1;0;0
416;1028;2;2;2;2;2;0;0;0;0
339;1076;2;2;3;1;1;0;-1;0;0
477;1216;3;3;3;2;2;0;-1;0;0
402;831;2;2;2;1;1;0;0;0;0
572;1103;2;2;3;2;2;0;0;0;0
787;910;2;2;3;3;3;0;0;1;1
526;1096;2;2;2;2;2;0;0;0;0
416;894;3;3;3;1;2;-1;-1;0;0
741;981;3;3;3;3;3;0;0;1;0
487;1022;2;2;2;2;2;0;0;0;0
525;919;2;2;3;2;2;0;0;0;0
542;1031;2;2;3;2;2;0;0;0;0
403;976;3;3;3;1;2;-1;-1;0;0
454;905;2;2;3;2;2;0;0;0;0
343;1052;2;2;3;1;1;0;-1;0;0
505;988;2;2;3;2;2;0;0;0;0
256;987;2;2;2;1;1;0;-1;0;0
397;1047;3;3;3;1;2;-1;-1;0;0
535;1153;3;3;3;2;2;0;0;0;0
368;965;2;2;2;1;1;0;0;0;0
553;1083;2;2;3;2;2;0;0;0;0
550;1055;3;3;3;2;2;0;0;0;0
604;1032;2;2;3;2;2;0;0;0;0
588;995;2;2;3;2;2;0;0;0;0
311;1139;2;2;3;1;1;-1;-1;0;0
428;940;2;2;2;2;2;0;0;0;0
543;800;3;3;3;2;2;-1;-1;0;0
454;1044;2;2;3;2;2;0;0;0;0
623;945;3;3;3;2;2;0;0;0;0
634;1083;3;3;3;2;3;0;0;0;0
376;1149;2;2;3;1;2;0;0;0;0
548;940;3;3;3;2;2;0;0;0;0
220;755;3;3;3;1;1;-2;-2;0;0
590;1161;3;3;3;2;2;0;0;0;0
387;1158;2;2;3;2;2;0;-1;0;0
518;946;2;2;2;2;2;0;0;0;0
580;1095;2;2;3;2;2;0;0;0;0
428;961;2;2;2;2;2;0;0;0;0
559;961;2;2;3;2;2;0;0;0;0
502;999;2;2;2;2;2;0;0;0;0
509;920;2;2;2;2;2;0;0;0;0
480;937;3;3;3;2;2;0;-1;0;0
585;974;2;2;2;2;2;0;0;1;1
540;1089;3;3;3;2;2;0;0;0;0
491;976;2;2;2;2;2;0;0;0;0
438;769;2;2;3;1;2;0;0;0;0
548;990;2;2;2;2;2;0;0;0;0
642;1066;3;3;3;2;3;0;0;0;0
520;956;3;3;3;2;2;0;0;0;0
426;920;2;2;3;2;2;0;0;0;0
360;1035;3;3;3;1;1;-1;-2;0;0
398;1089;3;3;3;2;2;-1;-1;0;0
565;861;2;2;3;2;2;0;0;0;0
379;909;3;3;3;1;1;-1;-1;0;0
296;945;2;2;2;1;1;0;-1;0;0
312;976;2;2;2;1;1;-1;-1;0;0
464;1016;2;2;2;2;2;0;0;0;0
567;922;3;3;3;2;2;0;0;0;0
396;954;3;3;3;1;2;-1;-1;0;0
681;1202;3;3;3;3;3;0;0;0;0
443;1165;2;2;2;2;2;0;0;0;0
376;1141;2;2;3;1;2;0;0;0;0
427;1140;3;3;3;2;2;-1;-1;0;0
327;1051;3;3;3;1;1;-1;-1;0;0
538;916;3;3;3;2;2;0;0;0;0
596;1078;3;3;3;2;2;0;0;0;0
429;1034;2;2;3;2;2;0;-1;0;0
628;1222;2;2;3;2;3;0;0;1;0
596;1080;2;2;3;2;2;0;0;0;0
377;930;3;3;3;1;1;-1;-1;0;0
420;994;2;2;3;2;2;0;-1;0;0
547;946;3;3;3;2;2;0;-1;0;0
491;1079;2;2;3;2;2;0;0;0;0
651;1082;2;2;2;2;3;0;0;1;1
468;904;2;2;2;2;2;0;0;1;1
576;1002;3;3;4;2;2;-1;-1;0;0
522;1152;2;2;3;2;2;0;0;0;0
403;989;2;2;2;1;2;0;0;0;0
665;1092;3;3;3;2;3;0;0;0;0
542;924;3;3;3;2;2;0;-1;0;0
654;990;3;3;3;2;3;0;0;0;0
597;883;3;3;3;2;2;0;0;0;0
536;1072;2;2;2;2;2;0;0;0;0
454;1024;2;2;3;2;2;0;0;0;0
598;1092;3;3;3;2;2;0;0;0;0
475;1087;3;3;3;2;2;0;-1;0;0
698;1011;3;3;3;3;3;0;0;0;0
545;1035;2;2;3;2;2;0;0;0;0
312;1009;2;2;3;1;1;-1;-1;0;0
493;1041;3;3;3;2;2;0;-1;0;0
447;999;3;3;3;2;2;-1;-1;0;0
335;941;2;2;2;1;1;0;-1;0;0
737;1022;2;2;3;3;3;0;0;1;1
614;1095;3;3;3;2;2;0;0;0;0
453;1123;3;3;3;2;2;-1;-1;0;0
441;1031;2;2;2;2;2;0;0;0;0
425;1018;2;2;3;2;2;0;-1;0;0
470;1154;3;3;3;2;2;-1;-1;0;0
460;1016;3;3;3;2;2;0;-1;0;0
420;894;3;3;3;1;2;-1;-1;0;0
279;891;2;2;3;1;1;-1;-1;0;0
511;1233;2;2;3;2;2;0;0;0;0
580;1017;3;3;3;2;2;0;0;0;0
527;906;2;2;3;2;2;0;0;0;0
388;1061;2;2;3;1;2;0;-1;0;0
398;864;3;3;3;1;1;-1;-1;0;0
394;918;3;3;3;1;1;-1;-1;0;0
636;1065;2;2;3;2;3;0;0;0;0
669;910;3;3;3;2;3;0;0;0;0
477;937;3;3;3;2;2;0;-1;0;0
490;1122;2;2;2;2;2;0;0;1;0
380;1022;3;3;3;1;2;-1;-1;0;0
571;951;3;3;3;2;2;0;0;0;0
588;970;2;2;2;2;2;0;0;1;1
508;998;2;2;2;2;2;0;0;0;0
639;991;2;2;3;2;3;0;0;0;0
527;949;3;3;3;2;2;-1;-1;0;0
496;967;3;3;3;2;2;0;-1;0;0
533;965;2;2;2;2;2;0;0;0;0
546;864;2;2;3;2;2;0;0;0;0
511;1107;3;3;3;2;2;0;0;0;0
686;980;3;3;3;3;3;0;0;0;0
524;1051;2;2;3;2;2;0;0;0;0
632;976;2;2;2;2;2;0;0;1;1
552;892;2;2;2;2;2;0;0;0;0
358;1289;3;3;3;2;2;-1;-1;0;0
421;997;3;3;3;2;2;-1;-1;0;0
570;810;2;2;2;2;2;0;0;1;1
489;1039;2;2;2;2;2;0;0;0;0
492;916;2;2;3;2;2;0;0;0;0
600;838;3;3;4;2;2;-1;-1;0;0
345;985;2;2;3;1;1;0;-1;0;0
565;958;2;2;3;2;2;0;0;0;0
490;961;2;2;3;2;2;0;0;0;0
403;989;3;3;3;1;2;-1;-1;0;0
479;993;3;3;3;2;2;-1;-1;0;0
561;1018;3;3;3;2;2;-1;-1;0;0
558;818;3;3;3;2;2;0;0;0;0
277;1048;2;2;2;1;1;0;0;0;0
540;998;2;2;3;2;2;0;0;0;0
439;1016;3;3;3;2;2;-1;-1;0;0
417;874;2;2;3;1;2;0;-1;0;0
432;971;3;3;3;2;2;-1;-1;0;0
558;1074;2;2;2;2;2;0;0;1;0
589;995;3;3;3;2;2;0;0;0;0
460;959;3;3;3;2;2;0;-1;0;0
326;1071;2;2;2;1;1;0;-1;0;0
360;1009;3;3;3;1;1;-1;-1;0;0
395;1010;3;3;3;1;2;-1;-1;0;0
605;1105;3;3;3;2;2;0;0;0;0
467;1115;2;2;3;2;2;0;0;0;0
516;1054;2;2;2;2;2;0;0;0;0
563;1114;3;3;3;2;2;0;0;0;0
439;956;2;2;2;2;2;0;0;0;0
689;1090;3;3;3;3;3;0;0;0;0
492;980;2;2;3;2;2;0;0;0;0
620;943;2;2;2;2;2;0;0;1;0
667;1080;3;3;3;2;3;0;0;0;0
489;948;2;2;3;2;2;0;0;0;0
460;1052;3;3;3;2;2;0;0;0;0
353;1156;2;2;3;1;1;0;-1;0;0
472;927;3;3;3;2;2;-1;-1;0;0
418;1222;3;3;3;2;2;0;-1;0;0
480;1162;3;3;3;2;2;0;0;0;0
432;1078;3;3;3;2;2;-1;-1;0;0
437;977;3;3;3;2;2;0;-1;0;0
625;992;3;3;3;2;2;0;0;0;0
540;952;2;2;3;2;2;0;0;0;0
549;1011;2;2;3;2;2;0;0;0;0
468;972;3;3;3;2;2;0;-1;0;0
455;1055;2;2;2;2;2;0;0;0;0
443;1067;2;2;3;2;2;0;0;0;0
340;961;2;2;2;1;1;0;0;0;0
497;961;3;3;4;2;2;-1;-1;0;0
696;968;2;2;3;3;3;0;0;1;1
546;950;3;3;3;2;2;0;0;0;0
470;1062;2;2;2;2;2;0;0;0;0
684;867;3;3;3;2;3;0;0;0;0
516;912;3;3;3;2;2;0;-1;0;0
631;808;2;2;3;2;2;0;0;0;0
573;893;2;2;3;2;2;0;0;0;0
368;1045;3;3;3;1;1;-1;-1;0;0
611;860;3;3;3;2;2;0;0;0;0
415;1280;3;3;3;2;2;-1;-1;0;0
543;1166;3;3;3;2;2;0;0;0;0
613;916;2;2;2;2;2;0;0;1;1
259;1007;3;3;3;1;1;-2;-2;0;0
508;1060;2;2;2;2;2;0;0;0;0
371;844;2;2;3;1;1;-1;-1;0;0
558;1149;3;3;3;2;2;0;0;0;0
489;859;3;3;3;2;2;0;-1;0;0
502;1086;2;2;3;2;2;0;0;0;0
528;950;2;2;3;2;2;0;0;0;0
393;1137;2;2;2;2;2;0;0;0;0
429;1097;3;3;3;2;2;0;-1;0;0
494;1055;3;3;3;2;2;-1;-1;0;0
588;897;2;2;3;2;2;0;0;0;0
598;1064;3;3;3;2;2;0;0;0;0
347;1041;2;2;3;1;1;-1;-1;0;0
352;967;2;2;2;1;1;0;0;0;0
570;1120;3;3;3;2;2;0;0;0;0
344;984;3;3;3;1;1;-1;-1;0;0
611;907;3;3;3;2;2;0;0;0;0
693;808;2;2;2;3;3;0;0;1;1
490;1084;3;3;3;2;2;0;-1;0;0
543;952;2;2;3;2;2;0;0;0;0
409;1129;3;3;3;2;2;-1;-1;0;0
400;663;3;3;3;1;1;-1;-1;0;0
266;1036;3;3;3;1;1;-1;-2;0;0
766;994;3;3;3;3;3;0;0;1;1
576;1020;3;3;3;2;2;0;-1;0;0
549;1008;3;3;3;2;2;0;0;0;0
331;968;3;3;3;1;1;-1;-1;0;0
541;853;2;2;2;2;2;0;0;0;0
457;1072;3;3;3;2;2;-1;-1;0;0
502;901;2;2;3;2;2;0;0;0;0
461;849;2;2;2;2;2;0;0;0;0
367;835;3;3;3;1;1;-1;-2;0;0
445;902;3;3;3;2;2;-1;-1;0;0
550;981;2;2;3;2;2;0;0;0;0
495;1118;3;3;3;2;2;-1;-1;0;0
335;925;3;3;3;1;1;-1;-1;0;0
500;978;3;3;3;2;2;0;0;0;0
402;849;2;2;3;1;1;-1;-1;0;0
607;1010;2;2;3;2;2;0;0;0;0
480;1093;2;2;2;2;2;0;0;0;0
625;1033;2;2;3;2;2;0;0;0;0
467;1152;3;3;3;2;2;-1;-1;0;0
631;1116;3;3;3;2;3;0;0;0;0
580;1068;3;3;3;2;2;0;0;0;0
450;920;3;3;3;2;2;-1;-1;0;0
673;803;2;2;3;2;3;0;0;1;0
574;946;3;3;3;2;2;0;0;0;0
506;979;3;3;3;2;2;-1;-1;0;0
358;929;2;2;3;1;1;-1;-1;0;0
514;1151;3;3;3;2;2;0;-1;0;0
465;1215;3;3;3;2;2;-1;-1;0;0
529;920;2;2;2;2;2;0;0;0;0
356;825;3;3;3;1;1;-1;-1;0;0
540;1025;2;2;3;2;2;0;0;0;0
444;995;3;3;3;2;2;-1;-1;0;0
387;1013;2;2;3;1;2;0;-1;0;0
586;991;3;3;3;2;2;0;0;0;0
549;1040;2;2;3;2;2;0;0;0;0
252;910;3;3;3;1;1;-1;-1;0;0
659;1146;3;3;3;2;3;0;0;0;0
396;1038;3;3;3;1;2;-1;-1;0;0
509;1087;2;2;3;2;2;0;0;0;0
391;827;2;2;3;1;1;-1;-1;0;0
367;1065;3;3;3;1;1;-1;-1;0;0
672;1130;3;3;3;3;3;0;0;0;0
450;1006;2;2;3;2;2;0;0;0;0
391;939;3;3;3;1;1;-1;-1;0;0
411;976;3;3;3;1;2;-1;-1;0;0
425;953;2;2;3;2;2;0;-1;0;0
442;1149;3;3;3;2;2;-1;-1;0;0
431;1178;3;3;3;2;2;-1;-1;0;0
598;998;2;2;3;2;2;0;0;0;0
327;836;2;2;2;1;1;-1;-1;0;0
327;1040;2;2;3;1;1;0;-1;0;0
430;1201;2;2;2;2;2;0;0;0;0
590;987;3;3;3;2;2;0;0;0;0
634;1129;2;2;2;2;3;0;0;1;1
475;1093;2;2;3;2;2;0;0;0;0
640;1134;2;2;3;2;3;0;0;0;0
458;929;2;2;2;2;2;0;0;0;0
553;896;2;2;2;2;2;0;0;0;0
501;1150;3;3;3;2;2;-1;-1;0;0
486;864;2;2;3;2;2;0;0;0;0
408;980;3;3;3;1;2;-1;-1;0;0
508;1134;3;3;3;2;2;0;0;0;0
521;1107;3;3;3;2;2;0;-1;0;0
580;1052;3;3;3;2;2;0;0;0;0
661;1060;3;3;3;2;3;0;0;0;0
492;982;3;3;3;2;2;0;0;0;0
462;1032;2;2;2;2;2;0;0;0;0
484;1219;2;2;3;2;2;0;0;0;0
434;1085;2;2;3;2;2;0;0;0;0
390;919;2;2;2;1;1;0;0;0;0
548;792;2;2;3;2;2;0;0;0;0
437;972;2;2;3;2;2;0;-1;0;0
470;1085;2;2;3;2;2;0;0;0;0
377;1028;2;2;3;1;2;0;-1;0;0
500;1036;2;2;2;2;2;0;0;0;0
683;1010;2;2;3;3;3;0;0;1;0
467;1043;3;3;3;2;2;0;-1;0;0
527;976;2;2;3;2;2;0;0;0;0
477;901;3;3;3;2;2;-1;-1;0;0
538;831;3;3;3;2;2;-1;-1;0;0
394;923;3;3;3;1;1;-1;-1;0;0
575;1097;2;2;3;2;2;0;0;0;0
639;1087;3;3;3;2;3;0;0;0;0
433;950;2;2;2;2;2;0;0;0;0
473;912;3;3;3;2;2;-1;-1;0;0
431;1019;2;2;2;2;2;0;0;0;0
422;940;3;3;3;2;2;-1;-1;0;0
503;893;2;2;2;2;2;0;0;0;0
433;1009;3;3;3;2;2;-1;-1;0;0
527;1116;2;2;2;2;2;0;0;0;0
403;799;3;3;3;1;1;-1;-1;0;0
521;1347;3;3;3;2;2;0;0;0;0
598;864;2;2;2;2;2;0;0;0;0
553;1136;3;3;3;2;2;0;0;0;0
593;1102;2;2;3;2;2;0;0;0;0
413;936;2;2;2;1;2;0;0;0;0
487;930;2;2;3;2;2;0;0;0;0
442;846;3;3;3;2;2;-1;-1;0;0
510;947;2;2;3;2;2;0;0;0;0
496;978;3;3;3;2;2;0;-1;0;0
591;1032;3;3;3;2;2;0;0;0;0
672;826;2;2;3;2;3;0;0;1;1
591;925;2;2;3;2;2;0;0;0;0
491;1011;3;3;3;2;2;0;-1;0;0
700;1024;2;2;3;3;3;0;0;1;1
521;910;2;2;2;2;2;0;0;0;0
560;1045;2;2;2;2;2;0;0;0;0
661;908;2;2;2;2;3;0;0;1;1
563;895;2;2;3;2;2;0;0;0;0
497;919;3;3;3;2;2;0;-1;0;0
541;777;2;2;3;2;2;0;0;0;0
493;985;2;2;2;2;2;0;0;0;0
364;1080;3;3;3;1;1;-1;-1;0;0
491;1138;3;3;3;2;2;0;0;0;0
457;1187;3;3;3;2;2;-1;-1;0;0
556;1109;2;2;3;2;2;0;0;0;0
661;1029;3;3;3;2;3;0;0;0;0
602;1049;2;2;2;2;2;0;0;1;0
483;1117;3;3;3;2;2;0;-1;0;0
503;1086;2;2;2;2;2;0;0;0;0
365;1010;2;2;3;1;1;0;-1;0;0
315;1145;3;3;3;1;1;-1;-1;0;0
366;779;3;3;3;1;1;-1;-1;0;0
535;1027;2;2;3;2;2;0;0;0;0
690;1063;2;2;3;3;3;0;0;1;0
461;920;3;3;3;2;2;-1;-1;0;0
492;973;3;3;3;2;2;0;-1;0;0
502;1048;2;2;3;2;2;0;0;0;0
560;1154;3;3;3;2;2;0;0;0;0
395;941;2;2;3;1;2;-1;-1;0;0
326;884;3;3;3;1;1;-1;-1;0;0
462;1090;2;2;2;2;2;0;0;0;0
576;971;3;3;3;2;2;0;0;0;0
580;959;3;3;3;2;2;0;0;0;0
451;1155;2;2;3;2;2;0;0;0;0
338;1137;2;2;2;1;1;0;0;0;0
573;908;3;3;3;2;2;0;0;0;0
639;947;2;2;2;2;2;0;0;1;1
545;1000;2;2;3;2;2;0;0;0;0
399;1017;2;2;2;1;2;0;0;0;0
620;1239;2;2;3;2;3;0;0;1;0
484;1068;3;3;3;2;2;-1;-1;0;0
649;1141;3;3;3;2;3;0;0;0;0
544;926;2;2;3;2;2;0;0;0;0
491;1251;3;3;3;2;2;0;-1;0;0
584;752;3;3;3;2;2;0;-1;0;0
378;1094;3;3;3;1;2;-1;-1;0;0
473;934;3;3;3;2;2;0;-1;0;0
456;1151;3;3;3;2;2;0;-1;0;0
466;1053;2;2;3;2;2;0;0;0;0
419;973;2;2;3;2;2;0;-1;0;0
613;867;3;3;3;2;2;0;0;0;0
350;968;2;2;3;1;1;-1;-1;0;0
653;971;2;2;3;2;3;0;0;1;0
579;1160;2;2;3;2;2;0;0;0;0
436;1077;2;2;3;2;2;0;0;0;0
519;1112;3;3;3;2;2;0;0;0;0
513;984;3;3;3;2;2;0;0;0;0
470;769;3;3;3;2;2;-1;-1;0;0
652;1006;3;3;3;2;3;0;0;0;0
578;850;3;3;3;2;2;0;0;0;0
456;998;2;2;3;2;2;0;0;0;0
429;939;3;3;3;2;2;-1;-1;0;0
588;1027;3;3;3;2;2;0;0;0;0
546;940;3;3;3;2;2;0;0;0;0
635;950;3;3;3;2;2;0;0;0;0
763;895;3;3;3;3;3;0;0;1;0
553;1006;3;3;3;2;2;0;0;0;0
422;1030;3;3;3;2;2;0;-1;0;0
637;1195;3;3;3;2;3;0;0;0;0
597;972;3;3;3;2;2;0;0;0;0
630;1131;3;3;4;2;3;0;-1;0;0
495;1005;3;3;3;2;2;0;-1;0;0
460;1172;3;3;3;2;2;0;0;0;0
491;948;2;2;2;2;2;0;0;0;0
427;858;3;3;4;1;2;-1;-2;0;0
553;1126;3;3;3;2;2;0;0;0;0
575;1012;2;2;3;2;2;0;0;0;0
552;1049;3;3;3;2;2;0;0;0;0
572;970;3;3;3;2;2;0;-1;0;0
491;1129;3;3;3;2;2;0;0;0;0
613;866;2;2;2;2;2;0;0;1;1
512;974;3;3;3;2;2;0;0;0;0
608;1179;2;2;3;2;2;0;0;1;0
491;934;3;3;3;2;2;0;0;0;0
336;919;2;2;3;1;1;-1;-1;0;0
