# X_0;X_1;X_2;R_0;S_0;G_0;I_0
0.21;10.04;33.60;2688.30;1768.51;-919.79;0.00
0.25;11.29;45.61;3648.72;2065.92;-1582.80;0.00
0.27;9.07;42.33;3386.34;2065.79;-1320.55;0.00
0.30;9.56;38.30;3063.98;2291.09;-772.89;0.00
0.29;11.10;32.79;2622.99;2278.30;-344.68;0.00
0.22;8.99;45.93;3674.27;1771.77;-1902.51;0.00
0.23;9.85;40.65;3252.10;1880.04;-1372.05;0.00
0.27;9.83;40.05;3203.82;2128.04;-1075.78;0.00
0.26;12.19;38.24;3058.84;2186.02;-872.82;0.00
0.26;9.67;43.02;3441.37;2019.34;-1422.03;0.00
0.27;9.63;33.01;2641.08;2097.11;-543.97;0.00
0.25;11.88;33.78;2702.32;2073.36;-628.96;0.00
0.26;11.16;42.77;3421.32;2107.39;-1313.93;0.00
0.20;9.51;46.94;3755.16;1694.25;-2060.91;0.00
0.28;9.98;36.17;2893.89;2197.68;-696.21;0.00
0.18;10.45;38.35;3067.91;1640.59;-1427.31;0.00
0.24;9.84;43.92;3513.98;1920.15;-1593.83;0.00
0.27;9.84;48.03;3842.68;2107.60;-1735.08;0.00
0.25;9.71;41.08;3286.60;1965.39;-1321.21;0.00
0.26;10.86;34.63;2770.78;2122.26;-648.52;0.00
0.26;7.46;46.19;3695.40;1929.98;-1765.42;0.00
0.24;11.00;37.34;2987.24;1998.17;-989.07;0.00
0.25;12.31;40.56;3244.53;2099.44;-1145.09;0.00
0.24;10.33;38.85;3107.82;1962.68;-1145.14;0.00
0.22;10.30;44.80;3583.83;1858.49;-1725.34;0.00
0.18;10.35;41.52;3321.34;1589.44;-1731.89;0.00
0.22;10.95;33.32;2665.31;1860.19;-805.12;0.00
0.22;9.74;37.26;2981.07;1834.40;-1146.68;0.00
0.22;10.88;38.25;3059.80;1886.89;-1172.91;0.00
0.27;10.06;44.06;3525.13;2116.16;-1408.97;0.00
0.22;11.93;42.47;3397.68;1912.11;-1485.57;0.00
0.22;10.73;41.02;3281.30;1848.53;-1432.77;0.00
0.27;8.98;44.74;3578.92;2087.84;-1491.08;0.00
0.25;9.09;44.37;3549.77;1930.27;-1619.50;0.00
0.26;8.49;38.42;3073.53;1966.51;-1107.01;0.00
0.25;10.60;31.63;2530.42;2003.79;-526.63;0.00
0.27;10.09;46.52;3721.46;2099.11;-1622.35;0.00
0.26;10.66;34.18;2734.48;2117.22;-617.26;0.00
0.22;11.95;43.65;3491.98;1948.95;-1543.03;0.00
0.25;10.28;35.33;2826.21;2016.97;-809.24;0.00
0.22;9.18;37.09;2967.17;1757.10;-1210.07;0.00
0.27;8.92;40.44;3235.46;2071.95;-1163.51;0.00
0.23;10.27;39.52;3161.34;1922.12;-1239.23;0.00
0.23;9.20;42.99;3439.44;1860.55;-1578.89;0.00
0.25;10.20;36.99;2958.98;1988.58;-970.40;0.00
0.20;8.08;45.17;3613.84;1625.34;-1988.50;0.00
0.24;10.39;39.32;3145.81;1983.67;-1162.13;0.00
0.28;11.36;34.50;2760.20;2231.35;-528.85;0.00
0.24;9.68;33.64;2691.18;1924.06;-767.13;0.00
0.23;9.94;38.83;3106.48;1891.92;-1214.57;0.00
0.21;9.88;35.10;2808.00;1733.56;-1074.43;0.00
0.25;11.03;33.54;2682.88;2073.98;-608.91;0.00
0.25;8.05;43.47;3477.55;1889.37;-1588.18;0.00
0.24;11.61;46.62;3729.20;2029.37;-1699.83;0.00
0.28;10.79;40.98;3278.22;2206.77;-1071.45;0.00
0.24;9.09;42.61;3409.00;1897.27;-1511.73;0.00
0.26;9.18;43.63;3490.57;1997.28;-1493.29;0.00
0.25;10.22;34.58;2766.55;1996.99;-769.56;0.00
0.23;7.54;44.80;3584.30;1757.51;-1826.79;0.00
0.22;10.07;47.92;3833.70;1854.42;-1979.28;0.00
0.27;9.55;31.91;2553.11;2089.79;-463.33;0.00
0.29;11.23;41.33;3306.18;2273.44;-1032.74;0.00
0.29;11.68;42.26;3380.50;2297.09;-1083.41;0.00
0.26;11.63;45.29;3622.84;2144.31;-1478.53;0.00
0.30;8.43;40.07;3205.28;2177.64;-1027.64;0.00
0.23;10.14;37.67;3013.30;1906.29;-1107.01;0.00
0.25;9.90;35.66;2852.51;1996.86;-855.66;0.00
0.27;10.29;36.97;2957.50;2131.25;-826.25;0.00
0.26;10.68;43.29;3462.98;2111.39;-1351.59;0.00
0.28;9.64;35.72;2857.65;2138.08;-719.57;0.00
0.26;10.50;34.74;2779.09;2082.13;-696.96;0.00
0.24;9.68;41.01;3280.51;1925.05;-1355.46;0.00
0.28;12.33;43.06;3444.53;2270.70;-1173.83;0.00
0.27;8.43;39.06;3124.58;2010.25;-1114.32;0.00
0.28;10.70;45.94;3675.14;2189.71;-1485.43;0.00
0.22;9.08;39.01;3120.48;1745.50;-1374.98;0.00
0.24;11.18;47.19;3775.17;2027.64;-1747.54;0.00
0.19;12.45;44.31;3544.55;1778.70;-1765.85;0.00
0.28;9.12;42.36;3388.63;2134.95;-1253.68;0.00
0.28;9.35;34.27;2741.58;2127.90;-613.68;0.00
0.21;11.08;39.51;3161.12;1847.10;-1314.02;0.00
0.23;8.69;43.30;3463.87;1823.55;-1640.32;0.00
0.24;10.59;38.71;3096.66;1953.24;-1143.42;0.00
0.25;10.01;46.09;3687.06;1998.62;-1688.44;0.00
0.28;9.12;36.36;2908.51;2113.71;-794.80;0.00
0.24;12.45;44.60;3568.40;2078.31;-1490.09;0.00
0.27;8.81;37.88;3030.06;2057.25;-972.81;0.00
0.23;10.46;41.43;3314.46;1891.48;-1422.98;0.00
0.21;9.18;41.73;3338.37;1692.88;-1645.49;0.00
0.29;10.12;43.87;3509.63;2264.07;-1245.56;0.00
0.28;10.54;33.10;2647.77;2192.89;-454.88;0.00
0.26;9.08;33.30;2664.12;1990.13;-673.99;0.00
0.26;9.78;35.47;2837.94;2041.69;-796.25;0.00
0.21;11.04;44.42;3553.26;1846.92;-1706.35;0.00
0.25;11.96;46.04;3683.30;2081.61;-1601.70;0.00
0.23;8.29;42.62;3409.39;1807.92;-1601.47;0.00
0.25;9.06;40.05;3204.25;1960.35;-1243.91;0.00
0.27;10.90;44.43;3554.19;2143.83;-1410.36;0.00
0.25;8.48;49.07;3925.66;1921.07;-2004.59;0.00
0.22;11.38;37.19;2975.23;1918.21;-1057.03;0.00
0.28;10.33;34.49;2759.53;2170.35;-589.18;0.00
0.22;10.54;38.03;3042.42;1841.41;-1201.01;0.00
0.26;11.04;40.54;3243.51;2120.60;-1122.90;0.00
0.30;10.46;42.92;3433.47;2291.21;-1142.26;0.00
0.27;9.55;30.42;2433.36;2112.21;-321.15;0.00
0.32;10.54;30.02;2401.72;2437.92;36.20;1.00
0.26;9.41;40.38;3230.36;2011.89;-1218.48;0.00
0.25;10.28;45.52;3641.55;1990.88;-1650.67;0.00
0.24;10.86;41.71;3336.46;2003.83;-1332.63;0.00
0.25;9.55;42.50;3399.82;1983.88;-1415.94;0.00
0.23;10.04;35.30;2823.79;1882.84;-940.95;0.00
0.26;11.31;38.57;3085.59;2124.83;-960.76;0.00
0.25;10.87;42.02;3361.39;2070.42;-1290.97;0.00
0.24;10.30;41.73;3338.75;1957.74;-1381.01;0.00
0.26;8.70;35.65;2852.38;2012.80;-839.58;0.00
0.28;10.80;47.33;3786.78;2232.66;-1554.12;0.00
0.22;8.42;37.13;2970.60;1750.03;-1220.57;0.00
0.24;10.72;43.29;3463.08;1999.37;-1463.71;0.00
0.28;11.42;45.20;3615.70;2236.95;-1378.74;0.00
0.25;9.88;42.10;3368.35;1987.00;-1381.35;0.00
0.23;9.46;42.42;3393.27;1825.78;-1567.49;0.00
0.26;11.49;39.24;3139.31;2164.87;-974.44;0.00
0.26;9.82;35.19;2815.19;2062.49;-752.70;0.00
0.24;10.99;40.72;3257.81;2018.88;-1238.94;0.00
0.26;11.26;47.12;3769.28;2128.39;-1640.89;0.00
0.23;10.99;43.53;3482.58;1921.61;-1560.97;0.00
0.20;10.34;43.33;3466.70;1741.24;-1725.46;0.00
0.24;10.86;38.83;3106.72;2013.73;-1092.99;0.00
0.21;10.40;33.01;2640.80;1784.24;-856.56;0.00
0.23;10.58;41.55;3323.72;1915.16;-1408.56;0.00
0.24;10.21;41.38;3310.35;1958.94;-1351.41;0.00
0.22;11.35;37.21;2976.90;1869.47;-1107.43;0.00
0.27;11.51;39.63;3170.75;2192.39;-978.36;0.00
0.27;10.58;42.19;3375.46;2124.83;-1250.63;0.00
0.27;10.87;45.88;3670.42;2140.97;-1529.45;0.00
0.23;9.82;36.35;2908.25;1855.62;-1052.63;0.00
0.27;10.48;37.30;2983.67;2111.58;-872.09;0.00
0.23;10.33;36.10;2887.70;1928.10;-959.60;0.00
0.28;8.89;39.99;3198.82;2141.82;-1057.01;0.00
0.26;11.15;44.59;3567.26;2120.42;-1446.85;0.00
0.25;9.81;35.78;2862.66;1959.30;-903.36;0.00
0.26;8.98;40.06;3204.70;2025.33;-1179.37;0.00
0.29;9.71;40.84;3267.43;2193.92;-1073.52;0.00
0.21;12.39;41.30;3304.31;1881.98;-1422.33;0.00
0.25;9.63;42.07;3365.40;2001.69;-1363.71;0.00
0.29;10.31;40.40;3231.79;2249.55;-982.25;0.00
0.25;10.99;39.29;3143.59;2058.63;-1084.96;0.00
0.26;9.19;34.42;2753.82;2040.23;-713.58;0.00
0.27;10.02;42.57;3405.91;2110.57;-1295.34;0.00
0.26;8.97;45.16;3612.61;2023.70;-1588.91;0.00
0.27;10.84;42.87;3429.69;2168.39;-1261.30;0.00
0.27;8.42;37.95;3036.12;2048.46;-987.66;0.00
0.24;9.72;33.27;2661.36;1924.53;-736.83;0.00
0.23;8.87;36.54;2923.08;1799.81;-1123.27;0.00
0.24;8.97;44.03;3522.72;1904.38;-1618.34;0.00
0.24;11.52;44.19;3535.06;2011.36;-1523.69;0.00
0.25;8.75;41.22;3297.21;1934.69;-1362.51;0.00
0.20;9.34;30.30;2424.21;1667.17;-757.03;0.00
0.25;9.01;41.61;3328.97;1927.67;-1401.30;0.00
0.23;10.73;39.76;3181.16;1916.43;-1264.73;0.00
0.24;7.78;42.39;3391.58;1822.66;-1568.92;0.00
0.26;9.50;46.62;3729.78;2021.75;-1708.03;0.00
0.26;11.34;37.70;3015.83;2114.03;-901.80;0.00
0.25;8.90;45.03;3602.79;1912.47;-1690.32;0.00
0.26;8.26;38.05;3043.69;1979.39;-1064.30;0.00
0.28;9.29;39.87;3189.70;2122.27;-1067.42;0.00
0.26;8.14;40.93;3274.14;1931.17;-1342.97;0.00
0.25;10.20;38.77;3101.49;1996.36;-1105.12;0.00
0.27;9.48;30.46;2436.42;2090.07;-346.35;0.00
0.22;10.02;36.96;2956.62;1799.01;-1157.61;0.00
0.30;10.20;35.45;2835.96;2291.15;-544.81;0.00
0.27;9.55;34.20;2735.60;2079.08;-656.52;0.00
0.25;10.72;32.67;2613.60;2020.57;-593.03;0.00
0.27;10.76;38.42;3073.26;2147.69;-925.57;0.00
0.24;7.25;40.77;3261.89;1804.90;-1456.99;0.00
0.29;9.77;39.97;3197.94;2197.56;-1000.38;0.00
0.22;10.44;41.74;3339.53;1847.50;-1492.04;0.00
0.25;10.51;40.41;3232.88;2014.34;-1218.54;0.00
0.27;10.28;38.40;3071.79;2112.26;-959.53;0.00
0.26;8.54;37.03;2962.35;1984.78;-977.56;0.00
0.24;11.05;42.43;3394.38;1978.30;-1416.08;0.00
0.25;8.91;39.60;3168.10;1911.73;-1256.37;0.00
0.24;11.44;35.32;2825.85;1992.88;-832.97;0.00
0.25;8.79;44.64;3571.30;1909.85;-1661.46;0.00
0.25;10.63;49.76;3981.14;2028.33;-1952.82;0.00
0.23;9.85;39.30;3143.88;1869.84;-1274.04;0.00
0.33;11.22;41.72;3337.95;2552.54;-785.41;0.00
0.28;10.23;43.21;3456.99;2169.59;-1287.40;0.00
0.27;10.92;38.98;3118.73;2138.86;-979.87;0.00
0.23;9.06;47.04;3762.92;1835.51;-1927.41;0.00
0.23;11.25;36.17;2893.37;1938.81;-954.56;0.00
0.22;9.39;41.34;3307.35;1818.25;-1489.11;0.00
0.25;11.02;39.66;3172.41;2052.71;-1119.71;0.00
0.26;11.63;36.97;2957.41;2129.37;-828.04;0.00
0.24;8.37;32.23;2578.68;1869.22;-709.46;0.00
0.21;9.57;32.42;2593.76;1723.11;-870.65;0.00
0.19;9.26;41.14;3291.52;1609.31;-1682.21;0.00
0.24;8.35;36.56;2924.99;1823.12;-1101.87;0.00
0.24;12.06;38.19;3055.51;2064.53;-990.98;0.00
0.28;11.63;39.67;3173.25;2283.56;-889.68;0.00
0.24;11.91;42.14;3371.11;2071.23;-1299.88;0.00
0.26;9.65;42.45;3395.92;2019.86;-1376.06;0.00
0.22;11.40;41.87;3349.69;1891.41;-1458.28;0.00
0.29;11.52;44.03;3522.42;2307.71;-1214.71;0.00
0.23;10.55;31.78;2542.55;1897.07;-645.47;0.00
0.30;9.45;33.12;2649.40;2249.90;-399.50;0.00
0.24;10.05;43.60;3488.25;1950.40;-1537.85;0.00
0.24;9.99;36.74;2939.29;1961.78;-977.51;0.00
0.22;11.13;36.67;2933.36;1856.00;-1077.36;0.00
0.24;10.38;42.14;3371.08;1942.53;-1428.56;0.00
0.24;10.94;32.62;2609.36;1988.64;-620.72;0.00
0.29;9.84;42.46;3396.59;2247.05;-1149.54;0.00
0.25;10.67;38.38;3070.13;2059.08;-1011.05;0.00
0.24;9.68;33.70;2695.94;1921.30;-774.64;0.00
0.27;11.88;42.07;3365.37;2212.08;-1153.30;0.00
0.22;10.41;39.77;3181.76;1859.36;-1322.40;0.00
0.28;8.75;37.17;2973.36;2083.14;-890.22;0.00
0.25;12.19;42.65;3411.95;2136.23;-1275.72;0.00
0.23;11.55;32.72;2617.98;1977.82;-640.16;0.00
0.26;11.19;41.31;3304.74;2126.90;-1177.85;0.00
0.25;10.85;38.51;3081.09;2065.19;-1015.90;0.00
0.28;10.07;44.73;3578.26;2199.83;-1378.43;0.00
0.25;10.28;32.80;2624.19;2013.02;-611.17;0.00
0.23;10.91;33.19;2655.33;1957.33;-697.99;0.00
0.21;11.86;43.69;3494.86;1844.54;-1650.31;0.00
0.32;9.14;36.45;2915.97;2369.29;-546.68;0.00
0.21;9.29;43.53;3482.41;1712.74;-1769.66;0.00
0.24;12.17;32.08;2566.04;2055.19;-510.85;0.00
0.27;7.82;46.18;3694.55;1986.82;-1707.72;0.00
0.21;8.62;39.92;3193.77;1680.34;-1513.43;0.00
0.27;8.63;43.81;3505.09;2019.21;-1485.88;0.00
0.23;10.98;32.78;2622.12;1937.89;-684.22;0.00
0.23;10.04;39.89;3191.39;1908.69;-1282.70;0.00
0.23;11.21;33.80;2704.01;1933.14;-770.87;0.00
0.22;9.36;38.92;3113.41;1764.17;-1349.24;0.00
0.26;10.81;39.02;3121.65;2083.53;-1038.12;0.00
0.20;9.69;42.08;3366.21;1699.24;-1666.97;0.00
0.26;11.77;49.16;3932.54;2164.51;-1768.03;0.00
0.25;10.12;49.51;3960.93;2001.73;-1959.20;0.00
0.29;10.06;38.11;3048.78;2255.78;-792.99;0.00
0.28;8.89;35.81;2864.92;2117.27;-747.65;0.00
0.24;9.23;38.95;3116.18;1892.00;-1224.17;0.00
0.24;10.53;43.62;3489.50;1984.75;-1504.75;0.00
0.28;9.11;49.10;3928.18;2113.44;-1814.74;0.00
0.20;9.03;43.48;3478.33;1673.25;-1805.08;0.00
0.27;9.97;34.40;2751.71;2106.60;-645.11;0.00
0.22;10.68;35.78;2862.45;1881.97;-980.48;0.00
0.23;10.33;33.71;2696.56;1915.40;-781.15;0.00
0.29;8.93;37.74;3018.99;2158.65;-860.34;0.00
0.26;9.77;43.69;3495.00;2039.95;-1455.05;0.00
0.25;11.48;40.37;3229.63;2056.37;-1173.25;0.00
0.24;11.49;43.04;3443.31;2047.45;-1395.86;0.00
0.23;9.65;37.57;3005.55;1840.72;-1164.83;0.00
0.25;11.24;41.43;3314.80;2089.56;-1225.24;0.00
0.23;10.86;50.37;4029.77;1918.20;-2111.58;0.00
0.26;8.75;36.42;2913.61;2008.06;-905.55;0.00
0.23;8.36;37.94;3035.30;1768.95;-1266.35;0.00
0.27;8.51;34.15;2732.01;2044.58;-687.43;0.00
0.26;9.31;35.80;2864.08;2038.32;-825.75;0.00
0.23;6.75;46.24;3699.49;1697.72;-2001.76;0.00
0.21;9.81;50.46;4036.46;1728.23;-2308.23;0.00
0.27;11.25;39.04;3123.15;2200.54;-922.62;0.00
0.23;11.82;33.89;2711.12;2008.27;-702.85;0.00
0.26;9.81;38.71;3096.82;2057.01;-1039.81;0.00
0.21;8.51;38.29;3062.90;1695.31;-1367.60;0.00
0.18;10.79;40.82;3265.95;1655.83;-1610.12;0.00
0.23;7.80;34.76;2781.13;1776.93;-1004.20;0.00
0.23;8.53;40.68;3254.11;1796.11;-1458.01;0.00
0.21;10.46;44.44;3555.57;1777.93;-1777.63;0.00
0.24;8.81;35.58;2846.41;1867.20;-979.21;0.00
0.26;10.00;49.68;3974.55;2049.60;-1924.95;0.00
0.29;11.05;41.63;3330.54;2289.30;-1041.24;0.00
0.26;10.26;45.34;3627.34;2061.34;-1566.00;0.00
0.24;9.59;35.53;2842.38;1923.72;-918.66;0.00
0.26;10.04;40.57;3245.99;2082.18;-1163.81;0.00
0.25;10.46;40.98;3278.31;2026.06;-1252.25;0.00
0.25;9.75;37.95;3036.31;1996.66;-1039.65;0.00
0.28;9.70;35.48;2838.07;2171.04;-667.03;0.00
0.24;7.88;42.53;3402.41;1843.43;-1558.98;0.00
0.23;10.82;41.91;3352.80;1904.26;-1448.54;0.00
0.21;11.21;43.38;3470.26;1822.53;-1647.73;0.00
0.23;10.26;45.96;3676.96;1923.87;-1753.10;0.00
0.25;10.62;29.12;2329.95;2027.00;-302.94;0.00
0.25;9.99;47.23;3778.12;2024.57;-1753.54;0.00
0.23;10.73;43.53;3482.68;1937.87;-1544.81;0.00
0.29;9.68;42.38;3390.37;2229.59;-1160.78;0.00
0.21;10.43;37.02;2961.85;1815.10;-1146.75;0.00
0.22;9.99;44.24;3539.04;1825.56;-1713.48;0.00
0.21;9.61;43.65;3491.87;1748.78;-1743.09;0.00
0.28;10.30;33.53;2682.80;2208.08;-474.71;0.00
0.27;10.86;37.27;2981.49;2138.79;-842.70;0.00
0.26;10.93;44.13;3530.26;2091.21;-1439.04;0.00
0.21;11.62;35.00;2800.00;1829.78;-970.23;0.00
0.20;10.99;39.48;3158.77;1784.31;-1374.46;0.00
0.26;10.79;40.74;3258.81;2094.92;-1163.89;0.00
0.22;11.30;31.80;2544.03;1910.97;-633.05;0.00
0.23;10.73;31.30;2503.85;1936.66;-567.19;0.00
0.22;9.91;42.36;3388.87;1838.71;-1550.16;0.00
0.25;8.41;43.74;3499.27;1909.75;-1589.52;0.00
0.23;9.67;40.89;3270.88;1876.04;-1394.84;0.00
0.24;8.78;45.93;3674.11;1889.37;-1784.74;0.00
0.26;9.36;39.77;3181.26;2016.24;-1165.02;0.00
0.21;9.20;43.36;3469.20;1717.77;-1751.43;0.00
0.25;10.40;35.18;2814.58;2032.51;-782.07;0.00
0.24;9.09;43.91;3512.41;1874.06;-1638.35;0.00
0.27;10.77;42.34;3387.01;2185.25;-1201.76;0.00
0.29;9.52;47.00;3760.10;2223.72;-1536.38;0.00
0.24;9.84;43.33;3466.04;1935.57;-1530.46;0.00
0.24;11.79;46.41;3712.52;2017.98;-1694.54;0.00
0.29;9.38;36.82;2945.44;2171.13;-774.31;0.00
0.31;10.64;43.98;3518.05;2357.20;-1160.85;0.00
0.30;11.28;35.01;2800.90;2358.23;-442.67;0.00
0.21;10.76;35.74;2859.40;1777.50;-1081.91;0.00
0.25;11.30;43.91;3512.57;2047.34;-1465.23;0.00
0.27;11.66;47.04;3763.24;2188.79;-1574.46;0.00
0.32;12.14;42.55;3403.67;2497.53;-906.14;0.00
0.26;8.89;41.26;3300.92;1981.31;-1319.61;0.00
0.26;10.25;47.21;3776.99;2079.98;-1697.01;0.00
0.26;10.11;37.39;2990.81;2070.62;-920.19;0.00
0.26;9.33;36.08;2886.62;2022.29;-864.33;0.00
0.26;10.98;43.79;3502.90;2080.77;-1422.13;0.00
0.26;10.84;39.47;3157.22;2119.81;-1037.41;0.00
0.26;10.33;40.95;3276.02;2066.17;-1209.85;0.00
0.20;9.98;44.56;3564.50;1703.92;-1860.59;0.00
0.27;10.80;44.28;3542.72;2164.36;-1378.37;0.00
0.25;10.03;42.01;3360.53;2004.29;-1356.24;0.00
0.22;10.49;42.83;3426.22;1826.80;-1599.41;0.00
0.23;10.49;34.37;2749.29;1931.14;-818.15;0.00
0.20;10.56;48.71;3896.88;1732.92;-2163.97;0.00
0.21;10.05;33.78;2702.12;1768.73;-933.39;0.00
0.25;11.00;39.13;3130.59;2050.86;-1079.73;0.00
0.26;10.13;37.75;3020.27;2073.00;-947.26;0.00
0.26;9.95;35.11;2808.42;2082.05;-726.36;0.00
0.23;9.07;42.03;3362.27;1829.53;-1532.74;0.00
0.26;11.30;40.03;3202.07;2130.13;-1071.94;0.00
0.25;7.96;45.86;3668.55;1891.85;-1776.70;0.00
0.28;9.34;39.59;3167.05;2132.84;-1034.21;0.00
0.23;9.24;41.51;3320.85;1868.82;-1452.03;0.00
0.26;8.78;39.01;3120.97;2019.41;-1101.56;0.00
0.23;9.24;42.51;3400.55;1851.11;-1549.44;0.00
0.24;12.45;39.16;3132.41;2076.16;-1056.26;0.00
0.18;11.68;39.36;3149.19;1680.02;-1469.17;0.00
0.26;9.82;37.91;3032.78;2042.88;-989.90;0.00
0.24;9.80;47.26;3780.66;1943.30;-1837.37;0.00
0.25;8.97;38.38;3070.69;1947.83;-1122.86;0.00
0.24;10.92;39.40;3152.03;2017.92;-1134.10;0.00
0.24;13.40;32.93;2634.64;2148.60;-486.04;0.00
0.23;9.99;40.98;3278.14;1870.52;-1407.63;0.00
0.31;10.20;37.64;3011.13;2353.60;-657.53;0.00
0.23;10.73;44.37;3549.50;1935.85;-1613.64;0.00
0.25;8.44;43.28;3462.10;1935.96;-1526.14;0.00
0.32;9.15;38.84;3107.53;2342.10;-765.43;0.00
0.26;9.82;42.05;3363.76;2061.93;-1301.84;0.00
0.21;9.25;53.05;4244.20;1727.45;-2516.75;0.00
0.30;12.12;46.31;3704.88;2419.11;-1285.77;0.00
0.22;11.87;39.09;3127.08;1910.61;-1216.48;0.00
0.24;10.87;37.33;2986.33;1970.46;-1015.87;0.00
0.26;9.02;49.04;3923.08;1981.13;-1941.95;0.00
0.30;11.19;48.69;3895.06;2353.77;-1541.30;0.00
0.27;10.13;37.97;3037.26;2143.56;-893.70;0.00
0.25;10.61;39.49;3159.05;2058.94;-1100.12;0.00
0.20;10.54;38.35;3067.62;1732.94;-1334.68;0.00
0.25;10.16;43.47;3477.73;1993.45;-1484.28;0.00
0.29;11.25;34.38;2750.75;2307.10;-443.64;0.00
0.22;9.86;37.68;3014.53;1839.03;-1175.50;0.00
0.27;12.95;34.59;2766.81;2269.04;-497.77;0.00
0.24;8.71;43.96;3516.63;1859.00;-1657.63;0.00
0.28;11.52;35.11;2809.06;2281.78;-527.28;0.00
0.25;8.93;38.54;3083.21;1935.97;-1147.23;0.00
0.21;12.45;43.41;3472.63;1892.06;-1580.57;0.00
0.23;10.93;38.37;3069.23;1905.19;-1164.04;0.00
0.26;9.28;42.23;3378.31;2037.29;-1341.02;0.00
0.28;10.89;40.25;3219.86;2248.66;-971.19;0.00
0.22;7.77;42.65;3412.31;1720.16;-1692.15;0.00
0.31;12.26;36.18;2894.70;2463.14;-431.56;0.00
0.28;11.15;38.95;3115.64;2258.48;-857.16;0.00
0.25;9.73;51.42;4113.54;1973.93;-2139.61;0.00
0.32;10.24;45.75;3659.87;2434.58;-1225.29;0.00
0.22;10.42;38.11;3049.09;1863.71;-1185.37;0.00
0.25;9.14;44.61;3569.05;1967.29;-1601.76;0.00
0.23;9.23;33.60;2687.79;1836.84;-850.95;0.00
0.28;10.69;40.77;3261.25;2213.37;-1047.87;0.00
0.25;11.12;44.20;3535.90;2039.95;-1495.95;0.00
0.24;10.81;38.79;3102.85;1961.66;-1141.19;0.00
0.27;10.24;45.60;3648.11;2124.63;-1523.49;0.00
0.21;10.12;41.24;3299.44;1797.84;-1501.60;0.00
0.20;9.70;39.41;3152.64;1716.73;-1435.92;0.00
0.24;11.66;31.15;2492.07;2015.48;-476.59;0.00
0.23;10.34;35.42;2833.57;1906.81;-926.76;0.00
0.19;11.56;34.26;2740.49;1761.09;-979.40;0.00
0.24;10.62;45.57;3645.65;1999.25;-1646.40;0.00
0.22;9.77;38.89;3111.50;1833.82;-1277.68;0.00
0.21;12.02;46.53;3722.57;1885.47;-1837.11;0.00
0.20;8.95;31.50;2520.11;1673.90;-846.21;0.00
0.21;9.57;36.52;2921.35;1742.88;-1178.47;0.00
0.20;8.63;37.90;3032.12;1628.63;-1403.49;0.00
0.27;9.67;37.39;2991.30;2102.86;-888.45;0.00
0.28;7.42;41.93;3354.21;2032.24;-1321.97;0.00
0.31;10.74;39.11;3129.00;2397.45;-731.55;0.00
0.23;10.50;36.20;2896.35;1930.12;-966.24;0.00
0.27;11.75;35.14;2811.10;2200.61;-610.49;0.00
0.28;9.91;42.35;3388.19;2156.61;-1231.58;0.00
0.25;11.08;42.06;3364.47;2084.20;-1280.27;0.00
0.27;10.57;37.18;2974.24;2124.48;-849.76;0.00
0.28;10.24;40.05;3203.94;2176.34;-1027.59;0.00
0.22;9.62;37.11;2968.55;1781.50;-1187.05;0.00
0.27;9.20;38.07;3045.65;2071.93;-973.72;0.00
0.26;11.15;32.85;2628.06;2123.50;-504.55;0.00
0.27;9.78;44.47;3557.43;2105.10;-1452.33;0.00
0.28;9.52;39.98;3198.44;2150.98;-1047.47;0.00
0.29;11.72;42.42;3393.30;2325.38;-1067.92;0.00
0.20;9.73;37.82;3025.66;1716.99;-1308.68;0.00
0.28;10.12;43.87;3509.70;2187.96;-1321.74;0.00
0.24;8.67;32.09;2567.41;1885.29;-682.12;0.00
0.31;8.77;41.82;3345.54;2282.20;-1063.35;0.00
0.25;8.65;43.02;3441.51;1947.61;-1493.90;0.00
0.23;8.42;32.04;2563.40;1820.42;-742.98;0.00
0.25;9.84;47.70;3816.06;2001.91;-1814.15;0.00
0.22;8.95;37.70;3015.91;1768.93;-1246.98;0.00
0.25;10.17;36.60;2927.71;2016.22;-911.50;0.00
0.18;8.00;49.87;3989.65;1483.78;-2505.87;0.00
0.24;10.30;45.59;3647.54;1962.04;-1685.49;0.00
0.22;8.90;47.62;3809.44;1747.69;-2061.75;0.00
0.26;11.18;47.89;3830.94;2129.48;-1701.46;0.00
0.25;11.35;47.29;3783.36;2087.95;-1695.42;0.00
0.25;9.73;45.77;3661.35;1959.12;-1702.23;0.00
0.25;10.52;39.22;3137.30;2007.00;-1130.30;0.00
0.28;10.60;38.25;3060.33;2232.58;-827.76;0.00
0.28;10.00;46.07;3685.82;2157.21;-1528.61;0.00
0.25;8.68;36.72;2937.43;1915.69;-1021.74;0.00
0.26;8.87;37.89;3031.38;1985.11;-1046.26;0.00
0.24;9.45;28.96;2316.44;1901.62;-414.81;0.00
0.25;11.16;47.87;3829.26;2060.69;-1768.57;0.00
0.27;9.22;43.56;3484.64;2075.51;-1409.14;0.00
0.25;11.18;42.20;3375.98;2076.64;-1299.35;0.00
0.26;10.34;42.82;3425.84;2070.52;-1355.32;0.00
0.22;8.58;42.59;3406.96;1736.76;-1670.20;0.00
0.30;10.25;41.29;3302.81;2300.63;-1002.18;0.00
0.26;10.62;35.43;2834.24;2112.31;-721.93;0.00
0.26;8.57;38.59;3087.34;2004.42;-1082.92;0.00
0.21;10.40;39.17;3133.90;1807.11;-1326.79;0.00
0.28;9.49;34.68;2774.42;2127.02;-647.40;0.00
0.30;10.33;41.69;3335.12;2298.68;-1036.44;0.00
0.26;8.58;44.09;3527.36;1989.17;-1538.20;0.00
0.25;9.84;27.91;2232.83;1999.67;-233.17;0.00
0.24;9.71;47.49;3799.42;1930.30;-1869.12;0.00
0.26;7.86;36.60;2928.05;1940.85;-987.20;0.00
0.25;9.16;38.43;3074.15;1970.87;-1103.28;0.00
0.29;10.07;44.08;3526.11;2215.71;-1310.40;0.00
0.22;9.09;43.24;3459.13;1799.61;-1659.52;0.00
0.23;8.25;49.58;3966.09;1777.31;-2188.78;0.00
0.20;9.65;45.93;3674.59;1716.25;-1958.34;0.00
0.25;11.26;36.65;2931.79;2042.59;-889.20;0.00
0.25;11.34;31.71;2536.57;2090.97;-445.60;0.00
0.25;8.95;40.82;3265.23;1950.49;-1314.75;0.00
0.28;11.23;40.34;3226.87;2258.48;-968.39;0.00
0.25;11.58;38.60;3088.38;2089.62;-998.75;0.00
0.23;10.16;37.96;3036.79;1911.65;-1125.14;0.00
0.23;9.23;48.87;3909.89;1845.43;-2064.46;0.00
0.26;10.50;35.06;2805.01;2092.75;-712.25;0.00
0.30;10.82;45.70;3656.26;2320.53;-1335.73;0.00
0.23;9.85;44.60;3567.68;1860.14;-1707.53;0.00
0.25;12.52;43.65;3492.26;2127.39;-1364.88;0.00
0.25;10.05;44.92;3593.99;2009.54;-1584.46;0.00
0.26;10.42;35.49;2839.11;2088.48;-750.64;0.00
0.27;11.41;41.21;3296.48;2194.78;-1101.70;0.00
0.28;11.25;48.30;3863.77;2230.57;-1633.20;0.00
0.24;9.54;31.59;2527.12;1903.85;-623.27;0.00
0.27;11.38;43.52;3481.74;2199.49;-1282.25;0.00
0.25;10.75;31.95;2556.18;2018.30;-537.88;0.00
0.26;9.82;44.05;3524.36;2033.37;-1491.00;0.00
0.22;11.48;40.93;3274.19;1930.61;-1343.58;0.00
0.20;8.97;41.19;3294.87;1670.68;-1624.20;0.00
0.24;10.21;52.31;4185.00;1963.48;-2221.52;0.00
0.25;9.62;35.78;2862.06;1956.21;-905.85;0.00
0.26;9.79;45.71;3657.02;2030.44;-1626.58;0.00
0.25;11.65;42.28;3382.13;2079.46;-1302.67;0.00
0.27;9.60;37.37;2989.49;2074.17;-915.31;0.00
0.28;13.21;39.16;3132.51;2328.36;-804.15;0.00
0.26;10.31;42.16;3373.09;2083.17;-1289.93;0.00
0.23;9.76;45.16;3612.40;1846.26;-1766.15;0.00
0.29;10.65;43.41;3472.73;2265.73;-1207.00;0.00
0.24;10.03;42.40;3391.79;1945.46;-1446.33;0.00
0.23;9.71;38.67;3093.24;1888.70;-1204.54;0.00
0.28;10.81;43.02;3441.97;2221.34;-1220.63;0.00
0.23;10.18;42.23;3378.58;1876.35;-1502.23;0.00
0.29;8.73;37.01;2960.63;2137.02;-823.61;0.00
0.22;9.67;43.05;3443.82;1817.78;-1626.04;0.00
0.24;8.87;47.99;3839.26;1900.09;-1939.17;0.00
0.29;10.06;36.71;2936.88;2211.58;-725.30;0.00
0.24;10.71;39.08;3126.49;1952.71;-1173.77;0.00
0.25;9.63;39.34;3147.37;1964.16;-1183.21;0.00
0.27;11.00;40.97;3277.20;2159.06;-1118.14;0.00
0.21;9.68;41.08;3286.72;1743.49;-1543.22;0.00
0.29;9.15;28.39;2270.81;2213.04;-57.77;0.00
0.23;11.08;46.57;3725.29;1952.18;-1773.11;0.00
0.25;10.56;38.90;3112.38;2034.21;-1078.17;0.00
0.27;11.40;39.81;3184.49;2217.48;-967.01;0.00
0.24;10.60;46.52;3721.57;1988.52;-1733.06;0.00
0.25;8.55;38.59;3087.31;1943.94;-1143.37;0.00
0.27;9.25;38.23;3058.72;2102.24;-956.48;0.00
0.26;9.53;35.45;2836.23;2009.36;-826.87;0.00
0.27;7.99;36.80;2943.64;2003.34;-940.30;0.00
0.24;10.98;44.25;3540.02;1991.85;-1548.17;0.00
0.27;8.83;39.93;3194.76;2069.93;-1124.83;0.00
0.25;10.82;38.20;3056.25;2059.03;-997.21;0.00
0.26;9.22;35.17;2813.51;2016.64;-796.87;0.00
0.30;11.41;38.00;3040.35;2381.06;-659.29;0.00
0.24;8.61;44.29;3543.17;1880.23;-1662.93;0.00
0.24;10.47;42.69;3414.94;1936.36;-1478.59;0.00
0.24;11.09;35.93;2874.55;2016.67;-857.88;0.00
0.26;10.39;41.62;3329.20;2076.92;-1252.28;0.00
0.26;10.93;41.19;3295.43;2111.48;-1183.95;0.00
0.25;9.06;42.82;3425.87;1958.64;-1467.23;0.00
0.25;10.43;41.99;3359.45;2039.11;-1320.34;0.00
0.30;9.45;46.15;3691.72;2284.82;-1406.89;0.00
0.31;9.28;40.02;3201.64;2288.74;-912.90;0.00
0.23;9.39;41.64;3331.59;1844.04;-1487.55;0.00
0.27;9.65;38.24;3058.96;2108.64;-950.31;0.00
0.22;11.75;46.53;3722.62;1920.72;-1801.90;0.00
0.31;9.58;44.57;3565.31;2340.27;-1225.05;0.00
0.23;8.57;34.86;2788.80;1821.71;-967.08;0.00
0.23;8.56;40.35;3228.12;1826.34;-1401.78;0.00
0.23;10.24;44.96;3597.01;1874.38;-1722.63;0.00
0.24;11.92;27.41;2192.95;2061.15;-131.80;0.00
0.24;9.88;40.11;3208.63;1947.57;-1261.06;0.00
0.26;9.23;36.37;2909.61;2032.12;-877.48;0.00
0.26;8.72;33.24;2659.02;1995.12;-663.89;0.00
0.26;12.25;41.57;3325.55;2182.12;-1143.43;0.00
0.23;8.51;38.38;3070.27;1774.59;-1295.68;0.00
0.23;9.51;42.22;3377.50;1859.05;-1518.45;0.00
0.20;10.48;48.12;3849.95;1742.38;-2107.57;0.00
0.27;8.41;39.70;3175.81;2036.54;-1139.27;0.00
0.23;12.23;34.86;2788.85;2014.90;-773.94;0.00
0.26;10.03;49.35;3947.95;2086.43;-1861.53;0.00
0.23;10.59;43.39;3471.34;1922.06;-1549.28;0.00
0.18;10.10;42.33;3386.77;1569.59;-1817.18;0.00
0.27;10.17;39.29;3142.97;2141.41;-1001.56;0.00
0.28;11.53;43.44;3475.60;2262.98;-1212.62;0.00
0.26;10.46;38.82;3105.21;2064.34;-1040.87;0.00
0.20;10.93;51.96;4156.71;1757.67;-2399.04;0.00
0.27;8.08;38.15;3052.01;1995.70;-1056.31;0.00
0.24;11.32;43.81;3504.51;2035.52;-1469.00;0.00
0.25;10.99;37.38;2990.66;2049.15;-941.51;0.00
0.25;9.75;37.26;2981.12;1958.37;-1022.75;0.00
0.28;10.76;30.77;2461.27;2223.71;-237.56;0.00
0.30;11.04;43.90;3512.18;2355.54;-1156.64;0.00
0.23;9.24;36.05;2884.08;1822.74;-1061.33;0.00
0.25;10.98;41.83;3346.52;2056.73;-1289.79;0.00
0.30;9.96;43.69;3494.86;2264.67;-1230.19;0.00
0.21;8.47;46.28;3702.57;1708.69;-1993.88;0.00
0.27;9.38;37.93;3034.28;2067.12;-967.17;0.00
0.25;9.53;32.34;2587.39;1971.27;-616.12;0.00
0.32;10.72;44.49;3558.93;2421.49;-1137.45;0.00
0.24;9.47;35.75;2860.16;1906.18;-953.98;0.00
0.26;10.75;35.56;2844.70;2070.83;-773.87;0.00
0.21;11.18;29.08;2326.32;1822.11;-504.21;0.00
0.22;10.94;43.19;3455.49;1888.68;-1566.81;0.00
0.25;11.19;36.66;2932.69;2038.36;-894.33;0.00
0.25;9.27;41.99;3358.88;1930.99;-1427.90;0.00
0.26;9.95;42.26;3380.62;2058.06;-1322.57;0.00
0.26;10.20;46.32;3705.21;2043.25;-1661.97;0.00
0.23;10.70;37.67;3013.99;1936.28;-1077.71;0.00
0.23;9.86;37.56;3004.71;1853.32;-1151.39;0.00
0.23;9.86;40.20;3216.19;1861.65;-1354.54;0.00
0.26;9.46;38.55;3084.15;2048.85;-1035.30;0.00
0.25;9.62;46.11;3688.70;1990.74;-1697.95;0.00
0.24;10.46;40.47;3237.28;1941.26;-1296.03;0.00
0.23;9.03;37.65;3012.01;1809.81;-1202.20;0.00
0.21;10.52;42.65;3411.99;1784.18;-1627.81;0.00
0.31;10.23;33.73;2698.16;2343.83;-354.33;0.00
0.19;7.63;49.40;3952.10;1541.55;-2410.54;0.00
0.26;10.69;34.89;2790.98;2112.42;-678.57;0.00
0.23;12.90;39.91;3192.87;2051.99;-1140.88;0.00
0.28;9.13;37.54;3002.83;2137.47;-865.36;0.00
0.27;11.70;38.64;3091.09;2200.47;-890.62;0.00
0.25;11.73;41.43;3314.18;2073.46;-1240.72;0.00
0.27;9.08;43.94;3515.30;2079.74;-1435.56;0.00
0.24;9.57;46.71;3736.50;1920.31;-1816.20;0.00
0.28;10.30;37.52;3001.59;2216.12;-785.47;0.00
0.23;11.10;39.16;3132.75;1938.08;-1194.67;0.00
0.26;9.03;38.09;3046.93;2028.90;-1018.03;0.00
0.25;9.25;33.96;2717.17;1931.77;-785.40;0.00
0.21;9.57;42.03;3362.16;1756.00;-1606.16;0.00
0.29;10.41;36.51;2920.74;2257.52;-663.22;0.00
0.23;9.96;38.12;3049.76;1901.69;-1148.07;0.00
0.25;8.82;50.94;4075.38;1933.09;-2142.29;0.00
0.26;9.60;47.38;3790.79;2047.09;-1743.71;0.00
0.24;10.51;34.85;2787.83;1938.33;-849.50;0.00
0.23;9.77;40.74;3259.12;1844.66;-1414.45;0.00
0.23;10.31;38.73;3098.35;1893.31;-1205.05;0.00
0.26;8.42;38.08;3046.58;1964.07;-1082.52;0.00
0.28;8.50;30.13;2410.57;2092.61;-317.96;0.00
0.29;9.99;44.81;3585.17;2226.05;-1359.13;0.00
0.22;9.01;45.53;3642.01;1775.16;-1866.85;0.00
0.25;8.78;36.21;2896.96;1914.61;-982.35;0.00
0.25;9.70;38.23;3058.36;1982.75;-1075.61;0.00
0.22;11.87;40.86;3269.13;1946.45;-1322.68;0.00
0.25;11.13;41.26;3300.56;2031.22;-1269.34;0.00
0.29;9.82;40.67;3253.87;2248.21;-1005.66;0.00
0.26;10.35;40.23;3218.36;2098.26;-1120.10;0.00
0.27;10.05;33.66;2693.08;2090.09;-602.99;0.00
0.23;10.64;34.85;2787.77;1919.26;-868.51;0.00
0.25;12.08;48.82;3905.33;2097.29;-1808.04;0.00
0.24;10.73;43.18;3454.42;1955.88;-1498.54;0.00
0.22;10.25;34.65;2772.25;1816.19;-956.05;0.00
0.25;9.78;38.77;3101.49;1997.30;-1104.19;0.00
0.27;9.19;43.89;3511.12;2091.81;-1419.30;0.00
0.23;10.09;42.61;3408.41;1879.38;-1529.03;0.00
0.26;9.50;38.44;3075.02;2017.48;-1057.53;0.00
0.24;10.80;39.28;3142.31;1985.75;-1156.55;0.00
0.25;12.03;37.77;3021.71;2104.43;-917.28;0.00
0.26;8.86;36.83;2946.44;2006.39;-940.05;0.00
0.23;9.15;30.17;2413.82;1854.42;-559.40;0.00
0.29;9.69;43.02;3441.58;2211.97;-1229.60;0.00
0.22;10.51;33.34;2667.21;1863.14;-804.07;0.00
0.30;9.22;45.27;3621.32;2258.38;-1362.94;0.00
0.26;10.74;42.17;3373.90;2081.69;-1292.20;0.00
0.28;8.44;45.58;3646.00;2091.80;-1554.20;0.00
0.28;9.78;38.96;3116.94;2189.05;-927.89;0.00
0.25;10.09;37.76;3020.88;1985.44;-1035.44;0.00
0.25;10.50;46.51;3720.44;2013.96;-1706.48;0.00
0.29;9.63;35.38;2830.16;2187.32;-642.84;0.00
0.24;10.86;35.94;2874.89;1961.73;-913.15;0.00
0.20;8.88;42.42;3393.68;1627.59;-1766.09;0.00
0.25;9.91;36.85;2947.82;2004.36;-943.46;0.00
0.28;10.14;46.06;3685.01;2153.01;-1532.00;0.00
0.24;10.41;38.77;3101.91;1954.84;-1147.06;0.00
0.29;11.30;41.12;3289.21;2288.76;-1000.44;0.00
0.28;8.29;34.14;2730.92;2078.58;-652.34;0.00
0.21;8.48;43.58;3486.77;1674.71;-1812.05;0.00
0.23;6.70;39.10;3128.09;1696.10;-1431.99;0.00
0.26;10.30;36.39;2910.96;2078.86;-832.11;0.00
0.20;10.33;40.03;3202.01;1748.02;-1453.99;0.00
0.29;8.91;36.36;2908.82;2148.82;-760.01;0.00
0.27;12.49;41.64;3330.98;2246.19;-1084.79;0.00
0.25;10.97;43.63;3490.23;2021.42;-1468.81;0.00
0.26;8.72;42.95;3436.08;2005.12;-1430.96;0.00
0.24;10.80;34.62;2769.82;1990.03;-779.79;0.00
0.25;9.28;40.99;3279.26;1976.79;-1302.47;0.00
0.28;12.73;33.52;2681.85;2325.23;-356.62;0.00
0.26;10.65;44.45;3555.68;2085.57;-1470.11;0.00
0.22;10.52;37.62;3009.78;1848.62;-1161.16;0.00
0.28;10.35;42.58;3406.73;2179.95;-1226.78;0.00
0.26;10.50;36.41;2912.80;2055.71;-857.08;0.00
0.26;9.59;36.55;2924.14;2046.16;-877.98;0.00
0.24;10.99;37.92;3033.78;1965.78;-1068.00;0.00
0.30;10.86;42.24;3379.53;2344.24;-1035.29;0.00
0.27;8.53;43.46;3476.61;2039.80;-1436.81;0.00
0.26;11.48;39.75;3180.11;2125.13;-1054.98;0.00
0.24;11.44;37.87;3029.41;2036.66;-992.76;0.00
0.24;9.75;34.14;2731.29;1937.32;-793.97;0.00
0.26;8.38;54.11;4328.66;1976.56;-2352.10;0.00
0.25;9.29;40.28;3222.40;1987.24;-1235.16;0.00
0.24;10.34;38.66;3093.00;1971.38;-1121.62;0.00
0.23;9.97;42.84;3427.05;1892.77;-1534.28;0.00
0.22;10.35;38.18;3054.74;1842.02;-1212.72;0.00
0.26;9.54;40.80;3263.81;2044.32;-1219.49;0.00
0.26;12.13;41.09;3287.48;2145.83;-1141.65;0.00
0.28;11.12;44.74;3579.22;2215.00;-1364.22;0.00
0.21;11.17;39.11;3128.62;1798.58;-1330.04;0.00
0.24;10.84;44.22;3537.28;2013.58;-1523.70;0.00
0.23;9.27;30.41;2432.83;1847.70;-585.13;0.00
0.28;11.19;41.24;3299.14;2251.67;-1047.47;0.00
0.21;9.55;48.38;3870.24;1726.15;-2144.08;0.00
0.30;10.25;41.89;3351.26;2315.98;-1035.29;0.00
0.23;11.63;40.56;3244.52;1973.67;-1270.85;0.00
0.26;10.86;41.93;3354.03;2127.27;-1226.76;0.00
0.23;9.54;35.85;2867.82;1866.63;-1001.19;0.00
0.23;10.81;43.97;3517.59;1953.10;-1564.49;0.00
0.25;8.47;44.52;3561.86;1904.72;-1657.14;0.00
0.23;9.85;35.57;2845.71;1887.59;-958.12;0.00
0.24;10.69;36.86;2949.02;1998.42;-950.60;0.00
0.28;8.92;42.70;3415.61;2087.60;-1328.01;0.00
0.21;10.88;42.86;3429.06;1811.90;-1617.16;0.00
0.26;10.41;35.05;2804.27;2093.94;-710.33;0.00
0.27;11.79;30.70;2456.25;2217.22;-239.03;0.00
0.26;12.16;41.04;3282.93;2198.59;-1084.34;0.00
0.25;9.15;43.53;3482.51;1926.18;-1556.33;0.00
0.27;10.98;52.11;4168.81;2142.92;-2025.89;0.00
0.22;11.53;47.12;3769.66;1887.00;-1882.66;0.00
0.28;9.89;44.91;3592.89;2170.78;-1422.11;0.00
0.27;8.35;33.10;2647.78;1999.66;-648.12;0.00
0.26;8.97;36.69;2935.21;1976.35;-958.85;0.00
0.24;9.73;35.46;2836.95;1951.50;-885.45;0.00
0.23;9.83;34.02;2721.42;1869.39;-852.03;0.00
0.22;8.42;45.54;3643.26;1761.42;-1881.84;0.00
0.22;8.98;42.66;3412.91;1794.66;-1618.25;0.00
0.26;11.73;38.66;3092.76;2171.86;-920.90;0.00
0.28;10.41;45.90;3671.80;2189.66;-1482.13;0.00
0.23;10.51;42.38;3390.45;1928.47;-1461.98;0.00
0.23;11.01;32.24;2578.91;1948.89;-630.02;0.00
0.26;9.93;37.27;2981.26;2033.64;-947.63;0.00
0.27;8.91;39.36;3148.42;2056.56;-1091.86;0.00
0.19;9.84;37.64;3011.47;1651.20;-1360.27;0.00
0.24;13.81;30.81;2464.50;2164.40;-300.10;0.00
0.23;9.25;31.02;2481.58;1862.56;-619.02;0.00
0.28;10.29;39.86;3188.75;2162.17;-1026.58;0.00
0.24;10.97;37.34;2987.28;1966.35;-1020.93;0.00
0.26;9.16;45.18;3614.65;2027.30;-1587.35;0.00
0.24;9.55;48.02;3841.84;1907.00;-1934.84;0.00
0.25;10.49;44.68;3574.05;2005.83;-1568.22;0.00
0.24;10.37;41.94;3354.93;1932.75;-1422.18;0.00
0.23;10.92;41.26;3301.05;1911.91;-1389.14;0.00
0.23;7.92;38.42;3073.24;1759.23;-1314.01;0.00
0.26;8.78;35.86;2869.17;2009.47;-859.69;0.00
0.27;11.19;41.01;3280.69;2191.75;-1088.95;0.00
0.28;10.73;41.39;3310.98;2196.64;-1114.34;0.00
0.26;10.35;40.38;3230.46;2071.62;-1158.84;0.00
0.31;10.03;41.10;3288.21;2341.61;-946.60;0.00
0.27;9.82;34.74;2779.14;2098.65;-680.50;0.00
0.29;10.62;35.21;2816.69;2254.74;-561.95;0.00
0.27;9.93;40.63;3250.52;2109.36;-1141.16;0.00
0.24;9.56;36.75;2939.82;1905.08;-1034.73;0.00
0.21;9.99;45.36;3628.78;1752.94;-1875.84;0.00
0.24;12.32;41.94;3355.47;2062.36;-1293.11;0.00
0.27;11.20;51.07;4085.36;2164.48;-1920.87;0.00
0.25;8.68;36.44;2914.87;1925.97;-988.90;0.00
0.29;9.94;38.85;3107.88;2201.91;-905.96;0.00
0.31;12.71;41.17;3293.95;2499.07;-794.87;0.00
0.22;9.60;37.45;2995.96;1787.63;-1208.34;0.00
0.28;8.78;45.30;3624.35;2120.71;-1503.65;0.00
0.28;8.97;46.59;3727.50;2138.85;-1588.64;0.00
0.22;10.33;39.32;3145.93;1855.79;-1290.13;0.00
0.24;8.82;45.52;3641.60;1876.55;-1765.05;0.00
0.21;10.84;34.03;2722.42;1787.49;-934.92;0.00
0.24;11.81;41.78;3342.56;2036.13;-1306.43;0.00
0.27;11.69;46.25;3699.60;2207.10;-1492.50;0.00
0.27;10.28;38.79;3102.91;2125.53;-977.38;0.00
0.25;10.77;47.44;3795.27;2067.58;-1727.69;0.00
0.24;10.83;43.47;3477.71;1969.23;-1508.48;0.00
0.22;10.14;43.77;3501.40;1824.33;-1677.08;0.00
0.25;10.28;52.58;4206.56;2031.84;-2174.73;0.00
0.25;12.44;40.43;3234.68;2116.77;-1117.91;0.00
0.29;11.70;38.66;3092.91;2352.00;-740.91;0.00
0.23;9.71;42.79;3422.93;1848.41;-1574.53;0.00
0.21;10.96;45.89;3671.51;1801.10;-1870.42;0.00
0.24;11.06;40.58;3246.80;1996.44;-1250.35;0.00
0.30;10.73;39.58;3166.58;2337.06;-829.53;0.00
0.24;11.17;34.45;2756.30;2017.38;-738.92;0.00
0.27;9.76;43.07;3445.48;2109.61;-1335.87;0.00
0.23;8.59;37.94;3034.97;1810.28;-1224.69;0.00
0.28;9.83;32.83;2626.57;2163.70;-462.87;0.00
0.27;9.88;46.46;3716.81;2118.74;-1598.07;0.00
0.22;9.01;36.43;2914.02;1784.29;-1129.73;0.00
0.28;9.96;39.86;3188.91;2199.71;-989.19;0.00
0.24;8.97;36.19;2895.40;1905.35;-990.05;0.00
0.26;11.22;41.76;3341.16;2139.61;-1201.56;0.00
0.22;12.49;35.12;2809.75;1971.80;-837.94;0.00
0.26;9.82;40.65;3252.40;2046.64;-1205.76;0.00
0.23;8.53;42.32;3385.87;1818.66;-1567.22;0.00
0.24;10.46;32.36;2589.01;1967.58;-621.44;0.00
0.28;8.89;41.39;3311.05;2112.80;-1198.25;0.00
0.26;12.55;36.93;2954.16;2212.55;-741.62;0.00
0.24;9.55;39.40;3152.23;1899.10;-1253.12;0.00
0.29;10.13;41.04;3283.30;2241.47;-1041.83;0.00
0.26;9.76;31.20;2495.90;2028.42;-467.48;0.00
0.20;8.83;38.92;3113.74;1648.73;-1465.01;0.00
0.25;10.37;38.12;3049.96;2042.74;-1007.22;0.00
0.26;9.34;42.18;3374.06;2027.56;-1346.50;0.00
0.30;10.41;40.16;3213.08;2335.41;-877.67;0.00
0.20;9.41;38.82;3105.28;1686.70;-1418.58;0.00
0.30;8.51;39.58;3166.23;2194.54;-971.69;0.00
0.24;10.88;39.51;3160.91;2007.23;-1153.68;0.00
0.26;7.36;40.92;3273.49;1894.25;-1379.24;0.00
0.26;10.55;45.76;3661.13;2092.83;-1568.30;0.00
0.25;9.66;34.93;2794.76;2001.73;-793.04;0.00
0.25;8.97;42.16;3372.80;1918.51;-1454.29;0.00
0.26;9.76;36.25;2899.74;2051.30;-848.45;0.00
0.23;11.40;33.85;2708.12;1936.74;-771.38;0.00
0.25;11.43;46.68;3734.23;2103.86;-1630.37;0.00
0.23;10.27;35.41;2832.91;1897.27;-935.64;0.00
0.23;11.90;43.73;3498.39;2006.82;-1491.57;0.00
0.27;10.06;38.77;3101.50;2133.23;-968.27;0.00
0.27;9.68;40.01;3200.58;2087.06;-1113.52;0.00
0.27;11.20;40.33;3226.73;2188.07;-1038.66;0.00
0.21;10.16;46.48;3718.40;1780.99;-1937.41;0.00
0.26;14.01;44.95;3596.24;2296.80;-1299.45;0.00
0.25;10.89;40.06;3205.20;2035.40;-1169.80;0.00
0.22;9.71;32.86;2628.71;1794.16;-834.55;0.00
0.22;10.82;38.57;3085.58;1865.14;-1220.44;0.00
0.25;11.05;39.24;3139.20;2049.61;-1089.60;0.00
0.27;10.51;38.97;3117.53;2119.36;-998.17;0.00
0.29;11.31;44.39;3551.47;2299.28;-1252.19;0.00
0.26;6.47;38.19;3055.14;1853.71;-1201.43;0.00
0.26;10.86;52.92;4233.63;2075.64;-2157.99;0.00
0.25;10.65;41.89;3351.47;2013.78;-1337.68;0.00
0.27;9.49;30.47;2437.48;2073.48;-364.00;0.00
0.21;12.24;44.61;3569.04;1894.16;-1674.88;0.00
0.23;10.00;35.34;2827.08;1897.50;-929.58;0.00
0.25;9.86;38.60;3087.65;2009.35;-1078.30;0.00
0.25;11.48;46.14;3691.36;2066.12;-1625.25;0.00
0.24;9.28;32.33;2586.29;1878.44;-707.85;0.00
0.26;10.57;39.30;3144.23;2107.81;-1036.41;0.00
0.28;9.48;40.48;3238.53;2131.00;-1107.53;0.00
0.22;12.28;40.14;3210.99;1942.22;-1268.78;0.00
0.20;10.39;40.87;3269.49;1707.84;-1561.65;0.00
0.24;11.78;38.54;3082.89;2039.69;-1043.20;0.00
0.25;10.30;58.30;4664.19;2009.34;-2654.85;0.00
0.28;10.75;32.68;2614.50;2200.76;-413.74;0.00
0.27;8.17;38.46;3077.17;2037.65;-1039.52;0.00
0.28;9.59;45.57;3645.71;2173.27;-1472.44;0.00
0.23;8.20;41.38;3310.50;1770.84;-1539.67;0.00
0.30;10.82;36.17;2893.81;2334.67;-559.13;0.00
0.24;9.39;49.11;3928.75;1928.36;-2000.39;0.00
0.26;9.83;46.54;3723.23;2023.63;-1699.60;0.00
0.23;10.39;43.31;3464.86;1879.80;-1585.06;0.00
0.25;9.11;48.24;3859.20;1935.48;-1923.72;0.00
0.24;10.39;38.72;3097.87;1958.46;-1139.40;0.00
0.26;11.01;38.05;3043.98;2111.24;-932.74;0.00
0.24;11.48;39.91;3192.48;2002.78;-1189.70;0.00
0.25;9.88;39.34;3146.84;2008.54;-1138.31;0.00
0.22;11.37;39.09;3127.03;1890.32;-1236.71;0.00
0.23;9.68;46.03;3682.43;1855.39;-1827.04;0.00
0.24;10.30;40.58;3246.49;1971.08;-1275.41;0.00
0.25;11.16;44.68;3574.28;2042.43;-1531.85;0.00
0.21;9.88;42.15;3372.02;1778.57;-1593.45;0.00
0.28;8.27;35.13;2810.54;2093.47;-717.07;0.00
0.21;10.99;44.82;3585.77;1790.82;-1794.95;0.00
0.30;8.72;46.77;3741.72;2247.47;-1494.25;0.00
0.20;8.34;33.81;2704.70;1594.74;-1109.96;0.00
0.29;9.10;43.82;3505.62;2199.47;-1306.15;0.00
0.22;10.34;44.79;3583.21;1853.58;-1729.63;0.00
0.23;9.50;43.10;3448.25;1829.90;-1618.35;0.00
0.25;8.72;40.12;3209.95;1915.71;-1294.24;0.00
0.27;11.68;39.22;3137.52;2190.52;-947.00;0.00
0.24;10.63;36.44;2915.60;1996.32;-919.28;0.00
0.28;11.50;40.54;3243.38;2270.11;-973.27;0.00
0.24;10.47;37.77;3021.40;1941.87;-1079.53;0.00
0.23;9.41;43.15;3451.98;1855.96;-1596.02;0.00
0.25;10.96;35.00;2800.14;2021.65;-778.49;0.00
0.25;8.94;40.51;3240.50;1922.39;-1318.11;0.00
0.18;8.56;48.98;3918.34;1515.05;-2403.29;0.00
0.25;10.73;44.65;3571.95;2021.65;-1550.30;0.00
0.27;10.48;33.52;2681.69;2146.80;-534.89;0.00
0.26;9.41;41.20;3296.25;2047.94;-1248.31;0.00
0.27;10.17;40.77;3261.49;2107.33;-1154.16;0.00
0.28;11.15;44.92;3593.67;2239.19;-1354.47;0.00
0.26;9.09;44.22;3537.21;2020.53;-1516.68;0.00
0.27;11.13;36.56;2924.47;2170.19;-754.28;0.00
0.27;11.80;33.43;2674.72;2190.85;-483.88;0.00
0.26;10.61;38.29;3062.85;2076.55;-986.30;0.00
0.26;10.58;47.61;3808.74;2076.80;-1731.94;0.00
0.20;6.62;41.43;3314.49;1516.57;-1797.91;0.00
0.25;11.48;38.19;3055.51;2061.13;-994.37;0.00
0.25;10.31;42.20;3375.84;1990.55;-1385.29;0.00
0.24;9.79;49.02;3921.59;1952.69;-1968.90;0.00
0.26;9.05;38.73;3098.42;2005.75;-1092.67;0.00
0.28;11.15;36.60;2928.09;2210.27;-717.81;0.00
0.22;9.51;34.39;2750.93;1793.83;-957.10;0.00
0.29;9.42;48.28;3862.73;2206.14;-1656.59;0.00
0.20;10.29;39.52;3161.51;1706.45;-1455.06;0.00
0.23;8.35;44.86;3588.91;1774.28;-1814.63;0.00
0.27;9.47;37.16;2972.85;2086.86;-885.99;0.00
0.28;8.35;41.39;3311.24;2083.75;-1227.49;0.00
0.25;9.99;37.50;2999.74;1989.44;-1010.30;0.00
0.28;12.68;48.15;3851.84;2326.62;-1525.22;0.00
0.27;10.65;40.77;3261.89;2135.49;-1126.41;0.00
0.29;11.53;43.15;3452.13;2299.15;-1152.98;0.00
0.28;8.84;35.38;2830.66;2122.82;-707.84;0.00
0.21;10.54;39.50;3160.02;1785.42;-1374.60;0.00
0.26;10.44;39.29;3143.12;2057.60;-1085.52;0.00
0.26;8.34;38.31;3064.77;1991.16;-1073.61;0.00
0.28;11.35;45.65;3651.87;2243.82;-1408.05;0.00
0.21;11.52;39.52;3161.27;1839.41;-1321.85;0.00
0.28;11.09;40.63;3250.51;2221.52;-1028.99;0.00
0.23;9.30;35.03;2802.52;1818.81;-983.70;0.00
0.25;9.13;37.13;2970.25;1923.27;-1046.98;0.00
0.21;10.14;43.39;3471.01;1759.69;-1711.32;0.00
0.29;9.55;35.56;2844.78;2181.50;-663.28;0.00
0.28;10.08;42.33;3386.60;2158.00;-1228.60;0.00
0.16;11.52;41.97;3357.48;1577.11;-1780.38;0.00
0.28;10.23;39.37;3149.38;2198.79;-950.59;0.00
0.28;10.76;40.44;3235.16;2200.54;-1034.62;0.00
0.25;8.80;46.53;3722.68;1934.02;-1788.66;0.00
0.23;8.08;43.78;3502.52;1795.62;-1706.90;0.00
0.30;10.59;42.60;3408.38;2328.32;-1080.06;0.00
0.23;9.26;36.48;2918.66;1819.68;-1098.98;0.00
0.25;10.15;45.06;3604.96;2015.52;-1589.44;0.00
0.24;10.29;34.56;2764.86;1930.26;-834.60;0.00
0.23;10.61;43.88;3510.39;1917.01;-1593.38;0.00
0.25;9.88;40.03;3202.00;1979.06;-1222.94;0.00
0.29;8.48;36.04;2883.10;2128.00;-755.11;0.00
0.25;8.39;40.14;3210.89;1895.60;-1315.28;0.00
0.24;10.08;42.71;3417.16;1919.87;-1497.30;0.00
0.23;9.66;38.82;3105.44;1876.33;-1229.12;0.00
0.26;8.97;44.68;3574.65;2018.55;-1556.10;0.00
0.29;9.86;52.50;4199.65;2196.89;-2002.76;0.00
0.27;9.07;37.59;3007.41;2044.09;-963.32;0.00
0.19;11.15;33.95;2716.37;1706.60;-1009.77;0.00
0.29;11.00;40.92;3273.68;2283.10;-990.58;0.00
0.22;10.66;35.24;2819.37;1862.82;-956.55;0.00
0.29;10.46;43.44;3475.20;2231.01;-1244.19;0.00
0.26;9.79;43.62;3489.78;2015.93;-1473.84;0.00
0.26;9.66;34.24;2739.12;2065.36;-673.77;0.00
0.27;8.82;42.97;3437.92;2063.40;-1374.53;0.00
0.23;11.53;34.83;2786.51;1979.02;-807.50;0.00
0.26;9.95;40.43;3234.24;2031.33;-1202.91;0.00
0.23;10.82;43.44;3474.98;1941.70;-1533.28;0.00
0.23;8.43;42.00;3359.69;1787.95;-1571.74;0.00
