# X_0;X_1;X_2;R_0;S_0;G_0;I_0
0.27;10.74;45.72;3657.70;2148.73;-1508.97;0.00
0.23;12.18;41.95;3355.62;2008.94;-1346.68;0.00
0.27;9.99;41.58;3326.22;2093.05;-1233.17;0.00
0.25;11.12;44.42;3553.91;2044.41;-1509.50;0.00
0.26;13.98;36.59;2927.05;2252.87;-674.18;0.00
0.29;10.38;35.13;2810.29;2280.64;-529.66;0.00
0.24;7.96;40.71;3256.45;1847.98;-1408.46;0.00
0.24;9.73;35.71;2856.98;1936.21;-920.77;0.00
0.22;10.52;46.75;3740.36;1840.89;-1899.47;0.00
0.27;10.83;39.72;3177.74;2155.70;-1022.05;0.00
0.23;10.95;41.98;3358.23;1955.53;-1402.70;0.00
0.27;10.35;36.96;2957.01;2154.97;-802.04;0.00
0.25;11.30;48.43;3874.80;2048.91;-1825.89;0.00
0.23;9.79;36.06;2885.09;1847.60;-1037.49;0.00
0.20;12.27;35.91;2872.66;1853.94;-1018.72;0.00
0.25;8.85;37.80;3023.68;1949.14;-1074.54;0.00
0.24;10.28;35.11;2809.06;1931.44;-877.62;0.00
0.16;10.23;29.61;2368.45;1512.85;-855.60;0.00
0.28;11.10;52.94;4235.12;2251.24;-1983.88;0.00
0.28;9.18;43.79;3503.18;2108.93;-1394.25;0.00
0.27;9.92;32.95;2635.78;2116.68;-519.10;0.00
0.28;12.13;46.28;3702.70;2287.68;-1415.02;0.00
0.28;8.68;37.33;2986.62;2075.23;-911.40;0.00
0.25;9.92;46.49;3719.46;1972.79;-1746.67;0.00
0.24;11.65;36.31;2904.90;2008.70;-896.20;0.00
0.27;9.95;48.00;3839.88;2133.19;-1706.69;0.00
0.27;9.37;44.29;3543.59;2098.67;-1444.92;0.00
0.19;9.81;39.20;3135.78;1652.27;-1483.50;0.00
0.19;9.34;43.93;3514.38;1628.73;-1885.65;0.00
0.21;9.90;43.85;3507.85;1760.81;-1747.03;0.00
0.27;9.32;38.87;3109.35;2054.60;-1054.75;0.00
0.26;9.71;36.34;2907.43;2037.89;-869.54;0.00
0.26;10.55;40.08;3206.78;2064.38;-1142.40;0.00
0.24;10.39;39.49;3159.53;1947.12;-1212.41;0.00
0.26;10.92;41.17;3293.91;2134.83;-1159.08;0.00
0.25;11.80;40.75;3260.32;2069.56;-1190.76;0.00
0.23;9.01;32.97;2637.71;1815.07;-822.64;0.00
0.24;11.19;43.15;3452.12;2009.83;-1442.29;0.00
0.22;9.84;29.53;2362.78;1840.82;-521.96;0.00
0.27;8.99;40.01;3201.08;2041.68;-1159.41;0.00
0.28;10.75;48.69;3895.10;2207.12;-1687.98;0.00
0.25;10.44;40.09;3207.33;2014.42;-1192.91;0.00
0.23;9.12;42.61;3408.41;1830.90;-1577.51;0.00
0.22;10.55;37.37;2989.93;1825.42;-1164.51;0.00
0.25;12.42;35.77;2861.92;2150.31;-711.60;0.00
0.22;10.41;42.92;3433.76;1843.13;-1590.63;0.00
0.24;9.97;38.86;3108.89;1957.35;-1151.54;0.00
0.25;9.29;40.84;3267.18;1955.07;-1312.11;0.00
0.24;9.65;45.38;3630.42;1910.50;-1719.93;0.00
0.25;10.94;42.34;3387.53;2055.34;-1332.19;0.00
0.28;10.18;44.18;3534.15;2179.88;-1354.27;0.00
0.22;12.28;40.86;3269.15;1967.04;-1302.11;0.00
0.25;10.39;40.58;3246.45;2003.95;-1242.50;0.00
0.26;11.12;31.73;2538.58;2108.64;-429.94;0.00
0.19;11.40;43.30;3463.87;1731.76;-1732.11;0.00
0.25;10.12;40.72;3257.71;2013.70;-1244.00;0.00
0.26;11.18;32.50;2600.05;2102.16;-497.89;0.00
0.22;8.76;38.04;3043.54;1775.44;-1268.10;0.00
0.21;12.55;39.33;3146.64;1905.65;-1240.99;0.00
0.24;10.51;41.11;3288.93;1956.17;-1332.75;0.00
0.27;9.45;48.69;3895.54;2077.60;-1817.94;0.00
0.24;9.68;42.26;3380.43;1950.10;-1430.33;0.00
0.21;10.54;42.83;3426.20;1819.76;-1606.44;0.00
0.21;12.16;38.61;3088.62;1879.01;-1209.61;0.00
0.27;9.27;34.61;2768.96;2065.79;-703.17;0.00
0.26;8.57;41.18;3294.62;1964.20;-1330.43;0.00
0.25;11.14;32.54;2602.96;2075.02;-527.94;0.00
0.24;9.59;48.56;3884.98;1920.23;-1964.75;0.00
0.28;9.95;38.45;3076.34;2186.16;-890.18;0.00
0.26;10.21;35.99;2879.50;2091.03;-788.47;0.00
0.31;10.21;36.89;2950.82;2355.50;-595.32;0.00
0.23;12.14;46.29;3703.07;2023.67;-1679.40;0.00
0.29;11.00;46.18;3694.52;2283.41;-1411.11;0.00
0.27;7.90;37.19;2975.02;2007.44;-967.58;0.00
0.29;9.73;43.16;3452.58;2200.09;-1252.49;0.00
0.29;9.10;42.80;3424.25;2166.30;-1257.95;0.00
0.25;10.35;39.87;3189.39;2006.57;-1182.82;0.00
0.22;11.62;34.70;2776.33;1923.93;-852.39;0.00
0.24;10.64;48.00;3839.76;1966.37;-1873.40;0.00
0.23;9.53;41.19;3295.04;1847.10;-1447.94;0.00
0.25;11.25;33.48;2678.15;2049.30;-628.84;0.00
0.24;8.85;39.39;3150.89;1886.49;-1264.40;0.00
0.31;11.98;44.63;3570.16;2465.68;-1104.48;0.00
0.20;11.34;43.53;3482.16;1796.15;-1686.01;0.00
0.23;9.86;36.73;2938.45;1864.86;-1073.60;0.00
0.25;10.41;40.75;3260.16;2006.06;-1254.10;0.00
0.28;10.28;38.14;3051.39;2195.50;-855.88;0.00
0.27;10.93;45.37;3629.59;2188.14;-1441.45;0.00
0.27;11.96;37.85;3027.81;2246.84;-780.96;0.00
0.27;12.00;40.19;3215.40;2216.45;-998.95;0.00
0.30;12.30;42.77;3421.32;2384.79;-1036.53;0.00
0.26;11.19;41.02;3281.60;2110.47;-1171.13;0.00
0.23;10.89;43.09;3447.29;1932.03;-1515.25;0.00
0.24;11.24;37.11;2968.44;1999.46;-968.99;0.00
0.27;11.81;43.36;3468.53;2209.28;-1259.25;0.00
0.23;10.10;38.72;3097.99;1908.17;-1189.82;0.00
0.22;9.50;39.88;3190.61;1783.10;-1407.51;0.00
0.26;11.61;36.07;2885.92;2128.83;-757.09;0.00
0.27;9.53;31.06;2484.54;2065.92;-418.62;0.00
0.22;9.21;52.25;4179.68;1798.19;-2381.49;0.00
0.31;11.25;35.78;2862.03;2412.34;-449.69;0.00
0.23;9.18;30.37;2429.95;1811.81;-618.13;0.00
0.26;9.36;38.47;3077.55;2009.69;-1067.86;0.00
0.24;10.27;44.85;3588.07;1964.39;-1623.68;0.00
0.26;10.83;42.56;3404.82;2114.50;-1290.32;0.00
0.24;10.59;36.11;2888.70;1964.41;-924.29;0.00
0.23;10.78;39.02;3121.67;1909.62;-1212.05;0.00
0.27;8.89;32.60;2607.66;2049.40;-558.26;0.00
0.27;10.79;44.86;3589.15;2181.89;-1407.25;0.00
0.23;10.02;35.58;2846.18;1857.81;-988.37;0.00
0.24;8.81;40.16;3212.42;1877.94;-1334.48;0.00
0.21;10.99;31.94;2555.42;1825.43;-729.99;0.00
0.25;10.81;42.42;3393.48;2017.99;-1375.49;0.00
0.28;9.95;36.67;2933.41;2162.03;-771.38;0.00
0.31;9.88;44.91;3592.54;2342.49;-1250.05;0.00
0.26;9.92;39.39;3151.16;2049.91;-1101.24;0.00
0.24;9.90;36.47;2917.98;1909.16;-1008.82;0.00
0.27;9.55;51.26;4100.99;2104.94;-1996.05;0.00
0.23;8.92;36.40;2911.77;1839.98;-1071.79;0.00
0.26;9.81;40.25;3220.35;2064.55;-1155.81;0.00
0.25;9.85;44.60;3567.99;1995.62;-1572.37;0.00
0.26;8.36;48.37;3869.22;1951.88;-1917.34;0.00
0.25;10.87;44.29;3543.19;2046.85;-1496.34;0.00
0.24;10.72;40.39;3231.21;1957.17;-1274.04;0.00
0.22;8.39;47.59;3806.83;1754.70;-2052.13;0.00
0.23;9.10;39.99;3199.20;1847.01;-1352.18;0.00
0.22;10.84;41.30;3304.05;1897.17;-1406.87;0.00
0.20;8.33;43.30;3463.73;1639.47;-1824.27;0.00
0.23;8.77;35.34;2827.56;1798.68;-1028.89;0.00
0.26;11.82;46.61;3729.16;2144.55;-1584.61;0.00
0.22;10.78;36.52;2921.61;1889.76;-1031.85;0.00
0.23;10.94;37.70;3015.79;1919.22;-1096.57;0.00
0.25;10.71;38.41;3072.58;2037.78;-1034.81;0.00
0.28;10.59;36.40;2911.61;2185.59;-726.02;0.00
0.24;8.81;39.61;3169.05;1851.63;-1317.42;0.00
0.23;11.10;45.57;3645.65;1956.86;-1688.79;0.00
0.24;13.03;43.58;3486.76;2089.44;-1397.31;0.00
0.23;9.95;35.36;2828.76;1860.54;-968.23;0.00
0.25;10.77;31.04;2483.08;2055.44;-427.64;0.00
0.22;10.53;33.86;2708.47;1867.00;-841.47;0.00
0.27;10.46;38.15;3051.78;2133.84;-917.94;0.00
0.23;9.54;36.23;2898.27;1882.52;-1015.76;0.00
0.26;9.88;39.32;3145.84;2044.38;-1101.46;0.00
0.18;10.33;39.06;3125.00;1618.95;-1506.05;0.00
0.27;9.79;36.65;2931.73;2115.60;-816.13;0.00
0.27;8.36;36.54;2923.47;2026.17;-897.29;0.00
0.28;9.36;43.71;3496.53;2113.67;-1382.86;0.00
0.22;11.03;38.40;3072.08;1901.47;-1170.60;0.00
0.26;10.27;45.34;3627.41;2055.23;-1572.18;0.00
0.28;10.39;36.04;2883.54;2181.55;-701.99;0.00
0.25;7.44;45.30;3623.70;1855.48;-1768.22;0.00
0.26;12.47;46.42;3713.95;2168.22;-1545.73;0.00
0.24;8.65;41.03;3282.59;1859.77;-1422.82;0.00
0.23;11.01;45.62;3649.53;1919.96;-1729.57;0.00
0.26;10.21;38.36;3068.65;2092.30;-976.35;0.00
0.25;11.37;45.94;3675.20;2092.98;-1582.22;0.00
0.23;9.34;34.14;2731.28;1849.76;-881.52;0.00
0.27;6.95;45.91;3672.89;1950.29;-1722.60;0.00
0.25;9.51;44.75;3579.84;1975.24;-1604.60;0.00
0.27;11.12;33.58;2686.37;2147.93;-538.44;0.00
0.26;8.57;40.97;3277.40;1955.86;-1321.54;0.00
0.25;11.42;46.75;3739.63;2071.54;-1668.09;0.00
0.30;10.84;42.76;3420.64;2354.59;-1066.05;0.00
0.26;9.31;43.04;3442.90;2021.68;-1421.22;0.00
0.22;10.46;39.30;3143.76;1854.70;-1289.06;0.00
0.26;10.38;45.67;3653.69;2087.61;-1566.08;0.00
0.24;9.53;45.45;3636.00;1902.98;-1733.02;0.00
0.23;9.33;40.45;3236.07;1826.41;-1409.66;0.00
0.25;10.40;42.77;3421.78;2015.54;-1406.24;0.00
0.19;9.00;46.21;3697.15;1594.69;-2102.46;0.00
0.26;10.34;39.47;3157.92;2066.36;-1091.56;0.00
0.21;9.83;44.74;3579.20;1759.84;-1819.36;0.00
0.20;8.66;37.98;3038.63;1630.13;-1408.50;0.00
0.20;10.28;40.29;3222.99;1746.62;-1476.38;0.00
0.27;11.02;36.55;2923.61;2162.88;-760.73;0.00
0.24;8.17;32.74;2618.81;1816.15;-802.67;0.00
0.25;10.36;39.53;3162.61;2034.85;-1127.77;0.00
0.29;9.31;39.09;3126.94;2184.72;-942.22;0.00
0.29;11.68;43.37;3469.83;2312.33;-1157.50;0.00
0.25;9.27;37.64;3011.53;1983.63;-1027.90;0.00
0.22;7.80;41.62;3329.34;1729.17;-1600.17;0.00
0.17;11.09;47.99;3839.51;1568.21;-2271.30;0.00
0.22;11.88;38.43;3074.04;1923.12;-1150.91;0.00
0.24;10.80;37.79;3023.02;1995.81;-1027.21;0.00
0.23;8.79;43.91;3513.00;1835.67;-1677.33;0.00
0.24;10.49;36.60;2927.79;1937.94;-989.85;0.00
0.21;11.03;43.13;3450.72;1847.13;-1603.59;0.00
0.23;10.66;43.46;3476.59;1933.98;-1542.61;0.00
0.24;6.89;40.75;3259.87;1799.18;-1460.69;0.00
0.24;9.96;35.17;2813.80;1942.34;-871.46;0.00
0.27;11.74;37.59;3007.45;2189.45;-818.00;0.00
0.29;8.87;41.26;3301.17;2144.78;-1156.40;0.00
0.25;9.99;38.71;3096.88;1994.33;-1102.55;0.00
0.29;10.26;31.73;2538.40;2267.52;-270.88;0.00
0.23;11.43;34.75;2779.76;1961.82;-817.94;0.00
0.29;11.55;51.49;4119.08;2301.84;-1817.24;0.00
0.22;9.96;44.68;3574.30;1839.29;-1735.00;0.00
0.21;10.39;51.41;4112.74;1813.70;-2299.04;0.00
0.22;10.49;35.64;2851.48;1827.01;-1024.46;0.00
0.23;9.66;33.20;2656.06;1853.63;-802.42;0.00
0.31;8.51;36.10;2887.83;2279.72;-608.11;0.00
0.23;9.31;39.87;3189.62;1823.28;-1366.34;0.00
0.23;10.86;40.16;3212.73;1938.13;-1274.60;0.00
0.23;8.29;38.12;3049.52;1781.64;-1267.88;0.00
0.26;11.31;35.72;2857.55;2133.36;-724.20;0.00
0.25;10.01;39.58;3166.52;1972.03;-1194.49;0.00
0.31;9.17;48.01;3841.00;2280.76;-1560.23;0.00
0.26;9.97;39.74;3179.11;2043.11;-1136.00;0.00
0.22;10.97;37.84;3027.13;1899.11;-1128.02;0.00
0.26;7.98;35.20;2816.19;1953.11;-863.08;0.00
0.26;9.56;41.54;3323.26;2006.70;-1316.55;0.00
0.26;8.58;35.70;2855.79;2008.41;-847.38;0.00
0.23;9.22;43.37;3469.77;1866.32;-1603.45;0.00
0.18;10.02;44.55;3563.87;1604.08;-1959.79;0.00
0.24;10.82;33.71;2696.80;2000.80;-696.01;0.00
0.21;10.25;31.35;2508.25;1764.73;-743.51;0.00
0.23;8.36;41.18;3294.53;1781.00;-1513.53;0.00
0.23;9.96;45.11;3608.79;1853.32;-1755.47;0.00
0.25;11.18;34.44;2755.27;2038.37;-716.90;0.00
0.23;9.02;46.14;3691.11;1836.26;-1854.84;0.00
0.23;10.06;43.83;3506.64;1867.24;-1639.40;0.00
0.24;10.13;39.75;3179.74;1940.49;-1239.25;0.00
0.25;9.74;39.41;3152.44;1971.59;-1180.85;0.00
0.29;9.30;42.00;3359.83;2199.83;-1160.00;0.00
0.24;9.11;36.12;2889.53;1911.56;-977.98;0.00
0.25;10.07;39.59;3167.48;1975.38;-1192.10;0.00
0.26;11.45;43.24;3459.57;2158.91;-1300.66;0.00
0.25;10.39;40.61;3248.70;2041.62;-1207.07;0.00
0.26;9.20;36.30;2904.08;2008.81;-895.26;0.00
0.27;9.26;42.70;3416.36;2088.20;-1328.16;0.00
0.22;12.59;32.74;2618.92;1979.92;-639.00;0.00
0.28;8.41;46.87;3749.57;2111.45;-1638.12;0.00
0.23;9.61;29.96;2396.74;1850.07;-546.66;0.00
0.25;9.63;44.08;3526.05;1974.39;-1551.65;0.00
0.28;8.52;35.82;2865.42;2099.37;-766.05;0.00
0.26;11.24;44.07;3525.97;2102.13;-1423.84;0.00
0.26;11.83;48.26;3860.94;2171.61;-1689.33;0.00
0.24;11.49;38.99;3119.27;2021.71;-1097.56;0.00
0.24;10.08;33.35;2668.04;1972.51;-695.52;0.00
0.26;10.35;46.40;3711.75;2097.43;-1614.32;0.00
0.29;9.54;36.78;2942.69;2199.60;-743.09;0.00
0.27;11.93;46.56;3724.58;2201.07;-1523.50;0.00
0.22;8.67;43.65;3492.02;1776.23;-1715.79;0.00
0.25;10.94;41.68;3334.51;2021.74;-1312.76;0.00
0.24;9.83;36.80;2943.96;1942.64;-1001.32;0.00
0.22;10.95;40.59;3246.93;1877.82;-1369.12;0.00
0.23;9.84;39.45;3155.89;1888.93;-1266.95;0.00
0.24;10.19;39.37;3149.48;1961.63;-1187.86;0.00
0.24;11.23;39.34;3147.42;2034.31;-1113.11;0.00
0.26;10.92;46.40;3712.05;2092.79;-1619.26;0.00
0.23;8.96;41.57;3325.57;1813.10;-1512.48;0.00
0.22;8.07;36.83;2946.13;1726.54;-1219.59;0.00
0.26;11.32;37.85;3027.74;2112.54;-915.19;0.00
0.25;10.63;43.69;3495.35;2040.88;-1454.47;0.00
0.28;9.48;46.47;3717.67;2116.17;-1601.49;0.00
0.28;6.79;37.67;3013.41;1983.67;-1029.74;0.00
0.25;11.06;40.17;3213.28;2040.87;-1172.40;0.00
0.25;11.82;43.43;3474.21;2072.51;-1401.70;0.00
0.25;10.93;47.32;3785.59;2021.19;-1764.40;0.00
0.21;10.59;52.42;4193.34;1800.10;-2393.24;0.00
0.25;11.81;42.17;3373.30;2071.33;-1301.97;0.00
0.28;8.75;32.65;2612.30;2083.58;-528.72;0.00
0.23;11.16;32.00;2559.96;1928.74;-631.22;0.00
0.25;11.10;45.33;3626.56;2069.96;-1556.61;0.00
0.30;11.30;38.10;3047.91;2374.08;-673.83;0.00
0.26;10.29;43.65;3492.26;2077.88;-1414.38;0.00
0.24;11.28;44.96;3596.61;1988.04;-1608.57;0.00
0.28;10.87;44.47;3557.53;2236.81;-1320.72;0.00
0.24;11.00;43.07;3445.22;1989.96;-1455.26;0.00
0.26;9.42;41.62;3329.39;2000.71;-1328.68;0.00
0.29;9.89;41.83;3346.29;2199.76;-1146.53;0.00
0.26;9.23;35.43;2834.76;2005.43;-829.33;0.00
0.26;10.92;47.52;3801.84;2109.50;-1692.33;0.00
0.22;8.85;33.32;2665.86;1759.51;-906.35;0.00
0.22;10.25;42.29;3383.40;1833.70;-1549.70;0.00
0.24;11.11;39.12;3129.42;2005.15;-1124.27;0.00
0.24;9.73;43.45;3475.92;1927.36;-1548.57;0.00
0.27;10.93;41.70;3336.13;2186.56;-1149.57;0.00
0.28;10.75;43.65;3491.97;2213.01;-1278.95;0.00
0.20;10.80;36.09;2886.82;1748.02;-1138.80;0.00
0.24;9.77;26.24;2099.28;1900.59;-198.69;0.00
0.22;8.23;35.94;2874.89;1706.41;-1168.49;0.00
0.25;10.32;42.32;3385.35;2005.82;-1379.52;0.00
0.19;10.58;35.36;2828.96;1694.29;-1134.67;0.00
0.25;10.22;40.02;3201.47;2027.37;-1174.11;0.00
0.26;11.04;42.04;3363.46;2127.77;-1235.69;0.00
0.26;11.42;35.03;2802.55;2139.96;-662.58;0.00
0.26;11.57;33.16;2652.72;2130.72;-521.99;0.00
0.25;9.68;44.28;3542.39;1993.12;-1549.26;0.00
0.23;10.39;40.26;3220.90;1882.59;-1338.31;0.00
0.23;10.51;36.40;2912.20;1914.96;-997.24;0.00
0.27;8.63;36.14;2891.03;2021.36;-869.68;0.00
0.21;11.75;37.52;3001.65;1870.44;-1131.21;0.00
0.28;11.25;48.51;3880.71;2236.14;-1644.57;0.00
0.26;10.45;37.30;2983.74;2054.36;-929.38;0.00
0.28;10.13;38.87;3109.86;2200.30;-909.57;0.00
0.24;7.85;41.95;3355.84;1848.55;-1507.29;0.00
0.26;8.26;39.62;3169.73;1975.72;-1194.02;0.00
0.21;9.78;39.98;3198.47;1758.26;-1440.21;0.00
0.28;12.03;38.51;3081.13;2258.52;-822.61;0.00
0.23;10.21;51.11;4088.90;1905.48;-2183.42;0.00
0.25;9.96;39.69;3175.27;2019.77;-1155.50;0.00
0.24;9.99;37.07;2965.56;1917.81;-1047.75;0.00
0.23;10.26;45.12;3609.72;1882.37;-1727.35;0.00
0.23;9.35;27.90;2231.98;1871.82;-360.15;0.00
0.23;11.65;38.47;3077.74;1957.96;-1119.78;0.00
0.26;11.21;33.98;2718.64;2107.31;-611.33;0.00
0.27;10.48;51.49;4119.51;2142.96;-1976.55;0.00
0.29;10.77;39.12;3129.33;2283.17;-846.17;0.00
0.24;12.08;33.36;2669.12;2078.45;-590.66;0.00
0.25;9.81;52.10;4168.23;2009.15;-2159.08;0.00
0.23;10.50;41.13;3290.80;1929.90;-1360.90;0.00
0.26;10.15;42.12;3369.39;2073.48;-1295.91;0.00
0.28;10.38;42.30;3383.89;2188.47;-1195.43;0.00
0.25;8.49;28.83;2306.71;1900.27;-406.44;0.00
0.27;8.46;37.30;2984.09;2019.86;-964.23;0.00
0.28;11.32;37.09;2967.19;2217.21;-749.98;0.00
0.25;10.98;42.38;3390.26;2054.52;-1335.74;0.00
0.25;8.73;42.55;3403.60;1931.33;-1472.27;0.00
0.21;9.88;40.90;3272.17;1786.60;-1485.57;0.00
0.21;7.86;43.71;3496.64;1641.00;-1855.63;0.00
0.21;12.00;49.17;3933.95;1862.00;-2071.95;0.00
0.19;10.47;32.69;2615.47;1666.26;-949.22;0.00
0.23;8.58;35.86;2868.85;1821.14;-1047.71;0.00
0.22;9.01;38.25;3060.22;1793.49;-1266.73;0.00
0.28;11.57;44.43;3554.73;2233.90;-1320.83;0.00
0.26;9.25;45.15;3612.16;2012.36;-1599.80;0.00
0.24;8.70;41.67;3333.64;1884.32;-1449.32;0.00
0.25;10.71;36.04;2883.60;2057.78;-825.82;0.00
0.26;8.00;43.83;3506.73;1969.20;-1537.53;0.00
0.25;9.19;37.85;3027.77;1941.92;-1085.86;0.00
0.25;8.94;35.46;2836.62;1925.66;-910.95;0.00
0.22;11.89;39.08;3126.47;1945.48;-1180.99;0.00
0.25;10.26;33.95;2716.08;2038.11;-677.96;0.00
0.26;10.02;34.09;2727.04;2047.07;-679.97;0.00
0.27;12.33;35.63;2850.03;2244.24;-605.79;0.00
0.24;11.25;29.53;2362.76;2025.27;-337.48;0.00
0.25;10.38;40.12;3209.82;2020.31;-1189.51;0.00
0.26;9.42;45.69;3654.83;2046.55;-1608.27;0.00
0.28;11.06;41.61;3329.07;2231.69;-1097.39;0.00
0.24;10.16;40.14;3211.14;1944.78;-1266.36;0.00
0.26;10.75;42.36;3388.54;2119.72;-1268.82;0.00
0.23;9.03;47.03;3762.39;1821.31;-1941.08;0.00
0.24;11.21;49.31;3944.72;2026.73;-1917.99;0.00
0.23;12.45;44.88;3590.04;2024.37;-1565.67;0.00
0.21;9.70;40.66;3253.04;1730.02;-1523.02;0.00
0.30;11.62;35.44;2834.93;2356.18;-478.75;0.00
0.26;10.10;40.78;3262.15;2061.75;-1200.39;0.00
0.27;9.20;37.93;3034.44;2083.97;-950.47;0.00
0.24;8.68;36.36;2908.59;1888.05;-1020.55;0.00
0.25;9.43;33.90;2711.93;1945.25;-766.68;0.00
0.26;10.94;25.05;2003.98;2134.43;130.45;1.00
0.28;9.47;37.70;3015.87;2119.17;-896.70;0.00
0.24;9.70;37.99;3039.12;1949.41;-1089.71;0.00
0.23;9.88;49.15;3931.95;1852.82;-2079.12;0.00
0.22;10.29;38.23;3058.75;1816.65;-1242.09;0.00
0.19;9.77;32.65;2611.98;1615.76;-996.22;0.00
0.23;8.62;36.95;2956.24;1794.99;-1161.25;0.00
0.27;9.72;40.19;3215.28;2101.09;-1114.18;0.00
0.28;11.31;34.61;2768.45;2225.74;-542.71;0.00
0.27;10.14;42.35;3387.71;2106.84;-1280.86;0.00
0.26;9.60;36.36;2908.62;2013.29;-895.34;0.00
0.26;10.74;37.13;2970.39;2086.53;-883.86;0.00
0.26;10.75;43.75;3500.28;2097.47;-1402.81;0.00
0.22;9.92;44.06;3524.46;1843.77;-1680.69;0.00
0.21;10.15;41.50;3319.96;1787.86;-1532.10;0.00
0.27;10.06;35.57;2845.23;2116.05;-729.19;0.00
0.27;11.07;35.55;2844.29;2189.11;-655.18;0.00
0.24;8.38;40.92;3273.60;1878.95;-1394.65;0.00
0.23;9.52;38.61;3088.69;1828.35;-1260.34;0.00
0.25;9.76;47.28;3782.33;2005.62;-1776.71;0.00
0.25;11.66;41.95;3356.36;2061.08;-1295.28;0.00
0.25;9.36;47.28;3782.78;1976.42;-1806.37;0.00
0.23;10.10;50.05;4003.61;1880.09;-2123.53;0.00
0.25;9.49;36.19;2895.39;1994.68;-900.71;0.00
0.21;10.00;30.47;2437.28;1788.30;-648.98;0.00
0.27;12.45;37.77;3021.98;2222.76;-799.22;0.00
0.22;12.01;38.10;3047.64;1931.77;-1115.87;0.00
0.24;10.59;39.79;3183.27;1970.80;-1212.47;0.00
0.30;11.62;37.52;3001.24;2390.84;-610.39;0.00
0.26;12.50;42.85;3428.16;2218.89;-1209.27;0.00
0.26;9.97;38.60;3088.39;2034.32;-1054.07;0.00
0.27;8.85;33.05;2644.14;2067.26;-576.89;0.00
0.29;10.99;46.96;3756.80;2287.64;-1469.17;0.00
0.27;10.44;44.16;3532.84;2140.54;-1392.30;0.00
0.27;11.20;42.05;3363.78;2172.32;-1191.46;0.00
0.26;9.35;40.07;3205.49;1994.95;-1210.54;0.00
0.22;12.56;48.54;3883.01;1988.31;-1894.71;0.00
0.25;10.26;39.48;3158.14;2016.66;-1141.47;0.00
0.26;10.56;44.01;3520.54;2112.33;-1408.21;0.00
0.24;9.14;35.30;2824.34;1913.98;-910.37;0.00
0.26;11.76;43.31;3464.55;2127.86;-1336.70;0.00
0.21;11.64;41.19;3295.13;1860.52;-1434.62;0.00
0.23;9.96;49.79;3983.17;1875.98;-2107.19;0.00
0.27;11.30;37.86;3028.50;2191.98;-836.52;0.00
0.25;10.03;32.96;2636.78;2021.75;-615.02;0.00
0.27;10.00;44.86;3588.55;2129.95;-1458.60;0.00
0.28;10.36;36.10;2888.17;2197.45;-690.72;0.00
0.30;10.96;50.35;4027.81;2331.75;-1696.06;0.00
0.26;10.93;34.98;2798.06;2078.86;-719.20;0.00
0.26;9.79;39.12;3129.26;2060.42;-1068.84;0.00
0.25;9.83;39.54;3163.02;1983.53;-1179.49;0.00
0.21;6.47;50.62;4049.97;1570.98;-2478.99;0.00
0.23;10.76;42.33;3386.04;1950.94;-1435.10;0.00
0.27;9.57;39.67;3173.28;2110.94;-1062.34;0.00
0.20;8.64;37.15;2971.88;1618.18;-1353.70;0.00
0.25;9.62;39.59;3167.41;1954.19;-1213.22;0.00
0.22;11.57;35.64;2850.87;1934.02;-916.86;0.00
0.22;11.91;41.50;3319.96;1926.09;-1393.86;0.00
0.27;10.13;43.54;3483.41;2111.13;-1372.28;0.00
0.21;10.14;38.93;3114.11;1789.87;-1324.24;0.00
0.25;9.71;40.47;3237.50;1993.92;-1243.58;0.00
0.26;11.72;43.61;3488.45;2152.41;-1336.04;0.00
0.24;8.72;37.47;2997.44;1883.66;-1113.78;0.00
0.26;9.72;41.68;3334.04;2023.17;-1310.87;0.00
0.24;9.80;44.01;3520.73;1921.19;-1599.54;0.00
0.27;10.22;41.13;3290.50;2106.72;-1183.78;0.00
0.20;10.15;34.57;2765.28;1732.64;-1032.65;0.00
0.29;11.00;50.88;4070.27;2299.54;-1770.73;0.00
0.22;10.16;47.55;3804.22;1828.56;-1975.66;0.00
0.26;11.09;44.69;3575.58;2122.66;-1452.92;0.00
0.24;10.78;42.70;3415.67;1976.48;-1439.20;0.00
0.20;9.40;30.91;2472.97;1700.82;-772.15;0.00
0.25;10.48;37.38;2990.05;2026.52;-963.53;0.00
0.28;9.52;45.13;3610.29;2133.87;-1476.42;0.00
0.22;8.93;35.97;2877.93;1768.40;-1109.53;0.00
0.24;9.32;37.70;3016.29;1905.83;-1110.46;0.00
0.25;8.92;38.56;3085.07;1951.28;-1133.79;0.00
0.23;11.03;45.75;3659.86;1942.65;-1717.22;0.00
0.25;10.43;45.39;3631.06;1993.76;-1637.30;0.00
0.23;11.20;39.22;3137.31;1964.75;-1172.56;0.00
0.24;10.22;46.38;3710.55;1961.70;-1748.85;0.00
0.23;11.84;36.36;2908.53;1988.77;-919.76;0.00
0.25;11.15;38.75;3099.65;2049.52;-1050.12;0.00
0.19;10.56;39.91;3193.17;1689.32;-1503.86;0.00
0.22;9.42;46.53;3722.02;1782.29;-1939.73;0.00
0.25;10.80;38.30;3064.14;2051.62;-1012.52;0.00
0.23;9.85;38.31;3064.85;1899.81;-1165.04;0.00
0.27;11.79;39.39;3151.59;2218.23;-933.37;0.00
0.24;9.50;43.64;3491.33;1909.05;-1582.28;0.00
0.24;10.42;42.17;3373.27;1967.89;-1405.38;0.00
0.25;11.82;34.68;2774.31;2092.11;-682.20;0.00
0.23;9.04;32.21;2577.19;1835.89;-741.30;0.00
0.25;9.56;49.84;3986.94;1996.42;-1990.51;0.00
0.24;9.36;38.59;3087.58;1889.14;-1198.45;0.00
0.24;9.90;37.22;2977.34;1931.19;-1046.15;0.00
0.28;10.66;33.55;2683.92;2219.45;-464.48;0.00
0.24;8.36;34.51;2760.84;1855.26;-905.58;0.00
0.25;11.00;36.05;2883.75;2065.10;-818.64;0.00
0.23;10.71;45.01;3600.98;1941.00;-1659.98;0.00
0.24;8.87;31.40;2511.75;1857.84;-653.91;0.00
0.23;11.75;42.75;3420.12;1982.05;-1438.08;0.00
0.26;10.62;49.88;3990.59;2067.36;-1923.23;0.00
0.26;10.56;38.18;3054.72;2113.14;-941.58;0.00
0.18;12.09;40.90;3272.28;1725.61;-1546.67;0.00
0.24;12.21;40.99;3279.16;2081.22;-1197.94;0.00
0.22;9.01;36.00;2879.72;1743.62;-1136.10;0.00
0.21;10.29;43.23;3458.23;1791.07;-1667.16;0.00
0.25;8.64;36.51;2920.92;1920.25;-1000.67;0.00
0.24;11.36;41.63;3330.52;2009.84;-1320.68;0.00
0.25;9.96;39.21;3136.79;1971.34;-1165.46;0.00
0.23;11.22;42.98;3438.17;1933.98;-1504.19;0.00
0.27;11.96;40.18;3214.24;2207.08;-1007.16;0.00
0.27;9.61;39.81;3185.05;2083.95;-1101.11;0.00
0.18;11.03;42.54;3403.08;1624.33;-1778.75;0.00
0.26;11.17;41.78;3342.76;2137.21;-1205.55;0.00
0.21;11.38;43.57;3485.95;1827.00;-1658.95;0.00
0.25;8.93;47.86;3828.94;1927.18;-1901.76;0.00
0.24;9.81;43.35;3468.15;1917.39;-1550.76;0.00
0.25;11.17;43.96;3516.43;2046.85;-1469.58;0.00
0.28;10.67;39.14;3131.33;2209.26;-922.07;0.00
0.30;9.06;43.54;3483.51;2262.19;-1221.32;0.00
0.24;8.57;39.04;3123.10;1849.44;-1273.66;0.00
0.21;10.85;33.25;2660.36;1784.91;-875.45;0.00
0.25;9.04;42.25;3379.76;1957.70;-1422.06;0.00
0.22;10.19;30.04;2403.42;1827.00;-576.42;0.00
0.25;9.78;42.85;3427.81;1981.03;-1446.79;0.00
0.24;11.97;43.44;3475.44;2062.66;-1412.78;0.00
0.29;9.20;41.77;3341.30;2195.21;-1146.09;0.00
0.27;10.19;37.81;3024.87;2131.64;-893.23;0.00
0.23;9.58;42.61;3409.12;1848.01;-1561.11;0.00
0.24;10.44;41.49;3319.44;1970.51;-1348.93;0.00
0.30;9.54;37.62;3009.57;2244.74;-764.83;0.00
0.26;11.09;48.54;3883.40;2088.81;-1794.59;0.00
0.24;8.23;39.12;3129.22;1866.61;-1262.61;0.00
0.24;11.52;37.81;3025.14;2022.58;-1002.56;0.00
0.25;9.40;47.80;3823.77;1970.41;-1853.36;0.00
0.23;8.66;38.13;3050.18;1818.95;-1231.23;0.00
0.26;9.66;42.93;3434.33;2044.12;-1390.21;0.00
0.28;8.86;33.69;2694.83;2116.86;-577.97;0.00
0.22;9.75;39.59;3167.36;1826.55;-1340.81;0.00
0.25;10.39;47.69;3815.38;1995.94;-1819.43;0.00
0.29;10.83;36.33;2906.31;2248.12;-658.19;0.00
0.24;9.34;43.97;3517.25;1885.94;-1631.31;0.00
0.23;11.15;33.62;2689.39;1924.51;-764.89;0.00
0.26;12.18;39.87;3189.57;2199.04;-990.53;0.00
0.24;10.68;38.73;3098.21;1961.76;-1136.45;0.00
0.26;10.16;33.44;2675.44;2059.41;-616.03;0.00
0.28;8.91;42.56;3404.79;2138.55;-1266.25;0.00
0.20;8.05;39.06;3125.20;1591.91;-1533.28;0.00
0.30;8.24;34.05;2724.07;2197.44;-526.62;0.00
0.22;10.74;35.85;2867.97;1883.96;-984.01;0.00
0.28;9.51;37.45;2995.76;2118.19;-877.57;0.00
0.30;10.26;43.41;3472.54;2289.66;-1182.88;0.00
0.26;9.62;41.10;3287.77;2029.18;-1258.59;0.00
0.25;8.72;38.58;3086.53;1955.04;-1131.49;0.00
0.28;7.97;40.38;3230.22;2078.67;-1151.54;0.00
0.25;9.48;38.53;3082.67;1956.91;-1125.76;0.00
0.27;9.22;40.84;3267.30;2048.91;-1218.38;0.00
0.28;9.87;36.02;2881.60;2167.14;-714.46;0.00
0.24;11.24;31.93;2554.15;2032.95;-521.19;0.00
0.22;12.72;35.61;2848.51;1979.20;-869.31;0.00
0.26;9.38;44.50;3560.36;2024.15;-1536.21;0.00
0.24;9.07;33.63;2690.16;1866.92;-823.23;0.00
0.27;12.44;39.17;3133.56;2233.42;-900.15;0.00
0.25;10.99;36.03;2882.75;2055.71;-827.04;0.00
0.22;9.77;46.05;3684.04;1788.48;-1895.56;0.00
0.24;9.28;40.50;3239.96;1924.81;-1315.15;0.00
0.26;10.68;38.59;3087.57;2067.22;-1020.35;0.00
0.22;10.09;32.16;2572.54;1843.96;-728.57;0.00
0.25;8.54;35.09;2807.54;1940.79;-866.75;0.00
0.23;11.72;43.93;3514.35;1974.66;-1539.69;0.00
0.20;8.86;37.15;2971.95;1669.75;-1302.20;0.00
0.25;11.60;38.28;3062.76;2076.38;-986.37;0.00
0.24;12.64;35.76;2860.94;2091.03;-769.91;0.00
0.22;8.93;37.55;3003.94;1785.78;-1218.16;0.00
0.25;11.34;36.86;2948.91;2057.76;-891.16;0.00
0.29;11.32;33.06;2644.55;2276.47;-368.09;0.00
0.27;10.53;41.38;3310.34;2132.38;-1177.96;0.00
0.27;9.56;43.36;3468.90;2096.46;-1372.44;0.00
0.25;10.44;43.40;3471.81;2028.87;-1442.93;0.00
0.26;8.43;34.75;2779.66;1955.26;-824.39;0.00
0.28;10.68;37.45;2996.13;2180.67;-815.46;0.00
0.29;9.03;43.03;3442.41;2150.67;-1291.74;0.00
0.23;12.84;35.86;2868.70;2055.80;-812.90;0.00
0.21;10.24;33.55;2684.13;1798.08;-886.04;0.00
0.25;9.98;44.66;3573.02;1979.75;-1593.28;0.00
0.29;10.64;36.32;2905.29;2254.74;-650.54;0.00
0.27;11.50;42.03;3362.72;2178.15;-1184.57;0.00
0.25;9.48;44.88;3590.78;1994.40;-1596.38;0.00
0.22;11.47;37.82;3025.97;1895.29;-1130.67;0.00
0.23;11.49;42.27;3381.34;1947.35;-1433.99;0.00
0.25;9.87;35.74;2859.57;1995.35;-864.22;0.00
0.24;9.92;37.55;3003.99;1914.98;-1089.01;0.00
0.23;11.02;52.69;4215.00;1952.83;-2262.17;0.00
0.26;10.06;43.25;3460.14;2045.37;-1414.77;0.00
0.24;8.86;48.98;3918.35;1865.20;-2053.14;0.00
0.20;10.07;36.42;2913.33;1705.73;-1207.61;0.00
0.21;9.78;39.64;3170.95;1769.30;-1401.65;0.00
0.32;9.43;40.45;3235.82;2371.41;-864.40;0.00
0.24;10.29;44.35;3548.27;1927.01;-1621.25;0.00
0.23;9.86;40.92;3273.50;1883.54;-1389.97;0.00
0.30;11.95;31.29;2502.89;2382.93;-119.96;0.00
0.22;9.56;35.09;2807.55;1803.11;-1004.44;0.00
0.25;9.36;38.93;3114.38;1949.89;-1164.49;0.00
0.27;9.58;31.32;2505.33;2099.50;-405.83;0.00
0.27;10.48;50.37;4029.58;2119.44;-1910.14;0.00
0.23;10.04;47.77;3821.81;1911.32;-1910.49;0.00
0.26;11.16;34.49;2759.07;2101.93;-657.15;0.00
0.24;12.17;38.31;3064.61;2053.19;-1011.42;0.00
0.25;9.34;34.67;2773.79;1936.68;-837.11;0.00
0.23;11.60;41.22;3297.87;1989.81;-1308.06;0.00
0.28;9.45;39.62;3169.89;2128.68;-1041.20;0.00
0.26;8.33;47.37;3789.73;1993.03;-1796.69;0.00
0.21;10.94;45.54;3643.43;1822.06;-1821.37;0.00
0.25;9.17;35.98;2878.76;1949.07;-929.69;0.00
0.24;9.88;43.92;3513.26;1927.84;-1585.41;0.00
0.29;10.88;38.45;3076.25;2300.82;-775.42;0.00
0.25;11.28;43.38;3470.56;2057.03;-1413.53;0.00
0.25;10.12;43.73;3498.68;2018.33;-1480.35;0.00
0.23;10.27;39.09;3127.09;1880.44;-1246.65;0.00
0.31;8.77;37.67;3013.39;2294.74;-718.65;0.00
0.30;9.80;39.32;3145.67;2293.75;-851.92;0.00
0.28;10.39;36.46;2916.52;2194.26;-722.27;0.00
0.22;10.86;42.66;3413.17;1890.81;-1522.36;0.00
0.23;9.48;35.04;2803.01;1842.35;-960.65;0.00
0.25;10.01;37.80;3023.65;2026.33;-997.32;0.00
0.28;7.92;40.39;3231.52;2035.98;-1195.53;0.00
0.26;9.38;44.92;3593.91;2025.05;-1568.86;0.00
0.27;10.20;36.09;2886.93;2141.91;-745.02;0.00
0.25;8.40;40.28;3222.12;1895.67;-1326.46;0.00
0.22;10.96;41.63;3330.75;1886.57;-1444.18;0.00
0.28;9.10;43.61;3488.41;2149.45;-1338.96;0.00
0.23;9.27;38.15;3051.66;1865.83;-1185.82;0.00
0.26;12.49;46.38;3710.50;2219.16;-1491.34;0.00
0.27;7.51;37.35;2987.92;2000.00;-987.92;0.00
0.25;9.33;28.33;2266.37;1960.52;-305.86;0.00
0.23;9.45;41.47;3317.60;1872.12;-1445.48;0.00
0.27;11.20;45.49;3639.39;2202.91;-1436.48;0.00
0.25;11.31;34.83;2786.02;2082.26;-703.76;0.00
0.28;10.04;41.20;3296.20;2169.93;-1126.27;0.00
0.24;10.06;36.96;2957.16;1928.91;-1028.25;0.00
0.23;9.54;40.29;3223.35;1856.26;-1367.09;0.00
0.26;10.06;40.15;3212.02;2036.84;-1175.18;0.00
0.21;8.79;42.55;3404.14;1721.05;-1683.09;0.00
0.27;8.05;43.22;3457.31;1986.06;-1471.24;0.00
0.27;8.12;34.24;2738.84;1989.81;-749.03;0.00
0.28;11.33;38.74;3098.81;2234.30;-864.51;0.00
0.25;10.01;38.84;3107.46;2020.97;-1086.48;0.00
0.23;9.94;44.94;3595.53;1869.94;-1725.59;0.00
0.28;10.91;41.64;3331.08;2217.13;-1113.94;0.00
0.23;10.26;39.47;3157.40;1907.15;-1250.25;0.00
0.24;10.73;40.64;3251.49;1968.15;-1283.34;0.00
0.25;9.78;42.60;3407.64;1991.58;-1416.06;0.00
0.25;9.87;51.27;4101.77;1977.38;-2124.39;0.00
0.25;8.72;35.77;2861.75;1955.43;-906.32;0.00
0.24;6.85;38.47;3077.83;1776.36;-1301.47;0.00
0.22;10.07;38.66;3093.03;1822.54;-1270.49;0.00
0.29;10.30;38.76;3100.75;2224.55;-876.19;0.00
0.26;10.64;39.27;3141.42;2077.78;-1063.64;0.00
0.24;10.30;40.01;3201.10;1971.85;-1229.25;0.00
0.28;9.76;38.42;3073.34;2137.85;-935.49;0.00
0.25;12.00;37.82;3025.77;2106.97;-918.80;0.00
0.29;10.05;35.36;2828.44;2246.91;-581.53;0.00
0.27;11.10;41.53;3322.74;2167.94;-1154.80;0.00
0.23;9.64;35.32;2825.33;1871.79;-953.55;0.00
0.24;8.18;43.09;3446.82;1835.70;-1611.12;0.00
0.22;11.53;37.00;2959.66;1901.12;-1058.54;0.00
0.26;10.65;37.48;2998.37;2105.18;-893.20;0.00
0.28;10.36;30.58;2446.01;2165.08;-280.93;0.00
0.21;10.63;44.21;3537.07;1776.61;-1760.46;0.00
0.25;9.91;43.33;3466.11;2021.53;-1444.57;0.00
0.23;8.62;41.31;3304.45;1814.31;-1490.14;0.00
0.22;12.62;50.49;4039.47;1976.26;-2063.21;0.00
0.25;9.76;46.49;3719.16;1978.96;-1740.20;0.00
0.22;9.92;43.18;3454.58;1820.02;-1634.55;0.00
0.27;12.01;39.91;3192.71;2202.07;-990.64;0.00
0.22;11.12;42.18;3374.02;1859.00;-1515.02;0.00
0.24;10.87;33.29;2663.19;2009.93;-653.26;0.00
0.24;7.33;40.05;3203.61;1810.64;-1392.97;0.00
0.24;8.87;47.76;3820.94;1869.08;-1951.85;0.00
0.25;11.38;37.42;2993.99;2044.83;-949.17;0.00
0.26;9.70;33.98;2718.28;2030.83;-687.45;0.00
0.28;10.63;45.42;3633.58;2224.68;-1408.91;0.00
0.24;8.07;36.47;2917.53;1823.49;-1094.04;0.00
0.29;10.72;36.57;2925.68;2279.46;-646.22;0.00
0.25;10.18;38.77;3101.59;2036.72;-1064.88;0.00
0.21;10.23;39.63;3170.23;1791.40;-1378.83;0.00
0.20;10.60;36.06;2884.55;1736.51;-1148.04;0.00
0.23;10.99;30.47;2437.97;1906.03;-531.93;0.00
0.25;11.00;36.86;2948.98;2029.17;-919.81;0.00
0.24;11.10;34.05;2723.84;2018.76;-705.08;0.00
0.25;8.93;42.31;3384.91;1939.09;-1445.82;0.00
0.24;8.60;37.23;2978.11;1879.16;-1098.95;0.00
0.25;10.87;40.46;3236.82;2036.03;-1200.79;0.00
0.28;11.05;41.02;3281.35;2221.21;-1060.13;0.00
0.26;13.08;40.18;3214.36;2205.61;-1008.75;0.00
0.24;9.54;33.65;2692.24;1933.66;-758.57;0.00
0.25;11.43;34.46;2756.78;2052.49;-704.28;0.00
0.28;8.73;39.78;3182.45;2124.65;-1057.80;0.00
0.31;8.65;39.27;3141.35;2295.53;-845.82;0.00
0.30;11.31;41.49;3319.25;2353.79;-965.47;0.00
0.22;9.64;41.69;3335.44;1788.93;-1546.51;0.00
0.23;9.33;30.97;2477.72;1868.68;-609.05;0.00
0.25;10.34;39.48;3158.55;2035.59;-1122.96;0.00
0.25;11.05;41.58;3326.50;2034.55;-1291.95;0.00
0.27;9.41;37.46;2997.13;2076.56;-920.57;0.00
0.25;9.18;35.47;2837.23;1947.19;-890.04;0.00
0.24;10.60;40.47;3237.60;1993.60;-1244.00;0.00
0.27;9.41;53.29;4263.37;2060.82;-2202.55;0.00
0.24;8.61;39.84;3187.44;1837.31;-1350.13;0.00
0.21;11.29;39.81;3184.74;1856.94;-1327.80;0.00
0.27;12.57;31.87;2549.72;2247.17;-302.55;0.00
0.27;9.39;41.79;3343.12;2073.70;-1269.42;0.00
0.24;8.23;35.75;2859.95;1822.27;-1037.67;0.00
0.22;10.88;42.20;3376.24;1877.69;-1498.55;0.00
0.26;11.82;41.89;3351.35;2164.61;-1186.74;0.00
0.23;10.74;42.87;3429.66;1898.60;-1531.07;0.00
0.24;10.91;42.24;3379.53;2017.32;-1362.20;0.00
0.24;11.36;42.43;3394.68;2026.85;-1367.83;0.00
0.27;8.42;44.73;3578.52;2046.94;-1531.57;0.00
0.25;9.45;38.32;3065.27;1979.77;-1085.49;0.00
0.20;10.18;39.46;3156.57;1708.61;-1447.96;0.00
0.24;9.21;47.16;3772.89;1922.29;-1850.60;0.00
0.27;10.77;48.54;3883.25;2185.28;-1697.97;0.00
0.27;11.76;41.20;3295.86;2207.14;-1088.72;0.00
0.22;11.38;44.93;3594.27;1921.67;-1672.59;0.00
0.26;8.29;36.05;2884.06;1982.83;-901.22;0.00
0.25;11.77;33.58;2686.63;2082.73;-603.90;0.00
0.29;12.61;41.79;3343.47;2380.39;-963.08;0.00
0.25;11.88;43.93;3514.47;2119.20;-1395.27;0.00
0.21;10.78;52.98;4238.18;1832.73;-2405.45;0.00
0.24;10.96;40.80;3264.40;1986.06;-1278.34;0.00
0.31;10.47;39.77;3181.43;2364.95;-816.48;0.00
0.21;9.30;31.04;2483.55;1718.12;-765.43;0.00
0.25;11.83;41.03;3282.59;2114.31;-1168.27;0.00
0.27;10.02;44.29;3543.04;2122.72;-1420.32;0.00
0.26;10.18;38.19;3055.18;2046.81;-1008.36;0.00
0.24;8.29;43.72;3497.75;1849.86;-1647.90;0.00
0.27;10.10;32.42;2593.24;2145.09;-448.15;0.00
0.24;10.07;39.05;3123.86;1972.44;-1151.43;0.00
0.29;9.16;35.61;2848.74;2159.05;-689.69;0.00
0.24;10.55;38.06;3044.89;1977.16;-1067.73;0.00
0.28;10.53;41.41;3313.14;2192.73;-1120.40;0.00
0.25;9.39;40.65;3251.88;1953.17;-1298.71;0.00
0.27;10.79;39.20;3135.70;2149.56;-986.14;0.00
0.27;9.67;42.08;3366.16;2114.92;-1251.24;0.00
0.28;9.23;38.12;3049.34;2137.66;-911.68;0.00
0.28;10.40;47.49;3798.91;2197.54;-1601.37;0.00
0.22;10.62;31.55;2523.88;1830.13;-693.75;0.00
0.24;7.74;41.69;3335.16;1792.81;-1542.35;0.00
0.27;10.82;36.59;2926.84;2179.33;-747.51;0.00
0.27;10.39;44.51;3561.17;2151.45;-1409.72;0.00
0.22;7.77;36.82;2945.86;1718.06;-1227.80;0.00
0.22;9.93;38.14;3051.06;1840.38;-1210.68;0.00
0.26;10.93;29.57;2365.61;2097.83;-267.78;0.00
0.25;9.57;44.30;3543.62;1981.82;-1561.80;0.00
0.22;9.12;38.68;3094.56;1792.20;-1302.36;0.00
0.25;12.23;41.45;3316.15;2122.29;-1193.86;0.00
0.25;11.02;35.32;2825.39;2079.15;-746.24;0.00
0.24;10.16;31.16;2493.06;1930.14;-562.92;0.00
0.22;10.53;39.58;3166.27;1832.56;-1333.70;0.00
0.27;9.50;47.35;3788.10;2096.40;-1691.70;0.00
0.28;8.07;35.74;2859.52;2056.80;-802.72;0.00
0.26;11.03;36.98;2958.52;2125.69;-832.83;0.00
0.27;9.72;36.17;2893.50;2093.92;-799.58;0.00
0.26;9.86;41.67;3333.22;2077.63;-1255.59;0.00
0.26;10.41;34.36;2748.67;2084.94;-663.73;0.00
0.23;9.42;38.16;3052.81;1860.06;-1192.75;0.00
0.23;8.61;28.73;2298.16;1796.11;-502.05;0.00
0.24;10.61;30.54;2443.15;1988.99;-454.17;0.00
0.21;11.84;38.55;3084.13;1888.47;-1195.66;0.00
0.24;10.78;38.59;3087.33;1962.63;-1124.70;0.00
0.29;12.43;32.93;2634.64;2368.23;-266.41;0.00
0.25;9.73;44.65;3571.77;2008.90;-1562.87;0.00
0.24;8.69;39.30;3144.05;1898.10;-1245.95;0.00
0.24;10.26;37.63;3010.03;1954.93;-1055.11;0.00
0.26;9.81;48.57;3885.58;2029.28;-1856.30;0.00
0.25;10.40;39.86;3188.59;1998.92;-1189.67;0.00
0.25;9.58;46.56;3724.48;1981.85;-1742.63;0.00
0.30;11.17;38.27;3061.34;2367.10;-694.24;0.00
0.21;10.34;32.88;2630.55;1800.62;-829.93;0.00
0.24;9.10;37.54;3003.52;1865.67;-1137.85;0.00
0.21;10.42;34.57;2765.24;1766.31;-998.93;0.00
0.25;10.44;42.89;3430.95;2039.04;-1391.91;0.00
0.30;11.63;35.63;2850.50;2348.76;-501.73;0.00
0.25;10.18;44.60;3568.29;2011.29;-1557.00;0.00
0.26;10.85;29.87;2389.89;2106.34;-283.55;0.00
0.25;10.41;49.37;3949.93;2014.02;-1935.90;0.00
0.24;9.52;37.11;2968.41;1911.56;-1056.86;0.00
0.24;7.71;37.47;2997.63;1792.06;-1205.57;0.00
0.23;8.85;47.75;3820.31;1840.89;-1979.43;0.00
0.27;10.19;29.19;2334.94;2123.80;-211.14;0.00
0.28;11.28;32.75;2620.32;2239.87;-380.45;0.00
0.27;11.22;45.12;3609.92;2198.80;-1411.12;0.00
0.21;9.30;46.13;3690.45;1746.20;-1944.25;0.00
0.23;9.27;44.67;3573.50;1836.42;-1737.08;0.00
0.26;9.58;44.00;3519.72;2060.21;-1459.51;0.00
0.25;8.18;44.79;3583.41;1920.78;-1662.63;0.00
0.29;9.06;49.88;3990.11;2152.21;-1837.90;0.00
0.21;10.04;43.01;3440.83;1782.53;-1658.30;0.00
0.28;10.52;41.40;3312.12;2216.89;-1095.24;0.00
0.24;8.56;48.26;3860.59;1870.24;-1990.35;0.00
0.23;10.49;39.41;3152.99;1930.62;-1222.37;0.00
0.21;10.42;41.16;3292.48;1808.34;-1484.14;0.00
0.24;8.15;29.16;2332.47;1848.42;-484.06;0.00
0.27;9.41;43.60;3488.37;2060.97;-1427.40;0.00
0.23;8.36;39.18;3134.47;1807.39;-1327.08;0.00
0.24;9.26;57.18;4574.57;1904.14;-2670.43;0.00
0.25;10.45;33.60;2688.22;2046.61;-641.62;0.00
0.26;11.37;41.63;3330.48;2108.92;-1221.55;0.00
0.23;11.76;42.90;3431.73;1970.22;-1461.51;0.00
0.26;10.90;44.09;3527.15;2130.17;-1396.97;0.00
0.27;10.18;38.60;3088.22;2109.76;-978.46;0.00
0.25;10.41;41.68;3334.22;2046.61;-1287.61;0.00
0.31;10.78;41.28;3302.66;2369.55;-933.11;0.00
0.25;10.50;45.14;3611.44;2040.28;-1571.16;0.00
0.27;10.72;36.94;2954.82;2175.71;-779.11;0.00
0.25;8.99;43.78;3502.15;1963.76;-1538.39;0.00
0.20;9.28;37.57;3005.21;1653.74;-1351.46;0.00
0.28;8.69;41.72;3337.26;2110.61;-1226.65;0.00
0.22;10.79;37.45;2996.07;1870.81;-1125.26;0.00
0.27;8.97;39.76;3180.57;2052.39;-1128.17;0.00
0.19;9.10;43.00;3439.93;1587.25;-1852.68;0.00
0.25;10.67;41.67;3333.87;2051.50;-1282.37;0.00
0.29;8.93;35.68;2854.46;2170.91;-683.55;0.00
0.24;10.86;34.66;2773.00;1981.12;-791.89;0.00
0.23;9.03;36.17;2893.38;1829.09;-1064.29;0.00
0.27;12.01;37.22;2977.31;2225.79;-751.52;0.00
0.26;9.22;43.91;3512.69;2025.23;-1487.46;0.00
0.21;10.57;46.34;3707.02;1788.89;-1918.13;0.00
0.28;8.99;45.49;3639.26;2100.28;-1538.98;0.00
0.25;10.14;44.99;3598.88;2033.47;-1565.41;0.00
0.24;10.97;42.37;3389.46;1991.25;-1398.21;0.00
0.26;10.53;36.16;2892.65;2097.91;-794.74;0.00
0.29;9.89;38.05;3044.27;2235.49;-808.79;0.00
0.30;10.46;34.96;2796.89;2299.40;-497.49;0.00
0.27;10.19;37.27;2981.33;2118.95;-862.38;0.00
0.26;7.24;38.86;3108.53;1908.80;-1199.72;0.00
0.22;10.59;45.15;3611.70;1844.31;-1767.38;0.00
0.22;8.98;47.25;3780.36;1793.51;-1986.85;0.00
0.26;10.94;39.72;3177.64;2120.11;-1057.53;0.00
0.25;10.64;35.73;2858.31;2035.16;-823.15;0.00
0.26;9.98;37.67;3013.51;2037.47;-976.04;0.00
0.24;9.86;32.34;2587.10;1950.94;-636.16;0.00
0.23;9.31;36.05;2884.24;1843.84;-1040.40;0.00
0.23;11.88;34.87;2789.32;2002.49;-786.82;0.00
0.26;8.01;41.31;3304.84;1952.84;-1352.00;0.00
0.25;9.99;52.20;4176.25;1988.14;-2188.11;0.00
0.22;12.01;29.95;2395.90;1931.09;-464.81;0.00
0.30;9.53;44.65;3572.38;2236.48;-1335.90;0.00
0.26;11.54;40.79;3263.27;2110.92;-1152.35;0.00
0.28;10.68;44.76;3580.69;2220.42;-1360.27;0.00
0.29;9.17;35.05;2803.73;2159.90;-643.83;0.00
0.24;11.04;36.83;2946.57;1969.60;-976.97;0.00
0.30;10.39;45.45;3635.84;2330.60;-1305.24;0.00
0.27;12.26;42.23;3378.46;2247.60;-1130.86;0.00
0.29;9.33;43.38;3470.64;2174.77;-1295.87;0.00
0.26;9.37;40.85;3268.25;2025.30;-1242.95;0.00
0.23;9.50;38.21;3056.90;1882.88;-1174.02;0.00
