# X_0;X_1;X_2;R_0;S_0;G_0;I_0
0.30;8.41;46.86;3748.65;2219.60;-1529.05;0.00
0.23;10.30;42.07;3365.45;1918.93;-1446.52;0.00
0.26;8.61;46.56;3725.04;2009.43;-1715.61;0.00
0.27;11.23;37.03;2962.75;2165.28;-797.47;0.00
0.26;10.85;45.95;3675.73;2075.78;-1599.95;0.00
0.28;9.29;31.44;2515.05;2111.63;-403.42;0.00
0.27;10.08;44.74;3579.47;2119.04;-1460.43;0.00
0.28;9.27;35.94;2874.97;2127.95;-747.03;0.00
0.29;10.19;49.51;3960.86;2217.44;-1743.43;0.00
0.20;10.86;41.72;3337.54;1749.28;-1588.26;0.00
0.25;9.08;43.47;3477.32;1965.91;-1511.42;0.00
0.29;11.01;39.54;3163.28;2291.15;-872.14;0.00
0.23;9.30;40.75;3259.93;1824.92;-1435.00;0.00
0.22;9.48;42.52;3401.23;1823.05;-1578.18;0.00
0.24;10.91;36.58;2926.52;2005.93;-920.60;0.00
0.27;11.18;44.16;3532.41;2202.18;-1330.23;0.00
0.26;9.32;42.74;3419.49;2033.73;-1385.76;0.00
0.21;10.54;51.71;4137.05;1818.36;-2318.69;0.00
0.24;11.95;34.79;2783.20;2020.78;-762.42;0.00
0.19;10.94;43.30;3463.94;1701.99;-1761.95;0.00
0.23;10.14;38.37;3069.86;1885.24;-1184.62;0.00
0.26;11.84;46.53;3722.74;2153.83;-1568.91;0.00
0.25;11.38;40.93;3274.70;2060.16;-1214.54;0.00
0.31;9.49;35.22;2817.32;2325.64;-491.68;0.00
0.23;10.17;39.84;3187.46;1907.94;-1279.53;0.00
0.26;10.04;41.94;3355.39;2051.13;-1304.26;0.00
0.30;10.44;44.24;3538.84;2301.36;-1237.49;0.00
0.22;11.10;48.53;3882.62;1900.29;-1982.33;0.00
0.20;11.10;39.50;3160.09;1788.24;-1371.86;0.00
0.24;12.13;40.16;3212.41;2050.54;-1161.87;0.00
0.22;10.76;41.67;3333.32;1854.08;-1479.24;0.00
0.23;9.31;33.57;2685.99;1819.00;-866.99;0.00
0.22;10.06;38.16;3052.80;1820.01;-1232.78;0.00
0.24;11.77;39.71;3177.20;2026.88;-1150.32;0.00
0.25;12.51;51.06;4085.17;2127.36;-1957.80;0.00
0.25;10.90;36.90;2951.82;2074.91;-876.91;0.00
0.25;10.97;39.48;3158.37;2068.91;-1089.46;0.00
0.26;10.91;41.50;3320.15;2126.15;-1194.00;0.00
0.25;10.77;42.65;3411.72;2014.37;-1397.34;0.00
0.28;12.68;40.15;3212.24;2294.87;-917.37;0.00
0.23;8.66;34.28;2742.44;1792.09;-950.35;0.00
0.27;10.14;41.24;3299.34;2111.16;-1188.18;0.00
0.20;10.19;51.07;4085.82;1704.18;-2381.64;0.00
0.25;9.55;39.95;3195.65;1966.11;-1229.54;0.00
0.27;9.86;47.70;3815.76;2127.33;-1688.43;0.00
0.23;9.19;37.76;3020.76;1820.73;-1200.04;0.00
0.26;8.94;41.07;3285.82;1988.06;-1297.76;0.00
0.25;10.23;39.14;3130.94;1996.24;-1134.71;0.00
0.24;10.58;45.71;3656.71;1953.82;-1702.89;0.00
0.21;11.64;42.87;3429.70;1874.90;-1554.80;0.00
0.30;11.49;49.71;3977.00;2349.15;-1627.86;0.00
0.23;8.67;42.13;3370.68;1790.78;-1579.90;0.00
0.25;10.00;44.33;3546.68;2025.53;-1521.16;0.00
0.23;11.77;42.67;3413.31;1963.68;-1449.63;0.00
0.21;10.93;40.53;3242.13;1797.18;-1444.95;0.00
0.27;11.74;46.65;3732.17;2213.49;-1518.68;0.00
0.26;10.07;40.00;3199.99;2088.69;-1111.30;0.00
0.28;11.02;35.02;2801.63;2237.83;-563.79;0.00
0.27;10.03;34.58;2766.59;2128.79;-637.80;0.00
0.26;11.13;43.97;3517.75;2145.56;-1372.18;0.00
0.25;9.92;37.55;3004.38;2020.39;-983.99;0.00
0.24;11.74;44.18;3534.11;2004.55;-1529.56;0.00
0.26;10.69;36.52;2921.34;2106.17;-815.17;0.00
0.24;10.84;43.95;3516.10;2009.87;-1506.23;0.00
0.25;10.69;33.05;2644.31;2038.81;-605.50;0.00
0.25;10.57;40.95;3276.31;2020.90;-1255.42;0.00
0.25;9.11;35.86;2868.78;1936.05;-932.73;0.00
0.20;10.49;41.39;3311.43;1756.50;-1554.93;0.00
0.27;9.57;39.10;3127.71;2110.53;-1017.18;0.00
0.27;10.71;45.11;3608.79;2142.95;-1465.84;0.00
0.23;8.92;31.08;2486.47;1823.18;-663.29;0.00
0.25;12.38;39.92;3193.85;2117.20;-1076.65;0.00
0.26;12.10;45.66;3652.82;2177.19;-1475.63;0.00
0.24;10.67;45.12;3609.43;2004.67;-1604.77;0.00
0.23;10.34;42.01;3360.85;1883.14;-1477.71;0.00
0.21;9.76;33.41;2672.97;1770.53;-902.44;0.00
0.23;10.49;32.82;2625.21;1916.12;-709.10;0.00
0.29;9.37;42.73;3418.35;2226.41;-1191.94;0.00
0.27;10.65;39.88;3190.37;2144.14;-1046.23;0.00
0.23;12.84;42.31;3384.71;2029.16;-1355.55;0.00
0.24;11.76;50.51;4041.05;2030.79;-2010.26;0.00
0.21;11.94;40.91;3272.50;1858.08;-1414.42;0.00
0.25;12.70;35.49;2839.50;2160.04;-679.46;0.00
0.25;10.87;45.01;3600.40;2067.21;-1533.19;0.00
0.25;10.50;41.51;3320.61;2023.58;-1297.03;0.00
0.27;11.06;30.92;2473.57;2157.99;-315.58;0.00
0.29;11.04;38.65;3092.17;2315.31;-776.86;0.00
0.27;10.39;42.64;3411.55;2113.78;-1297.77;0.00
0.24;9.39;36.47;2917.32;1897.68;-1019.64;0.00
0.23;8.97;47.85;3828.39;1821.08;-2007.31;0.00
0.29;10.09;45.35;3627.62;2252.26;-1375.36;0.00
0.25;9.21;34.90;2791.71;1976.28;-815.42;0.00
0.27;10.75;38.97;3117.82;2174.86;-942.96;0.00
0.23;11.06;44.11;3528.84;1930.16;-1598.68;0.00
0.25;11.86;37.23;2978.77;2073.04;-905.74;0.00
0.27;10.59;40.83;3266.55;2130.47;-1136.09;0.00
0.21;11.13;34.95;2796.17;1828.99;-967.17;0.00
0.26;10.63;42.45;3395.76;2113.27;-1282.50;0.00
0.25;10.31;42.05;3364.03;1992.61;-1371.42;0.00
0.21;9.88;37.06;2964.91;1733.37;-1231.54;0.00
0.25;11.70;45.82;3665.30;2092.08;-1573.22;0.00
0.23;10.02;40.37;3229.53;1898.11;-1331.42;0.00
0.22;9.99;37.80;3024.01;1809.89;-1214.12;0.00
0.24;10.45;49.05;3924.13;1980.26;-1943.87;0.00
0.24;8.63;33.89;2710.85;1881.01;-829.84;0.00
0.25;9.88;43.27;3461.64;2017.04;-1444.61;0.00
0.26;8.93;40.70;3255.88;1973.25;-1282.63;0.00
0.25;9.98;44.25;3539.67;1990.32;-1549.35;0.00
0.28;8.81;35.36;2828.98;2115.87;-713.11;0.00
0.24;11.50;39.33;3146.23;2032.22;-1114.01;0.00
0.28;12.05;30.48;2438.11;2267.21;-170.90;0.00
0.27;9.91;39.68;3174.51;2081.25;-1093.26;0.00
0.23;8.66;35.67;2853.65;1822.12;-1031.53;0.00
0.25;11.33;39.47;3157.45;2077.85;-1079.59;0.00
0.23;10.89;38.23;3058.51;1931.18;-1127.33;0.00
0.23;11.31;39.38;3150.78;1925.65;-1225.13;0.00
0.20;9.91;39.65;3172.39;1679.18;-1493.22;0.00
0.28;9.95;40.38;3230.15;2176.33;-1053.81;0.00
0.25;8.45;26.33;2106.47;1901.99;-204.48;0.00
0.30;10.74;44.19;3535.26;2336.64;-1198.62;0.00
0.22;9.35;36.55;2924.25;1812.90;-1111.35;0.00
0.23;9.58;38.96;3116.98;1857.50;-1259.48;0.00
0.28;11.21;44.97;3597.44;2215.84;-1381.60;0.00
0.20;9.58;42.88;3430.79;1691.50;-1739.29;0.00
0.22;10.46;44.99;3598.98;1841.00;-1757.98;0.00
0.26;9.78;43.19;3455.20;2057.17;-1398.03;0.00
0.24;10.25;38.29;3063.01;1970.66;-1092.35;0.00
0.28;9.56;43.16;3453.04;2136.14;-1316.90;0.00
0.26;10.65;35.79;2862.87;2083.82;-779.04;0.00
0.28;11.07;43.36;3469.05;2216.23;-1252.82;0.00
0.28;10.12;42.94;3435.44;2165.03;-1270.41;0.00
0.26;7.99;32.20;2575.90;1935.20;-640.70;0.00
0.26;9.78;40.47;3237.93;2063.04;-1174.89;0.00
0.19;11.14;41.19;3295.33;1682.18;-1613.15;0.00
0.27;11.65;38.33;3066.37;2227.71;-838.65;0.00
0.19;9.03;40.15;3211.78;1617.03;-1594.75;0.00
0.26;10.32;44.05;3523.94;2048.73;-1475.21;0.00
0.24;8.85;35.10;2808.06;1887.11;-920.95;0.00
0.26;11.54;35.55;2844.12;2160.80;-683.32;0.00
0.27;11.29;31.09;2486.86;2167.08;-319.78;0.00
0.24;13.17;47.21;3776.76;2092.75;-1684.01;0.00
0.27;8.30;35.74;2859.07;2028.53;-830.53;0.00
0.24;10.78;32.57;2605.77;1970.28;-635.49;0.00
0.23;12.16;33.66;2692.91;2005.64;-687.27;0.00
0.29;11.65;37.70;3015.82;2304.58;-711.24;0.00
0.26;10.77;34.94;2795.14;2081.77;-713.37;0.00
0.27;9.88;36.90;2952.24;2121.79;-830.45;0.00
0.21;10.56;32.72;2617.37;1766.80;-850.58;0.00
0.26;9.62;43.05;3443.60;2060.04;-1383.57;0.00
0.24;9.72;45.22;3617.45;1941.55;-1675.90;0.00
0.27;10.79;40.64;3251.17;2149.24;-1101.93;0.00
0.25;10.31;31.03;2482.07;1995.01;-487.07;0.00
0.25;10.51;38.73;3098.47;2010.18;-1088.29;0.00
0.24;11.20;34.00;2720.03;1977.70;-742.33;0.00
0.27;11.91;40.06;3204.51;2192.65;-1011.86;0.00
0.23;11.33;43.44;3475.52;1957.46;-1518.06;0.00
0.24;11.06;41.45;3316.08;2021.21;-1294.87;0.00
0.22;10.57;41.55;3324.36;1863.61;-1460.75;0.00
0.23;9.50;39.87;3189.99;1841.85;-1348.14;0.00
0.25;10.49;34.91;2793.15;1996.82;-796.33;0.00
0.26;9.51;42.58;3406.70;2021.07;-1385.63;0.00
0.24;9.51;47.62;3809.99;1939.87;-1870.11;0.00
0.24;9.61;33.01;2640.57;1909.05;-731.52;0.00
0.28;9.75;45.34;3627.13;2151.88;-1475.25;0.00
0.25;8.93;33.11;2648.44;1929.93;-718.51;0.00
0.27;9.00;35.73;2858.22;2051.31;-806.91;0.00
0.27;9.45;38.72;3097.50;2080.00;-1017.50;0.00
0.29;9.56;44.99;3599.52;2211.27;-1388.25;0.00
0.18;9.85;38.15;3051.68;1607.23;-1444.45;0.00
0.28;11.92;43.43;3474.49;2269.87;-1204.62;0.00
0.21;9.78;38.38;3070.65;1759.48;-1311.17;0.00
0.27;10.94;32.98;2638.77;2194.42;-444.36;0.00
0.22;11.16;37.81;3024.97;1913.25;-1111.72;0.00
0.23;13.40;34.46;2756.87;2084.18;-672.69;0.00
0.23;8.21;42.45;3395.86;1807.18;-1588.68;0.00
0.23;12.79;48.81;3905.05;2031.73;-1873.32;0.00
0.30;10.16;46.10;3688.14;2291.82;-1396.32;0.00
0.27;9.81;38.72;3097.38;2114.42;-982.96;0.00
0.25;10.13;40.63;3250.68;2033.73;-1216.96;0.00
0.24;10.67;37.46;2996.55;1967.66;-1028.90;0.00
0.26;9.73;36.90;2951.71;2050.86;-900.85;0.00
0.28;8.62;31.61;2528.90;2123.85;-405.06;0.00
0.29;9.40;33.18;2654.32;2189.42;-464.90;0.00
0.22;11.71;47.19;3775.04;1890.66;-1884.38;0.00
0.23;8.84;36.77;2941.60;1791.55;-1150.05;0.00
0.24;11.11;45.60;3648.17;2009.57;-1638.60;0.00
0.23;11.35;35.78;2862.06;1963.27;-898.79;0.00
0.23;10.60;40.73;3258.35;1907.74;-1350.61;0.00
0.23;12.01;44.78;3582.73;1969.80;-1612.92;0.00
0.23;9.19;37.30;2984.21;1816.87;-1167.34;0.00
0.22;9.99;31.83;2546.58;1809.19;-737.39;0.00
0.27;10.31;37.34;2987.04;2158.54;-828.50;0.00
0.27;11.34;39.41;3152.50;2208.75;-943.75;0.00
0.24;9.64;38.61;3088.91;1912.90;-1176.01;0.00
0.25;11.68;51.86;4148.47;2104.92;-2043.55;0.00
0.29;11.52;41.18;3294.41;2317.62;-976.80;0.00
0.33;10.83;41.91;3352.72;2513.63;-839.10;0.00
0.23;12.00;43.49;3479.23;1992.64;-1486.59;0.00
0.26;10.27;40.15;3211.80;2055.28;-1156.52;0.00
0.27;9.96;45.47;3637.94;2130.05;-1507.89;0.00
0.26;10.64;41.59;3327.43;2077.10;-1250.33;0.00
0.29;9.48;36.70;2936.34;2201.21;-735.13;0.00
0.25;10.13;38.17;3053.98;1999.91;-1054.07;0.00
0.24;11.09;42.02;3361.54;1991.93;-1369.61;0.00
0.26;9.92;43.13;3450.79;2041.23;-1409.56;0.00
0.21;9.35;39.45;3155.89;1740.24;-1415.65;0.00
0.24;8.88;35.91;2872.71;1866.79;-1005.92;0.00
0.26;8.31;37.78;3022.20;1981.25;-1040.95;0.00
0.22;9.59;40.91;3272.58;1824.62;-1447.96;0.00
0.24;9.64;35.91;2872.58;1941.56;-931.02;0.00
0.21;9.76;41.53;3322.61;1769.97;-1552.65;0.00
0.25;10.97;47.35;3788.11;2032.30;-1755.80;0.00
0.24;8.84;43.76;3500.77;1870.15;-1630.61;0.00
0.27;11.27;41.49;3319.43;2165.23;-1154.20;0.00
0.28;10.69;48.03;3842.39;2215.51;-1626.88;0.00
0.25;9.45;44.71;3576.79;1978.62;-1598.17;0.00
0.23;8.85;37.22;2977.67;1803.64;-1174.03;0.00
0.23;10.69;42.75;3419.79;1925.96;-1493.83;0.00
0.28;9.80;31.72;2537.52;2140.42;-397.10;0.00
0.21;10.69;39.39;3151.17;1790.26;-1360.91;0.00
0.28;9.84;42.94;3435.58;2156.39;-1279.19;0.00
0.20;9.74;37.56;3004.75;1696.58;-1308.17;0.00
0.28;10.99;37.77;3021.34;2229.82;-791.52;0.00
0.25;11.11;36.58;2926.21;2035.97;-890.25;0.00
0.26;10.08;34.10;2727.80;2033.99;-693.81;0.00
0.24;8.78;42.89;3431.21;1864.19;-1567.03;0.00
0.21;9.44;44.67;3573.45;1740.00;-1833.45;0.00
0.22;9.92;46.05;3683.98;1835.48;-1848.50;0.00
0.22;9.88;36.71;2937.01;1829.74;-1107.27;0.00
0.28;9.98;41.47;3317.41;2162.88;-1154.52;0.00
0.26;9.97;35.05;2803.85;2045.60;-758.25;0.00
0.27;9.51;41.57;3325.80;2082.42;-1243.38;0.00
0.24;9.86;49.06;3924.72;1948.96;-1975.76;0.00
0.22;10.08;32.90;2631.88;1831.39;-800.49;0.00
0.27;9.19;31.74;2538.86;2062.49;-476.37;0.00
0.27;10.33;32.25;2579.71;2148.65;-431.07;0.00
0.29;11.82;28.66;2292.40;2312.17;19.76;1.00
0.24;11.84;38.80;3104.31;2024.81;-1079.50;0.00
0.28;9.26;38.87;3109.22;2120.25;-988.97;0.00
0.24;8.94;40.50;3239.76;1870.06;-1369.71;0.00
0.23;11.04;26.39;2110.92;1935.86;-175.06;0.00
0.26;6.91;45.84;3667.01;1917.00;-1750.01;0.00
0.24;10.23;46.54;3722.98;1940.95;-1782.03;0.00
0.28;9.45;37.56;3005.06;2157.76;-847.31;0.00
0.30;9.90;39.24;3139.45;2286.36;-853.09;0.00
0.27;11.39;44.43;3554.41;2179.11;-1375.31;0.00
0.25;12.88;40.27;3221.93;2141.23;-1080.70;0.00
0.23;11.27;34.87;2789.30;1968.06;-821.24;0.00
0.27;8.81;38.30;3064.30;2060.42;-1003.87;0.00
0.27;8.38;40.71;3256.88;2022.02;-1234.86;0.00
0.22;11.05;42.80;3424.28;1905.31;-1518.97;0.00
0.27;10.37;32.09;2566.97;2157.75;-409.21;0.00
0.23;8.89;38.29;3063.48;1843.64;-1219.84;0.00
0.25;12.89;42.57;3405.67;2139.03;-1266.64;0.00
0.24;10.08;42.10;3368.09;1968.58;-1399.51;0.00
0.25;9.25;45.45;3635.68;1928.97;-1706.71;0.00
0.22;10.36;32.91;2632.47;1845.90;-786.57;0.00
0.25;12.18;36.57;2925.65;2131.10;-794.55;0.00
0.22;9.28;39.75;3179.62;1807.71;-1371.90;0.00
0.28;10.09;45.65;3651.90;2160.96;-1490.94;0.00
0.29;8.94;45.60;3648.19;2148.07;-1500.12;0.00
0.29;11.96;44.68;3574.52;2321.80;-1252.72;0.00
0.25;8.98;39.43;3154.26;1921.72;-1232.54;0.00
0.24;8.73;33.12;2649.45;1874.15;-775.30;0.00
0.27;8.85;35.28;2822.49;2036.57;-785.92;0.00
0.27;9.69;41.22;3297.87;2094.36;-1203.50;0.00
0.25;10.73;47.19;3775.12;2051.20;-1723.92;0.00
0.31;8.70;43.47;3477.57;2301.60;-1175.97;0.00
0.25;9.28;41.93;3354.12;1969.45;-1384.67;0.00
0.27;9.70;49.13;3930.64;2117.36;-1813.28;0.00
0.25;9.70;45.63;3650.26;1972.72;-1677.55;0.00
0.26;10.34;45.26;3620.95;2054.47;-1566.48;0.00
0.27;9.42;41.33;3306.44;2104.18;-1202.26;0.00
0.27;10.03;36.03;2882.55;2132.55;-750.00;0.00
0.24;9.80;38.85;3108.26;1936.20;-1172.05;0.00
0.24;9.12;41.32;3305.71;1916.76;-1388.95;0.00
0.24;11.44;40.70;3255.97;2006.01;-1249.95;0.00
0.20;9.85;43.84;3507.38;1722.63;-1784.75;0.00
0.23;11.37;42.83;3426.00;1972.32;-1453.68;0.00
0.20;11.41;44.19;3535.42;1802.57;-1732.86;0.00
0.26;10.36;41.30;3304.05;2102.70;-1201.36;0.00
0.22;9.69;39.07;3125.93;1828.93;-1297.00;0.00
0.22;9.70;30.35;2427.67;1806.43;-621.24;0.00
0.25;8.73;41.93;3354.71;1948.57;-1406.14;0.00
0.21;10.70;37.89;3031.09;1822.45;-1208.63;0.00
0.25;10.14;38.16;3053.04;1980.32;-1072.72;0.00
0.25;9.52;33.47;2677.52;1975.90;-701.62;0.00
0.27;10.50;40.95;3275.76;2127.08;-1148.68;0.00
0.24;9.41;44.22;3537.61;1906.74;-1630.87;0.00
0.27;9.78;41.03;3282.52;2094.29;-1188.23;0.00
0.24;9.06;42.23;3378.60;1905.24;-1473.36;0.00
0.27;9.80;47.43;3794.11;2081.61;-1712.50;0.00
0.20;10.29;35.93;2874.02;1734.40;-1139.62;0.00
0.25;10.09;46.92;3753.56;1995.75;-1757.81;0.00
0.26;9.08;43.73;3498.62;2028.82;-1469.80;0.00
0.24;12.42;40.38;3230.78;2059.71;-1171.07;0.00
0.25;9.58;37.98;3038.16;1984.78;-1053.38;0.00
0.23;9.36;41.63;3330.70;1851.67;-1479.03;0.00
0.24;9.84;42.08;3366.65;1940.96;-1425.68;0.00
0.27;9.08;44.42;3553.27;2067.23;-1486.04;0.00
0.26;11.41;39.13;3130.46;2135.61;-994.85;0.00
0.24;12.37;42.90;3432.20;2041.85;-1390.35;0.00
0.28;8.57;34.29;2742.96;2068.28;-674.68;0.00
0.22;9.89;40.89;3271.56;1802.43;-1469.13;0.00
0.25;11.33;38.33;3066.80;2062.35;-1004.45;0.00
0.28;9.07;48.83;3906.59;2135.58;-1771.02;0.00
0.24;9.86;34.44;2754.82;1949.55;-805.27;0.00
0.28;9.57;45.05;3604.20;2173.31;-1430.89;0.00
0.21;10.83;36.14;2891.31;1819.73;-1071.58;0.00
0.26;9.73;35.32;2825.54;2019.87;-805.67;0.00
0.20;11.38;44.15;3532.15;1787.31;-1744.84;0.00
0.26;8.12;36.46;2916.98;1927.66;-989.32;0.00
0.21;9.63;41.27;3301.39;1722.04;-1579.36;0.00
0.26;11.04;37.75;3020.04;2084.50;-935.54;0.00
0.24;8.82;46.41;3713.15;1867.71;-1845.45;0.00
0.25;9.85;40.98;3278.12;1962.99;-1315.13;0.00
0.28;9.68;37.50;2999.92;2144.78;-855.14;0.00
0.23;10.92;39.05;3124.24;1955.02;-1169.22;0.00
0.23;10.99;40.79;3262.97;1934.24;-1328.74;0.00
0.27;9.44;31.26;2500.83;2104.46;-396.37;0.00
0.25;10.77;43.40;3472.34;2056.52;-1415.82;0.00
0.21;8.67;41.47;3317.88;1690.53;-1627.35;0.00
0.26;11.93;30.20;2415.82;2166.89;-248.93;0.00
0.25;10.50;36.36;2908.91;2053.37;-855.54;0.00
0.26;11.34;37.50;2999.95;2105.46;-894.50;0.00
0.22;10.26;31.31;2504.40;1844.36;-660.05;0.00
0.26;9.84;42.82;3425.39;2058.08;-1367.31;0.00
0.28;9.58;38.28;3062.18;2152.76;-909.42;0.00
0.28;10.56;38.40;3071.84;2225.97;-845.86;0.00
0.25;10.05;38.22;3057.46;1992.64;-1064.82;0.00
0.26;11.78;36.53;2922.19;2155.95;-766.23;0.00
0.23;10.15;37.10;2967.60;1908.93;-1058.67;0.00
0.29;9.96;42.49;3398.90;2242.25;-1156.65;0.00
0.30;9.36;43.47;3477.46;2231.91;-1245.55;0.00
0.27;10.67;43.73;3498.14;2152.57;-1345.57;0.00
0.22;11.74;37.88;3030.65;1931.62;-1099.02;0.00
0.27;10.12;35.91;2872.99;2125.42;-747.57;0.00
0.26;9.62;42.85;3428.25;2045.09;-1383.16;0.00
0.26;10.37;43.53;3482.58;2073.84;-1408.73;0.00
0.27;10.59;48.07;3845.97;2137.19;-1708.79;0.00
0.25;9.68;38.14;3051.47;1964.24;-1087.23;0.00
0.26;9.67;46.65;3732.06;2035.12;-1696.94;0.00
0.24;10.67;30.80;2463.93;1949.61;-514.32;0.00
0.23;9.11;45.92;3673.41;1856.08;-1817.33;0.00
0.23;11.23;45.38;3630.30;1962.24;-1668.07;0.00
0.28;9.07;48.58;3886.22;2143.26;-1742.96;0.00
0.26;9.31;43.82;3505.42;2000.46;-1504.96;0.00
0.24;9.66;36.55;2923.82;1937.68;-986.14;0.00
0.27;8.93;37.38;2990.04;2049.05;-940.99;0.00
0.25;9.40;33.84;2707.31;1991.77;-715.53;0.00
0.21;8.75;49.60;3968.22;1682.90;-2285.32;0.00
0.20;11.12;39.28;3142.32;1760.08;-1382.25;0.00
0.26;9.24;43.92;3513.39;2010.32;-1503.06;0.00
0.27;8.09;42.97;3437.49;1995.15;-1442.33;0.00
0.24;10.71;39.75;3180.14;1989.16;-1190.98;0.00
0.23;8.71;38.84;3107.31;1806.55;-1300.76;0.00
0.25;11.42;39.80;3184.38;2052.55;-1131.83;0.00
0.23;10.19;38.34;3067.59;1863.30;-1204.29;0.00
0.23;11.05;38.57;3085.70;1928.03;-1157.67;0.00
0.25;10.33;40.13;3210.56;2006.07;-1204.49;0.00
0.22;10.87;48.42;3873.38;1892.78;-1980.59;0.00
0.24;12.13;35.33;2826.76;2079.35;-747.41;0.00
0.23;11.62;37.44;2994.88;1988.61;-1006.27;0.00
0.26;10.51;35.65;2852.35;2101.89;-750.46;0.00
0.25;9.36;39.84;3187.51;1977.69;-1209.82;0.00
0.29;9.03;37.85;3027.68;2202.52;-825.17;0.00
0.25;9.51;41.94;3355.15;1948.30;-1406.84;0.00
0.23;9.58;42.98;3438.64;1861.06;-1577.58;0.00
0.24;11.07;38.88;3110.20;2010.11;-1100.09;0.00
0.23;11.45;40.08;3206.42;1936.72;-1269.70;0.00
0.26;9.89;31.43;2514.04;2021.41;-492.63;0.00
0.23;9.92;39.17;3133.44;1905.78;-1227.65;0.00
0.23;7.92;38.83;3106.15;1769.40;-1336.74;0.00
0.21;11.51;42.71;3416.53;1818.94;-1597.60;0.00
0.27;9.44;39.08;3126.10;2079.28;-1046.82;0.00
0.21;9.98;47.23;3778.76;1779.35;-1999.42;0.00
0.22;9.44;37.86;3028.54;1785.25;-1243.29;0.00
0.26;8.83;32.55;2603.69;2021.33;-582.36;0.00
0.27;10.64;35.09;2806.84;2168.06;-638.78;0.00
0.28;10.82;40.11;3208.56;2225.99;-982.56;0.00
0.27;10.04;38.13;3050.48;2108.55;-941.93;0.00
0.29;10.17;32.61;2608.70;2215.89;-392.82;0.00
0.24;8.99;36.21;2896.90;1866.97;-1029.93;0.00
0.26;10.14;43.02;3441.68;2041.93;-1399.75;0.00
0.25;10.47;39.23;3138.42;2044.40;-1094.02;0.00
0.20;10.14;36.22;2897.60;1733.30;-1164.30;0.00
0.22;9.88;40.80;3264.34;1829.98;-1434.36;0.00
0.25;12.12;33.23;2658.09;2119.06;-539.03;0.00
0.24;10.60;33.61;2688.83;1983.71;-705.12;0.00
0.24;9.48;31.70;2536.22;1924.26;-611.96;0.00
0.24;10.35;32.68;2614.36;1945.88;-668.48;0.00
0.24;11.84;50.98;4078.13;2041.15;-2036.98;0.00
0.25;10.90;32.89;2631.10;2039.41;-591.69;0.00
0.25;9.87;43.91;3512.59;1995.54;-1517.05;0.00
0.25;9.40;44.95;3596.36;1954.11;-1642.25;0.00
0.25;12.27;43.86;3508.89;2102.23;-1406.66;0.00
0.20;9.36;42.33;3386.14;1696.16;-1689.98;0.00
0.23;9.63;43.22;3457.64;1833.38;-1624.26;0.00
0.28;11.30;36.61;2928.53;2238.27;-690.25;0.00
0.27;11.21;44.82;3585.59;2201.59;-1384.00;0.00
0.27;10.18;31.10;2487.71;2125.36;-362.35;0.00
0.23;9.63;38.51;3080.73;1853.26;-1227.47;0.00
0.22;9.14;43.53;3482.53;1779.94;-1702.58;0.00
0.25;10.54;34.51;2760.50;2029.64;-730.85;0.00
0.22;11.25;40.40;3232.34;1899.62;-1332.72;0.00
0.23;10.92;37.36;2988.69;1928.22;-1060.47;0.00
0.26;10.20;38.84;3106.90;2092.41;-1014.49;0.00
0.25;10.11;50.55;4043.60;2006.70;-2036.90;0.00
0.32;10.23;42.76;3420.78;2403.02;-1017.76;0.00
0.22;7.68;41.93;3354.26;1722.25;-1632.01;0.00
0.27;9.16;39.75;3180.24;2066.27;-1113.97;0.00
0.24;8.88;44.22;3537.22;1856.30;-1680.92;0.00
0.28;8.87;36.45;2916.21;2104.30;-811.91;0.00
0.21;10.64;37.77;3021.26;1800.63;-1220.62;0.00
0.26;10.31;36.84;2947.17;2082.15;-865.01;0.00
0.27;8.53;38.83;3106.53;2063.91;-1042.63;0.00
0.26;12.20;36.92;2953.47;2152.28;-801.19;0.00
0.25;10.16;34.09;2727.16;2014.50;-712.66;0.00
0.28;9.49;35.58;2846.25;2165.09;-681.16;0.00
0.26;7.63;35.96;2877.06;1913.99;-963.08;0.00
0.24;9.96;39.35;3147.86;1938.50;-1209.36;0.00
0.26;9.79;33.86;2708.65;2033.94;-674.71;0.00
0.22;10.74;38.68;3094.36;1866.37;-1227.99;0.00
0.26;11.19;42.61;3408.51;2099.55;-1308.96;0.00
0.29;10.11;40.24;3218.82;2226.98;-991.84;0.00
0.20;10.98;40.19;3215.56;1785.96;-1429.60;0.00
0.22;10.25;37.14;2971.30;1808.72;-1162.58;0.00
0.30;10.63;34.51;2760.72;2305.59;-455.13;0.00
0.26;8.02;40.10;3208.22;1921.07;-1287.14;0.00
0.27;12.39;41.43;3314.78;2223.97;-1090.81;0.00
0.29;11.31;45.36;3629.00;2325.44;-1303.55;0.00
0.28;10.43;37.07;2965.52;2182.86;-782.66;0.00
0.27;9.00;42.90;3432.02;2043.37;-1388.65;0.00
0.27;9.93;42.73;3418.24;2127.05;-1291.19;0.00
0.32;11.01;34.16;2733.13;2459.54;-273.59;0.00
0.28;7.41;44.36;3548.77;2025.76;-1523.01;0.00
0.25;8.63;45.54;3643.17;1948.68;-1694.50;0.00
0.26;10.92;32.05;2563.79;2120.16;-443.63;0.00
0.26;9.97;36.26;2900.90;2080.26;-820.64;0.00
0.24;9.98;37.22;2977.75;1914.86;-1062.89;0.00
0.26;8.91;40.05;3203.65;1975.68;-1227.97;0.00
0.23;10.33;37.82;3025.54;1922.51;-1103.04;0.00
0.24;10.03;41.56;3325.08;1922.52;-1402.56;0.00
0.28;8.73;36.05;2884.01;2091.12;-792.89;0.00
0.23;9.60;38.72;3097.29;1832.20;-1265.08;0.00
0.25;9.81;42.18;3374.40;2015.55;-1358.85;0.00
0.25;11.65;42.25;3379.60;2105.03;-1274.57;0.00
0.24;8.18;50.19;4015.59;1860.15;-2155.44;0.00
0.20;11.78;33.76;2700.82;1826.34;-874.48;0.00
0.27;7.83;43.67;3493.67;2011.23;-1482.44;0.00
0.22;11.03;47.55;3803.64;1858.29;-1945.35;0.00
0.26;10.98;47.57;3805.34;2090.03;-1715.32;0.00
0.24;10.20;33.97;2717.54;1954.35;-763.18;0.00
0.27;9.76;45.24;3619.03;2073.34;-1545.68;0.00
0.29;9.21;40.73;3258.03;2159.84;-1098.19;0.00
0.21;9.77;46.37;3709.54;1776.90;-1932.64;0.00
0.22;11.08;37.84;3027.53;1902.94;-1124.59;0.00
0.27;11.74;38.46;3076.73;2208.13;-868.60;0.00
0.30;10.59;44.09;3527.58;2324.64;-1202.95;0.00
0.28;8.75;40.85;3267.60;2104.55;-1163.05;0.00
0.23;9.05;37.99;3039.59;1809.73;-1229.86;0.00
0.26;11.06;53.05;4243.91;2119.35;-2124.56;0.00
0.22;9.79;45.10;3608.01;1784.10;-1823.91;0.00
0.26;11.82;27.61;2208.49;2144.15;-64.34;0.00
0.23;8.92;36.23;2898.13;1847.23;-1050.90;0.00
0.27;10.98;44.73;3578.10;2145.61;-1432.49;0.00
0.25;11.64;33.58;2686.65;2070.06;-616.59;0.00
0.24;10.64;38.05;3043.95;1948.39;-1095.56;0.00
0.23;8.69;36.12;2889.79;1831.15;-1058.64;0.00
0.28;11.58;39.15;3131.86;2233.80;-898.06;0.00
0.26;10.93;36.19;2895.34;2080.69;-814.65;0.00
0.26;9.48;39.27;3141.70;2014.99;-1126.71;0.00
0.24;10.42;33.42;2673.70;1971.30;-702.40;0.00
0.24;11.31;35.95;2875.88;2025.01;-850.87;0.00
0.26;10.56;34.49;2758.99;2064.37;-694.62;0.00
0.28;9.30;48.31;3864.58;2125.97;-1738.61;0.00
0.24;11.93;43.17;3453.53;2039.45;-1414.08;0.00
0.25;11.09;39.42;3153.84;2050.23;-1103.62;0.00
0.27;10.79;33.32;2665.99;2166.16;-499.84;0.00
0.29;10.41;46.91;3753.20;2258.97;-1494.23;0.00
0.26;10.16;50.08;4006.18;2082.13;-1924.05;0.00
0.24;9.68;39.40;3151.97;1902.49;-1249.49;0.00
0.26;9.74;50.21;4016.79;2040.19;-1976.60;0.00
0.22;8.65;42.10;3367.70;1762.83;-1604.88;0.00
0.25;9.63;32.28;2582.32;2005.71;-576.61;0.00
0.28;8.90;36.73;2938.22;2124.12;-814.10;0.00
0.24;11.53;42.14;3370.84;2033.01;-1337.83;0.00
0.24;10.05;38.60;3087.74;1914.04;-1173.70;0.00
0.26;7.97;42.14;3370.98;1959.84;-1411.14;0.00
0.26;10.14;42.78;3422.25;2074.76;-1347.48;0.00
0.27;9.27;38.41;3072.75;2096.36;-976.39;0.00
0.28;11.51;41.51;3320.41;2268.03;-1052.39;0.00
0.22;10.60;54.41;4353.17;1859.44;-2493.73;0.00
0.25;12.61;40.86;3268.43;2142.12;-1126.32;0.00
0.30;10.76;35.22;2817.94;2327.73;-490.22;0.00
0.24;10.58;36.79;2943.14;1952.72;-990.42;0.00
0.28;10.67;38.51;3080.59;2196.68;-883.91;0.00
0.24;10.09;45.65;3652.23;1953.96;-1698.27;0.00
0.27;11.41;34.13;2730.70;2214.38;-516.32;0.00
0.24;9.53;44.91;3592.61;1903.25;-1689.36;0.00
0.29;10.48;36.94;2955.36;2248.97;-706.40;0.00
0.25;9.01;42.64;3410.99;1944.72;-1466.27;0.00
0.30;11.16;45.82;3665.55;2324.78;-1340.77;0.00
0.24;9.26;49.06;3924.63;1917.22;-2007.41;0.00
0.24;9.43;51.01;4080.40;1888.39;-2192.01;0.00
0.28;10.84;43.09;3447.44;2204.25;-1243.19;0.00
0.23;10.14;26.79;2143.43;1906.63;-236.81;0.00
0.24;11.56;40.03;3202.74;2009.01;-1193.73;0.00
0.26;9.33;38.24;3058.82;2039.80;-1019.02;0.00
0.21;9.68;38.38;3070.71;1729.27;-1341.44;0.00
0.27;10.22;37.60;3007.64;2099.42;-908.21;0.00
0.29;9.28;32.09;2567.26;2212.19;-355.06;0.00
0.21;9.24;41.91;3353.07;1738.67;-1614.39;0.00
0.27;10.53;37.28;2982.33;2171.01;-811.32;0.00
0.26;9.85;36.61;2928.94;2061.92;-867.02;0.00
0.27;9.49;41.80;3343.84;2108.61;-1235.23;0.00
0.27;11.13;27.83;2226.80;2169.89;-56.91;0.00
0.27;10.38;40.83;3266.32;2136.99;-1129.34;0.00
0.26;10.51;47.78;3822.15;2059.91;-1762.24;0.00
0.23;10.64;36.44;2914.95;1902.14;-1012.81;0.00
0.27;10.24;46.15;3692.29;2122.72;-1569.57;0.00
0.27;9.98;49.25;3939.64;2135.20;-1804.44;0.00
0.24;11.56;45.50;3639.91;1997.97;-1641.94;0.00
0.24;12.34;38.14;3050.91;2043.37;-1007.54;0.00
0.27;10.90;45.93;3674.29;2162.46;-1511.83;0.00
0.26;10.91;34.63;2770.40;2077.02;-693.38;0.00
0.26;10.70;37.05;2964.34;2084.83;-879.51;0.00
0.24;10.51;36.10;2887.74;1953.25;-934.49;0.00
0.24;10.32;38.84;3106.94;1979.66;-1127.28;0.00
0.24;10.31;38.09;3047.07;1948.65;-1098.43;0.00
0.24;12.24;38.52;3081.96;2045.80;-1036.16;0.00
0.27;11.25;38.11;3048.98;2167.48;-881.50;0.00
0.28;10.19;39.79;3182.93;2199.27;-983.66;0.00
0.25;9.60;39.72;3177.58;1969.14;-1208.44;0.00
0.26;8.98;42.01;3361.01;2025.05;-1335.95;0.00
0.21;8.50;42.12;3369.60;1708.46;-1661.14;0.00
0.22;10.22;36.53;2922.58;1818.69;-1103.90;0.00
0.25;9.43;43.27;3461.65;1964.05;-1497.60;0.00
0.21;10.89;43.57;3485.96;1805.52;-1680.43;0.00
0.28;9.41;45.06;3605.07;2136.34;-1468.73;0.00
0.21;10.64;35.66;2852.95;1825.65;-1027.31;0.00
0.24;10.72;37.35;2987.72;2004.53;-983.18;0.00
0.24;7.04;34.37;2749.46;1770.00;-979.47;0.00
0.29;10.10;44.23;3538.06;2218.51;-1319.55;0.00
0.25;7.87;37.33;2986.09;1854.13;-1131.96;0.00
0.24;8.07;35.73;2858.74;1807.31;-1051.43;0.00
0.25;11.51;31.10;2488.20;2055.71;-432.48;0.00
0.25;9.19;48.20;3856.23;1942.68;-1913.55;0.00
0.28;10.91;45.15;3612.01;2208.28;-1403.73;0.00
0.24;11.45;36.52;2921.67;2045.87;-875.80;0.00
0.22;7.54;38.75;3100.19;1713.87;-1386.32;0.00
0.24;11.20;37.82;3025.42;1997.38;-1028.05;0.00
0.25;10.15;37.71;3016.66;2017.42;-999.24;0.00
0.27;10.60;38.82;3105.61;2126.23;-979.37;0.00
0.27;10.15;41.75;3339.89;2130.82;-1209.07;0.00
0.23;8.71;44.95;3596.30;1796.62;-1799.68;0.00
0.25;11.17;52.62;4209.32;2077.21;-2132.10;0.00
0.25;9.25;40.93;3274.25;1955.36;-1318.89;0.00
0.29;10.55;44.76;3581.10;2251.06;-1330.04;0.00
0.29;9.17;40.02;3201.94;2175.96;-1025.98;0.00
0.21;10.47;35.31;2824.99;1771.92;-1053.06;0.00
0.22;9.85;40.55;3243.99;1837.22;-1406.77;0.00
0.24;11.71;38.86;3108.47;2059.18;-1049.29;0.00
0.30;9.81;33.38;2670.72;2256.10;-414.63;0.00
0.29;9.51;43.04;3443.58;2215.57;-1228.01;0.00
0.28;11.68;35.93;2874.42;2273.37;-601.05;0.00
0.25;9.68;32.45;2596.20;1954.23;-641.96;0.00
0.26;9.53;48.53;3882.35;2002.92;-1879.43;0.00
0.25;9.53;34.36;2749.12;1981.54;-767.58;0.00
0.26;10.85;47.31;3785.08;2079.19;-1705.89;0.00
0.18;10.74;40.21;3217.18;1652.22;-1564.96;0.00
0.24;10.02;38.14;3050.86;1963.02;-1087.85;0.00
0.30;11.44;36.62;2929.28;2379.42;-549.86;0.00
0.25;10.08;38.34;3067.43;2016.54;-1050.89;0.00
0.27;6.79;37.48;2998.37;1919.05;-1079.32;0.00
0.22;10.58;38.31;3064.75;1877.75;-1187.00;0.00
0.25;10.02;34.92;2793.56;1976.96;-816.61;0.00
0.29;9.44;39.36;3148.86;2186.02;-962.84;0.00
0.27;11.17;44.08;3526.36;2203.87;-1322.49;0.00
0.22;9.19;42.08;3366.41;1775.64;-1590.77;0.00
0.24;11.56;41.47;3317.70;2045.41;-1272.29;0.00
0.23;10.30;38.24;3059.28;1874.72;-1184.56;0.00
0.23;9.78;43.51;3481.14;1840.72;-1640.42;0.00
0.24;9.22;48.47;3877.96;1922.30;-1955.66;0.00
0.25;11.60;34.26;2741.18;2074.09;-667.09;0.00
0.26;11.69;35.27;2821.89;2155.92;-665.97;0.00
0.23;8.75;35.39;2831.49;1832.42;-999.07;0.00
0.23;10.24;33.99;2719.46;1866.05;-853.42;0.00
0.24;10.98;45.25;3620.17;1996.17;-1624.00;0.00
0.23;8.41;35.03;2802.36;1770.12;-1032.24;0.00
0.21;9.86;38.14;3050.82;1771.47;-1279.35;0.00
0.27;10.60;47.19;3775.60;2153.67;-1621.93;0.00
0.23;11.74;46.34;3707.00;1979.31;-1727.69;0.00
0.28;10.01;34.58;2766.49;2151.59;-614.90;0.00
0.28;9.89;41.17;3293.51;2156.80;-1136.71;0.00
0.24;8.83;39.86;3188.59;1851.32;-1337.27;0.00
0.26;10.75;29.95;2395.76;2120.55;-275.21;0.00
0.24;9.59;38.98;3118.30;1931.92;-1186.38;0.00
0.23;9.63;39.95;3196.11;1846.24;-1349.88;0.00
0.26;8.20;39.36;3148.59;1931.64;-1216.95;0.00
0.25;9.32;44.81;3584.59;1956.94;-1627.65;0.00
0.26;10.29;33.12;2649.80;2059.84;-589.96;0.00
0.21;9.84;33.84;2707.09;1748.41;-958.68;0.00
0.24;8.56;45.92;3673.60;1881.98;-1791.62;0.00
0.30;10.05;36.28;2902.46;2307.68;-594.78;0.00
0.27;10.36;42.30;3384.40;2132.77;-1251.62;0.00
0.27;9.82;38.52;3081.35;2096.28;-985.07;0.00
0.23;10.93;47.50;3800.33;1927.87;-1872.46;0.00
0.26;10.83;32.03;2562.76;2129.91;-432.86;0.00
0.27;12.03;38.08;3046.06;2241.86;-804.20;0.00
0.24;10.31;34.74;2778.96;1949.57;-829.39;0.00
0.24;10.36;37.36;2989.13;1954.47;-1034.66;0.00
0.25;9.15;39.95;3195.65;1968.71;-1226.94;0.00
0.23;11.40;46.94;3755.55;1928.55;-1827.00;0.00
0.24;9.44;45.53;3642.61;1916.03;-1726.58;0.00
0.27;10.04;32.23;2578.68;2104.03;-474.66;0.00
0.25;9.16;40.63;3250.58;1934.40;-1316.18;0.00
0.24;10.24;45.33;3626.26;1979.56;-1646.70;0.00
0.22;12.12;44.69;3574.95;1945.97;-1628.98;0.00
0.26;10.89;40.62;3249.92;2100.14;-1149.78;0.00
0.26;9.68;42.22;3377.21;2035.90;-1341.31;0.00
0.17;11.60;42.93;3434.22;1633.79;-1800.43;0.00
0.24;10.80;39.77;3181.96;1979.08;-1202.89;0.00
0.24;11.18;44.10;3527.75;2024.05;-1503.71;0.00
0.24;10.35;48.12;3849.91;1958.64;-1891.27;0.00
0.24;9.55;46.96;3756.60;1937.93;-1818.66;0.00
0.25;11.91;42.70;3416.39;2102.84;-1313.55;0.00
0.24;9.84;33.62;2689.75;1929.69;-760.07;0.00
0.23;9.20;40.07;3205.25;1839.43;-1365.81;0.00
0.20;8.29;41.09;3287.31;1631.15;-1656.16;0.00
0.24;11.20;48.19;3855.25;2022.64;-1832.61;0.00
0.27;9.92;45.20;3615.85;2098.65;-1517.20;0.00
0.25;11.40;41.28;3302.73;2072.00;-1230.74;0.00
0.25;7.68;38.33;3066.13;1862.54;-1203.59;0.00
0.26;9.40;43.42;3473.91;2008.60;-1465.31;0.00
0.26;9.68;36.75;2940.28;2059.11;-881.17;0.00
0.24;9.73;39.42;3153.25;1941.78;-1211.47;0.00
0.27;10.23;45.04;3603.56;2147.72;-1455.84;0.00
0.24;7.45;37.86;3028.74;1812.58;-1216.16;0.00
0.25;11.57;41.80;3344.38;2076.75;-1267.63;0.00
0.26;9.79;39.88;3190.28;2018.08;-1172.20;0.00
0.28;9.62;43.26;3460.87;2163.10;-1297.77;0.00
0.25;10.11;35.35;2827.92;1996.61;-831.32;0.00
0.28;7.47;40.43;3234.70;2039.49;-1195.21;0.00
0.26;9.91;45.56;3645.16;2030.28;-1614.89;0.00
0.25;8.40;47.92;3833.99;1934.79;-1899.21;0.00
0.29;11.32;37.92;3033.77;2311.51;-722.27;0.00
0.20;9.03;38.92;3113.53;1632.47;-1481.07;0.00
0.26;11.75;40.35;3228.24;2145.17;-1083.07;0.00
0.27;8.64;35.65;2852.24;2031.42;-820.82;0.00
0.27;9.24;35.57;2845.82;2080.71;-765.11;0.00
0.26;10.64;36.47;2917.33;2100.69;-816.64;0.00
0.27;10.74;43.11;3449.04;2138.57;-1310.47;0.00
0.23;9.89;36.70;2936.15;1897.55;-1038.60;0.00
0.24;10.80;47.04;3763.50;2008.38;-1755.12;0.00
0.21;10.30;37.13;2970.15;1786.37;-1183.78;0.00
0.23;10.62;41.95;3355.75;1921.26;-1434.48;0.00
0.26;10.46;29.61;2368.76;2110.17;-258.58;0.00
0.22;9.46;32.46;2596.41;1819.88;-776.53;0.00
0.26;11.53;38.96;3116.65;2147.29;-969.36;0.00
0.24;10.10;38.90;3112.21;1925.40;-1186.81;0.00
0.24;9.14;40.30;3223.86;1869.08;-1354.78;0.00
0.24;11.39;41.12;3289.79;2018.49;-1271.31;0.00
0.25;10.18;42.16;3373.10;1979.00;-1394.11;0.00
0.28;9.95;38.15;3052.04;2181.84;-870.20;0.00
0.24;9.64;43.72;3497.68;1892.76;-1604.92;0.00
0.22;9.43;39.69;3175.10;1799.05;-1376.05;0.00
0.26;10.68;44.97;3597.57;2109.56;-1488.01;0.00
0.26;10.59;40.21;3217.11;2114.75;-1102.35;0.00
0.23;11.86;48.56;3884.63;2003.58;-1881.05;0.00
0.23;7.19;40.96;3276.84;1722.91;-1553.93;0.00
0.25;9.07;40.11;3208.95;1919.74;-1289.21;0.00
0.24;9.94;40.42;3233.43;1925.55;-1307.88;0.00
0.22;9.45;42.14;3371.01;1793.37;-1577.64;0.00
0.26;9.06;42.14;3371.37;2010.84;-1360.53;0.00
0.22;10.32;31.95;2556.07;1834.57;-721.50;0.00
0.23;11.08;49.49;3958.88;1965.09;-1993.79;0.00
0.25;9.83;50.96;4076.75;1976.38;-2100.37;0.00
0.27;10.30;42.78;3422.76;2128.89;-1293.87;0.00
0.25;10.14;42.16;3373.05;2014.53;-1358.53;0.00
0.25;11.10;32.20;2576.20;2043.59;-532.61;0.00
0.22;10.35;51.91;4152.83;1863.65;-2289.17;0.00
0.23;10.98;41.38;3310.73;1910.73;-1400.00;0.00
0.24;10.22;38.93;3114.36;1941.55;-1172.81;0.00
0.24;12.22;35.85;2867.91;2044.02;-823.90;0.00
0.26;10.25;42.17;3373.85;2095.78;-1278.08;0.00
0.27;10.55;46.82;3745.21;2159.75;-1585.46;0.00
0.27;11.67;38.50;3080.05;2226.09;-853.96;0.00
0.28;8.21;46.74;3739.41;2054.38;-1685.02;0.00
0.25;8.86;35.64;2850.95;1919.33;-931.62;0.00
0.23;8.75;35.12;2809.43;1831.59;-977.84;0.00
0.24;11.05;44.52;3561.23;2021.83;-1539.40;0.00
0.23;11.03;31.12;2489.76;1936.18;-553.58;0.00
0.26;10.55;38.16;3053.01;2085.24;-967.77;0.00
0.30;10.89;35.01;2800.66;2333.09;-467.58;0.00
0.23;10.82;42.36;3388.92;1939.59;-1449.33;0.00
0.23;10.62;49.18;3934.23;1937.41;-1996.82;0.00
0.27;11.46;42.45;3396.18;2183.88;-1212.30;0.00
0.21;10.27;43.60;3488.07;1777.52;-1710.55;0.00
0.29;9.69;39.28;3142.63;2228.72;-913.91;0.00
0.24;10.96;41.29;3302.86;1995.16;-1307.69;0.00
0.27;9.28;47.79;3823.50;2086.84;-1736.66;0.00
0.24;11.18;42.91;3433.09;1988.82;-1444.27;0.00
0.28;9.94;36.80;2943.90;2165.47;-778.44;0.00
0.27;10.82;41.88;3350.32;2149.80;-1200.53;0.00
0.26;9.41;44.39;3551.23;2012.69;-1538.54;0.00
0.26;12.27;44.49;3559.24;2179.77;-1379.47;0.00
0.24;11.27;46.28;3702.39;2029.12;-1673.26;0.00
0.23;9.78;35.22;2817.99;1859.24;-958.75;0.00
0.25;9.92;49.22;3937.84;2006.28;-1931.56;0.00
0.27;10.20;40.11;3208.82;2152.59;-1056.23;0.00
0.25;11.43;41.52;3321.82;2091.20;-1230.62;0.00
0.27;9.23;36.86;2948.93;2081.37;-867.56;0.00
0.25;8.28;42.79;3422.99;1921.31;-1501.68;0.00
0.23;8.52;38.73;3098.25;1780.02;-1318.23;0.00
0.25;9.66;39.28;3142.26;1962.76;-1179.49;0.00
0.27;10.22;39.71;3176.45;2110.91;-1065.55;0.00
0.25;10.90;38.44;3075.34;2020.83;-1054.51;0.00
0.25;9.34;31.81;2544.81;1979.17;-565.64;0.00
0.30;10.37;38.48;3078.34;2295.68;-782.66;0.00
0.28;9.07;43.61;3488.91;2131.25;-1357.66;0.00
0.27;10.57;39.97;3197.41;2158.71;-1038.70;0.00
0.27;10.61;35.22;2817.99;2144.04;-673.95;0.00
0.26;10.67;35.38;2830.30;2106.39;-723.91;0.00
0.25;9.54;35.78;2862.43;1969.94;-892.49;0.00
0.26;10.27;36.44;2914.85;2061.90;-852.95;0.00
0.26;11.14;44.60;3567.73;2108.52;-1459.21;0.00
0.21;8.75;48.06;3844.93;1718.04;-2126.90;0.00
0.25;11.40;43.20;3456.10;2082.10;-1373.99;0.00
0.27;10.04;42.75;3420.34;2135.60;-1284.74;0.00
0.25;8.87;41.40;3311.86;1942.81;-1369.05;0.00
0.26;10.95;40.25;3220.17;2121.50;-1098.67;0.00
0.24;11.64;28.91;2313.09;2020.31;-292.78;0.00
0.24;10.11;48.76;3901.16;1972.46;-1928.70;0.00
0.26;10.01;30.33;2426.55;2067.32;-359.23;0.00
0.24;10.08;43.18;3454.75;1942.48;-1512.27;0.00
0.25;10.86;36.09;2887.36;2064.25;-823.11;0.00
0.26;8.55;41.05;3284.07;1953.31;-1330.76;0.00
0.26;9.25;36.62;2929.49;2044.84;-884.66;0.00
0.24;11.26;48.21;3856.86;2024.67;-1832.19;0.00
0.25;10.68;35.72;2857.31;2013.87;-843.44;0.00
0.28;10.89;37.53;3002.21;2228.47;-773.74;0.00
0.20;11.16;38.45;3075.66;1780.10;-1295.56;0.00
0.27;9.30;39.57;3165.80;2066.43;-1099.37;0.00
0.24;10.83;31.41;2513.06;1962.53;-550.52;0.00
0.28;9.75;37.97;3037.63;2164.37;-873.26;0.00
0.23;9.16;33.46;2676.57;1833.45;-843.12;0.00
0.26;8.06;47.78;3822.80;1970.76;-1852.04;0.00
0.23;9.95;45.12;3609.64;1896.97;-1712.68;0.00
0.25;11.21;40.91;3272.77;2061.41;-1211.36;0.00
0.28;11.32;36.39;2911.04;2229.08;-681.96;0.00
0.26;9.27;27.91;2232.72;2027.70;-205.02;0.00
0.24;8.78;42.51;3400.46;1856.58;-1543.88;0.00
0.27;10.64;38.02;3041.64;2168.53;-873.10;0.00
0.27;8.95;38.75;3099.82;2085.63;-1014.19;0.00
0.24;9.31;42.20;3376.18;1883.22;-1492.96;0.00
0.23;12.22;35.94;2875.06;2019.61;-855.45;0.00
0.26;11.09;39.95;3196.11;2131.51;-1064.60;0.00
0.21;12.08;42.94;3435.38;1903.72;-1531.66;0.00
0.25;12.25;42.75;3420.17;2091.91;-1328.26;0.00
0.23;10.74;34.14;2731.42;1918.13;-813.28;0.00
0.19;10.12;41.46;3317.12;1664.99;-1652.12;0.00
0.31;10.63;42.26;3380.47;2382.14;-998.33;0.00
0.20;12.66;39.19;3134.93;1827.63;-1307.30;0.00
0.23;11.14;44.81;3584.47;1942.03;-1642.45;0.00
0.24;12.65;35.04;2802.88;2080.88;-721.99;0.00
0.29;9.40;37.73;3018.78;2185.23;-833.55;0.00
0.26;11.51;34.26;2740.43;2146.71;-593.72;0.00
0.24;9.75;41.37;3309.54;1943.04;-1366.50;0.00
0.26;9.38;42.64;3410.85;2002.65;-1408.21;0.00
0.23;9.92;40.23;3218.77;1863.07;-1355.70;0.00
0.23;10.67;44.25;3539.64;1915.04;-1624.59;0.00
0.24;11.65;43.80;3503.79;2027.74;-1476.06;0.00
0.25;8.99;40.62;3249.29;1938.89;-1310.41;0.00
0.26;8.05;47.17;3773.96;1937.69;-1836.27;0.00
0.26;9.81;43.19;3455.59;2053.19;-1402.40;0.00
0.22;8.45;39.27;3141.72;1766.52;-1375.20;0.00
0.26;10.29;44.16;3532.56;2089.99;-1442.57;0.00
0.25;7.65;44.03;3522.24;1842.68;-1679.56;0.00
0.27;8.49;30.69;2455.06;2059.88;-395.18;0.00
0.22;10.70;43.92;3513.79;1881.93;-1631.85;0.00
0.26;10.58;35.67;2853.50;2087.39;-766.12;0.00
0.26;10.17;35.83;2866.43;2088.38;-778.05;0.00
0.26;11.04;46.95;3755.82;2095.70;-1660.12;0.00
0.30;7.53;35.03;2802.27;2127.38;-674.89;0.00
0.26;11.29;37.76;3021.05;2145.53;-875.52;0.00
0.27;10.37;43.53;3482.43;2145.51;-1336.92;0.00
0.28;11.69;41.46;3316.59;2280.48;-1036.11;0.00
0.24;11.38;43.42;3473.47;2030.66;-1442.81;0.00
0.22;9.33;40.37;3229.82;1796.82;-1433.00;0.00
0.26;7.90;43.10;3447.85;1941.54;-1506.31;0.00
0.21;11.02;41.19;3294.98;1844.92;-1450.05;0.00
0.24;8.58;43.61;3488.58;1838.60;-1649.98;0.00
0.23;9.25;39.40;3152.02;1813.96;-1338.06;0.00
0.26;11.46;40.77;3261.66;2163.70;-1097.96;0.00
0.23;11.46;41.91;3352.95;1968.40;-1384.54;0.00
0.25;10.15;30.68;2454.77;2005.29;-449.47;0.00
0.22;9.34;39.34;3147.54;1816.68;-1330.87;0.00
0.22;10.16;32.67;2613.90;1842.14;-771.77;0.00
0.27;10.78;47.81;3825.05;2172.33;-1652.72;0.00
