# X_0;X_1;X_2;R_0;S_0;G_0;I_0
0.27;10.79;43.44;3475.29;2162.53;-1312.76;0.00
0.21;9.08;45.47;3637.48;1723.90;-1913.59;0.00
0.24;8.41;33.19;2655.23;1867.61;-787.62;0.00
0.23;9.87;35.37;2829.75;1860.00;-969.76;0.00
0.25;9.87;41.93;3354.78;1989.88;-1364.90;0.00
0.23;10.17;40.47;3237.46;1912.63;-1324.83;0.00
0.22;10.87;42.45;3396.30;1882.41;-1513.89;0.00
0.28;10.61;33.93;2714.48;2219.56;-494.92;0.00
0.23;8.71;39.37;3149.83;1785.70;-1364.12;0.00
0.27;11.90;48.16;3852.60;2197.57;-1655.03;0.00
0.24;9.33;42.85;3427.64;1913.16;-1514.48;0.00
0.28;10.87;40.20;3215.94;2195.01;-1020.93;0.00
0.28;10.79;34.83;2786.76;2217.83;-568.93;0.00
0.22;9.71;38.63;3090.47;1792.91;-1297.56;0.00
0.28;9.19;31.89;2551.10;2100.86;-450.24;0.00
0.25;11.66;34.16;2732.51;2082.48;-650.04;0.00
0.26;9.98;43.84;3506.83;2083.14;-1423.69;0.00
0.23;9.90;42.31;3385.16;1885.23;-1499.92;0.00
0.28;12.02;41.96;3356.57;2268.40;-1088.16;0.00
0.23;11.19;39.10;3128.14;1923.65;-1204.49;0.00
0.24;8.65;40.05;3203.94;1845.33;-1358.61;0.00
0.26;7.89;37.78;3022.20;1935.44;-1086.76;0.00
0.25;10.36;38.49;3079.18;2001.76;-1077.42;0.00
0.23;10.97;41.77;3341.42;1906.33;-1435.09;0.00
0.23;9.27;37.33;2986.79;1817.47;-1169.32;0.00
0.21;10.52;44.99;3599.12;1795.50;-1803.62;0.00
0.27;12.52;42.17;3373.97;2229.29;-1144.68;0.00
0.26;11.68;39.44;3154.88;2175.97;-978.91;0.00
0.25;10.20;36.37;2909.53;2028.65;-880.88;0.00
0.25;10.61;40.72;3257.45;2041.03;-1216.42;0.00
0.27;9.15;40.82;3265.83;2049.71;-1216.12;0.00
0.21;12.05;42.62;3409.97;1852.37;-1557.60;0.00
0.24;10.13;41.59;3327.02;1967.53;-1359.49;0.00
0.22;12.24;38.01;3040.43;1928.40;-1112.03;0.00
0.27;10.89;39.69;3175.40;2145.19;-1030.21;0.00
0.26;9.30;40.09;3207.41;2027.82;-1179.60;0.00
0.24;10.81;38.86;3108.80;1979.14;-1129.66;0.00
0.30;11.54;44.88;3590.17;2386.33;-1203.84;0.00
0.25;8.82;38.16;3052.78;1934.13;-1118.65;0.00
0.27;10.37;40.74;3258.82;2111.34;-1147.47;0.00
0.25;9.34;34.23;2738.66;1986.40;-752.26;0.00
0.25;9.20;35.54;2843.29;1950.09;-893.20;0.00
0.22;9.48;30.97;2477.79;1785.04;-692.75;0.00
0.28;9.51;39.35;3148.32;2138.68;-1009.64;0.00
0.26;11.13;43.94;3515.55;2135.00;-1380.56;0.00
0.32;10.29;38.43;3074.06;2414.62;-659.45;0.00
0.24;8.71;39.02;3121.41;1879.34;-1242.07;0.00
0.25;10.00;39.70;3175.80;1968.84;-1206.95;0.00
0.29;10.38;40.97;3277.52;2242.81;-1034.72;0.00
0.27;8.80;45.29;3623.16;2060.20;-1562.97;0.00
0.26;9.37;37.01;2960.95;2041.91;-919.03;0.00
0.26;10.99;31.66;2532.55;2122.77;-409.78;0.00
0.25;10.16;44.08;3526.37;1985.41;-1540.96;0.00
0.28;11.91;40.64;3251.50;2298.64;-952.86;0.00
0.30;9.01;38.93;3114.27;2211.92;-902.35;0.00
0.24;11.21;37.55;3004.12;2031.24;-972.88;0.00
0.20;11.05;46.37;3709.41;1770.65;-1938.77;0.00
0.25;10.00;34.25;2740.06;1979.26;-760.80;0.00
0.26;9.20;41.18;3294.57;1994.23;-1300.33;0.00
0.25;9.51;37.09;2967.29;1982.93;-984.36;0.00
0.27;10.13;37.99;3039.12;2111.44;-927.68;0.00
0.21;10.90;40.88;3270.25;1838.56;-1431.69;0.00
0.25;9.51;37.73;3018.55;1977.61;-1040.93;0.00
0.19;9.14;44.42;3553.41;1611.12;-1942.29;0.00
0.25;11.89;42.48;3398.43;2087.59;-1310.83;0.00
0.21;7.56;34.09;2726.82;1609.70;-1117.12;0.00
0.30;9.96;44.44;3555.52;2259.20;-1296.32;0.00
0.26;10.48;43.34;3467.52;2097.06;-1370.46;0.00
0.28;8.92;41.18;3294.02;2093.64;-1200.38;0.00
0.27;10.37;48.11;3848.52;2120.09;-1728.43;0.00
0.26;9.54;45.41;3633.01;2037.92;-1595.08;0.00
0.25;12.35;39.47;3157.75;2129.93;-1027.83;0.00
0.23;9.53;38.77;3101.87;1835.12;-1266.75;0.00
0.25;11.06;39.18;3134.04;2068.64;-1065.40;0.00
0.25;8.56;37.28;2982.00;1897.18;-1084.83;0.00
0.28;9.63;34.07;2725.55;2176.95;-548.60;0.00
0.23;11.45;40.95;3275.64;1970.46;-1305.18;0.00
0.23;6.93;40.85;3268.38;1689.34;-1579.04;0.00
0.24;7.40;48.79;3903.30;1790.91;-2112.39;0.00
0.28;9.24;39.38;3150.43;2104.34;-1046.08;0.00
0.25;10.74;42.79;3423.46;2031.09;-1392.37;0.00
0.22;10.85;49.00;3920.13;1873.89;-2046.23;0.00
0.22;10.01;41.67;3333.78;1813.64;-1520.14;0.00
0.23;12.41;42.90;3432.29;2013.32;-1418.97;0.00
0.21;10.19;44.44;3555.12;1778.77;-1776.36;0.00
0.27;10.31;37.55;3003.98;2122.93;-881.06;0.00
0.25;10.50;38.02;3041.48;2013.54;-1027.93;0.00
0.26;9.39;46.31;3704.75;2012.28;-1692.48;0.00
0.28;10.93;46.81;3744.66;2206.39;-1538.27;0.00
0.26;10.80;26.20;2096.02;2076.87;-19.15;0.00
0.25;9.57;40.95;3276.03;1961.02;-1315.01;0.00
0.27;9.93;43.88;3510.73;2085.09;-1425.64;0.00
0.22;11.63;41.66;3332.83;1938.57;-1394.26;0.00
0.26;10.62;28.98;2318.36;2106.48;-211.88;0.00
0.26;10.30;42.35;3388.02;2080.34;-1307.67;0.00
0.23;11.80;47.85;3828.03;2005.00;-1823.03;0.00
0.25;10.02;51.17;4093.80;2026.65;-2067.15;0.00
0.24;10.14;38.81;3104.58;1951.90;-1152.68;0.00
0.24;11.19;41.02;3281.70;2024.05;-1257.65;0.00
0.26;10.68;33.86;2708.97;2077.67;-631.30;0.00
0.29;9.13;41.33;3306.61;2193.09;-1113.51;0.00
0.23;11.36;42.72;3417.32;1937.87;-1479.45;0.00
0.25;8.66;36.17;2893.46;1906.29;-987.17;0.00
0.24;8.24;42.26;3381.11;1869.57;-1511.54;0.00
0.24;10.62;45.29;3623.55;1996.27;-1627.28;0.00
0.27;10.31;53.30;4264.40;2154.74;-2109.66;0.00
0.22;11.00;40.09;3207.12;1851.47;-1355.65;0.00
0.27;7.45;39.54;3163.49;1954.32;-1209.17;0.00
0.22;10.93;47.54;3803.06;1859.10;-1943.97;0.00
0.26;10.44;43.59;3487.07;2086.70;-1400.37;0.00
0.23;8.73;46.05;3684.37;1792.80;-1891.57;0.00
0.24;11.29;47.66;3813.04;2037.50;-1775.54;0.00
0.24;8.99;56.28;4502.72;1856.65;-2646.07;0.00
0.24;9.63;43.01;3441.17;1910.19;-1530.98;0.00
0.22;11.77;40.39;3230.94;1899.23;-1331.71;0.00
0.26;10.60;48.56;3884.79;2059.71;-1825.08;0.00
0.26;9.05;40.02;3201.44;2001.32;-1200.12;0.00
0.26;8.51;42.11;3368.88;1965.49;-1403.39;0.00
0.29;10.02;41.74;3339.16;2213.35;-1125.82;0.00
0.23;9.28;41.99;3359.22;1837.73;-1521.49;0.00
0.26;9.92;38.79;3103.10;2032.42;-1070.68;0.00
0.29;10.46;45.62;3649.64;2272.67;-1376.96;0.00
0.27;8.36;41.78;3342.35;2045.42;-1296.93;0.00
0.25;11.77;43.84;3506.85;2068.36;-1438.49;0.00
0.22;8.63;40.17;3213.92;1731.19;-1482.73;0.00
0.31;12.04;40.41;3232.51;2444.27;-788.24;0.00
0.22;8.25;37.26;2980.58;1709.88;-1270.70;0.00
0.26;10.24;41.03;3282.73;2070.19;-1212.54;0.00
0.21;8.38;45.34;3627.17;1706.31;-1920.86;0.00
0.26;10.09;45.69;3655.37;2080.39;-1574.98;0.00
0.24;9.21;40.28;3222.09;1902.67;-1319.43;0.00
0.26;10.99;39.40;3151.76;2131.82;-1019.94;0.00
0.25;10.54;49.99;3999.43;2046.77;-1952.66;0.00
0.27;10.09;45.02;3601.72;2092.35;-1509.37;0.00
0.25;9.21;43.85;3508.31;1955.85;-1552.45;0.00
0.29;10.89;38.11;3048.43;2286.60;-761.83;0.00
0.26;12.47;37.36;2988.86;2175.61;-813.25;0.00
0.29;11.44;43.14;3451.28;2293.69;-1157.58;0.00
0.26;11.33;38.31;3065.19;2114.89;-950.30;0.00
0.23;11.22;36.32;2905.69;1928.73;-976.96;0.00
0.25;9.24;37.05;2964.19;1929.72;-1034.47;0.00
0.27;10.74;36.26;2901.04;2133.54;-767.51;0.00
0.25;11.23;39.66;3173.03;2076.11;-1096.92;0.00
0.26;9.89;36.54;2923.05;2035.47;-887.58;0.00
0.27;10.87;37.40;2992.32;2176.55;-815.77;0.00
0.27;10.00;40.03;3202.01;2092.02;-1109.99;0.00
0.23;9.25;35.43;2834.66;1861.40;-973.27;0.00
0.25;8.68;35.66;2853.12;1944.82;-908.31;0.00
0.28;9.79;44.45;3556.11;2170.64;-1385.48;0.00
0.27;13.14;44.61;3569.06;2268.38;-1300.68;0.00
0.22;11.85;36.95;2955.78;1940.88;-1014.90;0.00
0.23;10.13;36.71;2936.42;1902.27;-1034.14;0.00
0.25;10.61;39.15;3132.07;2018.97;-1113.10;0.00
0.25;9.58;39.62;3169.39;1993.09;-1176.30;0.00
0.28;10.21;34.90;2791.83;2211.83;-580.00;0.00
0.27;11.84;47.28;3782.76;2210.37;-1572.39;0.00
0.29;8.46;44.86;3588.54;2146.01;-1442.53;0.00
0.25;10.05;45.64;3651.07;1975.68;-1675.40;0.00
0.24;11.33;40.86;3268.64;1994.63;-1274.01;0.00
0.26;13.07;46.47;3717.75;2218.83;-1498.92;0.00
0.23;10.40;37.92;3033.60;1896.81;-1136.79;0.00
0.25;11.00;40.19;3215.33;2073.28;-1142.05;0.00
0.25;8.62;36.77;2941.52;1919.73;-1021.79;0.00
0.29;10.28;36.71;2936.92;2231.03;-705.89;0.00
0.29;10.72;35.07;2805.96;2297.57;-508.39;0.00
0.25;11.19;40.27;3221.37;2086.04;-1135.33;0.00
0.24;10.37;44.21;3536.62;1980.93;-1555.70;0.00
0.22;9.89;36.02;2881.26;1828.27;-1052.99;0.00
0.26;11.13;34.61;2768.71;2103.44;-665.26;0.00
0.24;9.74;39.57;3165.75;1915.30;-1250.45;0.00
0.24;8.90;38.16;3052.67;1865.21;-1187.46;0.00
0.26;10.22;42.34;3387.54;2077.34;-1310.20;0.00
0.27;10.32;39.10;3127.79;2129.35;-998.44;0.00
0.25;8.70;34.91;2793.03;1928.02;-865.00;0.00
0.22;9.60;45.49;3639.31;1807.89;-1831.42;0.00
0.25;10.12;31.67;2533.77;1990.99;-542.78;0.00
0.29;12.17;42.71;3417.09;2320.72;-1096.38;0.00
0.26;13.36;38.79;3103.46;2226.31;-877.14;0.00
0.25;9.77;37.59;3007.41;1973.53;-1033.88;0.00
0.26;9.35;40.97;3277.85;2028.65;-1249.20;0.00
0.25;9.92;36.39;2910.88;1985.41;-925.47;0.00
0.26;10.10;33.27;2661.21;2066.07;-595.13;0.00
0.21;10.02;44.69;3575.41;1739.73;-1835.68;0.00
0.25;13.27;43.57;3485.88;2194.03;-1291.85;0.00
0.23;9.39;40.55;3244.20;1875.73;-1368.47;0.00
0.22;9.78;35.88;2870.52;1782.63;-1087.89;0.00
0.25;9.90;37.09;2966.89;1971.89;-995.01;0.00
0.28;11.25;54.47;4357.86;2223.12;-2134.74;0.00
0.22;11.56;42.60;3407.66;1896.45;-1511.21;0.00
0.26;10.34;49.42;3953.96;2051.99;-1901.97;0.00
0.26;9.30;34.46;2757.04;2004.10;-752.94;0.00
0.24;9.30;43.04;3442.98;1893.57;-1549.41;0.00
0.29;11.33;37.30;2984.28;2324.93;-659.35;0.00
0.23;10.21;44.19;3535.38;1890.82;-1644.56;0.00
0.25;11.05;35.35;2828.05;2028.51;-799.54;0.00
0.29;9.73;42.02;3361.69;2193.99;-1167.70;0.00
0.25;11.82;41.82;3345.94;2076.61;-1269.33;0.00
0.28;10.10;38.58;3086.45;2198.49;-887.95;0.00
0.25;10.58;43.93;3514.30;2054.02;-1460.28;0.00
0.25;12.35;37.01;2960.47;2104.72;-855.74;0.00
0.25;11.15;37.68;3014.46;2076.30;-938.16;0.00
0.23;10.19;37.43;2994.41;1902.83;-1091.58;0.00
0.27;11.63;49.33;3946.56;2227.68;-1718.88;0.00
0.27;11.34;39.55;3163.86;2195.17;-968.69;0.00
0.28;9.03;41.33;3306.69;2105.91;-1200.78;0.00
0.23;12.63;31.27;2501.77;2032.38;-469.40;0.00
0.26;9.89;36.72;2937.34;2048.67;-888.67;0.00
0.22;8.09;48.34;3867.33;1731.03;-2136.30;0.00
0.28;10.87;39.53;3162.42;2198.65;-963.77;0.00
0.24;7.69;40.99;3279.42;1824.19;-1455.23;0.00
0.23;10.11;44.89;3591.52;1869.33;-1722.19;0.00
0.21;11.53;33.02;2642.00;1837.29;-804.71;0.00
0.22;11.40;35.80;2864.19;1923.25;-940.94;0.00
0.25;8.82;35.51;2840.56;1913.62;-926.94;0.00
0.27;10.44;38.46;3076.68;2132.94;-943.74;0.00
0.27;10.04;43.74;3499.56;2107.84;-1391.72;0.00
0.24;9.48;40.30;3224.13;1892.34;-1331.79;0.00
0.29;10.58;35.86;2868.62;2259.82;-608.80;0.00
0.26;10.09;47.50;3799.76;2060.55;-1739.21;0.00
0.29;11.29;37.12;2969.51;2299.09;-670.42;0.00
0.22;9.95;39.32;3145.31;1828.18;-1317.14;0.00
0.26;11.22;40.50;3239.67;2108.21;-1131.46;0.00
0.24;9.27;46.20;3695.67;1919.98;-1775.69;0.00
0.24;10.81;37.15;2972.11;1960.40;-1011.71;0.00
0.22;9.91;39.30;3143.68;1815.39;-1328.29;0.00
0.20;10.51;31.61;2528.62;1740.09;-788.52;0.00
0.26;10.97;38.58;3086.37;2099.75;-986.62;0.00
0.29;10.94;39.64;3171.09;2256.07;-915.02;0.00
0.29;10.06;41.22;3297.76;2236.70;-1061.06;0.00
0.21;10.79;40.97;3278.00;1812.08;-1465.92;0.00
0.27;10.65;34.79;2783.19;2177.00;-606.20;0.00
0.29;9.15;47.33;3786.15;2185.77;-1600.38;0.00
0.25;9.85;41.22;3297.78;1985.90;-1311.88;0.00
0.25;10.45;38.07;3045.44;2027.38;-1018.06;0.00
0.27;12.63;34.23;2738.28;2275.05;-463.23;0.00
0.26;9.87;45.06;3604.42;2059.34;-1545.09;0.00
0.25;10.50;45.78;3662.29;2011.08;-1651.21;0.00
0.28;10.79;38.99;3118.98;2190.66;-928.33;0.00
0.23;9.66;34.58;2766.77;1868.01;-898.75;0.00
0.24;10.60;40.34;3227.03;1973.64;-1253.39;0.00
0.19;10.11;33.01;2640.83;1671.15;-969.68;0.00
0.22;10.47;40.80;3264.32;1853.58;-1410.74;0.00
0.22;10.24;41.17;3293.82;1831.80;-1462.02;0.00
0.23;10.19;50.33;4026.62;1904.90;-2121.72;0.00
0.27;9.31;45.40;3632.20;2084.31;-1547.88;0.00
0.24;10.59;41.84;3346.82;1984.21;-1362.61;0.00
0.26;9.27;40.67;3253.60;1995.38;-1258.22;0.00
0.23;11.86;45.27;3621.92;1970.96;-1650.96;0.00
0.24;11.27;39.31;3144.76;2018.50;-1126.25;0.00
0.27;10.06;43.35;3467.90;2140.23;-1327.67;0.00
0.26;9.15;44.99;3599.17;1994.43;-1604.73;0.00
0.26;9.54;45.38;3630.59;2050.09;-1580.50;0.00
0.24;9.00;43.29;3463.42;1911.29;-1552.13;0.00
0.29;10.89;34.40;2751.97;2263.92;-488.05;0.00
0.28;10.60;33.93;2714.35;2224.66;-489.69;0.00
0.26;9.87;48.85;3907.72;2071.24;-1836.48;0.00
0.20;9.90;36.18;2894.74;1678.53;-1216.21;0.00
0.25;9.93;42.87;3429.87;1978.60;-1451.27;0.00
0.27;9.49;43.26;3460.91;2114.42;-1346.48;0.00
0.23;11.78;42.60;3408.17;1995.28;-1412.90;0.00
0.27;11.33;38.84;3106.91;2159.19;-947.71;0.00
0.28;11.33;40.35;3227.63;2221.91;-1005.72;0.00
0.25;11.02;38.70;3096.01;2039.39;-1056.62;0.00
0.25;11.04;34.40;2752.02;2049.70;-702.32;0.00
0.26;9.08;32.49;2599.07;1988.54;-610.53;0.00
0.29;8.27;31.71;2536.94;2160.53;-376.40;0.00
0.24;9.12;46.98;3758.76;1868.31;-1890.45;0.00
0.25;9.69;34.76;2780.63;2001.97;-778.65;0.00
0.26;8.87;41.90;3351.83;1989.31;-1362.52;0.00
0.25;8.50;37.17;2973.38;1898.71;-1074.67;0.00
0.25;9.89;37.41;2992.62;2020.56;-972.06;0.00
0.28;8.56;37.56;3004.93;2083.46;-921.47;0.00
0.25;12.28;41.15;3291.85;2133.26;-1158.59;0.00
0.25;9.82;44.63;3570.18;2006.88;-1563.30;0.00
0.23;10.79;34.90;2792.09;1926.64;-865.45;0.00
0.21;11.25;45.18;3614.43;1855.95;-1758.48;0.00
0.20;11.11;44.69;3575.03;1762.46;-1812.57;0.00
0.27;8.72;49.50;3959.98;2074.59;-1885.40;0.00
0.28;10.58;33.27;2661.81;2199.57;-462.24;0.00
0.20;8.43;39.88;3190.31;1629.70;-1560.61;0.00
0.26;12.37;40.13;3210.32;2178.94;-1031.38;0.00
0.23;11.84;38.52;3081.34;1963.89;-1117.45;0.00
0.22;11.02;39.53;3162.19;1906.51;-1255.68;0.00
0.23;10.77;41.96;3356.67;1933.83;-1422.84;0.00
0.29;8.11;29.95;2395.79;2137.06;-258.73;0.00
0.23;9.16;34.43;2754.75;1837.65;-917.10;0.00
0.26;10.47;31.56;2524.99;2090.44;-434.55;0.00
0.26;10.96;45.00;3600.26;2080.44;-1519.82;0.00
0.21;9.78;37.81;3024.92;1758.65;-1266.27;0.00
0.26;12.54;38.02;3041.21;2191.02;-850.19;0.00
0.25;11.93;40.10;3207.96;2095.39;-1112.58;0.00
0.23;10.61;36.69;2935.43;1915.54;-1019.89;0.00
0.23;9.92;40.48;3238.63;1887.22;-1351.40;0.00
0.24;10.38;36.89;2951.31;1945.28;-1006.04;0.00
0.26;9.38;34.49;2759.32;2004.40;-754.92;0.00
0.23;8.57;33.85;2708.04;1813.40;-894.64;0.00
0.26;8.91;36.95;2955.85;2025.27;-930.58;0.00
0.23;8.80;38.25;3060.01;1803.54;-1256.47;0.00
0.24;9.20;43.97;3517.99;1878.79;-1639.20;0.00
0.26;9.58;41.33;3306.33;2061.46;-1244.88;0.00
0.29;11.74;47.87;3829.94;2326.28;-1503.66;0.00
0.29;9.93;41.64;3331.50;2199.00;-1132.50;0.00
0.29;11.27;38.18;3054.14;2301.79;-752.35;0.00
0.27;8.70;49.40;3952.18;2016.42;-1935.76;0.00
0.22;11.23;42.76;3420.86;1904.65;-1516.21;0.00
0.26;13.67;37.88;3030.38;2255.34;-775.04;0.00
0.27;10.07;45.26;3621.06;2124.13;-1496.93;0.00
0.28;10.47;34.52;2761.24;2187.08;-574.16;0.00
0.27;10.20;43.07;3445.47;2096.35;-1349.12;0.00
0.25;10.75;39.54;3163.54;2014.32;-1149.22;0.00
0.28;11.17;39.28;3142.60;2225.91;-916.70;0.00
0.24;10.15;37.12;2969.73;1941.97;-1027.76;0.00
0.21;8.85;44.81;3584.56;1688.73;-1895.83;0.00
0.27;9.58;46.53;3722.12;2070.46;-1651.66;0.00
0.28;9.02;41.84;3346.93;2094.80;-1252.13;0.00
0.27;10.02;45.05;3603.98;2141.64;-1462.34;0.00
0.21;11.39;36.99;2959.29;1819.96;-1139.33;0.00
0.24;10.59;50.07;4005.21;1975.81;-2029.39;0.00
0.22;9.31;36.29;2903.28;1773.75;-1129.52;0.00
0.28;10.19;33.98;2718.05;2171.95;-546.10;0.00
0.22;10.58;47.59;3807.04;1870.13;-1936.91;0.00
0.23;10.62;41.95;3356.03;1909.51;-1446.52;0.00
0.24;10.12;34.06;2725.11;1919.13;-805.98;0.00
0.26;10.31;39.40;3152.23;2091.63;-1060.60;0.00
0.23;10.44;46.62;3729.64;1909.16;-1820.48;0.00
0.27;8.46;35.26;2820.67;2005.24;-815.42;0.00
0.25;10.96;45.46;3636.83;2049.45;-1587.38;0.00
0.27;10.06;28.98;2318.19;2089.07;-229.12;0.00
0.23;11.35;40.43;3234.54;1979.29;-1255.25;0.00
0.26;7.21;41.16;3293.00;1882.34;-1410.66;0.00
0.22;11.02;49.64;3971.12;1880.23;-2090.90;0.00
0.23;11.22;42.23;3378.40;1942.96;-1435.44;0.00
0.24;11.54;37.43;2994.05;2025.66;-968.39;0.00
0.22;10.92;49.27;3941.78;1884.09;-2057.69;0.00
0.24;12.79;44.40;3551.65;2103.21;-1448.45;0.00
0.26;8.21;39.29;3143.53;1983.15;-1160.38;0.00
0.26;12.03;42.65;3412.09;2193.38;-1218.70;0.00
0.28;10.98;38.83;3106.04;2246.82;-859.22;0.00
0.22;10.79;37.52;3001.84;1886.77;-1115.06;0.00
0.29;11.69;39.43;3154.13;2303.89;-850.24;0.00
0.27;9.07;48.53;3882.80;2053.86;-1828.94;0.00
0.29;10.16;37.04;2963.00;2234.08;-728.91;0.00
0.21;11.96;37.14;2970.93;1862.06;-1108.88;0.00
0.27;9.00;38.89;3111.34;2051.33;-1060.01;0.00
0.23;9.44;37.73;3018.15;1878.51;-1139.64;0.00
0.25;9.14;33.38;2670.08;1925.68;-744.40;0.00
0.23;10.41;43.87;3509.89;1882.48;-1627.41;0.00
0.26;9.10;44.79;3583.58;1995.04;-1588.53;0.00
0.23;11.06;41.41;3312.71;1932.90;-1379.81;0.00
0.29;10.02;36.92;2953.46;2246.35;-707.11;0.00
0.23;13.61;38.01;3040.43;2075.20;-965.22;0.00
0.23;10.81;43.53;3482.44;1945.98;-1536.46;0.00
0.25;11.26;41.90;3352.31;2054.70;-1297.61;0.00
0.24;9.57;46.51;3721.06;1930.94;-1790.13;0.00
0.23;10.12;45.39;3631.21;1860.85;-1770.36;0.00
0.23;10.81;44.36;3549.18;1900.14;-1649.04;0.00
0.24;8.80;47.81;3824.42;1877.41;-1947.01;0.00
0.25;10.94;40.88;3270.63;2061.82;-1208.81;0.00
0.27;11.78;38.14;3050.82;2205.37;-845.45;0.00
0.24;9.11;39.06;3124.72;1906.07;-1218.65;0.00
0.20;9.19;39.31;3144.80;1660.36;-1484.44;0.00
0.25;11.01;41.92;3353.80;2072.54;-1281.26;0.00
0.27;10.19;37.17;2973.27;2136.98;-836.29;0.00
0.24;12.04;44.79;3583.00;2044.34;-1538.65;0.00
0.29;10.28;42.35;3387.62;2227.65;-1159.98;0.00
0.27;11.36;42.10;3367.64;2199.18;-1168.45;0.00
0.25;11.58;34.08;2726.46;2077.12;-649.33;0.00
0.27;10.41;36.00;2880.39;2161.08;-719.31;0.00
0.22;9.64;39.02;3121.57;1788.06;-1333.51;0.00
0.27;12.90;39.56;3164.59;2261.46;-903.13;0.00
0.27;12.33;40.83;3266.45;2257.65;-1008.80;0.00
0.30;9.24;38.25;3059.76;2267.71;-792.05;0.00
0.24;11.63;31.14;2491.52;2035.83;-455.69;0.00
0.27;7.51;37.95;3036.36;1978.98;-1057.38;0.00
0.19;10.22;34.63;2770.77;1649.03;-1121.75;0.00
0.23;11.53;41.36;3308.96;1981.32;-1327.64;0.00
0.20;9.39;38.61;3088.90;1675.08;-1413.82;0.00
0.22;10.66;46.56;3724.74;1884.92;-1839.82;0.00
0.28;10.18;44.80;3583.85;2186.01;-1397.84;0.00
0.28;11.22;41.76;3340.50;2228.37;-1112.13;0.00
0.29;9.65;45.14;3611.49;2184.98;-1426.51;0.00
0.25;11.20;37.50;2999.69;2075.99;-923.70;0.00
0.27;9.24;38.65;3092.38;2074.36;-1018.03;0.00
0.21;9.18;33.39;2670.86;1746.95;-923.91;0.00
0.23;10.51;36.94;2955.44;1927.65;-1027.79;0.00
0.26;9.57;38.92;3113.70;2036.43;-1077.27;0.00
0.30;10.37;45.18;3614.72;2301.07;-1313.66;0.00
0.26;7.96;35.78;2862.56;1927.49;-935.07;0.00
0.24;10.36;36.46;2917.11;1978.47;-938.65;0.00
0.25;10.06;39.40;3152.05;1978.36;-1173.70;0.00
0.27;11.60;40.47;3237.50;2207.64;-1029.86;0.00
0.25;9.84;34.34;2747.15;1965.63;-781.52;0.00
0.26;10.52;42.47;3397.60;2101.64;-1295.96;0.00
0.28;10.29;33.12;2649.35;2198.83;-450.52;0.00
0.25;10.50;44.65;3572.22;2002.87;-1569.35;0.00
0.28;11.10;34.99;2798.84;2215.63;-583.20;0.00
0.24;9.49;40.98;3278.42;1920.42;-1358.00;0.00
0.28;11.41;43.41;3472.80;2230.34;-1242.46;0.00
0.25;9.67;33.14;2651.11;2005.50;-645.62;0.00
0.25;10.38;42.85;3428.03;2005.66;-1422.37;0.00
0.18;10.41;41.56;3324.58;1582.69;-1741.89;0.00
0.24;9.93;41.76;3340.58;1941.89;-1398.68;0.00
0.29;10.28;42.23;3378.12;2269.09;-1109.03;0.00
0.26;10.99;34.05;2723.64;2112.75;-610.88;0.00
0.26;11.50;47.03;3762.08;2148.08;-1613.99;0.00
0.21;10.81;40.59;3246.93;1812.12;-1434.82;0.00
0.25;10.16;36.99;2959.34;1983.25;-976.09;0.00
0.25;10.26;44.61;3568.82;2034.48;-1534.34;0.00
0.30;9.78;44.78;3582.26;2254.49;-1327.77;0.00
0.22;10.88;42.97;3437.39;1852.54;-1584.85;0.00
0.25;11.18;39.83;3186.45;2042.60;-1143.85;0.00
0.25;10.69;40.17;3213.99;2021.08;-1192.91;0.00
0.27;11.24;36.76;2940.66;2205.62;-735.04;0.00
0.26;9.61;37.09;2967.38;2049.43;-917.95;0.00
0.19;11.20;38.22;3057.56;1708.17;-1349.39;0.00
0.29;9.13;37.92;3033.74;2177.14;-856.60;0.00
0.25;11.13;39.79;3183.41;2056.17;-1127.25;0.00
0.20;9.28;42.94;3435.38;1692.68;-1742.70;0.00
0.26;10.46;37.50;3000.35;2104.38;-895.97;0.00
0.27;9.16;42.38;3390.35;2091.64;-1298.70;0.00
0.28;10.83;45.88;3670.59;2236.54;-1434.05;0.00
0.24;11.03;44.83;3586.48;1996.33;-1590.15;0.00
0.25;8.66;29.16;2332.49;1943.44;-389.05;0.00
0.24;9.90;43.11;3449.04;1906.66;-1542.38;0.00
0.22;10.06;39.53;3162.43;1849.83;-1312.60;0.00
0.27;11.93;41.46;3316.91;2198.38;-1118.53;0.00
0.26;9.65;41.17;3293.59;2041.26;-1252.34;0.00
0.27;10.67;52.21;4177.07;2145.98;-2031.09;0.00
0.23;9.90;38.11;3048.80;1901.43;-1147.37;0.00
0.24;10.52;38.79;3102.88;1943.90;-1158.98;0.00
0.26;9.65;42.23;3378.76;2015.50;-1363.26;0.00
0.24;10.22;45.61;3648.46;1948.50;-1699.96;0.00
0.26;11.41;34.31;2745.01;2137.19;-607.81;0.00
0.26;10.84;41.65;3331.62;2078.07;-1253.55;0.00
0.25;12.02;43.03;3442.41;2087.71;-1354.70;0.00
0.29;11.21;47.48;3798.02;2270.08;-1527.94;0.00
0.23;11.48;44.56;3564.98;1940.98;-1624.00;0.00
0.27;10.17;39.30;3144.12;2147.89;-996.23;0.00
0.24;10.27;48.55;3884.35;1961.12;-1923.23;0.00
0.26;12.40;39.53;3162.63;2163.21;-999.41;0.00
0.22;10.21;46.48;3718.55;1822.36;-1896.19;0.00
0.22;11.43;42.85;3427.62;1898.19;-1529.43;0.00
0.25;11.25;34.49;2758.99;2089.78;-669.21;0.00
0.27;9.17;46.21;3696.82;2094.08;-1602.74;0.00
0.24;8.52;37.40;2991.63;1872.41;-1119.21;0.00
0.25;10.08;37.84;3027.27;2018.72;-1008.55;0.00
0.27;10.01;42.02;3361.27;2126.20;-1235.06;0.00
0.24;8.49;39.01;3121.17;1855.98;-1265.20;0.00
0.19;10.48;38.47;3077.37;1653.40;-1423.98;0.00
0.21;10.34;43.12;3449.95;1791.57;-1658.38;0.00
0.27;9.68;36.63;2930.52;2105.26;-825.27;0.00
0.20;8.51;37.39;2991.30;1630.90;-1360.40;0.00
0.28;11.68;36.23;2898.67;2279.80;-618.88;0.00
0.25;12.83;42.15;3371.82;2145.44;-1226.38;0.00
0.23;12.44;43.55;3483.88;2002.36;-1481.52;0.00
0.27;9.76;46.36;3708.64;2100.25;-1608.39;0.00
0.27;9.92;33.65;2691.72;2100.36;-591.36;0.00
0.23;10.69;32.47;2597.67;1894.09;-703.58;0.00
0.23;9.98;35.19;2815.04;1865.58;-949.46;0.00
0.26;10.11;35.21;2816.83;2089.05;-727.78;0.00
0.25;9.19;46.77;3741.41;1949.59;-1791.82;0.00
0.25;9.90;45.92;3673.60;2021.44;-1652.17;0.00
0.28;10.19;39.55;3164.02;2201.88;-962.14;0.00
0.27;11.75;46.19;3694.86;2209.70;-1485.16;0.00
0.26;8.40;46.60;3728.31;1942.31;-1786.00;0.00
0.27;10.41;37.78;3022.41;2143.91;-878.50;0.00
0.26;10.98;35.32;2825.71;2108.55;-717.15;0.00
0.24;11.27;35.29;2823.40;2007.46;-815.94;0.00
0.25;11.22;46.29;3703.28;2074.13;-1629.15;0.00
0.26;10.59;48.77;3901.94;2100.69;-1801.25;0.00
0.26;9.36;48.46;3876.66;2001.87;-1874.78;0.00
0.23;8.80;43.86;3509.12;1822.77;-1686.35;0.00
0.25;9.34;30.74;2459.20;1957.04;-502.16;0.00
0.28;10.57;40.66;3253.10;2210.03;-1043.07;0.00
0.25;10.60;43.27;3461.94;2042.49;-1419.46;0.00
0.25;11.82;41.05;3284.39;2099.23;-1185.16;0.00
0.26;10.38;39.08;3126.31;2090.55;-1035.76;0.00
0.22;8.68;38.41;3072.69;1731.82;-1340.87;0.00
0.23;8.83;41.97;3357.54;1837.33;-1520.21;0.00
0.30;8.80;35.57;2845.40;2240.53;-604.86;0.00
0.24;9.85;42.26;3380.58;1927.24;-1453.34;0.00
0.24;10.66;37.16;2973.07;1989.09;-983.98;0.00
0.31;7.62;38.22;3057.22;2219.51;-837.70;0.00
0.23;12.61;40.75;3259.74;2003.66;-1256.09;0.00
0.26;10.56;33.24;2658.90;2058.06;-600.84;0.00
0.22;9.45;49.38;3950.02;1795.85;-2154.17;0.00
0.27;10.51;41.95;3355.97;2133.97;-1222.00;0.00
0.21;11.13;48.02;3841.32;1813.71;-2027.62;0.00
0.26;10.30;40.74;3259.38;2082.51;-1176.86;0.00
0.25;9.87;39.13;3130.06;1994.13;-1135.93;0.00
0.29;8.80;36.25;2900.22;2154.88;-745.34;0.00
0.27;10.57;37.94;3035.02;2143.17;-891.85;0.00
0.29;7.50;34.74;2779.42;2072.28;-707.14;0.00
0.22;10.54;40.84;3267.35;1847.68;-1419.67;0.00
0.28;9.93;30.78;2462.19;2155.93;-306.26;0.00
0.25;11.26;45.19;3615.13;2094.91;-1520.22;0.00
0.22;11.57;42.91;3433.03;1935.22;-1497.81;0.00
0.22;8.83;40.51;3240.65;1788.37;-1452.28;0.00
0.22;11.88;40.40;3231.83;1903.50;-1328.32;0.00
0.23;9.69;34.28;2742.37;1883.49;-858.88;0.00
0.26;11.08;45.17;3613.35;2086.92;-1526.43;0.00
0.24;10.34;36.15;2891.69;1975.08;-916.60;0.00
0.21;10.98;38.39;3071.23;1833.53;-1237.71;0.00
0.22;10.46;40.37;3229.44;1872.26;-1357.18;0.00
0.26;10.25;43.16;3452.43;2045.55;-1406.88;0.00
0.20;9.47;45.72;3657.37;1677.10;-1980.28;0.00
0.24;7.03;41.29;3303.15;1774.05;-1529.10;0.00
0.31;9.43;34.72;2777.86;2331.47;-446.39;0.00
0.28;11.54;42.86;3428.89;2228.16;-1200.73;0.00
0.24;10.08;37.76;3020.59;1950.37;-1070.23;0.00
0.28;8.98;40.51;3240.66;2133.68;-1106.98;0.00
0.27;11.23;41.74;3339.13;2156.96;-1182.17;0.00
0.27;10.62;47.87;3829.65;2135.46;-1694.19;0.00
0.25;10.53;37.38;2990.70;2024.29;-966.41;0.00
0.22;10.01;43.12;3449.38;1850.15;-1599.23;0.00
0.28;10.56;36.32;2905.76;2231.11;-674.65;0.00
0.26;7.28;40.69;3254.88;1922.43;-1332.45;0.00
0.25;8.95;36.74;2938.88;1925.53;-1013.35;0.00
0.26;12.06;34.34;2746.81;2151.57;-595.23;0.00
0.26;8.67;40.60;3247.82;1996.98;-1250.85;0.00
0.21;10.53;40.36;3228.45;1803.64;-1424.80;0.00
0.28;10.83;29.05;2323.85;2218.80;-105.04;0.00
0.26;9.93;36.64;2930.90;2034.24;-896.66;0.00
0.25;11.73;30.17;2413.86;2063.84;-350.02;0.00
0.25;9.25;34.09;2727.38;1963.56;-763.82;0.00
0.27;11.05;37.67;3013.60;2181.91;-831.70;0.00
0.23;10.23;43.47;3477.87;1889.20;-1588.67;0.00
0.29;10.54;38.51;3080.64;2286.90;-793.75;0.00
0.25;10.69;43.82;3505.58;2014.22;-1491.35;0.00
0.23;10.53;51.23;4098.71;1890.63;-2208.07;0.00
0.24;12.12;37.14;2971.51;2054.79;-916.72;0.00
0.25;11.31;36.60;2927.89;2042.24;-885.65;0.00
0.25;9.23;43.58;3486.57;1973.32;-1513.26;0.00
0.25;10.27;42.41;3393.18;2027.31;-1365.87;0.00
0.29;10.02;38.82;3105.71;2223.59;-882.11;0.00
0.29;11.25;32.72;2617.48;2277.53;-339.95;0.00
0.27;9.14;40.29;3222.83;2051.86;-1170.97;0.00
0.28;9.55;43.79;3502.95;2139.73;-1363.22;0.00
0.23;9.05;35.76;2860.68;1832.51;-1028.17;0.00
0.20;10.83;33.85;2707.72;1772.08;-935.64;0.00
0.27;11.20;33.40;2671.78;2176.00;-495.78;0.00
0.26;9.96;39.43;3154.52;2078.85;-1075.67;0.00
0.27;10.93;42.28;3382.11;2174.17;-1207.94;0.00
0.25;8.95;37.74;3018.90;1937.64;-1081.27;0.00
0.28;8.32;44.32;3545.71;2087.53;-1458.18;0.00
0.24;9.71;43.72;3497.83;1901.16;-1596.67;0.00
0.23;9.98;42.80;3423.88;1902.05;-1521.82;0.00
0.23;10.07;40.04;3203.13;1876.98;-1326.14;0.00
0.25;9.38;40.29;3223.04;1946.70;-1276.34;0.00
0.24;10.53;42.26;3380.60;1964.98;-1415.62;0.00
0.24;9.70;39.70;3176.38;1947.06;-1229.32;0.00
0.25;9.33;39.04;3123.22;1941.00;-1182.21;0.00
0.29;8.99;37.41;2992.96;2182.49;-810.47;0.00
0.20;10.18;43.06;3444.64;1698.50;-1746.14;0.00
0.22;10.55;41.78;3342.24;1877.62;-1464.62;0.00
0.28;7.78;41.69;3335.41;2033.12;-1302.29;0.00
0.25;7.83;37.99;3038.83;1875.64;-1163.19;0.00
0.25;9.81;38.24;3059.35;1972.26;-1087.10;0.00
0.29;9.40;45.97;3677.75;2203.82;-1473.93;0.00
0.31;10.80;42.43;3394.10;2401.52;-992.57;0.00
0.23;11.76;41.76;3340.95;1959.41;-1381.54;0.00
0.27;10.51;39.88;3190.52;2124.27;-1066.25;0.00
0.27;8.23;38.49;3079.13;2009.62;-1069.51;0.00
0.22;9.73;38.93;3114.19;1807.95;-1306.24;0.00
0.26;10.69;42.87;3429.42;2082.54;-1346.88;0.00
0.21;10.89;38.92;3113.97;1822.61;-1291.36;0.00
0.22;11.77;44.52;3561.83;1922.03;-1639.80;0.00
0.24;11.24;36.51;2920.91;2033.94;-886.96;0.00
0.25;11.12;37.47;2997.34;2046.77;-950.57;0.00
0.26;11.77;44.35;3548.30;2165.25;-1383.05;0.00
0.29;10.75;40.49;3239.35;2264.82;-974.53;0.00
0.22;10.74;39.28;3142.23;1861.55;-1280.68;0.00
0.26;10.86;43.86;3508.81;2113.62;-1395.19;0.00
0.29;9.17;31.05;2483.89;2171.56;-312.33;0.00
0.23;11.33;44.55;3564.38;1959.60;-1604.78;0.00
0.22;11.63;34.83;2786.57;1934.96;-851.62;0.00
0.21;10.94;40.81;3265.19;1828.98;-1436.20;0.00
0.26;10.86;41.55;3324.06;2075.20;-1248.85;0.00
0.25;11.39;37.53;3002.21;2098.97;-903.24;0.00
0.22;8.84;35.81;2864.91;1784.37;-1080.55;0.00
0.25;11.02;43.08;3446.69;2064.00;-1382.69;0.00
0.27;10.03;47.57;3805.23;2130.62;-1674.61;0.00
0.29;8.87;43.63;3490.49;2187.84;-1302.65;0.00
0.25;8.86;28.95;2315.63;1954.29;-361.35;0.00
0.26;10.76;29.12;2329.30;2078.11;-251.19;0.00
0.21;10.71;36.39;2911.22;1774.36;-1136.87;0.00
0.23;10.19;41.35;3308.06;1895.03;-1413.03;0.00
0.25;11.22;42.58;3406.58;2082.75;-1323.83;0.00
0.28;9.11;39.04;3123.58;2099.23;-1024.35;0.00
0.23;11.16;35.40;2832.22;1922.72;-909.49;0.00
0.28;9.46;49.20;3935.92;2172.13;-1763.79;0.00
0.21;10.45;44.38;3550.54;1809.43;-1741.11;0.00
0.22;10.27;40.88;3270.55;1826.85;-1443.70;0.00
0.24;8.66;43.20;3455.67;1860.54;-1595.13;0.00
0.30;9.82;49.33;3946.79;2266.34;-1680.44;0.00
0.23;11.95;38.98;3118.37;1957.96;-1160.40;0.00
0.22;11.42;38.36;3068.40;1893.63;-1174.78;0.00
0.29;11.08;40.68;3254.55;2268.60;-985.95;0.00
0.25;8.82;41.18;3294.19;1923.15;-1371.04;0.00
0.25;10.80;39.63;3170.23;2032.18;-1138.05;0.00
0.23;9.58;45.54;3643.51;1845.31;-1798.20;0.00
0.22;9.06;41.56;3324.66;1775.22;-1549.44;0.00
0.25;9.09;44.17;3533.88;1962.12;-1571.76;0.00
0.22;10.59;45.93;3674.67;1854.70;-1819.97;0.00
0.30;9.84;35.07;2805.58;2257.16;-548.42;0.00
0.25;8.94;42.07;3365.59;1956.84;-1408.75;0.00
0.25;9.88;48.72;3897.48;1995.24;-1902.24;0.00
0.26;8.65;40.15;3211.70;1984.95;-1226.75;0.00
0.21;10.94;38.58;3086.10;1803.56;-1282.54;0.00
0.24;9.51;41.51;3320.81;1903.23;-1417.58;0.00
0.18;9.07;41.66;3332.60;1565.15;-1767.45;0.00
0.26;12.00;37.18;2974.70;2142.99;-831.71;0.00
0.23;9.99;43.99;3519.25;1903.56;-1615.69;0.00
0.27;10.54;34.03;2722.31;2172.36;-549.95;0.00
0.19;8.02;35.16;2812.51;1543.52;-1268.99;0.00
0.27;8.59;44.81;3584.89;2018.31;-1566.58;0.00
0.27;9.59;46.42;3713.78;2106.46;-1607.32;0.00
0.22;8.50;43.54;3483.42;1733.50;-1749.93;0.00
0.25;8.96;44.26;3540.79;1937.68;-1603.11;0.00
0.21;9.54;45.13;3610.23;1755.13;-1855.10;0.00
0.27;9.80;45.93;3674.06;2119.46;-1554.60;0.00
0.29;10.08;38.12;3049.87;2206.49;-843.38;0.00
0.26;10.58;37.89;3030.86;2084.13;-946.72;0.00
0.24;8.53;45.00;3600.36;1849.52;-1750.84;0.00
0.29;10.16;36.60;2927.89;2233.35;-694.53;0.00
0.23;9.35;33.28;2662.40;1833.52;-828.88;0.00
0.24;9.52;46.18;3694.58;1941.97;-1752.62;0.00
0.21;8.27;32.58;2606.12;1656.81;-949.31;0.00
0.19;9.05;52.47;4197.49;1574.85;-2622.64;0.00
0.25;10.85;41.87;3349.89;2055.83;-1294.07;0.00
0.20;10.06;46.32;3705.86;1720.61;-1985.25;0.00
0.29;11.93;40.86;3268.70;2326.98;-941.72;0.00
0.24;10.45;37.43;2994.32;1974.13;-1020.20;0.00
0.19;10.90;38.47;3077.42;1681.79;-1395.63;0.00
0.26;11.26;48.20;3856.06;2107.21;-1748.86;0.00
0.27;9.74;44.76;3581.07;2107.39;-1473.69;0.00
0.25;8.93;39.72;3177.81;1916.71;-1261.10;0.00
0.26;9.56;45.48;3638.79;2036.64;-1602.15;0.00
0.27;10.82;43.62;3489.36;2131.89;-1357.47;0.00
0.21;8.60;34.85;2787.73;1683.73;-1104.00;0.00
0.24;10.00;36.70;2936.17;1964.37;-971.80;0.00
0.25;9.40;42.12;3369.92;1975.08;-1394.84;0.00
0.26;9.06;34.43;2754.80;2014.49;-740.31;0.00
0.22;7.66;33.60;2687.96;1685.98;-1001.98;0.00
0.25;10.41;39.25;3140.20;2019.29;-1120.91;0.00
0.27;10.28;38.03;3042.33;2144.78;-897.55;0.00
0.25;10.90;42.22;3377.65;2068.91;-1308.74;0.00
0.29;9.57;29.54;2363.04;2218.29;-144.74;0.00
0.23;10.61;38.81;3104.86;1914.88;-1189.98;0.00
0.27;11.46;44.52;3561.50;2189.71;-1371.79;0.00
0.29;9.99;39.98;3198.72;2207.18;-991.54;0.00
0.25;9.85;35.26;2820.74;1976.35;-844.38;0.00
0.24;11.17;38.08;3046.50;2028.38;-1018.12;0.00
0.27;11.18;41.72;3337.38;2157.41;-1179.97;0.00
0.25;12.18;46.84;3747.16;2117.21;-1629.95;0.00
0.28;9.26;35.77;2861.67;2127.98;-733.69;0.00
0.27;8.86;39.13;3130.29;2064.97;-1065.33;0.00
0.23;9.55;35.67;2853.23;1876.61;-976.62;0.00
0.29;10.70;37.81;3024.42;2260.38;-764.04;0.00
0.26;10.53;42.99;3439.44;2080.29;-1359.14;0.00
0.24;10.68;37.47;2997.76;2000.97;-996.79;0.00
0.27;9.02;36.96;2956.99;2057.66;-899.32;0.00
0.29;10.83;33.59;2687.34;2253.57;-433.77;0.00
0.26;9.32;38.59;3087.20;2003.97;-1083.23;0.00
0.25;10.83;39.02;3121.69;2033.92;-1087.77;0.00
0.27;9.77;36.85;2948.12;2101.74;-846.38;0.00
0.23;9.91;38.93;3114.59;1888.68;-1225.91;0.00
0.28;9.87;44.84;3586.89;2171.71;-1415.17;0.00
0.23;10.00;39.69;3175.31;1901.44;-1273.87;0.00
0.26;9.45;38.88;3110.52;1999.28;-1111.24;0.00
0.21;9.57;39.13;3130.72;1719.34;-1411.38;0.00
0.26;9.28;34.37;2749.27;2012.21;-737.06;0.00
0.26;11.70;39.43;3154.01;2121.48;-1032.53;0.00
0.24;10.14;38.73;3098.57;1961.24;-1137.33;0.00
0.32;10.98;43.50;3479.85;2439.80;-1040.06;0.00
0.24;8.85;41.04;3283.25;1859.85;-1423.41;0.00
0.26;11.13;37.52;3001.86;2114.48;-887.39;0.00
0.25;9.53;44.29;3543.11;1962.01;-1581.10;0.00
0.30;10.05;40.02;3201.28;2267.96;-933.33;0.00
0.26;10.06;41.16;3292.91;2083.04;-1209.87;0.00
0.29;9.53;44.90;3591.87;2184.65;-1407.22;0.00
0.28;12.15;43.07;3445.59;2299.87;-1145.72;0.00
0.27;7.66;38.87;3109.59;1998.22;-1111.37;0.00
0.24;10.02;45.05;3604.03;1922.70;-1681.33;0.00
0.25;11.70;44.37;3549.55;2087.51;-1462.04;0.00
0.24;10.57;38.53;3082.16;1969.52;-1112.63;0.00
0.22;10.67;42.37;3389.52;1884.04;-1505.48;0.00
0.23;10.35;45.90;3671.65;1889.15;-1782.51;0.00
0.28;10.17;40.84;3267.04;2183.55;-1083.49;0.00
0.22;9.26;45.70;3655.75;1756.78;-1898.97;0.00
0.19;8.21;32.92;2633.37;1544.56;-1088.81;0.00
0.28;10.12;41.21;3296.73;2183.79;-1112.94;0.00
0.25;9.31;40.84;3267.15;1966.07;-1301.08;0.00
0.24;12.33;37.21;2977.16;2066.90;-910.26;0.00
0.29;10.56;46.38;3710.24;2267.65;-1442.59;0.00
0.23;10.02;38.89;3110.94;1876.21;-1234.73;0.00
0.27;9.74;41.17;3293.44;2118.20;-1175.24;0.00
0.22;8.45;46.17;3693.27;1748.40;-1944.87;0.00
0.26;11.47;42.22;3377.96;2158.29;-1219.67;0.00
0.26;12.08;37.63;3010.46;2173.84;-836.62;0.00
0.22;10.48;39.78;3182.26;1873.56;-1308.70;0.00
0.24;9.41;34.33;2746.02;1927.50;-818.52;0.00
0.23;8.78;41.10;3287.71;1824.55;-1463.16;0.00
0.21;8.93;35.06;2805.11;1726.27;-1078.84;0.00
0.28;9.44;42.96;3436.48;2134.62;-1301.86;0.00
0.30;10.39;37.26;2980.61;2283.42;-697.19;0.00
0.24;9.45;40.19;3215.56;1926.33;-1289.23;0.00
0.25;11.37;41.43;3314.20;2076.55;-1237.65;0.00
0.29;9.82;39.02;3121.24;2238.97;-882.27;0.00
0.22;10.78;32.95;2635.85;1892.66;-743.20;0.00
0.28;10.82;44.39;3551.53;2217.35;-1334.17;0.00
0.24;8.71;43.38;3470.52;1843.93;-1626.60;0.00
0.26;7.65;37.91;3032.96;1937.24;-1095.72;0.00
0.21;10.94;38.22;3057.49;1820.08;-1237.41;0.00
0.25;9.52;42.83;3426.02;1972.05;-1453.97;0.00
0.25;10.53;34.37;2749.70;2033.53;-716.17;0.00
0.29;8.05;44.34;3547.15;2131.54;-1415.61;0.00
0.20;9.39;42.11;3368.41;1647.12;-1721.29;0.00
0.22;9.92;44.42;3553.84;1812.24;-1741.59;0.00
0.24;11.01;36.20;2895.78;1995.70;-900.08;0.00
0.26;9.76;43.96;3516.78;2068.16;-1448.62;0.00
0.22;8.25;38.67;3093.44;1724.97;-1368.48;0.00
0.20;10.22;43.16;3452.63;1695.73;-1756.90;0.00
0.28;9.57;37.84;3027.26;2150.15;-877.11;0.00
0.21;9.30;36.03;2882.02;1744.92;-1137.10;0.00
0.26;9.89;37.49;2999.48;2041.10;-958.38;0.00
0.25;10.20;40.86;3268.60;1998.45;-1270.15;0.00
0.26;8.48;39.91;3192.95;1962.25;-1230.70;0.00
0.26;9.22;39.71;3176.66;1988.37;-1188.29;0.00
0.26;11.06;31.03;2482.44;2111.24;-371.20;0.00
0.22;13.25;38.24;3058.98;2026.65;-1032.33;0.00
0.29;9.00;35.94;2875.49;2180.24;-695.25;0.00
0.22;8.85;38.02;3041.66;1781.98;-1259.68;0.00
0.28;8.66;48.81;3904.83;2095.15;-1809.68;0.00
0.24;10.57;42.76;3420.70;1993.02;-1427.69;0.00
0.23;8.70;37.55;3003.61;1823.82;-1179.79;0.00
0.26;9.65;43.59;3487.21;2041.21;-1446.00;0.00
0.25;10.50;32.56;2604.70;2049.48;-555.22;0.00
0.25;11.25;34.40;2752.36;2056.62;-695.74;0.00
0.26;10.21;38.89;3110.87;2054.47;-1056.40;0.00
0.26;11.71;44.96;3597.01;2169.59;-1427.41;0.00
0.22;10.89;46.60;3728.21;1843.80;-1884.41;0.00
0.24;9.34;33.04;2642.90;1917.16;-725.75;0.00
0.25;11.56;49.31;3944.45;2084.00;-1860.45;0.00
0.22;11.13;50.35;4028.09;1892.37;-2135.72;0.00
0.20;11.39;34.07;2725.47;1797.45;-928.02;0.00
0.27;12.40;34.00;2720.34;2261.29;-459.05;0.00
0.27;12.86;44.30;3543.73;2245.08;-1298.64;0.00
0.27;10.59;41.36;3308.97;2162.97;-1145.99;0.00
0.27;8.34;38.23;3058.52;2027.32;-1031.21;0.00
0.24;8.92;42.42;3393.31;1853.98;-1539.33;0.00
0.25;12.32;41.74;3339.49;2120.82;-1218.67;0.00
0.22;9.74;43.65;3491.76;1790.62;-1701.15;0.00
0.25;9.79;39.64;3171.22;1966.61;-1204.62;0.00
0.23;9.07;33.85;2708.33;1832.56;-875.77;0.00
0.32;8.63;39.46;3157.19;2319.04;-838.15;0.00
0.21;10.41;41.00;3279.81;1796.57;-1483.24;0.00
0.21;10.14;40.29;3223.34;1778.67;-1444.67;0.00
0.25;11.48;44.67;3573.61;2063.03;-1510.58;0.00
0.27;10.75;42.00;3359.76;2130.53;-1229.23;0.00
0.25;10.95;44.24;3539.10;2045.01;-1494.09;0.00
0.22;10.91;36.15;2892.14;1855.39;-1036.75;0.00
0.23;11.19;38.03;3042.38;1943.23;-1099.15;0.00
0.24;8.82;36.11;2888.52;1864.19;-1024.33;0.00
0.25;9.56;46.48;3718.71;2000.90;-1717.81;0.00
0.24;10.09;55.07;4405.36;1934.23;-2471.13;0.00
0.30;10.82;46.11;3688.92;2358.81;-1330.11;0.00
0.23;11.51;42.84;3427.56;1935.15;-1492.41;0.00
0.23;8.92;43.15;3451.68;1813.78;-1637.90;0.00
0.25;9.83;41.22;3297.84;1997.07;-1300.77;0.00
0.23;11.88;46.18;3694.36;1963.48;-1730.87;0.00
0.26;11.28;44.75;3580.11;2122.12;-1457.99;0.00
0.25;10.24;39.63;3170.74;2021.58;-1149.16;0.00
0.29;10.67;37.95;3035.70;2275.53;-760.17;0.00
0.27;11.81;47.76;3820.96;2212.25;-1608.70;0.00
0.26;10.24;41.38;3310.63;2046.32;-1264.31;0.00
0.22;9.66;38.55;3083.72;1793.26;-1290.45;0.00
0.28;10.39;44.07;3525.99;2172.73;-1353.26;0.00
0.24;10.80;42.21;3377.01;1968.79;-1408.22;0.00
0.29;8.09;48.05;3844.03;2142.81;-1701.22;0.00
0.25;10.75;40.67;3253.66;2063.25;-1190.40;0.00
0.24;9.41;33.80;2703.79;1924.49;-779.30;0.00
0.30;10.36;38.96;3116.95;2303.92;-813.03;0.00
0.24;11.42;43.37;3469.57;2022.04;-1447.52;0.00
0.24;10.13;46.36;3708.79;1945.63;-1763.16;0.00
0.24;12.86;40.81;3264.70;2101.78;-1162.92;0.00
0.23;12.30;46.24;3699.40;2000.97;-1698.44;0.00
0.24;10.20;49.59;3966.98;1949.97;-2017.02;0.00
0.27;11.48;42.55;3403.92;2208.28;-1195.64;0.00
0.24;10.73;31.09;2486.99;1978.26;-508.73;0.00
0.26;9.52;34.80;2783.86;2014.70;-769.16;0.00
0.27;10.44;42.29;3383.40;2165.39;-1218.01;0.00
0.25;10.14;47.88;3830.24;2006.42;-1823.82;0.00
0.26;9.13;41.70;3336.29;2016.10;-1320.20;0.00
0.24;10.75;35.01;2800.50;1977.22;-823.29;0.00
0.25;13.38;38.07;3045.66;2198.72;-846.95;0.00
0.27;10.90;31.07;2485.24;2192.44;-292.80;0.00
0.24;10.85;33.91;2712.92;1985.62;-727.30;0.00
0.23;10.34;40.62;3249.36;1871.33;-1378.03;0.00
0.26;10.92;33.54;2682.98;2130.09;-552.89;0.00
0.27;10.16;50.19;4015.52;2101.40;-1914.12;0.00
0.24;10.56;39.17;3133.50;1950.65;-1182.85;0.00
0.26;10.00;40.23;3218.24;2062.06;-1156.19;0.00
0.25;8.47;39.72;3177.89;1917.00;-1260.89;0.00
0.25;9.19;40.18;3214.78;1941.54;-1273.24;0.00
0.23;9.01;51.88;4150.41;1824.81;-2325.60;0.00
0.29;10.98;44.15;3532.36;2312.66;-1219.70;0.00
0.23;11.41;46.28;3702.36;1954.99;-1747.37;0.00
0.24;11.33;39.92;3193.47;2027.95;-1165.52;0.00
0.26;9.82;38.79;3102.83;2054.75;-1048.07;0.00
0.27;9.41;41.34;3307.51;2060.34;-1247.16;0.00
0.26;9.21;46.60;3727.76;2039.30;-1688.46;0.00
0.25;9.57;42.11;3369.18;1980.66;-1388.52;0.00
0.22;11.67;43.04;3443.26;1896.46;-1546.80;0.00
0.24;11.64;37.33;2986.67;2013.24;-973.44;0.00
0.33;9.32;34.78;2782.08;2440.42;-341.66;0.00
0.30;9.77;41.50;3320.25;2248.44;-1071.80;0.00
0.24;11.32;43.75;3499.96;2016.20;-1483.76;0.00
0.26;9.23;38.79;3103.16;2042.78;-1060.38;0.00
0.23;12.16;39.61;3169.10;1996.20;-1172.89;0.00
0.28;10.70;35.07;2805.62;2225.74;-579.89;0.00
0.28;10.18;41.46;3316.57;2183.00;-1133.56;0.00
0.26;10.84;42.85;3427.61;2086.40;-1341.21;0.00
0.25;10.89;36.82;2945.35;2051.56;-893.79;0.00
0.21;9.07;40.98;3278.13;1698.09;-1580.04;0.00
0.21;11.32;35.16;2813.02;1846.78;-966.25;0.00
0.19;9.47;41.08;3286.44;1622.59;-1663.85;0.00
0.22;10.17;42.93;3434.66;1808.77;-1625.88;0.00
0.23;10.83;36.69;2935.11;1928.72;-1006.40;0.00
0.25;10.22;34.10;2728.08;1998.58;-729.50;0.00
0.26;10.60;40.26;3221.15;2108.14;-1113.01;0.00
0.26;9.90;38.62;3089.67;2043.19;-1046.48;0.00
0.26;9.04;39.76;3180.56;1979.73;-1200.84;0.00
0.26;8.65;39.42;3153.98;2001.62;-1152.36;0.00
0.25;9.17;42.70;3415.96;1947.86;-1468.10;0.00
0.28;10.61;43.11;3448.43;2196.63;-1251.80;0.00
0.24;11.19;51.69;4135.50;2000.99;-2134.52;0.00
0.26;8.50;43.60;3487.92;1962.24;-1525.68;0.00
0.25;11.39;35.28;2822.24;2059.55;-762.69;0.00
0.29;11.48;38.30;3063.73;2309.88;-753.85;0.00
0.25;10.40;38.29;3063.26;2010.96;-1052.30;0.00
0.21;8.26;37.73;3018.23;1695.07;-1323.16;0.00
0.25;9.15;38.35;3068.23;1959.68;-1108.56;0.00
0.26;10.97;28.93;2314.60;2130.36;-184.23;0.00
0.25;9.15;40.02;3201.49;1975.09;-1226.40;0.00
0.21;8.65;41.80;3343.84;1717.39;-1626.45;0.00
0.28;10.64;40.88;3270.58;2184.86;-1085.72;0.00
0.29;11.10;35.81;2864.88;2281.30;-583.59;0.00
0.24;9.98;42.32;3385.26;1911.26;-1474.01;0.00
0.25;11.01;36.38;2910.77;2037.65;-873.12;0.00
0.22;10.17;37.38;2990.24;1813.24;-1177.00;0.00
0.21;9.84;41.88;3350.76;1738.25;-1612.51;0.00
0.20;10.69;38.60;3087.75;1740.77;-1346.98;0.00
0.20;9.95;40.65;3252.33;1730.85;-1521.49;0.00
0.26;8.95;38.56;3084.98;1988.06;-1096.92;0.00
0.28;12.22;42.39;3391.25;2274.31;-1116.94;0.00
0.23;12.10;33.46;2676.97;2002.83;-674.13;0.00
0.24;10.49;44.03;3522.50;1990.82;-1531.68;0.00
0.26;10.96;43.84;3507.27;2095.98;-1411.29;0.00
0.23;11.38;39.13;3130.48;1971.22;-1159.26;0.00
0.22;8.78;40.96;3277.16;1747.93;-1529.23;0.00
0.24;10.17;42.44;3395.36;1963.45;-1431.92;0.00
0.21;10.79;45.58;3646.40;1816.11;-1830.29;0.00
0.28;9.76;36.97;2957.30;2150.88;-806.42;0.00
0.19;10.67;39.29;3142.89;1695.53;-1447.36;0.00
0.22;10.49;45.76;3661.00;1825.36;-1835.65;0.00
0.25;9.82;39.62;3169.42;1972.49;-1196.93;0.00
0.27;10.35;41.84;3347.35;2119.29;-1228.07;0.00
0.25;10.30;42.02;3361.44;2037.77;-1323.67;0.00
0.31;10.26;41.17;3293.69;2352.85;-940.84;0.00
0.26;10.65;41.43;3314.26;2090.56;-1223.70;0.00
0.29;8.96;40.25;3219.70;2196.91;-1022.78;0.00
0.25;11.60;41.86;3348.64;2068.11;-1280.53;0.00
0.23;10.57;41.85;3347.84;1907.42;-1440.42;0.00
0.22;8.50;49.11;3928.87;1742.99;-2185.88;0.00
0.23;11.11;38.43;3074.35;1963.97;-1110.38;0.00
0.28;10.47;43.26;3461.03;2195.65;-1265.39;0.00
0.25;9.55;34.81;2784.82;1960.94;-823.88;0.00
0.24;7.31;35.68;2854.47;1811.32;-1043.15;0.00
0.26;9.79;31.47;2517.70;2066.47;-451.23;0.00
0.20;10.70;41.61;3328.50;1757.38;-1571.12;0.00
0.27;11.22;44.93;3594.55;2171.64;-1422.91;0.00
0.26;11.26;37.53;3002.16;2148.23;-853.93;0.00
0.27;10.89;38.64;3091.33;2173.92;-917.41;0.00
0.21;8.70;38.89;3111.00;1668.84;-1442.16;0.00
0.31;9.39;35.89;2871.41;2289.01;-582.40;0.00
0.23;13.00;32.83;2626.60;2036.15;-590.45;0.00
0.26;9.54;31.71;2536.98;2020.06;-516.92;0.00
0.22;10.89;44.19;3535.45;1897.45;-1638.00;0.00
0.22;11.29;44.27;3541.42;1893.45;-1647.97;0.00
0.28;8.33;36.13;2890.66;2089.37;-801.28;0.00
0.26;12.15;42.49;3399.18;2185.91;-1213.27;0.00
0.25;8.90;48.25;3860.05;1929.46;-1930.58;0.00
0.28;12.68;42.66;3412.56;2301.43;-1111.13;0.00
0.26;9.35;38.06;3044.98;2038.50;-1006.48;0.00
0.27;10.35;39.88;3190.01;2124.07;-1065.94;0.00
0.23;10.51;35.71;2856.58;1921.86;-934.72;0.00
0.23;11.25;47.14;3771.50;1920.01;-1851.49;0.00
0.24;10.72;35.25;2819.99;2007.39;-812.61;0.00
0.20;9.08;40.87;3269.20;1673.34;-1595.86;0.00
0.30;10.08;37.08;2966.38;2284.74;-681.65;0.00
0.23;9.95;32.42;2593.37;1852.62;-740.75;0.00
0.24;11.72;42.12;3369.49;2026.40;-1343.09;0.00
0.20;12.58;37.51;3001.04;1859.22;-1141.82;0.00
0.25;10.45;43.20;3455.66;2050.48;-1405.18;0.00
0.25;11.33;46.57;3725.73;2063.55;-1662.19;0.00
0.27;11.61;39.92;3193.71;2201.54;-992.18;0.00
0.28;8.55;43.78;3502.09;2085.65;-1416.44;0.00
0.25;11.25;35.11;2808.53;2036.18;-772.35;0.00
0.24;10.61;39.39;3151.21;1994.23;-1156.97;0.00
0.30;11.70;48.35;3868.24;2382.03;-1486.21;0.00
0.25;11.58;37.09;2967.54;2079.31;-888.23;0.00
0.23;6.77;35.92;2873.47;1706.67;-1166.80;0.00
0.23;10.57;46.02;3681.89;1889.27;-1792.62;0.00
0.23;9.41;37.55;3004.15;1824.09;-1180.06;0.00
0.23;10.88;42.55;3403.73;1928.16;-1475.56;0.00
0.23;11.43;37.71;3017.07;1967.76;-1049.31;0.00
0.23;10.48;37.91;3032.60;1909.18;-1123.42;0.00
0.22;10.62;38.11;3048.65;1870.90;-1177.75;0.00
0.26;10.09;41.03;3282.30;2079.90;-1202.40;0.00
0.26;8.74;35.60;2848.04;1996.93;-851.10;0.00
0.25;8.79;42.56;3404.73;1960.54;-1444.19;0.00
0.23;10.02;41.41;3312.97;1872.64;-1440.33;0.00
0.27;9.34;36.87;2949.73;2073.27;-876.46;0.00
0.23;12.42;37.77;3021.35;1983.08;-1038.28;0.00
0.26;10.71;46.09;3687.08;2118.94;-1568.14;0.00
0.26;9.56;38.58;3086.22;2060.45;-1025.77;0.00
0.26;8.64;43.34;3467.25;1978.99;-1488.26;0.00
0.28;10.63;36.76;2940.97;2233.57;-707.40;0.00
0.28;7.55;42.70;3416.30;2051.29;-1365.01;0.00
0.22;8.52;51.66;4133.00;1740.52;-2392.48;0.00
0.25;10.75;41.33;3306.14;2060.58;-1245.56;0.00
0.26;11.19;46.80;3743.76;2096.17;-1647.60;0.00
0.23;12.11;39.79;3183.33;1975.67;-1207.66;0.00
0.31;10.07;37.49;2999.59;2361.72;-637.86;0.00
0.25;10.65;46.44;3715.56;2007.83;-1707.73;0.00
0.24;8.51;43.36;3468.65;1874.68;-1593.97;0.00
0.27;11.59;44.94;3594.81;2227.12;-1367.69;0.00
0.28;10.29;42.57;3405.85;2165.37;-1240.48;0.00
0.25;11.44;41.90;3351.89;2097.08;-1254.81;0.00
0.22;9.83;51.00;4080.31;1824.87;-2255.44;0.00
0.26;11.52;45.22;3617.88;2149.63;-1468.25;0.00
0.22;8.80;36.58;2926.23;1763.11;-1163.12;0.00
0.31;11.46;38.91;3112.95;2431.50;-681.45;0.00
0.30;10.33;53.19;4255.55;2307.21;-1948.34;0.00
0.27;10.35;38.11;3048.91;2123.34;-925.58;0.00
0.19;11.31;31.78;2542.57;1744.69;-797.88;0.00
0.22;9.40;38.10;3047.76;1781.20;-1266.56;0.00
0.21;9.84;37.68;3014.15;1741.68;-1272.47;0.00
0.25;8.65;36.94;2955.29;1910.22;-1045.07;0.00
0.22;10.27;37.47;2997.77;1861.28;-1136.48;0.00
0.26;11.28;40.06;3204.46;2154.69;-1049.77;0.00
0.28;9.24;43.52;3481.70;2151.66;-1330.04;0.00
0.21;11.61;40.45;3235.86;1879.24;-1356.62;0.00
0.23;10.72;47.92;3833.71;1892.96;-1940.75;0.00
0.27;10.33;31.96;2556.62;2120.38;-436.24;0.00
0.25;10.28;39.82;3185.24;2004.19;-1181.05;0.00
0.20;10.53;39.87;3189.69;1752.12;-1437.57;0.00
0.21;10.81;47.68;3814.47;1836.67;-1977.80;0.00
0.24;10.92;42.65;3411.78;1968.52;-1443.26;0.00
0.21;10.10;46.77;3741.37;1778.21;-1963.17;0.00
0.25;11.53;40.96;3276.60;2053.70;-1222.89;0.00
0.24;9.43;36.09;2887.28;1898.61;-988.67;0.00
0.26;10.64;34.02;2721.50;2080.52;-640.98;0.00
0.26;10.36;45.52;3641.48;2051.60;-1589.88;0.00
0.24;11.53;38.21;3056.98;2038.54;-1018.43;0.00
0.20;9.72;37.26;2980.81;1665.56;-1315.25;0.00
0.22;8.73;37.65;3011.76;1737.00;-1274.75;0.00
0.28;9.17;47.99;3839.53;2121.55;-1717.99;0.00
0.26;10.09;42.11;3369.04;2083.52;-1285.52;0.00
0.26;9.18;41.70;3335.93;1986.30;-1349.62;0.00
0.23;7.88;40.24;3218.88;1742.73;-1476.16;0.00
0.24;9.40;40.86;3269.08;1915.22;-1353.86;0.00
0.20;11.39;45.63;3650.39;1789.04;-1861.35;0.00
0.23;10.09;38.78;3102.75;1857.95;-1244.80;0.00
0.24;10.09;32.28;2582.38;1957.41;-624.97;0.00
0.26;7.98;45.08;3606.62;1920.35;-1686.27;0.00
0.28;8.84;38.31;3064.46;2099.00;-965.47;0.00
0.26;10.35;47.17;3773.24;2090.20;-1683.04;0.00
0.28;10.57;42.31;3384.72;2178.83;-1205.89;0.00
0.27;8.91;43.35;3467.69;2077.81;-1389.88;0.00
0.26;8.56;39.44;3155.47;1997.30;-1158.17;0.00
0.23;9.12;37.99;3039.28;1857.16;-1182.12;0.00
0.21;8.26;34.56;2764.62;1660.85;-1103.77;0.00
0.30;10.88;47.73;3818.22;2334.99;-1483.22;0.00
0.25;11.43;44.32;3545.61;2089.15;-1456.46;0.00
0.25;9.74;31.90;2551.83;1996.18;-555.64;0.00
0.22;13.14;43.72;3497.61;1981.49;-1516.12;0.00
0.26;11.20;38.93;3114.15;2111.44;-1002.72;0.00
0.27;11.38;32.59;2607.05;2209.20;-397.85;0.00
0.22;9.27;41.97;3357.79;1775.53;-1582.26;0.00
0.22;10.26;51.75;4140.03;1853.04;-2286.99;0.00
0.22;11.81;35.35;2827.87;1941.22;-886.65;0.00
0.26;10.44;45.33;3626.38;2096.52;-1529.86;0.00
0.22;9.92;39.50;3159.82;1793.44;-1366.38;0.00
0.21;9.71;37.41;2992.97;1744.57;-1248.41;0.00
0.25;9.87;36.54;2923.58;1970.28;-953.30;0.00
0.20;8.66;41.05;3283.74;1636.28;-1647.46;0.00
0.24;9.95;42.84;3427.49;1952.64;-1474.85;0.00
0.23;9.50;43.82;3505.68;1861.08;-1644.60;0.00
0.24;11.02;46.93;3754.21;1995.89;-1758.32;0.00
0.26;10.98;43.06;3445.17;2097.02;-1348.15;0.00
0.25;10.56;33.93;2714.30;2046.99;-667.32;0.00
0.30;8.87;37.83;3026.02;2205.16;-820.86;0.00
0.23;11.73;41.60;3327.93;1965.49;-1362.44;0.00
0.24;8.91;38.68;3094.80;1871.72;-1223.08;0.00
0.24;12.80;43.04;3443.38;2083.14;-1360.23;0.00
0.31;8.63;50.08;4006.43;2274.68;-1731.75;0.00
0.26;9.91;44.77;3581.33;2072.23;-1509.10;0.00
0.28;11.91;38.31;3064.89;2263.98;-800.91;0.00
0.24;8.97;35.34;2826.92;1864.14;-962.78;0.00
0.21;9.94;38.80;3104.35;1766.08;-1338.27;0.00
0.23;11.32;38.18;3054.77;1941.95;-1112.82;0.00
0.26;10.92;41.95;3356.20;2078.14;-1278.06;0.00
0.24;9.33;47.10;3767.68;1900.08;-1867.60;0.00
0.26;10.92;44.43;3554.23;2096.20;-1458.03;0.00
0.27;10.64;38.31;3065.12;2155.34;-909.78;0.00
0.29;9.73;33.78;2702.54;2242.11;-460.43;0.00
0.28;10.32;34.84;2787.45;2212.27;-575.18;0.00
0.30;11.64;45.23;3618.08;2364.34;-1253.74;0.00
0.25;9.90;37.65;3012.04;2015.00;-997.04;0.00
0.30;8.39;29.55;2364.05;2175.22;-188.83;0.00
0.24;11.59;37.72;3017.98;2044.04;-973.93;0.00
0.26;10.46;36.20;2896.24;2107.61;-788.62;0.00
0.26;10.04;42.49;3398.96;2066.09;-1332.87;0.00
0.27;11.10;43.64;3491.59;2185.09;-1306.51;0.00
0.27;10.82;39.17;3133.47;2142.89;-990.58;0.00
0.28;9.01;43.01;3440.76;2139.48;-1301.27;0.00
0.25;8.80;35.62;2849.66;1931.80;-917.86;0.00
0.23;10.49;42.29;3382.90;1879.94;-1502.96;0.00
0.28;9.39;40.47;3237.80;2167.71;-1070.09;0.00
0.24;10.88;38.66;3092.51;2016.43;-1076.08;0.00
0.25;9.15;32.55;2603.93;1948.74;-655.19;0.00
0.25;10.89;41.67;3333.53;2045.58;-1287.95;0.00
0.27;10.34;39.87;3189.75;2136.32;-1053.43;0.00
0.25;11.84;47.16;3772.44;2083.39;-1689.04;0.00
0.29;10.34;40.19;3215.04;2231.42;-983.62;0.00
0.29;11.20;43.50;3480.13;2278.19;-1201.94;0.00
0.28;9.10;42.17;3373.94;2104.19;-1269.75;0.00
0.22;11.69;42.83;3426.29;1907.71;-1518.58;0.00
0.28;10.06;41.61;3328.43;2158.27;-1170.15;0.00
0.22;9.67;39.11;3128.83;1831.83;-1296.99;0.00
0.24;9.77;43.75;3499.66;1914.18;-1585.48;0.00
0.30;12.27;44.52;3561.44;2408.74;-1152.69;0.00
0.22;10.04;39.56;3164.57;1820.79;-1343.78;0.00
0.29;9.90;38.74;3099.51;2223.35;-876.16;0.00
0.29;11.31;44.15;3531.89;2304.87;-1227.02;0.00
0.24;10.58;34.42;2753.42;1966.19;-787.23;0.00
0.28;10.31;35.91;2872.52;2192.70;-679.82;0.00
0.25;11.29;35.45;2835.80;2090.53;-745.27;0.00
0.25;11.40;37.97;3037.20;2091.27;-945.94;0.00
0.26;10.66;47.95;3836.27;2082.28;-1753.99;0.00
0.25;9.47;43.68;3494.65;1995.15;-1499.50;0.00
0.21;8.40;43.23;3458.25;1662.78;-1795.47;0.00
0.26;10.38;42.15;3371.87;2085.52;-1286.35;0.00
0.27;10.32;40.95;3275.91;2103.62;-1172.29;0.00
0.22;10.08;33.23;2658.62;1830.07;-828.54;0.00
0.26;11.19;36.23;2898.78;2110.57;-788.21;0.00
0.29;9.49;44.99;3598.88;2181.37;-1417.52;0.00
0.25;10.79;32.37;2589.41;2015.21;-574.20;0.00
0.28;10.06;37.93;3034.57;2170.54;-864.03;0.00
0.24;10.37;34.86;2789.01;1983.70;-805.31;0.00
0.27;9.97;39.01;3120.51;2093.13;-1027.38;0.00
0.28;10.08;42.66;3413.03;2148.82;-1264.21;0.00
0.23;9.66;45.27;3621.47;1869.92;-1751.55;0.00
0.24;10.18;34.69;2774.93;1953.60;-821.33;0.00
0.26;10.82;36.78;2942.71;2098.70;-844.01;0.00
0.26;9.35;43.09;3447.35;2044.74;-1402.61;0.00
0.28;11.15;38.87;3109.93;2215.85;-894.08;0.00
0.26;10.14;41.61;3328.74;2058.00;-1270.73;0.00
0.23;10.58;40.47;3237.28;1914.70;-1322.58;0.00
0.27;10.86;36.95;2956.02;2190.00;-766.02;0.00
0.23;9.07;40.54;3243.01;1802.41;-1440.60;0.00
0.25;9.58;45.30;3623.96;1956.06;-1667.90;0.00
0.29;9.86;38.83;3106.09;2214.27;-891.82;0.00
0.20;10.89;30.18;2414.57;1770.33;-644.24;0.00
0.27;8.89;34.83;2786.51;2028.71;-757.80;0.00
0.26;10.91;41.58;3326.66;2106.00;-1220.66;0.00
0.24;11.70;44.52;3561.28;2008.31;-1552.97;0.00
0.24;10.06;43.27;3461.26;1932.81;-1528.45;0.00
0.26;11.24;32.48;2598.64;2109.91;-488.73;0.00
0.28;8.74;41.52;3321.83;2112.19;-1209.64;0.00
0.26;11.73;49.29;3942.86;2141.32;-1801.54;0.00
0.24;9.67;34.36;2749.18;1924.22;-824.97;0.00
0.26;8.52;35.25;2819.71;2001.82;-817.89;0.00
0.23;8.89;45.48;3638.32;1827.37;-1810.95;0.00
0.25;11.13;37.78;3022.34;2035.40;-986.94;0.00
0.27;10.73;49.78;3982.67;2129.78;-1852.89;0.00
0.25;12.08;46.15;3692.31;2120.49;-1571.82;0.00
0.21;8.81;44.48;3558.76;1728.68;-1830.08;0.00
0.28;11.50;40.31;3224.50;2248.35;-976.15;0.00
0.23;9.89;49.97;3997.90;1857.22;-2140.69;0.00
0.21;8.96;42.98;3438.37;1720.54;-1717.84;0.00
0.25;9.97;36.54;2923.31;2003.13;-920.18;0.00
0.22;10.83;42.74;3419.11;1889.31;-1529.80;0.00
0.23;9.87;39.97;3197.83;1851.27;-1346.56;0.00
0.27;11.22;44.02;3521.75;2156.75;-1365.01;0.00
0.24;10.42;34.54;2763.27;1940.39;-822.88;0.00
0.28;8.45;37.09;2967.27;2088.22;-879.04;0.00
0.30;10.12;41.01;3280.52;2307.20;-973.32;0.00
0.24;8.62;37.41;2993.20;1879.92;-1113.28;0.00
0.25;8.80;41.50;3320.23;1938.96;-1381.27;0.00
0.20;9.17;40.94;3274.91;1662.07;-1612.84;0.00
0.21;9.52;38.48;3078.09;1718.93;-1359.16;0.00
0.25;8.63;44.91;3593.02;1917.70;-1675.32;0.00
0.22;10.19;42.02;3361.96;1833.18;-1528.78;0.00
0.26;10.61;41.01;3280.82;2118.13;-1162.70;0.00
0.23;9.77;40.51;3240.59;1890.74;-1349.85;0.00
0.26;9.51;35.53;2842.59;2044.92;-797.67;0.00
0.27;11.07;42.08;3366.62;2143.62;-1223.00;0.00
0.26;9.96;30.85;2467.93;2073.97;-393.96;0.00
0.27;8.86;42.23;3378.35;2033.40;-1344.95;0.00
0.23;11.18;38.75;3100.27;1968.45;-1131.82;0.00
0.25;9.77;41.32;3305.86;1983.44;-1322.42;0.00
0.26;10.09;42.28;3382.70;2071.24;-1311.46;0.00
0.22;8.91;44.03;3522.46;1789.27;-1733.19;0.00
0.24;9.15;40.83;3266.27;1883.24;-1383.03;0.00
0.25;7.57;35.35;2827.76;1843.68;-984.08;0.00
0.26;10.00;38.38;3070.31;2045.45;-1024.85;0.00
0.30;9.61;41.99;3359.00;2243.64;-1115.37;0.00
0.22;10.50;43.34;3466.86;1860.43;-1606.43;0.00
0.25;9.57;40.70;3255.79;1994.04;-1261.74;0.00
0.23;10.41;35.82;2865.48;1901.07;-964.41;0.00
0.28;10.71;44.81;3585.17;2200.46;-1384.70;0.00
0.24;9.53;37.97;3037.60;1920.72;-1116.87;0.00
0.27;11.47;45.15;3612.05;2194.05;-1418.00;0.00
0.23;11.19;34.21;2736.40;1963.05;-773.35;0.00
0.23;11.00;42.32;3385.61;1964.30;-1421.31;0.00
0.27;10.38;31.03;2482.52;2156.65;-325.87;0.00
0.24;9.31;38.45;3075.78;1922.79;-1152.99;0.00
0.25;12.11;33.91;2712.90;2093.14;-619.76;0.00
0.26;11.12;34.97;2797.40;2106.12;-691.28;0.00
0.26;9.57;35.32;2825.61;2004.88;-820.73;0.00
0.21;9.08;36.76;2940.51;1724.25;-1216.25;0.00
0.27;10.24;34.85;2788.39;2155.68;-632.71;0.00
0.23;9.39;39.13;3130.47;1839.27;-1291.19;0.00
0.28;9.78;32.57;2605.26;2157.72;-447.54;0.00
0.27;9.78;43.29;3463.05;2087.97;-1375.09;0.00
0.20;11.66;52.36;4188.46;1774.02;-2414.43;0.00
0.23;10.22;41.36;3308.59;1919.23;-1389.36;0.00
0.27;8.66;37.66;3012.45;2058.18;-954.27;0.00
0.23;10.31;35.87;2869.70;1918.65;-951.05;0.00
0.23;11.21;43.52;3481.64;1954.40;-1527.24;0.00
0.27;9.66;44.70;3576.11;2099.19;-1476.92;0.00
0.26;9.90;39.18;3134.65;2067.19;-1067.46;0.00
0.27;12.03;39.61;3168.70;2209.54;-959.16;0.00
0.25;9.77;48.23;3858.10;1967.71;-1890.39;0.00
0.28;11.24;40.70;3256.39;2215.97;-1040.42;0.00
0.22;10.47;38.51;3080.96;1832.50;-1248.46;0.00
0.26;11.75;42.51;3401.02;2173.99;-1227.03;0.00
0.23;8.54;39.73;3178.76;1828.00;-1350.76;0.00
0.23;10.19;35.71;2856.73;1918.80;-937.93;0.00
0.23;9.56;50.96;4077.07;1841.71;-2235.36;0.00
0.22;12.21;51.53;4122.12;1924.03;-2198.09;0.00
0.25;8.77;46.39;3710.81;1914.06;-1796.75;0.00
0.25;10.73;45.30;3624.19;2024.16;-1600.03;0.00
0.20;10.46;39.13;3130.66;1718.08;-1412.58;0.00
0.28;11.59;46.37;3709.42;2265.81;-1443.61;0.00
0.22;11.75;36.38;2910.52;1944.14;-966.38;0.00
0.27;11.44;42.01;3360.58;2176.92;-1183.65;0.00
0.27;11.10;35.16;2813.07;2153.30;-659.77;0.00
0.24;9.46;41.52;3321.57;1925.25;-1396.32;0.00
0.25;10.41;36.34;2906.83;2047.34;-859.49;0.00
0.24;9.20;36.65;2931.80;1913.43;-1018.37;0.00
0.25;10.84;42.46;3396.63;2021.13;-1375.50;0.00
0.26;9.26;36.35;2908.36;2021.24;-887.12;0.00
0.24;10.25;31.63;2530.68;1926.26;-604.42;0.00
0.27;9.23;40.47;3237.53;2087.08;-1150.45;0.00
0.25;10.19;36.72;2937.21;2035.09;-902.12;0.00
0.23;8.39;37.37;2989.53;1817.73;-1171.80;0.00
0.23;11.26;42.92;3433.24;1940.07;-1493.17;0.00
0.26;8.66;37.30;2983.98;1973.53;-1010.46;0.00
0.28;11.48;42.90;3431.77;2281.63;-1150.14;0.00
0.25;9.67;43.94;3514.91;1960.56;-1554.34;0.00
0.24;10.38;38.60;3088.22;1965.01;-1123.21;0.00
0.28;10.07;45.30;3624.20;2167.35;-1456.84;0.00
0.21;7.68;42.75;3419.68;1668.47;-1751.21;0.00
0.22;10.23;44.64;3570.88;1864.60;-1706.28;0.00
0.23;12.06;45.44;3635.25;2007.17;-1628.08;0.00
0.27;10.14;44.36;3548.66;2108.05;-1440.61;0.00
0.26;7.78;40.67;3253.40;1954.34;-1299.06;0.00
0.27;9.63;37.95;3036.18;2080.08;-956.10;0.00
0.27;9.50;47.71;3817.11;2089.71;-1727.39;0.00
0.28;10.88;39.57;3165.39;2238.34;-927.06;0.00
0.26;8.58;36.87;2949.93;2001.53;-948.40;0.00
0.28;10.83;40.59;3247.44;2193.52;-1053.93;0.00
0.28;10.44;38.97;3117.63;2177.32;-940.31;0.00
0.26;8.64;40.86;3268.55;2008.55;-1260.00;0.00
0.27;11.59;32.51;2600.77;2215.80;-384.97;0.00
0.26;12.47;38.58;3086.19;2189.94;-896.25;0.00
0.24;10.89;36.65;2932.10;1962.26;-969.84;0.00
0.24;9.11;46.22;3697.68;1908.20;-1789.48;0.00
0.26;9.53;38.05;3043.75;2017.34;-1026.42;0.00
0.24;11.73;36.05;2883.82;2033.24;-850.58;0.00
0.25;11.39;37.92;3033.90;2051.86;-982.04;0.00
0.22;8.17;38.43;3074.13;1717.52;-1356.61;0.00
0.27;9.86;43.97;3517.47;2108.26;-1409.21;0.00
0.28;9.36;39.09;3127.36;2112.91;-1014.45;0.00
0.25;9.57;41.86;3348.72;1953.84;-1394.88;0.00
0.29;9.18;46.97;3757.83;2197.79;-1560.03;0.00
0.26;11.86;43.13;3450.77;2176.64;-1274.13;0.00
0.30;11.82;39.66;3172.75;2367.28;-805.47;0.00
0.28;10.15;46.67;3733.22;2156.40;-1576.82;0.00
0.26;8.19;45.78;3662.18;1935.32;-1726.85;0.00
0.23;10.08;42.97;3437.83;1870.43;-1567.40;0.00
0.24;9.15;37.33;2986.20;1915.07;-1071.13;0.00
0.25;9.59;32.59;2607.58;1978.19;-629.39;0.00
0.28;9.26;42.18;3374.37;2149.68;-1224.68;0.00
0.23;8.84;37.62;3009.56;1811.66;-1197.90;0.00
0.26;7.40;43.10;3447.66;1931.09;-1516.57;0.00
0.21;9.69;37.36;2988.99;1760.39;-1228.60;0.00
0.27;9.57;34.95;2795.65;2112.88;-682.77;0.00
0.19;10.68;38.09;3047.11;1703.59;-1343.52;0.00
0.23;9.45;35.90;2871.70;1849.84;-1021.86;0.00
0.23;8.06;46.97;3757.20;1805.19;-1952.01;0.00
0.28;8.92;40.74;3259.17;2125.97;-1133.20;0.00
0.25;10.78;30.62;2449.41;2045.93;-403.48;0.00
0.25;10.91;40.44;3235.08;2061.99;-1173.09;0.00
0.23;12.04;35.90;2872.01;2020.08;-851.93;0.00
0.25;11.33;45.87;3669.87;2084.98;-1584.89;0.00
0.24;9.97;39.28;3142.53;1911.53;-1231.00;0.00
0.24;11.05;40.18;3214.62;2009.80;-1204.82;0.00
0.23;9.76;43.00;3439.69;1893.84;-1545.84;0.00
0.25;9.75;39.80;3184.14;2011.87;-1172.27;0.00
0.25;9.25;32.41;2593.08;1952.99;-640.09;0.00
0.22;10.43;38.88;3110.29;1835.16;-1275.14;0.00
0.27;9.47;45.20;3615.70;2095.35;-1520.34;0.00
0.26;8.37;35.52;2841.52;1987.46;-854.07;0.00
0.26;10.25;35.81;2864.70;2058.46;-806.24;0.00
0.26;9.71;43.23;3458.55;2027.41;-1431.15;0.00
0.22;10.58;45.27;3621.77;1835.33;-1786.44;0.00
0.31;8.21;38.87;3109.51;2224.48;-885.03;0.00
0.24;11.95;40.30;3223.89;2066.74;-1157.15;0.00
0.23;10.98;41.34;3307.10;1962.83;-1344.27;0.00
0.28;11.30;43.19;3455.48;2232.03;-1223.45;0.00
0.22;9.56;37.20;2976.25;1791.81;-1184.44;0.00
0.29;11.26;40.68;3254.05;2299.75;-954.31;0.00
0.28;9.41;41.12;3289.78;2141.89;-1147.88;0.00
0.25;11.37;34.88;2790.57;2067.92;-722.65;0.00
0.24;9.88;43.79;3503.14;1913.10;-1590.04;0.00
0.19;9.14;48.26;3860.86;1615.73;-2245.12;0.00
0.25;9.25;39.55;3164.28;1982.22;-1182.06;0.00
0.25;7.33;38.99;3119.40;1866.49;-1252.91;0.00
0.25;9.67;43.84;3507.14;1955.59;-1551.55;0.00
0.20;9.39;40.79;3263.48;1697.51;-1565.97;0.00
0.22;10.11;36.71;2936.54;1805.14;-1131.39;0.00
0.24;8.97;38.65;3092.36;1905.33;-1187.03;0.00
0.26;9.65;33.70;2696.33;2045.75;-650.58;0.00
0.26;9.87;47.21;3776.75;2070.39;-1706.35;0.00
0.27;8.72;40.71;3257.10;2054.43;-1202.67;0.00
0.24;8.70;42.01;3360.79;1885.56;-1475.22;0.00
0.20;12.74;38.06;3044.46;1874.57;-1169.89;0.00
0.19;11.39;39.85;3187.91;1717.84;-1470.07;0.00
0.26;9.14;39.29;3143.28;2038.93;-1104.35;0.00
0.21;10.38;31.11;2488.86;1775.13;-713.73;0.00
0.24;6.22;34.33;2746.21;1762.76;-983.45;0.00
0.27;8.75;40.32;3225.49;2056.03;-1169.46;0.00
0.29;9.16;39.50;3160.26;2173.85;-986.41;0.00
0.24;10.87;41.04;3283.16;2000.15;-1283.01;0.00
0.26;11.18;41.65;3332.08;2104.18;-1227.89;0.00
0.29;10.17;35.52;2841.69;2269.09;-572.60;0.00
0.24;10.73;39.93;3194.24;1982.54;-1211.70;0.00
0.23;8.86;27.40;2192.20;1806.75;-385.46;0.00
0.23;10.33;46.26;3701.00;1927.76;-1773.24;0.00
0.24;11.05;39.41;3153.00;2002.25;-1150.75;0.00
0.28;9.79;38.46;3076.94;2156.45;-920.49;0.00
0.26;10.56;44.85;3587.86;2061.29;-1526.57;0.00
0.31;12.36;39.77;3181.54;2460.27;-721.27;0.00
0.25;10.20;37.75;3019.99;2029.27;-990.72;0.00
0.28;10.25;35.83;2866.71;2201.85;-664.86;0.00
0.22;9.85;46.33;3706.40;1827.73;-1878.67;0.00
0.25;10.55;45.36;3628.44;2007.05;-1621.39;0.00
0.28;10.35;33.25;2660.15;2209.86;-450.29;0.00
0.22;9.59;34.14;2730.82;1783.36;-947.46;0.00
0.21;10.47;31.54;2523.45;1767.75;-755.71;0.00
0.22;9.47;43.51;3480.77;1815.26;-1665.50;0.00
0.21;11.97;40.55;3243.94;1865.59;-1378.35;0.00
0.23;10.10;45.48;3638.68;1898.56;-1740.12;0.00
0.25;8.49;43.62;3489.26;1918.55;-1570.70;0.00
0.25;9.76;39.68;3174.44;1987.79;-1186.65;0.00
0.24;10.14;42.81;3424.58;1938.02;-1486.57;0.00
0.22;10.75;41.56;3324.58;1850.27;-1474.31;0.00
0.25;10.64;30.55;2444.36;2025.30;-419.06;0.00
0.27;10.84;51.32;4105.91;2183.79;-1922.12;0.00
0.27;11.91;34.92;2793.93;2231.80;-562.13;0.00
0.23;10.24;38.72;3097.71;1916.39;-1181.32;0.00
0.23;8.52;36.74;2939.23;1772.89;-1166.34;0.00
0.23;10.40;29.70;2376.09;1904.08;-472.01;0.00
0.21;11.41;48.51;3880.98;1831.11;-2049.87;0.00
0.27;9.47;38.08;3046.38;2071.33;-975.05;0.00
0.27;9.70;43.08;3446.08;2102.23;-1343.85;0.00
0.29;9.88;35.98;2878.69;2239.06;-639.63;0.00
0.29;10.17;30.27;2421.82;2226.68;-195.14;0.00
0.29;10.99;41.76;3340.77;2299.22;-1041.55;0.00
0.26;10.10;36.76;2940.59;2081.26;-859.34;0.00
0.30;9.36;39.97;3197.59;2275.32;-922.27;0.00
0.21;9.47;39.87;3189.46;1751.57;-1437.89;0.00
0.28;8.91;42.75;3420.08;2143.10;-1276.98;0.00
0.22;11.06;41.94;3355.51;1899.92;-1455.60;0.00
0.28;8.64;37.38;2990.78;2121.97;-868.81;0.00
0.25;11.06;38.78;3102.43;2081.04;-1021.39;0.00
0.28;9.92;32.31;2584.72;2146.71;-438.01;0.00
0.23;9.27;40.58;3246.40;1858.12;-1388.27;0.00
0.25;11.39;43.32;3465.58;2081.81;-1383.77;0.00
0.27;11.92;47.90;3831.76;2239.02;-1592.74;0.00
0.25;8.50;39.75;3180.34;1939.39;-1240.95;0.00
0.25;11.79;34.82;2785.68;2104.79;-680.89;0.00
0.22;10.41;43.23;3458.76;1872.94;-1585.81;0.00
0.24;10.54;47.66;3813.17;1948.07;-1865.10;0.00
0.24;10.86;38.99;3119.39;1962.49;-1156.89;0.00
0.26;10.95;42.05;3363.85;2100.57;-1263.28;0.00
0.22;9.65;42.55;3403.62;1823.10;-1580.53;0.00
0.28;9.76;46.87;3749.77;2144.64;-1605.13;0.00
0.25;9.43;36.41;2912.78;1959.87;-952.91;0.00
0.23;11.30;43.45;3475.98;1934.80;-1541.18;0.00
0.26;10.97;41.48;3318.12;2087.49;-1230.63;0.00
0.23;9.62;37.14;2971.42;1879.48;-1091.93;0.00
0.20;8.32;39.50;3159.88;1638.17;-1521.71;0.00
0.26;10.75;43.72;3497.84;2078.99;-1418.85;0.00
0.24;10.23;43.30;3464.11;1936.75;-1527.36;0.00
0.31;10.65;34.87;2789.72;2411.76;-377.95;0.00
0.24;10.30;43.44;3475.15;1947.39;-1527.76;0.00
0.25;10.07;44.98;3598.35;1975.16;-1623.20;0.00
0.26;9.80;32.50;2599.80;2036.09;-563.71;0.00
0.25;9.41;39.75;3180.11;1945.93;-1234.18;0.00
0.22;9.03;46.15;3692.24;1754.90;-1937.33;0.00
0.22;9.34;35.83;2866.71;1766.00;-1100.71;0.00
0.22;11.71;41.36;3308.61;1921.35;-1387.26;0.00
0.21;8.62;41.90;3352.31;1705.94;-1646.37;0.00
0.27;11.69;43.99;3518.96;2187.95;-1331.01;0.00
0.30;10.80;41.50;3320.17;2313.99;-1006.17;0.00
0.22;10.74;41.42;3313.75;1852.84;-1460.91;0.00
0.28;10.28;43.23;3458.49;2206.43;-1252.06;0.00
0.27;10.26;42.12;3369.92;2142.86;-1227.05;0.00
0.19;11.01;43.21;3456.51;1715.84;-1740.67;0.00
0.27;12.01;38.50;3079.87;2213.74;-866.13;0.00
0.29;11.18;45.22;3617.51;2275.10;-1342.41;0.00
0.23;10.36;39.43;3154.02;1907.00;-1247.02;0.00
0.25;12.20;44.56;3564.75;2139.05;-1425.70;0.00
0.24;10.27;39.93;3194.47;1947.43;-1247.04;0.00
0.24;9.68;32.31;2585.00;1928.13;-656.87;0.00
0.27;8.48;42.47;3397.44;2014.71;-1382.73;0.00
0.26;8.61;37.99;3039.33;1971.57;-1067.75;0.00
0.25;11.05;37.68;3014.36;2081.50;-932.86;0.00
0.28;9.46;43.71;3496.75;2118.76;-1378.00;0.00
0.21;10.20;49.02;3921.38;1789.75;-2131.63;0.00
0.23;10.12;37.94;3035.52;1879.82;-1155.70;0.00
0.24;9.20;39.11;3128.79;1890.92;-1237.86;0.00
0.23;9.26;40.38;3230.47;1868.93;-1361.54;0.00
0.24;11.51;37.62;3009.76;2006.20;-1003.56;0.00
0.21;9.04;45.22;3617.71;1701.01;-1916.70;0.00
0.26;8.53;46.53;3722.67;1973.73;-1748.94;0.00
0.25;12.16;43.55;3483.95;2110.40;-1373.54;0.00
0.26;9.40;37.90;3032.26;1999.76;-1032.50;0.00
0.20;11.25;36.44;2915.24;1756.11;-1159.13;0.00
0.30;11.03;41.05;3284.15;2323.17;-960.98;0.00
0.26;9.15;37.83;3026.54;1995.19;-1031.35;0.00
0.27;9.05;34.53;2762.79;2079.17;-683.62;0.00
0.26;11.77;37.40;2991.67;2129.67;-862.00;0.00
0.22;9.92;45.80;3664.23;1846.01;-1818.22;0.00
0.19;10.88;34.37;2749.75;1709.72;-1040.03;0.00
0.21;10.06;37.38;2990.28;1763.69;-1226.59;0.00
0.23;9.10;37.21;2977.18;1807.26;-1169.92;0.00
0.23;9.26;44.87;3589.96;1822.09;-1767.88;0.00
0.27;10.77;36.24;2899.15;2177.07;-722.08;0.00
0.25;10.00;40.67;3253.33;2013.26;-1240.07;0.00
0.24;9.70;40.64;3251.54;1904.79;-1346.75;0.00
0.26;8.87;28.67;2293.45;1968.92;-324.54;0.00
0.27;11.63;40.69;3255.33;2214.76;-1040.57;0.00
0.17;9.28;38.05;3043.94;1520.37;-1523.57;0.00
0.27;11.84;41.30;3303.64;2198.48;-1105.16;0.00
0.26;8.46;44.95;3595.91;1988.21;-1607.70;0.00
0.26;8.11;39.97;3197.38;1933.44;-1263.94;0.00
0.23;10.14;36.17;2893.59;1917.78;-975.82;0.00
0.24;12.21;44.46;3557.06;2041.43;-1515.63;0.00
0.24;9.31;41.73;3338.05;1916.75;-1421.30;0.00
0.22;10.48;37.12;2969.33;1876.44;-1092.89;0.00
0.23;10.45;40.13;3210.20;1904.11;-1306.09;0.00
0.25;11.68;34.94;2795.09;2110.39;-684.70;0.00
0.27;10.72;41.92;3353.91;2153.19;-1200.72;0.00
0.29;8.03;38.53;3082.01;2112.79;-969.21;0.00
0.24;10.28;44.21;3536.90;1940.94;-1595.96;0.00
0.24;7.44;32.66;2613.15;1805.85;-807.29;0.00
0.24;9.86;40.64;3250.81;1924.48;-1326.33;0.00
0.29;11.40;38.86;3108.70;2324.20;-784.50;0.00
0.24;8.52;44.56;3564.80;1857.65;-1707.16;0.00
0.27;7.99;39.56;3164.57;1987.76;-1176.81;0.00
0.23;12.69;41.29;3302.93;2027.44;-1275.50;0.00
0.26;11.19;42.17;3373.72;2105.96;-1267.76;0.00
0.22;10.00;38.28;3062.31;1815.28;-1247.03;0.00
0.24;9.55;41.45;3316.08;1898.15;-1417.94;0.00
0.26;9.53;40.06;3204.60;2047.25;-1157.35;0.00
0.22;12.02;36.13;2890.37;1938.98;-951.39;0.00
0.19;10.98;29.03;2322.14;1693.16;-628.98;0.00
0.29;10.72;38.73;3098.32;2252.17;-846.15;0.00
0.27;9.52;43.24;3458.91;2093.27;-1365.64;0.00
0.26;10.19;43.85;3507.69;2065.61;-1442.08;0.00
0.25;9.41;46.41;3712.66;1955.12;-1757.54;0.00
0.30;10.95;36.15;2891.84;2359.24;-532.60;0.00
0.21;9.59;38.11;3048.49;1760.94;-1287.55;0.00
0.29;10.93;39.82;3185.33;2269.91;-915.43;0.00
0.23;10.44;39.97;3197.58;1906.40;-1291.18;0.00
0.27;7.79;35.42;2833.36;2010.87;-822.49;0.00
0.24;10.25;42.60;3408.24;1941.60;-1466.64;0.00
0.29;10.81;48.06;3845.03;2250.45;-1594.59;0.00
0.24;9.52;40.71;3256.62;1898.42;-1358.20;0.00
0.23;9.26;29.64;2371.19;1832.09;-539.10;0.00
0.26;8.32;37.49;2999.41;1975.52;-1023.89;0.00
0.25;9.93;39.29;3142.84;1996.93;-1145.90;0.00
0.22;11.24;43.21;3457.15;1906.26;-1550.89;0.00
0.26;10.17;38.92;3113.43;2051.52;-1061.91;0.00
0.27;9.12;36.95;2955.98;2044.31;-911.66;0.00
0.23;10.69;44.38;3550.25;1914.21;-1636.04;0.00
0.23;10.83;35.10;2807.60;1907.67;-899.93;0.00
0.25;9.59;41.29;3303.06;1997.79;-1305.27;0.00
0.26;9.25;40.93;3274.79;2033.63;-1241.17;0.00
0.22;10.87;50.20;4016.01;1867.82;-2148.20;0.00
0.24;9.96;46.79;3743.22;1954.73;-1788.48;0.00
0.26;7.50;34.81;2784.57;1934.14;-850.43;0.00
0.27;10.56;31.29;2503.03;2139.82;-363.22;0.00
0.22;9.64;40.09;3207.05;1830.19;-1376.86;0.00
0.22;9.00;46.66;3732.69;1795.39;-1937.30;0.00
0.21;11.04;36.52;2921.57;1792.22;-1129.35;0.00
0.24;10.31;39.89;3191.23;1974.92;-1216.30;0.00
0.26;9.58;44.00;3519.79;2027.97;-1491.82;0.00
0.22;8.16;42.34;3387.10;1739.21;-1647.89;0.00
0.22;8.97;41.45;3316.00;1795.28;-1520.72;0.00
0.25;10.59;39.96;3196.84;2058.64;-1138.21;0.00
0.26;10.70;43.27;3461.44;2101.53;-1359.91;0.00
0.17;10.16;31.43;2514.47;1526.81;-987.67;0.00
0.28;10.83;43.80;3504.01;2194.21;-1309.80;0.00
0.28;10.55;43.00;3440.11;2200.13;-1239.99;0.00
0.27;11.35;43.76;3500.44;2193.25;-1307.19;0.00
0.27;11.62;43.85;3507.72;2181.57;-1326.15;0.00
0.20;7.50;41.62;3329.80;1576.90;-1752.89;0.00
0.27;11.29;40.46;3236.75;2184.62;-1052.14;0.00
0.22;8.95;38.58;3086.33;1778.82;-1307.51;0.00
0.23;11.05;37.47;2997.40;1960.44;-1036.96;0.00
0.23;9.16;39.71;3176.46;1812.39;-1364.07;0.00
0.25;11.27;38.27;3061.86;2062.19;-999.66;0.00
0.24;10.11;35.68;2854.55;1918.71;-935.84;0.00
0.28;10.71;39.76;3180.67;2212.55;-968.12;0.00
0.26;10.14;34.17;2733.44;2059.21;-674.24;0.00
0.24;11.29;39.84;3186.96;1986.95;-1200.01;0.00
0.28;9.38;32.17;2573.97;2167.37;-406.60;0.00
0.29;8.59;42.27;3381.95;2127.13;-1254.81;0.00
0.26;10.24;42.58;3406.54;2082.77;-1323.77;0.00
0.25;10.56;39.28;3142.64;2047.09;-1095.55;0.00
0.25;9.69;49.17;3933.83;1961.31;-1972.52;0.00
0.26;9.92;37.10;2968.07;2058.33;-909.74;0.00
0.26;12.84;44.24;3539.02;2202.82;-1336.20;0.00
0.29;8.68;42.42;3393.54;2136.41;-1257.13;0.00
0.26;11.05;49.36;3949.11;2121.31;-1827.79;0.00
0.28;11.29;37.12;2969.65;2257.34;-712.31;0.00
0.23;8.89;42.32;3385.53;1835.65;-1549.88;0.00
0.25;10.84;45.36;3628.52;2060.80;-1567.72;0.00
0.23;10.73;44.57;3565.86;1910.56;-1655.30;0.00
0.25;12.46;48.63;3890.70;2148.61;-1742.09;0.00
0.25;10.41;48.88;3910.77;2040.77;-1870.00;0.00
0.25;10.47;38.82;3105.29;2010.06;-1095.24;0.00
0.25;9.14;35.96;2877.05;1948.15;-928.90;0.00
0.30;11.58;40.38;3230.55;2349.53;-881.02;0.00
0.26;10.22;38.50;3079.94;2040.91;-1039.03;0.00
0.22;10.49;35.71;2856.97;1835.12;-1021.85;0.00
0.28;9.33;37.44;2995.07;2114.14;-880.94;0.00
0.26;9.05;41.04;3282.96;2024.64;-1258.32;0.00
0.27;10.63;40.39;3231.24;2175.59;-1055.65;0.00
0.24;9.54;40.33;3226.76;1941.26;-1285.49;0.00
0.22;9.71;39.17;3133.56;1789.09;-1344.47;0.00
0.19;11.66;31.12;2489.94;1749.88;-740.06;0.00
0.21;8.00;37.43;2994.58;1635.73;-1358.85;0.00
0.27;10.54;50.14;4011.25;2117.21;-1894.05;0.00
0.26;11.73;43.07;3445.59;2162.34;-1283.25;0.00
0.22;8.98;38.10;3048.17;1785.91;-1262.27;0.00
0.28;9.81;47.62;3809.92;2171.74;-1638.18;0.00
0.23;8.94;41.06;3285.00;1821.23;-1463.77;0.00
0.26;10.80;35.90;2872.07;2087.76;-784.30;0.00
0.26;10.35;38.29;3063.24;2085.93;-977.31;0.00
0.23;11.83;40.02;3201.60;1982.02;-1219.58;0.00
0.23;10.18;44.38;3550.34;1900.42;-1649.92;0.00
0.21;8.99;49.57;3965.47;1695.09;-2270.38;0.00
0.24;8.62;36.40;2911.68;1869.31;-1042.37;0.00
0.25;10.86;38.71;3096.83;2058.30;-1038.52;0.00
0.29;9.69;37.26;2980.47;2193.80;-786.67;0.00
0.25;8.35;28.25;2260.14;1922.79;-337.34;0.00
0.19;10.94;32.73;2618.08;1685.78;-932.30;0.00
0.27;10.02;40.97;3277.64;2103.91;-1173.73;0.00
0.24;8.63;45.02;3601.92;1877.58;-1724.34;0.00
0.26;11.39;42.92;3433.32;2114.77;-1318.55;0.00
0.23;10.08;40.55;3244.28;1899.26;-1345.02;0.00
0.25;7.83;35.14;2811.09;1864.91;-946.19;0.00
0.27;7.26;41.13;3290.49;1993.54;-1296.94;0.00
0.22;11.60;36.53;2922.30;1896.71;-1025.59;0.00
0.22;9.29;43.31;3464.84;1799.47;-1665.38;0.00
0.24;10.38;43.72;3497.31;1950.20;-1547.11;0.00
0.30;10.59;43.22;3457.93;2307.16;-1150.76;0.00
0.27;7.54;36.71;2937.01;1959.63;-977.38;0.00
0.26;10.83;37.96;3036.67;2124.65;-912.01;0.00
0.31;8.46;37.51;3000.80;2240.27;-760.53;0.00
0.23;9.52;40.40;3231.86;1829.08;-1402.78;0.00
0.26;9.15;36.69;2934.90;2010.38;-924.52;0.00
0.27;11.75;50.75;4059.71;2207.09;-1852.61;0.00
0.21;9.09;41.42;3313.43;1724.91;-1588.52;0.00
0.26;11.00;33.04;2643.43;2089.09;-554.34;0.00
0.26;9.03;39.91;3192.75;2017.76;-1174.99;0.00
0.22;9.22;29.02;2321.44;1798.34;-523.10;0.00
0.20;9.75;40.88;3270.16;1677.78;-1592.38;0.00
0.24;8.87;39.31;3144.48;1857.92;-1286.55;0.00
0.24;10.10;46.80;3744.35;1941.12;-1803.23;0.00
0.22;10.21;37.48;2998.09;1836.05;-1162.04;0.00
0.24;11.36;41.58;3326.12;2037.17;-1288.95;0.00
0.26;10.33;39.62;3169.61;2099.24;-1070.37;0.00
0.28;10.57;39.64;3170.82;2224.99;-945.84;0.00
0.21;9.44;33.97;2717.74;1709.75;-1008.00;0.00
0.23;8.27;44.12;3529.41;1815.29;-1714.12;0.00
0.25;10.91;36.37;2909.66;2032.94;-876.72;0.00
0.25;8.06;35.24;2819.39;1872.94;-946.45;0.00
0.25;11.71;33.48;2678.45;2103.10;-575.35;0.00
0.23;11.73;44.34;3546.93;1974.21;-1572.72;0.00
0.25;8.10;37.49;2998.94;1881.38;-1117.56;0.00
0.21;11.04;42.54;3403.21;1845.01;-1558.20;0.00
0.25;8.39;43.50;3479.87;1896.53;-1583.34;0.00
0.23;11.28;43.70;3496.01;1927.03;-1568.98;0.00
0.25;9.78;37.34;2987.09;1990.54;-996.55;0.00
0.22;11.08;46.10;3688.33;1863.27;-1825.06;0.00
0.28;9.85;32.11;2568.84;2136.50;-432.34;0.00
0.22;10.90;44.82;3585.86;1899.95;-1685.91;0.00
0.23;11.38;37.97;3037.87;1976.97;-1060.91;0.00
0.27;9.89;39.59;3166.87;2123.17;-1043.70;0.00
0.24;8.75;39.06;3124.76;1888.94;-1235.81;0.00
0.25;11.15;42.00;3360.28;2082.00;-1278.28;0.00
0.27;9.40;41.31;3304.74;2071.88;-1232.86;0.00
0.22;10.88;47.21;3777.09;1868.44;-1908.65;0.00
0.26;11.09;36.97;2957.45;2130.83;-826.62;0.00
0.27;9.51;42.62;3409.79;2071.90;-1337.89;0.00
0.26;11.69;27.84;2227.06;2131.13;-95.93;0.00
0.26;9.96;37.28;2982.02;2056.75;-925.27;0.00
0.26;9.35;37.52;3002.00;1998.87;-1003.12;0.00
0.26;9.65;41.21;3296.76;2039.92;-1256.83;0.00
0.25;11.57;44.16;3532.69;2100.57;-1432.12;0.00
0.28;8.23;37.20;2976.14;2064.60;-911.54;0.00
0.28;8.63;33.29;2663.26;2108.88;-554.38;0.00
0.27;11.61;45.65;3651.66;2200.67;-1450.99;0.00
0.27;9.93;34.79;2783.12;2135.59;-647.53;0.00
0.24;11.46;40.24;3219.11;2009.28;-1209.83;0.00
0.24;9.93;41.68;3334.76;1953.18;-1381.58;0.00
0.23;10.67;44.60;3568.15;1938.95;-1629.20;0.00
0.24;8.41;31.74;2539.58;1874.90;-664.68;0.00
0.23;10.62;38.10;3047.71;1886.54;-1161.17;0.00
0.25;9.29;40.45;3236.10;1941.52;-1294.58;0.00
0.24;10.16;41.72;3337.58;1956.56;-1381.02;0.00
0.26;9.15;44.91;3592.51;2038.58;-1553.93;0.00
0.27;13.34;49.54;3963.35;2272.66;-1690.69;0.00
0.28;9.76;42.35;3388.17;2137.83;-1250.35;0.00
0.23;9.03;36.89;2951.23;1804.33;-1146.90;0.00
0.27;11.14;37.96;3036.49;2181.23;-855.26;0.00
0.22;9.19;37.53;3002.01;1795.80;-1206.21;0.00
0.20;9.89;40.34;3227.11;1722.81;-1504.30;0.00
0.27;11.13;39.88;3190.65;2179.70;-1010.95;0.00
0.20;10.26;42.07;3365.79;1731.36;-1634.43;0.00
0.26;10.81;38.91;3113.10;2078.29;-1034.82;0.00
0.25;11.08;42.60;3408.00;2075.14;-1332.87;0.00
0.25;9.24;42.35;3388.06;1983.65;-1404.41;0.00
0.28;9.07;44.79;3583.51;2108.34;-1475.17;0.00
0.23;11.26;43.47;3477.64;1923.93;-1553.71;0.00
0.22;11.07;35.70;2855.91;1888.62;-967.30;0.00
0.21;10.15;46.12;3689.37;1801.45;-1887.92;0.00
0.27;10.65;42.14;3371.19;2147.97;-1223.22;0.00
0.23;9.01;44.05;3523.69;1852.16;-1671.53;0.00
0.26;9.92;46.46;3716.98;2034.19;-1682.78;0.00
0.28;10.87;48.34;3866.98;2214.60;-1652.37;0.00
0.24;9.25;43.96;3516.92;1927.25;-1589.67;0.00
0.23;11.88;38.66;3092.50;1958.63;-1133.87;0.00
0.21;8.69;38.22;3057.37;1720.71;-1336.66;0.00
0.22;10.13;42.25;3380.36;1848.30;-1532.06;0.00
0.26;10.75;38.96;3117.17;2119.72;-997.46;0.00
0.26;9.96;41.67;3334.00;2050.90;-1283.09;0.00
0.28;9.63;33.23;2658.44;2131.23;-527.21;0.00
0.28;10.96;46.90;3751.67;2235.74;-1515.93;0.00
0.24;10.84;42.45;3396.39;2006.26;-1390.13;0.00
0.27;9.58;41.15;3292.30;2090.14;-1202.16;0.00
0.29;10.42;38.33;3066.08;2242.73;-823.35;0.00
0.29;10.28;37.23;2978.06;2224.95;-753.11;0.00
0.28;8.65;38.10;3048.14;2078.56;-969.58;0.00
0.22;10.32;42.14;3371.60;1858.91;-1512.68;0.00
0.22;11.40;45.39;3631.42;1926.28;-1705.14;0.00
0.27;8.52;46.62;3729.21;2014.22;-1714.98;0.00
0.30;10.43;43.14;3450.86;2301.18;-1149.68;0.00
0.26;8.66;45.81;3665.01;1973.00;-1692.01;0.00
0.26;10.74;43.38;3470.65;2121.21;-1349.44;0.00
0.24;9.96;35.43;2834.47;1962.86;-871.62;0.00
0.24;10.23;44.05;3523.63;1971.18;-1552.46;0.00
0.25;11.48;47.27;3781.24;2099.50;-1681.74;0.00
0.29;11.33;40.35;3227.60;2316.96;-910.64;0.00
0.23;8.62;38.42;3073.99;1822.03;-1251.96;0.00
0.23;8.02;37.19;2975.15;1784.53;-1190.63;0.00
0.18;10.54;47.67;3813.61;1597.09;-2216.52;0.00
0.19;10.15;44.99;3599.47;1683.65;-1915.81;0.00
0.26;12.36;37.92;3033.99;2195.33;-838.66;0.00
0.24;10.57;41.74;3339.24;1999.51;-1339.73;0.00
0.27;10.31;39.45;3155.79;2116.94;-1038.85;0.00
0.20;10.25;52.21;4176.83;1712.03;-2464.81;0.00
0.25;10.98;51.07;4085.48;2062.02;-2023.45;0.00
0.28;9.70;45.63;3650.22;2171.30;-1478.92;0.00
0.24;12.61;41.41;3313.14;2076.82;-1236.32;0.00
0.26;11.37;40.55;3244.29;2114.56;-1129.73;0.00
0.24;9.14;35.93;2874.50;1919.72;-954.77;0.00
0.27;9.73;43.45;3476.01;2093.29;-1382.72;0.00
0.27;9.85;41.61;3329.13;2081.95;-1247.18;0.00
0.24;11.12;40.45;3236.38;1980.62;-1255.76;0.00
0.21;10.09;33.02;2641.48;1748.93;-892.55;0.00
0.28;10.97;41.59;3326.88;2196.70;-1130.18;0.00
0.30;9.69;46.22;3697.58;2261.62;-1435.96;0.00
0.21;8.96;42.90;3431.61;1730.15;-1701.46;0.00
0.24;11.39;37.01;2960.97;2020.05;-940.92;0.00
0.24;10.72;37.60;3007.74;1961.73;-1046.01;0.00
0.25;8.85;35.35;2827.74;1928.91;-898.83;0.00
0.28;9.23;44.91;3592.45;2141.57;-1450.88;0.00
0.21;7.54;34.28;2742.46;1653.87;-1088.59;0.00
0.23;9.20;40.53;3242.42;1853.93;-1388.49;0.00
0.30;10.96;37.14;2971.32;2321.63;-649.69;0.00
0.25;10.29;41.62;3329.72;2021.93;-1307.79;0.00
0.27;12.45;48.18;3854.79;2251.17;-1603.62;0.00
0.22;12.21;43.31;3464.49;1943.95;-1520.54;0.00
0.23;8.48;43.86;3508.91;1822.31;-1686.60;0.00
0.26;8.77;44.10;3528.16;1961.67;-1566.48;0.00
0.25;9.09;38.26;3060.80;1944.87;-1115.93;0.00
0.22;10.04;29.33;2346.63;1798.59;-548.04;0.00
0.29;9.39;40.32;3225.89;2201.20;-1024.69;0.00
0.28;10.44;42.86;3428.66;2195.59;-1233.07;0.00
0.25;10.03;38.06;3044.90;1997.70;-1047.20;0.00
0.24;8.14;46.73;3738.01;1819.90;-1918.11;0.00
0.23;10.72;43.94;3515.51;1932.39;-1583.12;0.00
0.25;11.65;47.60;3808.12;2100.94;-1707.18;0.00
0.22;9.11;47.23;3778.03;1779.79;-1998.24;0.00
0.25;10.14;40.07;3205.65;1987.81;-1217.85;0.00
0.23;10.98;38.59;3086.90;1952.93;-1133.97;0.00
0.26;8.99;41.44;3315.35;2018.13;-1297.22;0.00
0.28;10.75;37.78;3022.27;2222.33;-799.94;0.00
0.27;11.84;42.29;3382.83;2189.28;-1193.55;0.00
0.25;8.78;42.92;3433.75;1940.01;-1493.74;0.00
0.27;9.61;40.24;3218.87;2098.64;-1120.23;0.00
0.24;9.54;43.90;3512.11;1906.16;-1605.96;0.00
0.23;13.16;36.07;2885.42;2044.66;-840.76;0.00
0.26;11.71;33.06;2644.76;2143.60;-501.15;0.00
0.25;9.16;37.90;3032.21;1942.06;-1090.15;0.00
0.20;10.58;38.49;3079.35;1727.70;-1351.65;0.00
0.21;9.93;43.11;3448.89;1767.30;-1681.59;0.00
0.22;9.45;40.90;3271.90;1804.62;-1467.27;0.00
0.21;12.20;45.40;3632.39;1859.63;-1772.76;0.00
0.26;9.06;35.90;2872.27;2011.71;-860.57;0.00
0.22;12.11;43.75;3500.08;1922.53;-1577.56;0.00
0.26;11.05;37.37;2989.21;2095.67;-893.54;0.00
0.21;12.94;35.19;2814.98;1917.22;-897.77;0.00
0.25;9.72;38.26;3060.84;1961.27;-1099.57;0.00
0.22;11.56;38.91;3112.93;1930.69;-1182.24;0.00
0.26;9.37;48.38;3870.52;2010.82;-1859.70;0.00
0.22;11.27;35.77;2861.83;1915.13;-946.70;0.00
0.26;9.42;46.58;3726.57;2021.30;-1705.27;0.00
0.24;10.04;45.34;3627.10;1932.29;-1694.81;0.00
0.26;10.82;39.69;3175.59;2089.71;-1085.88;0.00
0.25;11.37;43.45;3476.39;2066.80;-1409.59;0.00
0.22;9.70;35.43;2834.40;1816.46;-1017.94;0.00
0.31;11.26;39.72;3177.30;2406.20;-771.11;0.00
0.23;11.28;45.47;3637.47;1971.49;-1665.98;0.00
0.26;11.58;31.55;2523.81;2143.57;-380.24;0.00
0.26;10.53;39.75;3179.94;2112.53;-1067.41;0.00
0.25;11.14;41.68;3334.34;2073.10;-1261.24;0.00
0.22;10.31;40.77;3261.47;1857.29;-1404.19;0.00
0.26;10.96;33.90;2711.70;2085.98;-625.72;0.00
0.27;9.21;36.27;2901.24;2057.04;-844.20;0.00
0.24;11.70;44.30;3544.09;2056.09;-1488.01;0.00
0.25;10.57;43.46;3476.55;2024.42;-1452.13;0.00
0.25;10.48;42.42;3393.49;2052.21;-1341.28;0.00
0.27;9.93;42.14;3371.28;2084.71;-1286.57;0.00
0.25;9.90;38.60;3088.26;1990.82;-1097.44;0.00
0.25;11.42;34.21;2736.61;2067.22;-669.39;0.00
0.24;10.67;41.08;3286.01;1960.72;-1325.29;0.00
0.27;10.96;39.47;3157.22;2175.90;-981.31;0.00
0.24;10.79;34.49;2758.89;2002.86;-756.03;0.00
0.23;9.20;49.37;3949.84;1830.41;-2119.42;0.00
0.26;12.46;38.33;3066.27;2174.06;-892.21;0.00
0.23;11.31;41.46;3317.03;1954.87;-1362.16;0.00
0.19;10.86;39.24;3138.99;1714.88;-1424.11;0.00
0.19;8.13;37.46;2997.03;1532.96;-1464.06;0.00
0.28;7.41;38.68;3094.04;2029.95;-1064.09;0.00
0.25;10.28;34.98;2798.43;1987.95;-810.48;0.00
0.23;10.47;40.48;3238.41;1896.15;-1342.26;0.00
0.23;10.80;42.11;3369.05;1925.51;-1443.54;0.00
0.23;10.61;40.06;3204.81;1889.31;-1315.51;0.00
0.25;9.53;43.89;3511.10;1957.05;-1554.05;0.00
0.25;10.97;36.41;2912.65;2074.05;-838.59;0.00
0.25;8.83;42.52;3401.54;1934.63;-1466.91;0.00
0.27;9.90;37.95;3035.71;2108.45;-927.26;0.00
0.25;10.64;45.37;3629.48;2057.03;-1572.45;0.00
0.20;10.32;35.45;2835.64;1742.45;-1093.19;0.00
0.21;10.43;39.03;3122.58;1770.02;-1352.57;0.00
0.26;9.23;38.61;3089.20;1997.22;-1091.97;0.00
0.32;10.26;42.79;3423.17;2428.65;-994.52;0.00
0.27;8.97;48.33;3866.20;2045.50;-1820.71;0.00
0.24;10.26;42.53;3402.09;1931.95;-1470.15;0.00
0.26;11.32;44.32;3545.46;2140.93;-1404.52;0.00
0.29;10.55;35.64;2851.50;2284.78;-566.72;0.00
0.24;9.85;33.79;2703.22;1921.84;-781.37;0.00
0.30;10.55;47.91;3832.77;2341.67;-1491.11;0.00
0.26;10.60;44.18;3534.68;2088.56;-1446.12;0.00
0.28;10.70;43.70;3496.24;2235.08;-1261.17;0.00
0.24;10.68;36.40;2911.87;1969.05;-942.82;0.00
0.29;9.85;36.89;2951.22;2199.73;-751.48;0.00
0.25;7.59;42.21;3377.05;1855.08;-1521.97;0.00
0.26;8.57;41.42;3313.57;1978.42;-1335.15;0.00
0.26;10.02;34.54;2763.31;2055.29;-708.02;0.00
0.27;9.13;43.19;3455.54;2058.30;-1397.24;0.00
0.26;9.39;44.09;3527.56;2005.00;-1522.56;0.00
0.23;11.08;40.75;3260.24;1940.21;-1320.03;0.00
0.23;8.86;42.08;3366.77;1822.12;-1544.65;0.00
0.20;11.49;39.74;3179.35;1807.51;-1371.84;0.00
0.25;9.61;38.95;3115.94;1954.10;-1161.85;0.00
0.26;10.53;41.47;3317.35;2108.68;-1208.66;0.00
0.29;8.99;38.71;3096.72;2161.48;-935.24;0.00
0.26;10.13;39.99;3199.44;2060.85;-1138.59;0.00
0.23;10.26;36.70;2936.09;1912.47;-1023.61;0.00
0.21;9.29;40.71;3256.46;1720.09;-1536.37;0.00
0.25;9.91;41.08;3286.17;2004.83;-1281.34;0.00
0.28;9.99;41.13;3290.77;2183.73;-1107.03;0.00
0.25;10.48;41.29;3303.29;2042.29;-1261.00;0.00
0.22;11.19;45.21;3616.89;1891.53;-1725.36;0.00
0.26;10.60;43.74;3499.17;2088.54;-1410.64;0.00
0.25;11.81;42.29;3383.42;2072.23;-1311.19;0.00
0.29;10.35;39.73;3178.34;2223.47;-954.87;0.00
0.26;9.54;39.25;3139.67;2018.57;-1121.10;0.00
0.24;9.78;38.12;3049.52;1899.76;-1149.75;0.00
0.28;8.10;46.24;3699.08;2055.20;-1643.88;0.00
0.23;9.53;42.87;3429.81;1864.72;-1565.10;0.00
0.28;10.69;46.61;3728.47;2221.65;-1506.82;0.00
0.29;10.24;42.02;3361.95;2264.84;-1097.11;0.00
0.25;7.31;41.37;3309.90;1848.52;-1461.38;0.00
0.26;9.50;36.35;2907.91;2034.33;-873.57;0.00
0.23;11.31;43.98;3518.08;1927.15;-1590.93;0.00
0.24;11.06;40.78;3262.30;2004.31;-1257.99;0.00
0.22;10.74;40.75;3259.78;1834.84;-1424.94;0.00
0.27;7.70;49.21;3936.94;1997.49;-1939.45;0.00
0.23;10.26;45.23;3618.15;1924.15;-1694.00;0.00
0.26;12.10;40.45;3235.75;2171.79;-1063.96;0.00
0.26;11.01;37.23;2978.36;2103.85;-874.52;0.00
0.27;9.34;42.61;3409.13;2070.83;-1338.30;0.00
0.21;9.92;34.70;2775.93;1773.55;-1002.39;0.00
0.31;10.57;40.03;3202.62;2351.11;-851.51;0.00
0.23;10.61;45.76;3660.87;1910.90;-1749.97;0.00
0.28;10.79;52.71;4217.15;2225.14;-1992.00;0.00
0.26;10.44;36.88;2950.69;2103.84;-846.86;0.00
0.32;10.49;39.72;3177.74;2413.97;-763.77;0.00
0.26;10.84;48.98;3918.35;2086.14;-1832.20;0.00
0.22;10.31;35.20;2816.34;1834.56;-981.78;0.00
0.25;7.27;33.85;2707.85;1878.62;-829.23;0.00
0.23;11.63;33.68;2694.51;1991.90;-702.61;0.00
0.29;11.26;37.12;2969.43;2294.29;-675.15;0.00
0.28;11.49;44.68;3574.49;2240.98;-1333.51;0.00
0.26;9.93;37.84;3027.24;2072.39;-954.85;0.00
0.25;11.00;42.19;3375.42;2032.55;-1342.86;0.00
0.21;11.46;36.93;2954.50;1836.50;-1118.00;0.00
0.18;9.23;38.44;3074.81;1554.99;-1519.82;0.00
0.26;9.81;34.27;2741.60;2060.71;-680.89;0.00
0.27;11.42;30.92;2473.25;2173.55;-299.70;0.00
0.26;10.03;35.30;2824.25;2040.17;-784.08;0.00
0.19;9.74;37.14;2971.17;1611.05;-1360.12;0.00
0.24;10.29;50.19;4015.08;1982.60;-2032.48;0.00
0.31;10.16;34.18;2734.00;2334.95;-399.05;0.00
0.26;9.49;40.24;3218.97;2038.56;-1180.40;0.00
0.29;8.71;37.27;2981.84;2136.61;-845.22;0.00
0.24;9.66;44.56;3564.81;1892.93;-1671.88;0.00
0.25;8.36;46.15;3692.12;1906.29;-1785.83;0.00
0.27;10.17;46.10;3688.12;2121.94;-1566.18;0.00
0.27;12.25;33.89;2710.97;2241.77;-469.20;0.00
0.26;9.85;36.04;2883.49;2028.89;-854.60;0.00
0.22;9.40;41.76;3341.16;1784.28;-1556.89;0.00
0.26;8.10;45.33;3626.10;1958.00;-1668.10;0.00
0.23;7.44;42.03;3362.46;1715.92;-1646.54;0.00
0.27;11.40;43.61;3488.54;2168.73;-1319.81;0.00
0.23;11.76;41.05;3283.76;1976.35;-1307.41;0.00
0.25;10.83;35.53;2842.69;2033.81;-808.88;0.00
0.28;9.91;38.20;3055.80;2145.31;-910.49;0.00
0.22;12.86;41.97;3357.52;1963.93;-1393.59;0.00
0.24;11.00;46.03;3682.36;1995.26;-1687.10;0.00
0.25;9.83;40.16;3213.07;1982.27;-1230.80;0.00
0.28;11.19;43.34;3467.58;2251.77;-1215.81;0.00
0.21;9.82;44.57;3566.00;1766.03;-1799.96;0.00
0.25;12.15;38.29;3063.23;2134.19;-929.05;0.00
0.25;10.99;40.67;3253.48;2026.80;-1226.68;0.00
0.23;9.44;39.41;3152.82;1859.56;-1293.26;0.00
0.23;8.80;40.88;3270.69;1815.40;-1455.29;0.00
0.27;9.99;47.03;3762.11;2143.09;-1619.02;0.00
0.23;11.26;41.85;3348.23;1923.07;-1425.15;0.00
0.27;9.64;44.08;3526.65;2070.90;-1455.75;0.00
0.25;10.76;41.28;3302.63;2058.51;-1244.11;0.00
0.26;10.59;45.57;3645.55;2082.39;-1563.17;0.00
0.26;11.63;41.51;3320.71;2171.99;-1148.72;0.00
0.28;11.73;36.27;2901.75;2269.40;-632.34;0.00
0.24;11.70;39.36;3148.95;2048.98;-1099.97;0.00
0.24;10.40;36.04;2883.34;1987.63;-895.71;0.00
0.27;10.72;39.94;3195.47;2132.46;-1063.00;0.00
0.22;12.00;37.55;3003.69;1957.65;-1046.05;0.00
0.24;12.01;37.48;2998.12;2041.11;-957.01;0.00
0.21;9.22;44.56;3564.49;1694.06;-1870.42;0.00
0.28;9.15;48.76;3901.09;2139.37;-1761.72;0.00
0.23;11.55;48.49;3879.56;1942.75;-1936.81;0.00
0.24;8.95;40.18;3214.70;1877.15;-1337.56;0.00
0.22;9.68;49.19;3935.05;1821.19;-2113.86;0.00
0.28;10.00;40.73;3258.16;2184.24;-1073.92;0.00
0.29;11.77;39.87;3189.38;2332.97;-856.41;0.00
