# X_0;X_1;X_2;R_0;S_0;G_0;I_0
0.28;11.18;37.19;2975.21;2252.77;-722.44;0.00
0.27;8.45;43.40;3472.26;2049.36;-1422.90;0.00
0.23;10.02;38.85;3108.10;1910.68;-1197.41;0.00
0.22;11.55;35.11;2808.66;1917.43;-891.23;0.00
0.25;9.64;37.18;2974.51;1964.34;-1010.17;0.00
0.26;9.82;37.95;3035.71;2040.43;-995.28;0.00
0.24;9.34;46.03;3682.56;1880.53;-1802.03;0.00
0.21;11.46;27.30;2184.30;1853.26;-331.04;0.00
0.25;10.20;35.93;2874.06;1989.37;-884.70;0.00
0.25;9.83;36.72;2937.60;1962.21;-975.39;0.00
0.25;10.15;28.50;2280.35;1983.90;-296.45;0.00
0.21;9.72;43.07;3445.37;1729.14;-1716.22;0.00
0.27;10.24;52.24;4178.80;2148.86;-2029.94;0.00
0.27;9.24;42.76;3420.65;2071.14;-1349.51;0.00
0.24;11.23;35.04;2803.31;2021.55;-781.76;0.00
0.24;11.03;41.39;3311.20;1992.09;-1319.12;0.00
0.28;10.72;44.59;3566.88;2195.34;-1371.54;0.00
0.26;10.69;44.65;3572.18;2117.60;-1454.58;0.00
0.26;8.52;33.15;2652.08;1975.74;-676.34;0.00
0.27;9.43;41.69;3334.85;2056.62;-1278.23;0.00
0.25;11.65;38.99;3118.89;2081.15;-1037.74;0.00
0.23;10.02;42.70;3415.64;1886.81;-1528.84;0.00
0.28;12.28;40.64;3251.24;2279.00;-972.24;0.00
0.22;12.06;43.20;3455.60;1917.43;-1538.17;0.00
0.24;8.58;48.53;3882.61;1860.76;-2021.85;0.00
0.25;9.56;44.09;3526.82;1949.08;-1577.74;0.00
0.22;8.62;35.15;2811.69;1761.53;-1050.16;0.00
0.26;9.40;35.09;2807.41;2029.18;-778.23;0.00
0.23;9.53;37.07;2965.25;1849.47;-1115.78;0.00
0.27;11.43;38.11;3048.69;2164.12;-884.58;0.00
0.22;10.70;41.87;3349.74;1867.35;-1482.39;0.00
0.22;9.51;36.32;2905.29;1824.84;-1080.45;0.00
0.26;9.50;41.72;3337.29;2008.27;-1329.02;0.00
0.26;11.36;39.37;3149.96;2121.33;-1028.63;0.00
0.26;10.07;37.19;2974.86;2034.73;-940.13;0.00
0.22;9.47;46.51;3720.90;1771.66;-1949.24;0.00
0.25;10.64;47.57;3805.74;2005.54;-1800.20;0.00
0.21;10.35;31.25;2499.82;1761.50;-738.32;0.00
0.17;9.33;48.94;3915.38;1484.00;-2431.38;0.00
0.28;12.37;33.06;2644.68;2308.36;-336.32;0.00
0.28;8.66;47.60;3808.22;2102.12;-1706.10;0.00
0.24;8.94;35.90;2872.40;1890.18;-982.22;0.00
0.27;9.10;42.07;3365.53;2073.78;-1291.75;0.00
0.20;9.25;41.73;3338.28;1662.65;-1675.63;0.00
0.23;7.81;39.92;3193.54;1746.97;-1446.57;0.00
0.26;10.31;39.66;3173.07;2087.32;-1085.74;0.00
0.28;10.50;38.70;3095.72;2208.17;-887.55;0.00
0.26;9.42;43.47;3477.41;2029.21;-1448.20;0.00
0.25;9.23;39.50;3159.71;1932.42;-1227.29;0.00
0.25;9.66;35.87;2869.47;1968.85;-900.62;0.00
0.24;8.27;36.09;2887.42;1864.15;-1023.27;0.00
0.24;10.81;36.87;2949.33;1997.74;-951.58;0.00
0.25;9.74;43.58;3486.16;1988.67;-1497.48;0.00
0.18;11.49;30.85;2468.29;1653.29;-815.00;0.00
0.26;8.78;42.76;3420.82;1979.35;-1441.48;0.00
0.24;9.73;45.67;3653.61;1945.98;-1707.64;0.00
0.24;11.23;37.23;2978.70;2030.07;-948.63;0.00
0.25;11.25;36.34;2907.00;2069.85;-837.15;0.00
0.27;10.22;37.59;3007.40;2108.67;-898.74;0.00
0.23;10.70;43.02;3441.77;1941.32;-1500.46;0.00
0.23;7.84;31.54;2523.55;1778.79;-744.76;0.00
0.23;12.00;49.29;3943.44;1988.39;-1955.05;0.00
0.27;10.81;38.82;3105.73;2168.29;-937.43;0.00
0.25;11.01;33.29;2663.16;2076.70;-586.46;0.00
0.29;10.68;39.49;3159.35;2283.50;-875.86;0.00
0.27;10.61;34.34;2747.40;2119.04;-628.36;0.00
0.28;10.07;40.04;3203.13;2170.98;-1032.15;0.00
0.25;10.53;43.69;3494.97;2054.50;-1440.47;0.00
0.26;11.65;43.89;3511.46;2173.21;-1338.24;0.00
0.28;9.54;35.92;2873.84;2148.88;-724.96;0.00
0.23;11.41;37.90;3031.80;1942.51;-1089.29;0.00
0.25;9.20;41.80;3344.05;1944.61;-1399.44;0.00
0.26;10.56;34.39;2751.06;2085.77;-665.29;0.00
0.23;9.74;39.79;3183.37;1895.56;-1287.80;0.00
0.29;9.79;39.84;3186.83;2237.97;-948.86;0.00
0.20;8.18;35.79;2863.26;1602.38;-1260.88;0.00
0.26;11.23;44.81;3584.87;2119.91;-1464.95;0.00
0.26;11.43;38.02;3041.73;2146.32;-895.41;0.00
0.29;7.96;42.69;3414.92;2108.31;-1306.61;0.00
0.25;10.24;40.74;3259.43;2018.05;-1241.38;0.00
0.26;9.18;43.81;3505.07;2000.79;-1504.28;0.00
0.24;10.24;37.94;3035.00;1929.46;-1105.55;0.00
0.26;10.33;46.37;3709.88;2086.50;-1623.37;0.00
0.27;11.88;39.63;3170.41;2233.94;-936.47;0.00
0.29;12.03;43.68;3494.80;2323.08;-1171.72;0.00
0.28;9.04;42.49;3399.46;2124.31;-1275.15;0.00
0.26;9.15;43.14;3450.97;1987.55;-1463.42;0.00
0.25;10.88;47.87;3829.62;2048.21;-1781.41;0.00
0.25;9.83;44.80;3584.17;1983.10;-1601.07;0.00
0.25;10.05;45.14;3611.52;1995.32;-1616.20;0.00
0.28;10.47;36.16;2892.68;2197.65;-695.04;0.00
0.23;7.65;37.23;2978.39;1733.67;-1244.71;0.00
0.25;9.29;42.26;3381.15;1941.73;-1439.42;0.00
0.25;11.00;38.82;3105.26;2072.80;-1032.47;0.00
0.29;10.87;35.25;2820.06;2288.35;-531.71;0.00
0.27;10.28;41.74;3339.33;2120.49;-1218.84;0.00
0.25;9.27;41.51;3320.99;1938.33;-1382.66;0.00
0.26;10.53;36.53;2922.58;2073.15;-849.43;0.00
0.26;11.31;42.61;3408.91;2099.60;-1309.31;0.00
0.28;8.56;34.19;2735.32;2104.77;-630.55;0.00
0.27;11.80;45.98;3678.06;2216.68;-1461.38;0.00
0.24;11.87;39.38;3150.67;2031.11;-1119.56;0.00
0.23;11.01;44.14;3531.43;1951.46;-1579.97;0.00
0.24;9.99;40.83;3266.71;1944.95;-1321.76;0.00
0.23;10.41;40.23;3218.29;1889.02;-1329.27;0.00
0.25;10.49;33.01;2640.56;2021.86;-618.70;0.00
0.26;10.44;36.45;2915.76;2092.10;-823.66;0.00
0.24;10.21;31.33;2506.28;1928.28;-578.00;0.00
0.29;10.89;38.03;3042.55;2254.55;-788.00;0.00
0.29;10.87;41.81;3344.60;2256.55;-1088.05;0.00
0.25;13.31;39.26;3140.63;2163.94;-976.69;0.00
0.26;9.13;43.61;3488.91;2016.31;-1472.61;0.00
0.27;10.51;40.72;3257.92;2114.34;-1143.58;0.00
0.27;10.29;43.63;3490.24;2138.87;-1351.37;0.00
0.25;8.44;32.74;2619.34;1888.05;-731.29;0.00
0.31;11.77;36.67;2933.63;2458.20;-475.42;0.00
0.22;8.70;43.86;3509.08;1739.06;-1770.02;0.00
0.28;10.19;38.09;3047.57;2168.99;-878.58;0.00
0.25;11.81;38.69;3095.46;2084.03;-1011.43;0.00
0.26;11.75;39.83;3186.06;2178.36;-1007.71;0.00
0.25;10.24;38.91;3113.11;2020.01;-1093.11;0.00
0.25;9.83;47.96;3836.81;2008.69;-1828.12;0.00
0.26;10.85;37.50;3000.13;2079.49;-920.65;0.00
0.22;10.25;38.09;3046.81;1844.01;-1202.80;0.00
0.20;10.36;38.25;3060.39;1721.71;-1338.68;0.00
0.24;10.41;38.00;3040.06;1985.54;-1054.53;0.00
0.24;9.50;44.95;3596.35;1914.71;-1681.65;0.00
0.28;10.26;28.88;2310.58;2207.62;-102.96;0.00
0.27;8.25;37.05;2963.84;2014.88;-948.96;0.00
0.25;11.11;35.08;2806.73;2042.86;-763.86;0.00
0.24;9.07;35.04;2803.37;1864.84;-938.53;0.00
0.26;11.61;46.59;3727.27;2158.34;-1568.94;0.00
0.22;9.01;37.88;3030.65;1741.54;-1289.11;0.00
0.26;9.81;37.36;2988.90;2032.17;-956.73;0.00
0.28;11.70;40.34;3227.04;2237.94;-989.11;0.00
0.26;10.28;38.03;3042.34;2043.91;-998.43;0.00
0.28;8.96;42.05;3363.69;2096.56;-1267.13;0.00
0.22;11.89;32.41;2592.41;1938.77;-653.65;0.00
0.25;10.52;43.57;3485.73;2037.89;-1447.84;0.00
0.23;9.36;43.76;3500.78;1843.33;-1657.45;0.00
0.20;11.45;40.54;3243.28;1775.54;-1467.74;0.00
0.22;10.38;36.96;2957.11;1844.56;-1112.55;0.00
0.24;10.91;42.13;3370.36;1963.98;-1406.38;0.00
0.26;10.25;45.08;3606.78;2054.12;-1552.66;0.00
0.21;11.66;43.06;3444.71;1882.76;-1561.95;0.00
0.24;11.56;35.71;2856.69;2034.29;-822.40;0.00
0.28;11.83;43.43;3474.53;2270.78;-1203.75;0.00
0.22;11.53;48.56;3884.96;1907.17;-1977.79;0.00
0.27;10.42;47.00;3760.12;2115.42;-1644.69;0.00
0.25;11.16;42.60;3407.86;2058.42;-1349.44;0.00
0.26;10.85;39.94;3194.85;2076.78;-1118.08;0.00
0.20;9.50;42.14;3371.44;1661.93;-1709.51;0.00
0.23;11.40;40.53;3242.09;1948.49;-1293.60;0.00
0.21;8.39;46.61;3729.02;1657.11;-2071.91;0.00
0.25;9.38;37.26;2980.91;1959.79;-1021.11;0.00
0.22;11.45;36.86;2949.07;1911.78;-1037.29;0.00
0.26;11.26;50.25;4019.74;2098.12;-1921.61;0.00
0.20;8.73;43.42;3473.22;1647.46;-1825.76;0.00
0.23;11.40;42.93;3434.22;1978.69;-1455.54;0.00
0.27;11.13;40.13;3210.13;2181.09;-1029.04;0.00
0.27;11.05;34.28;2742.76;2149.59;-593.17;0.00
0.28;10.47;36.62;2929.79;2191.31;-738.47;0.00
0.23;11.27;40.87;3269.73;1951.47;-1318.25;0.00
0.22;10.17;45.20;3616.19;1830.03;-1786.15;0.00
0.29;9.84;38.55;3084.30;2210.05;-874.25;0.00
0.27;11.25;36.11;2889.10;2203.58;-685.52;0.00
0.25;9.26;36.49;2919.13;1970.08;-949.05;0.00
0.25;9.01;41.04;3283.23;1969.77;-1313.45;0.00
0.25;10.11;38.20;3055.62;1987.84;-1067.79;0.00
0.22;11.22;32.26;2580.48;1882.69;-697.80;0.00
0.23;8.88;40.75;3260.29;1824.18;-1436.11;0.00
0.27;9.35;42.47;3397.34;2068.11;-1329.22;0.00
0.27;9.79;39.42;3153.40;2081.11;-1072.29;0.00
0.26;11.36;38.15;3051.82;2101.13;-950.69;0.00
0.26;8.36;39.56;3164.56;1972.70;-1191.86;0.00
0.28;9.33;41.73;3338.52;2114.47;-1224.05;0.00
0.24;10.35;41.72;3337.60;1980.62;-1356.98;0.00
0.23;11.17;33.48;2678.71;1919.72;-758.98;0.00
0.25;10.66;42.43;3394.50;2031.44;-1363.06;0.00
0.30;11.83;47.33;3786.67;2391.11;-1395.56;0.00
0.22;8.80;43.49;3479.25;1736.20;-1743.05;0.00
0.23;10.28;43.81;3504.72;1922.38;-1582.34;0.00
0.23;8.71;53.51;4280.81;1796.32;-2484.49;0.00
0.21;8.61;35.87;2869.72;1673.35;-1196.37;0.00
0.22;13.40;40.57;3245.75;2006.66;-1239.08;0.00
0.27;10.86;36.32;2905.73;2164.71;-741.02;0.00
0.30;11.93;40.81;3265.18;2385.95;-879.24;0.00
0.26;10.33;37.01;2960.96;2063.58;-897.37;0.00
0.29;10.04;33.54;2683.03;2218.77;-464.25;0.00
0.28;9.53;36.69;2935.52;2151.63;-783.89;0.00
0.26;10.75;40.46;3237.18;2074.08;-1163.10;0.00
0.24;8.17;44.91;3592.50;1840.01;-1752.50;0.00
0.18;9.86;42.30;3384.17;1586.17;-1798.00;0.00
0.26;11.74;39.01;3120.97;2167.15;-953.82;0.00
0.26;9.22;40.89;3270.95;2015.41;-1255.54;0.00
0.29;10.71;40.36;3228.47;2283.79;-944.68;0.00
0.26;7.81;45.89;3671.11;1936.06;-1735.05;0.00
0.24;11.67;43.51;3480.82;2051.77;-1429.05;0.00
0.30;10.37;40.56;3245.08;2302.68;-942.39;0.00
0.25;11.54;41.54;3322.80;2074.83;-1247.97;0.00
0.26;10.68;35.86;2868.46;2078.03;-790.43;0.00
0.22;10.84;43.43;3474.33;1849.53;-1624.80;0.00
0.21;8.06;39.97;3197.80;1677.13;-1520.67;0.00
0.24;11.72;33.68;2694.40;2045.25;-649.15;0.00
0.25;8.75;47.11;3768.54;1955.46;-1813.09;0.00
0.23;9.77;37.28;2982.64;1888.11;-1094.54;0.00
0.29;10.55;47.48;3798.66;2250.82;-1547.84;0.00
0.20;10.08;30.65;2451.82;1687.44;-764.39;0.00
0.23;10.74;40.25;3219.62;1912.93;-1306.69;0.00
0.28;10.69;43.02;3441.43;2185.32;-1256.11;0.00
0.25;11.66;40.15;3211.61;2092.82;-1118.79;0.00
0.25;10.68;36.94;2955.55;2052.23;-903.32;0.00
0.26;9.17;46.02;3681.24;1986.81;-1694.44;0.00
0.22;9.37;39.82;3185.78;1792.84;-1392.94;0.00
0.26;8.93;38.89;3111.28;1997.44;-1113.83;0.00
0.21;11.56;33.08;2646.25;1875.41;-770.85;0.00
0.24;11.00;39.81;3184.79;1974.24;-1210.55;0.00
0.25;8.77;40.88;3270.71;1918.92;-1351.79;0.00
0.23;10.61;32.61;2608.70;1922.67;-686.03;0.00
0.22;9.44;39.05;3123.81;1811.29;-1312.51;0.00
0.25;11.34;47.58;3806.50;2082.90;-1723.60;0.00
0.22;11.92;44.98;3598.42;1946.20;-1652.22;0.00
0.28;9.05;38.61;3088.53;2109.93;-978.60;0.00
0.26;11.38;40.61;3249.07;2106.71;-1142.36;0.00
0.24;10.82;46.90;3752.23;1968.17;-1784.06;0.00
0.28;9.56;44.37;3549.95;2131.87;-1418.07;0.00
0.20;9.17;39.48;3158.28;1686.19;-1472.09;0.00
0.26;9.93;31.69;2535.35;2024.29;-511.06;0.00
0.20;9.59;45.97;3677.97;1657.49;-2020.48;0.00
0.21;10.64;42.70;3415.70;1811.67;-1604.03;0.00
0.23;10.98;43.38;3470.11;1905.65;-1564.46;0.00
0.32;11.24;43.71;3496.43;2461.42;-1035.01;0.00
0.27;10.73;42.03;3362.15;2125.64;-1236.51;0.00
0.27;10.57;30.40;2431.71;2156.57;-275.14;0.00
0.24;9.93;38.87;3109.46;1936.26;-1173.20;0.00
0.29;9.43;37.03;2962.49;2196.11;-766.37;0.00
0.26;10.95;37.37;2989.93;2082.61;-907.32;0.00
0.28;9.58;38.10;3047.77;2141.69;-906.09;0.00
0.22;10.70;35.02;2801.26;1869.16;-932.10;0.00
0.27;8.15;42.72;3418.00;2042.64;-1375.36;0.00
0.25;11.00;35.19;2815.21;2073.11;-742.10;0.00
0.26;10.38;37.69;3014.88;2061.44;-953.44;0.00
0.25;9.35;35.57;2845.61;1958.20;-887.41;0.00
0.25;9.71;28.52;2281.59;1993.14;-288.46;0.00
0.26;9.58;39.42;3153.59;2019.39;-1134.21;0.00
0.24;9.66;41.11;3288.97;1945.31;-1343.66;0.00
0.30;10.74;43.81;3505.04;2306.21;-1198.83;0.00
0.28;9.34;41.79;3343.58;2163.19;-1180.38;0.00
0.27;10.92;49.19;3934.82;2144.95;-1789.88;0.00
0.21;10.09;36.70;2935.74;1774.74;-1161.00;0.00
0.27;11.92;40.05;3204.02;2235.79;-968.22;0.00
0.25;11.50;38.36;3069.16;2065.94;-1003.22;0.00
0.30;10.20;36.74;2939.00;2278.81;-660.19;0.00
0.27;10.64;48.15;3852.35;2127.83;-1724.52;0.00
0.21;10.64;37.92;3033.58;1818.77;-1214.81;0.00
0.24;8.38;41.46;3317.15;1863.78;-1453.37;0.00
0.23;11.65;36.85;2947.73;1953.45;-994.28;0.00
0.30;9.16;41.09;3287.13;2227.75;-1059.38;0.00
0.29;12.18;45.94;3675.29;2338.67;-1336.63;0.00
0.20;9.92;41.88;3350.18;1688.86;-1661.31;0.00
0.25;9.06;50.64;4051.54;1949.74;-2101.80;0.00
0.24;9.90;44.93;3594.03;1939.10;-1654.93;0.00
0.21;7.85;43.82;3505.91;1652.12;-1853.78;0.00
0.26;10.68;38.83;3106.77;2116.98;-989.79;0.00
0.24;10.31;43.13;3450.07;1960.08;-1489.99;0.00
0.27;8.98;41.67;3333.40;2045.46;-1287.94;0.00
0.26;10.64;38.39;3071.38;2102.10;-969.28;0.00
0.23;9.22;41.90;3352.02;1811.74;-1540.28;0.00
0.24;11.30;41.48;3318.37;1992.65;-1325.72;0.00
0.21;10.03;52.30;4183.61;1770.56;-2413.05;0.00
0.24;10.05;42.28;3382.55;1947.60;-1434.95;0.00
0.29;10.63;43.35;3468.32;2263.44;-1204.88;0.00
0.24;12.21;39.23;3138.30;2045.07;-1093.23;0.00
0.24;9.98;47.99;3839.09;1924.13;-1914.96;0.00
0.30;10.08;32.98;2638.71;2269.10;-369.61;0.00
0.25;9.42;48.44;3875.41;1969.76;-1905.65;0.00
0.20;10.92;41.34;3307.18;1745.70;-1561.48;0.00
0.29;9.70;35.74;2859.23;2203.42;-655.81;0.00
0.28;9.99;44.66;3572.60;2166.59;-1406.01;0.00
0.21;9.65;45.75;3660.14;1717.38;-1942.76;0.00
0.24;11.54;43.26;3460.60;2052.07;-1408.54;0.00
0.25;11.60;38.60;3087.67;2059.29;-1028.39;0.00
0.24;11.47;38.75;3099.93;1992.73;-1107.19;0.00
0.26;8.73;45.45;3636.03;1965.82;-1670.21;0.00
0.25;10.71;35.30;2824.15;2037.89;-786.26;0.00
0.28;10.21;40.46;3236.82;2212.66;-1024.16;0.00
0.20;10.41;30.84;2467.58;1733.60;-733.99;0.00
0.28;10.47;50.06;4004.61;2180.41;-1824.20;0.00
0.24;10.48;42.92;3433.91;1989.80;-1444.12;0.00
0.26;8.99;39.04;3123.37;2028.29;-1095.08;0.00
0.27;10.03;40.49;3238.88;2110.26;-1128.61;0.00
0.27;9.20;44.03;3522.03;2096.22;-1425.81;0.00
0.24;9.96;37.42;2993.77;1955.93;-1037.84;0.00
0.28;10.23;33.95;2716.29;2175.34;-540.95;0.00
0.27;10.00;38.87;3109.86;2104.30;-1005.56;0.00
0.23;9.14;36.80;2943.66;1806.12;-1137.54;0.00
0.27;11.95;41.79;3343.31;2244.72;-1098.59;0.00
0.23;11.03;39.91;3193.14;1935.49;-1257.64;0.00
0.25;8.83;45.74;3658.87;1923.66;-1735.21;0.00
0.27;10.32;41.63;3330.49;2155.13;-1175.36;0.00
0.25;8.36;34.39;2750.87;1886.55;-864.32;0.00
0.28;8.09;51.24;4099.31;2060.49;-2038.82;0.00
0.24;8.89;39.55;3164.37;1874.07;-1290.31;0.00
0.27;7.59;41.19;3294.85;1980.11;-1314.73;0.00
0.27;10.64;37.00;2960.30;2128.60;-831.70;0.00
0.23;8.37;44.91;3592.54;1793.12;-1799.42;0.00
0.28;9.69;34.92;2793.56;2179.06;-614.50;0.00
0.24;8.59;32.90;2631.77;1882.97;-748.79;0.00
0.23;10.20;41.50;3320.34;1902.63;-1417.71;0.00
0.23;8.83;31.43;2514.45;1810.93;-703.52;0.00
0.22;11.59;49.05;3923.68;1933.68;-1990.00;0.00
0.28;9.97;43.66;3492.76;2194.11;-1298.64;0.00
0.26;10.79;41.72;3337.80;2116.77;-1221.03;0.00
0.26;10.96;41.77;3341.65;2110.08;-1231.57;0.00
0.23;9.73;46.26;3700.89;1874.21;-1826.68;0.00
0.29;12.06;37.71;3016.90;2314.85;-702.05;0.00
0.26;9.79;45.50;3640.23;2039.55;-1600.68;0.00
0.27;10.80;37.30;2983.71;2172.62;-811.09;0.00
0.28;11.71;41.70;3335.73;2257.60;-1078.13;0.00
0.28;10.43;26.29;2103.43;2168.87;65.44;1.00
0.22;9.54;32.11;2568.42;1811.79;-756.62;0.00
0.25;10.24;32.79;2623.40;2027.10;-596.30;0.00
0.23;8.34;39.49;3159.38;1806.42;-1352.97;0.00
0.22;8.37;35.85;2867.83;1727.65;-1140.18;0.00
0.29;10.38;29.47;2357.67;2266.20;-91.46;0.00
0.24;8.62;37.50;2999.81;1837.26;-1162.55;0.00
0.23;9.49;43.95;3515.81;1826.44;-1689.37;0.00
0.26;10.71;44.07;3526.00;2120.22;-1405.78;0.00
0.22;10.63;40.09;3207.18;1873.58;-1333.60;0.00
0.26;10.87;50.39;4031.00;2114.83;-1916.17;0.00
0.25;10.15;43.92;3513.67;2033.11;-1480.55;0.00
0.25;10.61;37.29;2983.29;2023.78;-959.51;0.00
0.24;10.47;35.82;2865.75;1955.30;-910.46;0.00
0.23;10.67;41.30;3303.81;1943.34;-1360.47;0.00
0.22;9.78;52.78;4222.45;1827.12;-2395.33;0.00
0.27;10.58;37.84;3027.12;2127.33;-899.78;0.00
0.26;10.04;34.73;2778.09;2038.52;-739.57;0.00
0.26;8.62;37.89;3030.99;1997.69;-1033.30;0.00
0.28;11.35;41.20;3295.95;2231.10;-1064.85;0.00
0.29;10.65;33.40;2671.77;2285.72;-386.05;0.00
0.22;9.45;37.30;2984.35;1771.59;-1212.76;0.00
0.26;9.24;47.10;3767.78;2023.56;-1744.22;0.00
0.28;10.42;39.47;3157.53;2199.18;-958.35;0.00
0.24;10.23;36.34;2906.88;1948.93;-957.95;0.00
0.23;9.48;46.66;3733.04;1865.01;-1868.03;0.00
0.28;9.03;42.59;3407.30;2103.66;-1303.64;0.00
0.28;11.43;41.93;3354.46;2245.02;-1109.44;0.00
0.28;10.99;29.88;2390.48;2226.90;-163.58;0.00
0.25;10.57;35.42;2833.38;2018.49;-814.89;0.00
0.30;11.61;42.93;3434.74;2357.48;-1077.26;0.00
0.28;9.17;45.77;3661.71;2101.81;-1559.91;0.00
0.26;9.60;44.71;3576.86;2007.06;-1569.80;0.00
0.26;11.81;32.44;2595.06;2163.70;-431.35;0.00
0.22;10.24;43.65;3491.84;1863.23;-1628.61;0.00
0.25;10.11;38.77;3101.46;1978.26;-1123.19;0.00
0.22;10.87;41.71;3336.70;1852.11;-1484.59;0.00
0.26;10.57;45.05;3603.61;2071.57;-1532.05;0.00
0.24;10.44;37.82;3025.80;1943.09;-1082.71;0.00
0.27;10.07;38.67;3093.54;2116.54;-977.00;0.00
0.24;9.97;43.31;3465.04;1957.60;-1507.44;0.00
0.24;8.96;36.00;2879.86;1874.72;-1005.15;0.00
0.26;8.92;41.14;3291.04;2025.52;-1265.52;0.00
0.25;11.06;38.87;3109.53;2081.79;-1027.74;0.00
0.22;10.32;33.62;2689.41;1834.85;-854.56;0.00
0.24;10.08;39.06;3124.45;1955.25;-1169.20;0.00
0.26;8.33;39.03;3122.00;1951.63;-1170.37;0.00
0.28;8.93;37.30;2983.61;2132.39;-851.22;0.00
0.24;9.87;44.01;3521.03;1953.26;-1567.77;0.00
0.25;8.98;41.51;3320.87;1945.62;-1375.24;0.00
0.24;10.40;44.82;3585.58;1955.99;-1629.59;0.00
0.25;12.40;41.18;3294.67;2132.98;-1161.68;0.00
0.24;8.94;37.51;3000.62;1870.49;-1130.13;0.00
0.23;7.71;39.86;3188.48;1751.82;-1436.66;0.00
0.30;9.75;46.37;3709.24;2300.28;-1408.96;0.00
0.23;9.14;45.56;3645.09;1832.70;-1812.39;0.00
0.26;11.08;38.02;3041.65;2101.59;-940.05;0.00
0.24;11.25;35.42;2833.79;2031.98;-801.81;0.00
0.22;9.89;52.12;4169.90;1817.45;-2352.46;0.00
0.26;10.36;38.36;3068.76;2103.08;-965.68;0.00
0.28;11.05;36.63;2930.58;2226.76;-703.83;0.00
0.29;11.10;39.72;3177.62;2270.66;-906.97;0.00
0.28;11.21;40.91;3272.94;2220.09;-1052.85;0.00
0.30;10.68;38.00;3040.28;2326.18;-714.10;0.00
0.25;10.11;42.62;3409.34;1988.30;-1421.04;0.00
0.28;11.58;42.97;3437.85;2273.49;-1164.36;0.00
0.26;11.74;39.90;3191.70;2175.70;-1016.00;0.00
0.29;8.54;42.27;3381.91;2146.03;-1235.88;0.00
0.25;8.65;36.93;2954.42;1898.71;-1055.71;0.00
0.25;10.49;35.37;2829.68;2028.23;-801.45;0.00
0.28;11.71;38.46;3076.71;2242.08;-834.63;0.00
0.22;9.66;40.05;3204.39;1781.79;-1422.60;0.00
0.26;10.10;42.88;3430.19;2085.10;-1345.09;0.00
0.26;7.83;41.94;3355.09;1941.60;-1413.49;0.00
0.23;9.14;41.08;3286.53;1840.41;-1446.12;0.00
0.22;11.10;28.63;2290.76;1904.87;-385.89;0.00
0.23;10.72;38.19;3055.16;1932.95;-1122.21;0.00
0.23;8.80;40.94;3275.54;1828.16;-1447.39;0.00
0.26;10.04;44.51;3560.89;2060.13;-1500.76;0.00
0.25;10.27;45.02;3601.32;2002.62;-1598.70;0.00
0.28;10.93;42.77;3421.95;2223.32;-1198.63;0.00
0.25;10.70;32.02;2561.80;2012.00;-549.81;0.00
0.25;11.76;39.19;3135.18;2104.24;-1030.95;0.00
0.25;8.81;40.72;3257.86;1947.52;-1310.34;0.00
0.23;8.54;38.28;3062.76;1820.69;-1242.07;0.00
0.23;8.07;40.24;3219.20;1763.11;-1456.10;0.00
0.27;9.59;34.63;2770.23;2067.68;-702.54;0.00
0.28;9.91;29.34;2347.45;2170.96;-176.48;0.00
0.24;10.51;41.93;3354.31;1971.44;-1382.87;0.00
0.27;10.06;40.26;3220.61;2110.63;-1109.98;0.00
0.28;10.12;35.41;2832.66;2163.13;-669.53;0.00
0.25;8.48;44.99;3599.41;1911.69;-1687.73;0.00
0.23;9.06;41.56;3324.62;1845.84;-1478.77;0.00
0.25;9.50;45.78;3662.11;1970.66;-1691.46;0.00
0.23;10.05;43.66;3492.85;1865.34;-1627.51;0.00
0.22;10.87;51.67;4133.29;1858.96;-2274.33;0.00
0.24;8.69;43.49;3479.28;1867.93;-1611.35;0.00
0.25;9.24;38.98;3118.27;1948.44;-1169.84;0.00
0.27;8.85;37.62;3009.22;2056.25;-952.97;0.00
0.23;12.47;46.53;3722.21;2003.64;-1718.57;0.00
0.25;8.67;48.67;3893.69;1941.68;-1952.00;0.00
0.21;10.97;43.27;3461.23;1790.58;-1670.65;0.00
0.28;9.77;36.12;2889.81;2137.63;-752.18;0.00
0.30;10.88;42.93;3434.45;2345.96;-1088.49;0.00
0.26;9.48;48.12;3849.47;2056.52;-1792.95;0.00
0.27;9.08;41.93;3354.77;2057.92;-1296.85;0.00
0.23;9.65;46.94;3755.21;1865.18;-1890.04;0.00
0.25;9.29;35.30;2824.23;1935.29;-888.94;0.00
0.27;10.46;44.43;3554.01;2165.84;-1388.17;0.00
0.30;11.20;40.37;3229.82;2338.28;-891.54;0.00
0.23;11.70;45.05;3603.85;1959.33;-1644.52;0.00
0.25;9.73;42.74;3419.53;1987.09;-1432.44;0.00
0.26;12.75;33.00;2640.11;2206.83;-433.27;0.00
0.24;8.82;34.58;2766.62;1881.97;-884.65;0.00
0.26;10.27;41.19;3295.35;2070.15;-1225.20;0.00
0.28;7.97;37.87;3029.23;2038.13;-991.10;0.00
0.24;10.69;38.05;3044.38;1990.30;-1054.08;0.00
0.26;10.46;38.11;3048.41;2055.58;-992.83;0.00
0.27;10.35;43.07;3445.84;2125.31;-1320.53;0.00
0.28;10.18;38.38;3070.33;2161.34;-908.99;0.00
0.27;11.77;40.01;3200.50;2199.57;-1000.92;0.00
0.31;10.55;47.67;3813.87;2350.23;-1463.64;0.00
0.23;9.42;42.34;3387.38;1823.85;-1563.53;0.00
0.22;9.88;41.47;3317.65;1815.98;-1501.67;0.00
0.22;10.27;44.04;3523.26;1865.49;-1657.77;0.00
0.22;9.56;46.64;3730.95;1813.77;-1917.17;0.00
0.25;12.38;42.66;3412.68;2128.53;-1284.15;0.00
0.24;10.36;37.28;2982.41;1933.94;-1048.47;0.00
0.22;10.20;36.54;2923.39;1835.32;-1088.07;0.00
0.29;10.76;41.71;3336.48;2262.61;-1073.87;0.00
0.25;10.25;42.88;3430.44;2001.73;-1428.71;0.00
0.25;10.52;34.99;2799.07;2006.21;-792.86;0.00
0.27;12.54;45.60;3648.38;2245.67;-1402.72;0.00
0.20;8.04;40.37;3229.81;1585.77;-1644.04;0.00
0.23;10.70;45.85;3667.88;1933.03;-1734.85;0.00
0.23;11.61;45.10;3607.75;1968.06;-1639.69;0.00
0.23;9.45;36.59;2927.37;1869.24;-1058.13;0.00
0.23;8.02;39.08;3126.53;1756.67;-1369.85;0.00
0.25;10.07;38.80;3104.38;2021.05;-1083.33;0.00
0.24;8.58;39.90;3192.39;1886.61;-1305.78;0.00
0.20;11.12;43.29;3463.31;1754.06;-1709.25;0.00
0.25;9.48;43.41;3473.05;1960.01;-1513.04;0.00
0.22;10.36;38.75;3099.69;1841.78;-1257.91;0.00
0.22;11.07;32.64;2611.28;1875.24;-736.04;0.00
0.25;10.00;44.90;3591.64;1980.98;-1610.66;0.00
0.27;9.62;38.06;3044.60;2105.72;-938.88;0.00
0.26;10.55;47.12;3769.26;2093.47;-1675.80;0.00
0.29;11.23;50.63;4050.29;2321.23;-1729.06;0.00
0.24;11.27;40.52;3241.93;2037.04;-1204.88;0.00
0.24;8.40;45.37;3629.45;1879.92;-1749.53;0.00
0.25;9.42;44.65;3572.05;1964.17;-1607.88;0.00
0.23;10.75;37.67;3014.00;1897.23;-1116.77;0.00
0.27;9.26;50.11;4008.67;2083.68;-1924.99;0.00
0.24;10.77;47.81;3824.48;1980.98;-1843.50;0.00
0.26;10.27;33.71;2697.06;2065.73;-631.33;0.00
0.25;11.00;45.51;3641.19;2069.22;-1571.98;0.00
0.26;10.56;46.61;3729.19;2092.27;-1636.92;0.00
0.25;9.42;40.23;3218.71;1981.85;-1236.87;0.00
0.26;9.41;44.93;3594.57;2042.24;-1552.33;0.00
0.26;10.82;36.26;2900.71;2107.73;-792.98;0.00
0.25;9.03;35.35;2827.72;1968.03;-859.70;0.00
0.24;8.67;40.88;3270.75;1845.98;-1424.76;0.00
0.26;9.57;33.43;2674.71;2050.18;-624.53;0.00
0.24;10.30;37.09;2967.44;1959.18;-1008.25;0.00
0.26;9.80;50.88;4070.59;2059.36;-2011.23;0.00
0.22;10.52;34.91;2793.04;1858.85;-934.19;0.00
0.26;11.69;45.26;3621.03;2167.17;-1453.86;0.00
0.24;9.56;41.30;3304.18;1924.39;-1379.80;0.00
0.29;9.03;39.50;3159.91;2190.79;-969.11;0.00
0.28;11.78;39.99;3199.18;2245.62;-953.56;0.00
0.26;10.31;51.49;4118.84;2066.84;-2052.00;0.00
0.22;10.74;40.16;3213.04;1842.36;-1370.68;0.00
0.26;9.75;40.09;3207.51;2025.06;-1182.45;0.00
0.23;10.94;31.25;2500.09;1921.06;-579.03;0.00
0.21;11.62;41.53;3322.63;1845.80;-1476.83;0.00
0.24;10.69;40.41;3232.53;1975.65;-1256.87;0.00
0.23;9.69;37.71;3017.16;1841.19;-1175.98;0.00
0.28;11.12;44.89;3591.41;2210.49;-1380.92;0.00
0.24;8.37;41.30;3303.60;1859.22;-1444.38;0.00
0.25;10.67;35.20;2815.65;2005.50;-810.16;0.00
0.25;10.93;44.24;3539.17;2069.37;-1469.79;0.00
0.24;10.03;42.65;3411.96;1961.27;-1450.69;0.00
0.26;9.99;35.03;2802.04;2037.35;-764.69;0.00
0.21;11.40;39.29;3143.03;1863.72;-1279.32;0.00
0.23;8.02;38.72;3097.36;1762.89;-1334.47;0.00
0.27;10.40;36.05;2884.25;2140.18;-744.07;0.00
0.23;11.50;32.21;2576.59;1980.95;-595.64;0.00
0.27;9.73;42.37;3389.55;2092.62;-1296.92;0.00
0.26;10.12;40.79;3262.81;2067.43;-1195.38;0.00
0.22;11.36;37.68;3014.32;1910.28;-1104.04;0.00
0.24;12.48;41.81;3344.87;2075.80;-1269.07;0.00
0.23;9.96;30.25;2420.28;1888.19;-532.09;0.00
0.25;8.40;45.24;3619.50;1890.13;-1729.37;0.00
0.22;9.35;36.81;2944.41;1816.97;-1127.44;0.00
0.27;8.83;41.99;3359.57;2035.18;-1324.39;0.00
0.26;9.20;41.91;3352.98;2013.70;-1339.28;0.00
0.22;11.93;35.21;2816.63;1919.60;-897.03;0.00
0.26;11.74;40.98;3278.11;2161.26;-1116.85;0.00
0.21;10.16;40.42;3233.61;1771.20;-1462.41;0.00
0.26;10.31;38.36;3069.19;2055.27;-1013.91;0.00
0.23;11.61;36.05;2883.99;1953.02;-930.97;0.00
0.24;11.46;43.18;3454.48;1994.37;-1460.11;0.00
0.21;10.93;40.64;3250.86;1838.38;-1412.48;0.00
0.26;10.39;39.52;3161.88;2096.09;-1065.79;0.00
0.26;12.52;48.73;3898.72;2196.53;-1702.19;0.00
0.29;9.61;42.28;3382.41;2183.42;-1199.00;0.00
0.30;7.24;42.30;3383.89;2167.36;-1216.53;0.00
0.23;10.57;49.20;3935.77;1884.43;-2051.34;0.00
0.23;8.93;30.15;2411.92;1851.98;-559.94;0.00
0.30;10.56;41.70;3335.84;2341.78;-994.06;0.00
0.26;11.09;36.65;2932.21;2120.36;-811.85;0.00
0.28;9.00;46.41;3713.09;2107.73;-1605.36;0.00
0.27;11.65;44.26;3540.58;2185.33;-1355.25;0.00
0.28;11.07;38.72;3097.93;2244.13;-853.80;0.00
0.26;9.38;42.65;3411.64;2017.87;-1393.77;0.00
0.21;10.23;45.16;3612.55;1779.71;-1832.84;0.00
0.24;11.53;42.42;3393.23;2017.94;-1375.29;0.00
0.25;8.52;35.25;2820.07;1912.24;-907.83;0.00
0.26;11.37;41.23;3298.37;2156.91;-1141.47;0.00
0.25;9.45;47.73;3818.55;1968.58;-1849.97;0.00
0.23;9.10;35.45;2835.83;1811.52;-1024.31;0.00
0.27;10.69;47.69;3814.81;2146.87;-1667.94;0.00
0.25;11.52;47.27;3781.43;2100.47;-1680.96;0.00
0.26;9.87;34.89;2791.42;2064.71;-726.71;0.00
0.23;9.57;36.18;2894.34;1858.61;-1035.73;0.00
0.25;8.20;47.43;3794.41;1906.48;-1887.93;0.00
0.31;12.02;45.55;3644.09;2479.75;-1164.34;0.00
0.26;9.78;47.80;3823.62;2044.84;-1778.78;0.00
0.22;10.90;45.90;3672.20;1887.18;-1785.02;0.00
0.27;10.54;42.29;3382.83;2144.15;-1238.68;0.00
0.27;9.94;48.34;3867.50;2126.78;-1740.72;0.00
0.25;12.13;37.13;2970.60;2112.58;-858.01;0.00
0.25;9.50;36.82;2945.73;1981.04;-964.68;0.00
0.24;11.18;35.85;2867.61;2015.90;-851.71;0.00
0.25;10.51;28.62;2289.74;2031.25;-258.49;0.00
0.26;10.13;42.76;3420.94;2077.38;-1343.56;0.00
0.31;9.28;52.69;4214.96;2318.62;-1896.34;0.00
0.25;11.73;34.26;2740.68;2078.17;-662.50;0.00
0.21;11.05;35.87;2869.89;1795.48;-1074.41;0.00
0.23;9.17;40.46;3237.06;1809.14;-1427.92;0.00
0.27;8.93;38.11;3048.74;2051.05;-997.69;0.00
0.28;8.60;34.46;2756.48;2081.89;-674.58;0.00
0.25;10.30;51.64;4131.05;2019.94;-2111.11;0.00
0.24;11.43;48.75;3900.02;2000.23;-1899.79;0.00
0.22;10.31;39.26;3140.93;1856.13;-1284.79;0.00
0.28;8.03;34.27;2741.94;2072.86;-669.08;0.00
0.24;10.94;46.21;3696.43;2019.00;-1677.43;0.00
0.25;11.01;41.26;3300.96;2080.81;-1220.15;0.00
0.31;11.73;43.38;3470.40;2440.91;-1029.49;0.00
0.24;8.21;42.37;3389.98;1840.46;-1549.52;0.00
0.27;8.42;40.45;3235.63;2020.99;-1214.65;0.00
0.21;9.28;44.79;3583.10;1751.05;-1832.05;0.00
0.25;10.18;37.18;2974.29;1993.72;-980.57;0.00
0.29;10.88;47.35;3788.22;2261.86;-1526.36;0.00
0.21;11.23;46.43;3714.02;1858.03;-1855.98;0.00
0.24;10.11;33.31;2664.95;1957.92;-707.04;0.00
0.20;13.15;36.03;2882.72;1897.43;-985.29;0.00
0.26;9.39;38.32;3065.82;2040.00;-1025.83;0.00
0.25;9.71;39.09;3127.23;2003.65;-1123.58;0.00
0.28;11.55;40.18;3214.60;2279.79;-934.82;0.00
0.26;10.72;44.66;3572.61;2084.52;-1488.09;0.00
0.24;10.52;29.11;2328.71;1954.99;-373.72;0.00
0.22;9.70;36.65;2931.69;1785.62;-1146.08;0.00
0.30;12.96;42.54;3403.47;2466.62;-936.85;0.00
0.27;10.06;38.55;3084.21;2135.33;-948.88;0.00
0.26;9.23;37.60;3008.18;1997.84;-1010.34;0.00
0.24;11.20;37.59;3007.03;1999.98;-1007.05;0.00
0.23;9.96;41.55;3324.01;1871.44;-1452.57;0.00
0.29;9.56;43.71;3496.88;2216.25;-1280.63;0.00
0.23;9.88;34.07;2725.44;1878.36;-847.08;0.00
0.22;9.42;32.75;2619.92;1800.59;-819.33;0.00
0.24;8.87;44.44;3554.92;1886.42;-1668.49;0.00
0.27;10.83;48.76;3900.73;2130.57;-1770.16;0.00
0.30;9.57;38.70;3095.66;2243.62;-852.03;0.00
0.22;11.12;35.21;2816.97;1875.70;-941.27;0.00
0.24;10.09;48.18;3854.19;1959.93;-1894.25;0.00
0.28;9.24;43.61;3489.16;2126.34;-1362.83;0.00
0.24;10.32;39.80;3183.92;1946.98;-1236.94;0.00
0.28;8.80;46.68;3734.65;2095.63;-1639.02;0.00
0.28;11.62;40.41;3232.68;2269.37;-963.31;0.00
0.27;9.72;36.58;2926.24;2083.96;-842.28;0.00
0.25;12.23;48.79;3902.93;2121.68;-1781.25;0.00
0.28;9.85;39.54;3162.86;2143.94;-1018.92;0.00
0.23;9.07;43.46;3476.82;1827.94;-1648.88;0.00
0.25;9.28;47.64;3811.32;1977.57;-1833.75;0.00
0.25;10.72;44.84;3587.31;2015.73;-1571.58;0.00
0.26;9.84;47.51;3800.89;2050.58;-1750.31;0.00
0.25;9.54;34.57;2765.67;1963.61;-802.06;0.00
0.25;11.08;42.36;3388.91;2056.97;-1331.94;0.00
0.27;10.01;38.38;3070.69;2123.29;-947.40;0.00
0.25;11.59;45.01;3600.56;2091.04;-1509.53;0.00
0.22;9.55;35.65;2852.12;1777.36;-1074.76;0.00
0.26;9.65;42.50;3399.92;2023.70;-1376.21;0.00
0.23;7.46;37.30;2984.26;1748.53;-1235.72;0.00
0.23;12.16;40.34;3227.36;1976.22;-1251.14;0.00
0.24;11.44;40.31;3224.41;2012.02;-1212.39;0.00
0.25;10.50;42.26;3380.99;2000.65;-1380.34;0.00
0.25;10.45;43.02;3441.35;2005.07;-1436.29;0.00
0.25;10.44;43.25;3459.76;2019.72;-1440.04;0.00
0.28;9.31;42.79;3422.86;2158.37;-1264.49;0.00
0.25;8.87;43.90;3511.67;1960.65;-1551.02;0.00
0.24;11.25;38.07;3045.36;1994.20;-1051.16;0.00
0.24;10.54;49.54;3963.25;1978.59;-1984.66;0.00
0.27;9.50;36.35;2907.97;2103.69;-804.27;0.00
0.28;8.50;41.68;3334.73;2068.14;-1266.60;0.00
0.24;10.32;36.28;2902.59;1969.11;-933.48;0.00
0.28;9.89;44.38;3550.25;2174.38;-1375.86;0.00
0.19;9.13;40.06;3204.98;1581.99;-1623.00;0.00
0.23;10.39;41.13;3290.68;1898.61;-1392.07;0.00
0.26;9.42;39.31;3144.53;2014.52;-1130.01;0.00
0.23;8.26;40.76;3260.86;1763.63;-1497.23;0.00
0.25;8.03;37.57;3005.72;1917.96;-1087.76;0.00
0.26;9.08;38.63;3090.06;2016.07;-1073.99;0.00
0.27;10.50;36.22;2897.31;2141.54;-755.77;0.00
0.27;12.77;45.74;3659.04;2261.35;-1397.69;0.00
0.24;10.47;38.80;3104.16;1984.33;-1119.83;0.00
0.21;9.37;41.67;3333.68;1753.84;-1579.84;0.00
0.26;10.31;47.40;3792.02;2085.10;-1706.92;0.00
0.22;8.86;41.39;3310.97;1775.14;-1535.83;0.00
0.21;9.16;39.51;3160.85;1705.56;-1455.29;0.00
0.25;11.16;38.06;3044.41;2051.71;-992.70;0.00
0.24;10.43;39.39;3151.35;1946.49;-1204.87;0.00
0.27;9.36;38.52;3081.91;2086.91;-994.99;0.00
0.26;10.15;43.18;3454.69;2038.22;-1416.47;0.00
0.24;10.91;42.98;3438.41;1975.07;-1463.34;0.00
0.22;9.81;37.15;2972.10;1835.36;-1136.75;0.00
0.26;9.62;35.64;2851.18;2057.94;-793.24;0.00
0.24;11.84;46.01;3680.72;2024.81;-1655.91;0.00
0.24;11.25;49.24;3938.98;2009.02;-1929.97;0.00
0.26;9.50;49.92;3993.67;2040.99;-1952.68;0.00
0.21;10.38;39.48;3158.78;1787.47;-1371.31;0.00
0.23;9.63;47.10;3767.67;1833.21;-1934.45;0.00
0.27;10.78;45.38;3630.56;2163.36;-1467.20;0.00
0.25;10.50;47.37;3789.31;2030.11;-1759.20;0.00
0.25;11.08;42.44;3395.13;2028.82;-1366.31;0.00
0.30;11.02;38.80;3103.76;2339.81;-763.94;0.00
0.22;10.68;41.11;3288.43;1867.54;-1420.90;0.00
0.27;10.38;43.22;3457.83;2150.58;-1307.25;0.00
0.24;9.00;41.42;3313.58;1898.07;-1415.51;0.00
0.24;9.91;40.59;3247.39;1940.71;-1306.68;0.00
0.30;9.26;42.12;3369.51;2223.15;-1146.37;0.00
0.25;10.30;41.48;3318.11;2019.60;-1298.51;0.00
0.20;9.55;42.16;3372.49;1671.10;-1701.39;0.00
0.22;9.98;39.78;3182.52;1850.15;-1332.37;0.00
0.24;9.09;44.01;3520.87;1867.38;-1653.49;0.00
0.23;8.26;44.84;3586.92;1810.47;-1776.45;0.00
0.24;10.07;47.00;3759.90;1944.51;-1815.39;0.00
0.21;9.74;32.54;2603.37;1745.26;-858.11;0.00
0.27;11.82;40.29;3223.49;2194.80;-1028.69;0.00
0.23;10.14;44.86;3588.76;1860.89;-1727.87;0.00
0.22;9.90;40.82;3265.50;1789.22;-1476.29;0.00
0.30;10.66;37.32;2985.55;2328.54;-657.01;0.00
0.21;10.91;39.62;3169.47;1829.76;-1339.72;0.00
0.24;11.52;40.84;3267.19;2017.52;-1249.67;0.00
0.25;11.29;32.71;2616.63;2076.68;-539.94;0.00
0.24;10.46;41.06;3284.70;1985.18;-1299.52;0.00
0.31;10.28;32.49;2599.60;2372.55;-227.05;0.00
0.21;10.02;43.83;3506.11;1757.85;-1748.25;0.00
0.26;10.09;43.19;3455.53;2034.35;-1421.18;0.00
0.27;10.89;42.57;3405.79;2158.89;-1246.91;0.00
0.23;9.54;36.44;2915.29;1850.93;-1064.36;0.00
0.26;10.07;38.80;3103.90;2032.91;-1070.99;0.00
0.20;10.49;44.29;3543.52;1743.92;-1799.60;0.00
0.26;9.66;40.05;3203.70;2030.15;-1173.56;0.00
0.28;10.12;36.52;2921.53;2168.64;-752.90;0.00
0.23;11.52;42.73;3418.18;1954.87;-1463.32;0.00
0.25;10.28;36.70;2936.36;2024.68;-911.68;0.00
0.24;10.35;36.83;2946.25;1946.69;-999.55;0.00
0.25;10.74;43.15;3451.98;2043.37;-1408.61;0.00
0.26;8.36;45.72;3657.85;1948.57;-1709.27;0.00
0.23;7.02;36.98;2958.10;1717.94;-1240.16;0.00
0.22;11.49;38.98;3118.48;1898.81;-1219.67;0.00
0.31;10.88;47.15;3772.22;2367.82;-1404.41;0.00
0.27;9.30;45.87;3669.78;2080.99;-1588.79;0.00
0.21;8.74;52.58;4206.67;1722.96;-2483.71;0.00
0.26;8.75;34.96;2797.12;2005.25;-791.86;0.00
0.21;9.45;30.64;2451.47;1749.88;-701.59;0.00
0.23;10.26;28.78;2302.44;1884.03;-418.41;0.00
0.24;11.57;36.00;2880.30;2009.48;-870.82;0.00
0.25;9.62;33.44;2675.14;1980.24;-694.91;0.00
0.28;8.34;40.26;3220.60;2066.91;-1153.68;0.00
0.24;9.66;34.13;2730.14;1943.05;-787.09;0.00
0.25;9.39;47.18;3774.33;1983.43;-1790.89;0.00
0.20;8.21;42.30;3384.01;1627.87;-1756.15;0.00
0.22;11.43;32.88;2630.66;1912.11;-718.54;0.00
0.27;11.23;41.14;3291.36;2186.66;-1104.70;0.00
0.23;12.03;30.18;2414.65;1991.89;-422.76;0.00
0.26;11.37;39.76;3180.61;2145.70;-1034.91;0.00
0.24;9.55;45.17;3613.59;1909.06;-1704.53;0.00
0.33;9.60;38.22;3057.50;2457.38;-600.12;0.00
0.24;10.88;44.67;3573.54;2005.91;-1567.62;0.00
0.25;12.51;39.65;3171.73;2143.95;-1027.78;0.00
0.22;9.50;42.29;3382.99;1784.45;-1598.54;0.00
0.27;8.83;49.14;3931.17;2041.46;-1889.71;0.00
0.29;8.99;38.41;3072.85;2195.20;-877.66;0.00
0.25;11.35;37.32;2985.70;2095.38;-890.32;0.00
0.25;10.70;39.59;3167.50;2013.24;-1154.26;0.00
0.26;11.25;37.27;2981.26;2107.32;-873.94;0.00
0.22;9.06;40.75;3259.74;1754.15;-1505.58;0.00
0.27;11.31;46.66;3732.69;2208.18;-1524.50;0.00
0.25;10.33;41.27;3301.57;1998.16;-1303.41;0.00
0.21;8.53;36.44;2914.88;1680.79;-1234.08;0.00
0.26;12.65;35.56;2844.70;2209.75;-634.95;0.00
0.24;9.73;41.16;3292.94;1924.44;-1368.51;0.00
0.23;9.81;46.78;3742.68;1862.79;-1879.89;0.00
0.20;11.67;36.02;2881.55;1796.37;-1085.17;0.00
0.27;9.87;39.79;3183.18;2094.81;-1088.38;0.00
0.28;11.38;42.94;3435.09;2225.72;-1209.37;0.00
0.25;10.94;39.15;3131.83;2026.47;-1105.36;0.00
0.24;9.67;33.98;2718.33;1929.98;-788.35;0.00
0.24;11.11;40.56;3244.43;1970.55;-1273.89;0.00
0.28;10.31;41.69;3335.00;2187.79;-1147.21;0.00
0.25;10.29;38.78;3102.16;2037.91;-1064.25;0.00
0.24;9.03;44.14;3531.10;1898.32;-1632.78;0.00
0.25;11.85;43.85;3507.67;2107.98;-1399.69;0.00
0.30;10.60;35.62;2849.83;2293.14;-556.69;0.00
0.22;10.05;39.94;3195.34;1830.21;-1365.12;0.00
0.28;8.79;39.64;3171.37;2078.71;-1092.66;0.00
0.25;11.58;31.52;2521.39;2107.79;-413.60;0.00
0.25;9.99;40.15;3212.17;1991.77;-1220.40;0.00
0.25;10.36;38.54;3083.34;2000.00;-1083.34;0.00
0.25;10.36;29.42;2353.79;2023.60;-330.19;0.00
0.29;9.69;43.47;3477.32;2221.61;-1255.72;0.00
0.24;10.21;41.29;3302.99;1969.23;-1333.75;0.00
0.29;8.64;44.63;3570.77;2175.89;-1394.88;0.00
0.26;9.73;40.68;3254.35;2016.83;-1237.52;0.00
0.26;10.77;42.11;3368.86;2079.09;-1289.77;0.00
0.20;9.32;40.15;3212.27;1648.03;-1564.23;0.00
0.30;9.98;41.02;3281.51;2281.46;-1000.05;0.00
0.27;10.60;47.04;3763.44;2142.45;-1620.99;0.00
0.26;9.73;36.95;2955.82;2055.30;-900.52;0.00
0.26;9.87;40.21;3217.02;2065.66;-1151.36;0.00
0.25;10.72;41.16;3293.05;2026.41;-1266.64;0.00
0.25;9.30;40.60;3247.72;1941.54;-1306.18;0.00
0.24;13.31;45.91;3672.42;2135.05;-1537.37;0.00
0.28;10.47;38.94;3114.98;2225.98;-889.00;0.00
0.27;7.73;35.79;2863.42;1970.92;-892.50;0.00
0.24;10.30;41.47;3317.91;1946.12;-1371.79;0.00
0.21;7.97;47.27;3781.76;1656.87;-2124.88;0.00
0.25;9.22;36.97;2957.65;1953.40;-1004.24;0.00
0.24;10.42;41.02;3281.99;1970.48;-1311.51;0.00
0.23;10.76;44.07;3525.96;1927.47;-1598.49;0.00
0.25;10.63;40.03;3202.05;2049.51;-1152.54;0.00
0.25;13.06;35.61;2848.65;2191.43;-657.22;0.00
0.25;11.13;37.38;2990.04;2045.27;-944.77;0.00
0.28;9.73;34.44;2755.51;2184.31;-571.21;0.00
0.24;11.99;45.40;3631.97;2034.48;-1597.50;0.00
0.28;10.17;39.17;3133.34;2182.67;-950.67;0.00
0.26;10.73;39.99;3199.36;2122.45;-1076.91;0.00
0.27;9.01;43.51;3481.11;2035.59;-1445.52;0.00
0.23;10.35;35.53;2842.71;1900.49;-942.21;0.00
0.26;9.14;45.96;3677.16;2004.52;-1672.65;0.00
0.25;9.56;37.32;2985.90;1947.51;-1038.39;0.00
0.22;9.10;34.21;2737.06;1773.40;-963.66;0.00
0.24;12.14;43.14;3451.44;2029.13;-1422.31;0.00
0.25;10.71;45.10;3607.99;2049.04;-1558.95;0.00
0.22;9.97;40.65;3252.19;1820.75;-1431.44;0.00
0.26;10.43;35.53;2842.29;2070.91;-771.39;0.00
0.25;10.37;45.99;3679.57;2012.69;-1666.88;0.00
0.24;10.30;38.05;3044.19;1951.58;-1092.60;0.00
0.28;9.81;39.54;3163.11;2190.11;-973.00;0.00
0.27;9.22;40.69;3254.84;2075.43;-1179.41;0.00
0.28;7.86;41.56;3324.42;2030.33;-1294.09;0.00
0.23;11.50;42.57;3405.42;1939.67;-1465.76;0.00
0.24;9.68;47.60;3808.09;1933.78;-1874.31;0.00
0.25;11.08;33.63;2690.35;2050.79;-639.56;0.00
0.26;11.51;41.30;3304.00;2130.48;-1173.52;0.00
0.27;10.44;39.36;3148.45;2114.06;-1034.38;0.00
0.22;9.88;39.95;3196.03;1793.66;-1402.37;0.00
0.24;11.03;43.09;3447.58;2020.57;-1427.02;0.00
0.22;10.63;42.40;3392.13;1839.25;-1552.88;0.00
0.21;12.65;42.17;3373.26;1901.47;-1471.79;0.00
0.21;8.58;45.18;3614.59;1692.08;-1922.51;0.00
0.28;10.25;42.92;3433.63;2163.03;-1270.60;0.00
0.24;11.26;48.33;3866.40;2018.21;-1848.19;0.00
0.27;11.26;57.25;4579.79;2189.94;-2389.85;0.00
0.30;10.65;40.66;3253.08;2336.12;-916.96;0.00
0.24;10.87;32.55;2604.02;2005.44;-598.58;0.00
0.22;12.04;33.78;2702.60;1950.09;-752.50;0.00
0.30;10.68;46.22;3697.89;2309.57;-1388.32;0.00
0.21;10.37;37.67;3013.27;1786.12;-1227.15;0.00
0.19;10.87;36.72;2937.50;1675.45;-1262.05;0.00
0.25;10.46;40.89;3270.84;2030.70;-1240.14;0.00
0.23;10.03;43.69;3495.01;1885.75;-1609.26;0.00
0.25;8.94;41.87;3349.80;1915.61;-1434.19;0.00
0.22;10.36;45.32;3625.95;1853.26;-1772.69;0.00
0.23;9.91;41.19;3295.51;1883.46;-1412.05;0.00
0.24;10.43;40.74;3259.57;1963.66;-1295.91;0.00
0.29;9.47;34.92;2793.97;2191.12;-602.85;0.00
0.25;11.06;38.87;3109.31;2064.70;-1044.61;0.00
0.24;11.33;35.61;2848.68;1983.65;-865.03;0.00
0.25;9.79;38.95;3116.12;1964.88;-1151.24;0.00
0.24;9.19;34.92;2793.20;1915.37;-877.83;0.00
0.25;10.33;38.49;3079.41;2032.26;-1047.14;0.00
0.22;11.94;36.69;2935.45;1954.36;-981.09;0.00
0.21;10.29;36.94;2954.96;1788.91;-1166.04;0.00
0.19;8.98;43.95;3515.95;1579.55;-1936.40;0.00
0.23;12.05;43.46;3476.63;1973.88;-1502.75;0.00
0.23;9.59;42.04;3363.55;1835.20;-1528.35;0.00
0.24;10.30;44.40;3552.14;1957.14;-1595.00;0.00
0.28;10.67;41.18;3294.61;2199.58;-1095.03;0.00
0.24;10.45;51.31;4104.91;1941.68;-2163.22;0.00
0.27;10.42;38.54;3082.87;2136.22;-946.66;0.00
0.24;11.87;42.66;3412.62;2064.25;-1348.37;0.00
0.24;10.25;36.34;2907.04;1927.57;-979.46;0.00
0.25;6.69;34.56;2764.87;1802.77;-962.10;0.00
0.26;10.33;43.72;3497.95;2057.54;-1440.41;0.00
0.22;10.39;49.04;3923.49;1828.74;-2094.75;0.00
0.21;9.98;55.17;4413.25;1742.19;-2671.06;0.00
0.25;12.42;44.41;3552.58;2103.90;-1448.67;0.00
0.23;11.85;38.78;3102.15;1978.82;-1123.33;0.00
0.25;8.50;36.70;2935.68;1916.09;-1019.58;0.00
0.26;9.97;40.29;3223.38;2065.68;-1157.70;0.00
0.28;11.75;43.64;3490.92;2246.78;-1244.14;0.00
0.26;10.09;36.80;2944.03;2084.41;-859.62;0.00
0.23;11.10;40.89;3271.01;1949.65;-1321.36;0.00
0.25;10.72;43.46;3477.12;2029.97;-1447.15;0.00
0.21;12.08;36.37;2909.30;1895.59;-1013.71;0.00
0.25;9.82;33.68;2694.11;2002.04;-692.06;0.00
0.23;11.22;43.50;3480.34;1966.74;-1513.60;0.00
0.21;10.00;40.09;3206.94;1792.86;-1414.07;0.00
0.26;11.11;47.14;3771.08;2126.85;-1644.23;0.00
0.20;9.50;39.54;3163.46;1653.82;-1509.64;0.00
0.22;8.36;42.49;3399.42;1754.39;-1645.04;0.00
0.26;11.00;47.64;3810.86;2096.51;-1714.35;0.00
0.23;10.37;39.36;3148.91;1901.31;-1247.61;0.00
0.29;10.93;36.12;2889.47;2283.47;-606.00;0.00
0.25;10.25;36.52;2921.71;2004.73;-916.98;0.00
0.25;10.85;43.33;3466.71;2015.34;-1451.37;0.00
0.23;9.96;44.01;3520.49;1863.20;-1657.28;0.00
0.24;9.77;38.80;3104.01;1931.33;-1172.68;0.00
0.26;10.55;41.72;3337.83;2099.70;-1238.13;0.00
0.25;8.94;44.91;3592.54;1927.11;-1665.44;0.00
0.25;10.78;37.77;3021.40;2016.94;-1004.46;0.00
0.22;8.83;46.40;3712.08;1736.05;-1976.03;0.00
0.27;10.72;40.33;3226.79;2158.48;-1068.31;0.00
0.23;11.41;41.18;3294.71;1930.22;-1364.50;0.00
0.25;10.53;37.78;3022.11;2016.83;-1005.28;0.00
0.25;9.81;35.91;2873.16;2014.99;-858.16;0.00
0.21;8.24;44.12;3529.64;1692.88;-1836.76;0.00
0.28;9.21;34.23;2738.36;2138.03;-600.33;0.00
0.22;11.57;35.59;2846.85;1921.39;-925.45;0.00
0.22;11.80;36.47;2917.59;1948.63;-968.97;0.00
0.26;12.93;45.10;3607.99;2209.77;-1398.22;0.00
0.20;9.53;39.73;3178.44;1691.40;-1487.04;0.00
0.20;9.64;35.35;2828.24;1658.97;-1169.27;0.00
0.23;9.80;36.41;2913.12;1866.35;-1046.76;0.00
0.24;12.93;31.22;2497.99;2098.88;-399.11;0.00
0.28;12.29;38.06;3044.61;2286.74;-757.86;0.00
0.19;8.93;47.55;3804.31;1563.12;-2241.19;0.00
0.26;12.55;42.24;3379.45;2180.79;-1198.66;0.00
0.26;9.59;42.15;3372.28;2055.33;-1316.95;0.00
0.23;10.92;46.04;3683.26;1959.15;-1724.11;0.00
0.24;10.46;42.78;3422.77;1966.90;-1455.87;0.00
0.28;9.58;33.02;2641.39;2147.44;-493.94;0.00
0.25;8.55;42.47;3397.73;1895.27;-1502.46;0.00
0.27;10.16;42.57;3405.59;2128.80;-1276.79;0.00
0.25;10.10;43.94;3515.28;2030.89;-1484.39;0.00
0.23;9.61;36.15;2891.95;1877.03;-1014.93;0.00
0.22;8.67;40.27;3221.70;1735.78;-1485.92;0.00
0.26;10.09;34.94;2795.18;2070.30;-724.88;0.00
0.25;8.80;40.14;3211.46;1905.43;-1306.04;0.00
0.26;10.50;56.09;4487.38;2105.64;-2381.74;0.00
0.22;13.35;40.62;3249.74;2009.30;-1240.44;0.00
0.26;9.11;41.30;3303.90;2037.13;-1266.77;0.00
0.27;10.98;37.22;2977.32;2141.70;-835.62;0.00
0.22;12.34;36.89;2950.84;1963.48;-987.36;0.00
0.25;10.44;38.66;3092.83;2001.67;-1091.15;0.00
0.21;11.79;41.17;3293.92;1882.25;-1411.66;0.00
0.27;10.32;33.90;2712.14;2147.20;-564.93;0.00
0.24;10.05;31.03;2482.77;1932.85;-549.92;0.00
0.23;10.11;45.85;3667.76;1912.70;-1755.06;0.00
0.29;10.50;36.58;2926.00;2272.50;-653.50;0.00
0.30;10.07;43.00;3439.92;2294.48;-1145.44;0.00
0.27;8.70;36.30;2903.70;2041.35;-862.35;0.00
0.25;9.29;44.26;3540.53;1962.18;-1578.35;0.00
0.22;9.36;38.70;3096.08;1798.39;-1297.68;0.00
0.26;9.02;34.49;2758.88;1987.30;-771.58;0.00
0.26;8.72;31.79;2543.52;1975.38;-568.14;0.00
0.23;8.62;45.35;3627.71;1779.94;-1847.77;0.00
0.26;11.56;46.41;3712.41;2148.39;-1564.02;0.00
0.25;8.72;43.65;3492.32;1942.70;-1549.62;0.00
0.28;9.91;45.28;3622.45;2185.59;-1436.87;0.00
0.24;10.57;36.44;2914.99;1944.13;-970.86;0.00
0.31;11.04;44.95;3596.07;2421.63;-1174.44;0.00
0.23;10.59;42.67;3413.40;1933.72;-1479.68;0.00
0.26;11.39;39.79;3183.43;2127.53;-1055.90;0.00
0.29;10.59;45.27;3621.86;2264.12;-1357.73;0.00
0.23;9.79;46.30;3704.08;1898.56;-1805.52;0.00
0.27;9.94;31.94;2555.25;2107.98;-447.27;0.00
0.24;10.11;40.82;3265.70;1944.25;-1321.45;0.00
0.27;11.40;40.87;3269.56;2190.16;-1079.40;0.00
0.25;10.53;36.78;2942.71;2050.70;-892.00;0.00
0.26;9.19;41.39;3311.04;2037.02;-1274.02;0.00
0.24;7.45;43.38;3470.75;1825.80;-1644.95;0.00
0.27;10.01;35.78;2862.44;2120.96;-741.48;0.00
0.22;10.91;40.69;3255.27;1853.52;-1401.75;0.00
0.24;11.18;41.78;3342.16;1997.11;-1345.05;0.00
0.22;7.78;33.58;2686.48;1682.63;-1003.85;0.00
0.25;10.10;41.10;3287.74;1994.23;-1293.51;0.00
0.25;11.16;41.48;3318.00;2071.22;-1246.78;0.00
0.22;10.27;36.99;2959.55;1861.91;-1097.63;0.00
0.23;10.23;33.74;2698.97;1908.06;-790.91;0.00
0.23;10.35;31.87;2549.87;1904.87;-645.00;0.00
0.25;10.37;45.97;3677.41;2042.71;-1634.71;0.00
0.22;10.27;37.99;3039.31;1817.15;-1222.16;0.00
0.24;10.61;37.95;3035.61;1966.22;-1069.39;0.00
0.24;8.42;38.93;3114.67;1842.91;-1271.76;0.00
0.25;8.80;40.17;3213.20;1949.60;-1263.61;0.00
0.30;10.19;43.24;3458.98;2290.41;-1168.56;0.00
0.27;11.21;40.22;3217.86;2160.06;-1057.80;0.00
0.29;12.55;44.65;3571.76;2392.24;-1179.52;0.00
0.30;10.41;38.13;3050.08;2299.27;-750.81;0.00
0.23;9.81;37.49;2999.21;1868.62;-1130.59;0.00
0.29;9.16;32.88;2630.62;2206.66;-423.95;0.00
0.25;8.55;31.44;2515.26;1941.61;-573.64;0.00
0.26;10.08;46.28;3702.27;2057.04;-1645.22;0.00
0.23;10.40;40.47;3237.58;1920.16;-1317.42;0.00
0.26;11.77;38.51;3080.66;2165.45;-915.21;0.00
0.23;9.19;42.18;3374.57;1839.64;-1534.93;0.00
0.22;9.05;39.83;3186.07;1763.13;-1422.94;0.00
0.27;7.54;37.40;2992.16;1972.89;-1019.27;0.00
0.21;9.96;41.78;3342.77;1769.30;-1573.47;0.00
0.24;9.43;38.35;3068.05;1881.06;-1186.99;0.00
0.24;12.26;35.92;2873.58;2070.66;-802.92;0.00
0.25;9.65;39.28;3142.74;1977.03;-1165.71;0.00
0.29;10.13;36.72;2937.58;2233.58;-704.00;0.00
0.25;11.11;44.82;3585.82;2046.28;-1539.54;0.00
0.27;10.11;39.06;3125.09;2148.92;-976.17;0.00
0.27;11.91;36.86;2948.67;2193.35;-755.33;0.00
0.25;7.94;45.16;3613.08;1869.70;-1743.38;0.00
0.25;10.96;41.11;3288.74;2035.72;-1253.01;0.00
0.27;9.68;42.04;3362.85;2072.31;-1290.55;0.00
0.31;11.67;44.31;3544.64;2442.60;-1102.04;0.00
0.22;10.95;35.49;2839.03;1848.32;-990.71;0.00
0.25;10.67;47.12;3769.37;2051.90;-1717.47;0.00
0.24;9.48;48.16;3853.08;1899.09;-1953.99;0.00
0.24;9.49;46.47;3717.64;1920.04;-1797.61;0.00
0.22;10.63;33.85;2708.30;1837.89;-870.40;0.00
0.22;10.22;45.16;3612.95;1814.56;-1798.38;0.00
0.24;8.75;43.86;3508.53;1894.06;-1614.47;0.00
0.23;10.59;40.80;3264.30;1927.54;-1336.76;0.00
0.20;10.87;39.58;3166.60;1740.94;-1425.65;0.00
0.27;10.40;31.66;2533.01;2115.50;-417.51;0.00
0.24;8.49;41.15;3292.36;1864.96;-1427.41;0.00
0.19;10.79;38.95;3116.07;1665.96;-1450.10;0.00
0.26;9.38;38.21;3056.52;2033.62;-1022.90;0.00
0.26;8.48;40.43;3234.05;1958.73;-1275.32;0.00
0.26;8.64;32.29;2583.59;1994.89;-588.70;0.00
0.23;8.58;44.92;3593.79;1775.41;-1818.38;0.00
0.23;8.32;43.46;3477.13;1791.78;-1685.35;0.00
0.23;8.52;36.12;2889.82;1811.27;-1078.54;0.00
0.24;11.80;45.41;3632.56;2020.83;-1611.73;0.00
0.22;8.99;40.09;3207.03;1770.82;-1436.21;0.00
0.24;10.22;48.85;3907.70;1941.96;-1965.74;0.00
0.23;10.99;40.86;3268.95;1959.85;-1309.10;0.00
0.24;10.05;38.92;3113.89;1923.00;-1190.89;0.00
0.26;11.78;40.14;3210.95;2147.59;-1063.36;0.00
0.26;10.87;41.88;3350.43;2081.06;-1269.38;0.00
0.20;10.40;37.84;3026.92;1744.79;-1282.13;0.00
0.24;10.01;37.79;3022.91;1937.88;-1085.02;0.00
0.26;10.26;39.02;3121.98;2092.98;-1029.00;0.00
0.24;11.38;30.61;2449.05;1989.64;-459.41;0.00
0.27;10.06;42.23;3378.57;2096.63;-1281.94;0.00
0.23;11.35;35.43;2834.22;1943.49;-890.74;0.00
0.27;9.79;42.13;3370.71;2119.30;-1251.41;0.00
0.26;7.95;36.63;2930.31;1945.22;-985.09;0.00
0.26;8.70;44.84;3587.26;2005.70;-1581.56;0.00
0.20;10.17;32.69;2615.19;1721.86;-893.32;0.00
0.29;9.96;39.60;3167.90;2229.00;-938.90;0.00
0.27;10.49;54.04;4323.56;2114.31;-2209.24;0.00
0.26;11.26;30.10;2408.07;2100.86;-307.21;0.00
0.24;11.05;43.55;3484.21;2008.65;-1475.55;0.00
0.24;10.96;40.77;3261.44;2019.47;-1241.97;0.00
0.22;10.80;41.65;3331.77;1870.38;-1461.39;0.00
0.26;10.22;41.97;3357.57;2088.59;-1268.98;0.00
0.25;10.96;44.86;3589.12;2039.10;-1550.02;0.00
0.24;9.18;34.80;2783.93;1891.03;-892.90;0.00
0.26;11.07;38.91;3112.69;2107.43;-1005.26;0.00
0.29;9.97;41.09;3287.42;2200.58;-1086.84;0.00
0.28;10.34;38.03;3042.14;2166.41;-875.74;0.00
0.25;10.83;42.80;3424.36;2037.56;-1386.81;0.00
0.23;10.81;45.60;3648.27;1934.26;-1714.01;0.00
0.25;8.90;43.57;3485.50;1919.48;-1566.03;0.00
0.24;10.82;39.19;3135.00;1959.59;-1175.41;0.00
0.25;10.48;33.63;2690.54;2013.80;-676.74;0.00
0.21;10.88;37.48;2998.04;1837.91;-1160.13;0.00
0.25;11.25;48.48;3878.02;2086.63;-1791.39;0.00
0.27;11.17;38.53;3082.12;2173.25;-908.87;0.00
0.21;11.98;49.11;3928.66;1856.28;-2072.38;0.00
0.27;10.84;47.76;3820.76;2173.93;-1646.83;0.00
0.21;11.01;45.99;3679.57;1806.77;-1872.79;0.00
0.28;9.17;34.72;2777.48;2106.12;-671.36;0.00
0.24;9.89;43.82;3505.92;1948.38;-1557.54;0.00
0.24;12.03;39.13;3130.56;2046.61;-1083.95;0.00
0.24;11.52;36.28;2902.14;2006.45;-895.69;0.00
0.24;10.56;45.95;3675.79;1993.45;-1682.34;0.00
0.23;10.73;42.81;3424.87;1937.89;-1486.98;0.00
0.27;8.39;30.47;2437.78;2025.20;-412.58;0.00
0.29;10.85;42.23;3378.38;2278.63;-1099.75;0.00
0.26;11.44;43.49;3479.23;2111.78;-1367.44;0.00
0.21;9.96;37.65;3011.75;1738.61;-1273.14;0.00
0.27;10.61;41.15;3292.35;2148.96;-1143.38;0.00
0.26;10.20;36.38;2910.45;2070.64;-839.80;0.00
0.30;11.02;42.92;3433.79;2349.05;-1084.74;0.00
0.23;8.67;32.54;2603.60;1813.27;-790.33;0.00
0.31;10.93;43.53;3482.50;2384.33;-1098.17;0.00
0.25;9.88;38.39;3071.26;1999.74;-1071.52;0.00
0.22;10.74;34.13;2730.74;1862.29;-868.45;0.00
0.29;9.82;47.94;3835.25;2217.05;-1618.20;0.00
0.23;9.84;42.41;3392.87;1860.44;-1532.43;0.00
0.26;8.23;41.41;3312.98;1970.40;-1342.59;0.00
0.27;9.56;39.90;3191.67;2075.02;-1116.65;0.00
0.27;10.35;36.94;2954.83;2160.35;-794.47;0.00
0.26;9.71;49.57;3965.99;2046.35;-1919.65;0.00
0.26;9.97;39.30;3143.69;2068.36;-1075.33;0.00
0.22;10.22;34.40;2751.68;1840.43;-911.24;0.00
0.27;10.04;46.97;3757.68;2118.83;-1638.86;0.00
0.25;9.27;45.65;3652.03;1956.99;-1695.03;0.00
0.24;9.81;40.07;3205.87;1944.63;-1261.25;0.00
0.24;11.65;41.81;3344.66;2022.01;-1322.65;0.00
0.23;11.58;34.65;2772.28;1944.37;-827.91;0.00
0.24;9.49;45.21;3617.15;1887.10;-1730.05;0.00
0.25;10.80;33.84;2707.11;2018.25;-688.86;0.00
0.27;10.39;48.94;3915.23;2108.79;-1806.44;0.00
0.22;11.57;36.81;2944.97;1879.81;-1065.16;0.00
0.23;10.33;45.79;3663.43;1918.75;-1744.68;0.00
0.27;9.72;40.60;3247.69;2101.51;-1146.18;0.00
0.29;9.13;39.04;3123.13;2167.54;-955.59;0.00
0.24;9.90;41.84;3347.16;1944.92;-1402.23;0.00
0.22;9.41;38.62;3089.99;1817.42;-1272.57;0.00
0.22;10.18;36.80;2944.03;1845.31;-1098.72;0.00
0.25;9.24;44.53;3562.36;1968.29;-1594.07;0.00
0.30;10.72;30.09;2407.08;2346.89;-60.19;0.00
0.25;10.87;41.43;3314.21;2029.26;-1284.95;0.00
0.27;9.19;36.20;2895.64;2045.37;-850.27;0.00
0.23;9.39;45.14;3610.98;1857.47;-1753.51;0.00
0.23;12.73;39.81;3185.09;2054.28;-1130.81;0.00
0.25;11.05;40.90;3272.28;2052.74;-1219.54;0.00
0.27;8.53;37.87;3029.47;2015.12;-1014.35;0.00
0.23;9.38;38.39;3071.49;1871.01;-1200.48;0.00
0.23;10.97;47.65;3812.31;1930.70;-1881.61;0.00
0.29;9.63;37.17;2973.68;2190.06;-783.62;0.00
0.20;10.03;48.22;3857.91;1693.23;-2164.68;0.00
0.23;9.75;41.80;3343.94;1840.66;-1503.27;0.00
0.26;10.54;45.43;3634.69;2084.37;-1550.32;0.00
0.29;9.82;41.25;3299.72;2249.19;-1050.53;0.00
0.26;9.34;34.28;2742.78;2018.53;-724.25;0.00
0.25;8.72;35.58;2846.56;1928.10;-918.46;0.00
0.26;10.98;43.50;3480.32;2084.00;-1396.32;0.00
0.23;9.66;39.87;3189.64;1853.89;-1335.75;0.00
0.27;10.29;31.50;2520.15;2159.65;-360.51;0.00
0.23;9.49;38.53;3082.46;1833.05;-1249.41;0.00
0.25;10.66;46.42;3713.70;2054.83;-1658.87;0.00
0.22;9.33;33.26;2660.95;1806.75;-854.20;0.00
0.27;12.51;36.47;2917.83;2228.54;-689.29;0.00
0.27;11.67;34.99;2799.31;2195.79;-603.52;0.00
0.26;11.91;31.87;2549.70;2175.75;-373.94;0.00
0.26;9.41;41.06;3284.69;2042.12;-1242.57;0.00
0.21;12.42;45.38;3630.13;1891.28;-1738.85;0.00
0.28;10.73;46.92;3753.45;2224.51;-1528.94;0.00
0.29;9.10;47.30;3783.72;2166.85;-1616.87;0.00
0.29;11.07;42.88;3430.31;2278.56;-1151.75;0.00
0.30;10.48;40.42;3233.97;2296.47;-937.49;0.00
0.22;9.81;40.78;3262.22;1819.17;-1443.05;0.00
0.22;11.51;39.34;3146.90;1924.02;-1222.88;0.00
0.23;11.26;38.50;3080.39;1968.77;-1111.63;0.00
0.26;9.60;34.59;2767.18;2020.03;-747.15;0.00
0.22;11.04;39.66;3172.85;1890.30;-1282.56;0.00
0.29;9.53;34.51;2760.65;2203.15;-557.50;0.00
0.25;9.84;39.18;3134.78;1995.06;-1139.72;0.00
0.26;8.30;38.85;3107.90;1963.22;-1144.67;0.00
0.22;10.77;36.48;2918.34;1872.98;-1045.35;0.00
0.26;12.05;27.89;2230.85;2142.88;-87.96;0.00
0.24;8.90;41.24;3298.99;1885.18;-1413.81;0.00
0.30;11.24;36.58;2926.75;2330.61;-596.13;0.00
0.25;10.43;39.80;3184.25;1996.89;-1187.36;0.00
0.26;10.59;41.95;3355.77;2083.95;-1271.82;0.00
0.27;8.60;39.49;3159.42;2050.56;-1108.86;0.00
0.23;11.45;41.27;3301.89;1969.74;-1332.15;0.00
0.28;11.24;41.55;3323.92;2230.47;-1093.45;0.00
0.26;10.61;38.05;3043.86;2088.69;-955.17;0.00
0.27;10.82;32.21;2576.96;2163.66;-413.30;0.00
0.26;11.13;38.22;3057.40;2109.78;-947.62;0.00
0.25;9.94;38.40;3072.30;1987.24;-1085.06;0.00
0.28;10.24;42.78;3422.22;2196.46;-1225.76;0.00
0.24;11.70;40.67;3253.76;2015.42;-1238.33;0.00
0.28;11.12;36.53;2922.62;2207.46;-715.15;0.00
0.26;9.99;42.34;3387.34;2027.70;-1359.63;0.00
0.25;7.72;45.05;3603.82;1858.48;-1745.34;0.00
0.22;8.54;50.74;4059.16;1764.20;-2294.96;0.00
0.26;9.15;38.55;3083.71;2027.17;-1056.54;0.00
0.27;10.61;47.53;3802.39;2118.97;-1683.43;0.00
0.26;9.15;38.50;3080.19;2015.90;-1064.29;0.00
0.22;8.49;32.34;2587.00;1743.31;-843.68;0.00
0.27;9.65;42.77;3421.39;2080.04;-1341.35;0.00
0.22;11.20;37.53;3002.14;1894.46;-1107.69;0.00
0.23;11.55;37.86;3028.54;1976.17;-1052.37;0.00
0.24;11.35;38.99;3119.03;2000.28;-1118.76;0.00
0.22;10.50;37.12;2969.72;1876.83;-1092.89;0.00
0.25;8.55;43.69;3494.88;1908.90;-1585.98;0.00
0.29;9.34;36.62;2929.22;2206.07;-723.15;0.00
0.27;9.17;41.26;3300.67;2045.90;-1254.77;0.00
0.25;10.11;30.55;2444.16;2014.52;-429.63;0.00
0.24;11.42;30.95;2475.92;2008.71;-467.20;0.00
0.28;9.65;43.56;3484.40;2130.27;-1354.14;0.00
0.24;8.00;40.05;3203.71;1808.15;-1395.56;0.00
0.26;10.88;45.64;3651.34;2084.67;-1566.67;0.00
0.23;10.03;46.92;3753.64;1867.46;-1886.18;0.00
0.23;11.63;41.28;3302.03;1971.30;-1330.73;0.00
0.25;11.24;43.97;3517.45;2069.29;-1448.16;0.00
0.28;10.26;41.97;3357.60;2173.20;-1184.40;0.00
0.24;10.10;40.77;3261.89;1923.93;-1337.96;0.00
0.23;12.34;40.62;3249.77;1994.37;-1255.41;0.00
0.26;10.64;33.81;2704.99;2092.90;-612.10;0.00
0.27;12.28;39.29;3143.02;2236.25;-906.77;0.00
0.23;11.34;46.62;3729.83;1935.05;-1794.78;0.00
0.29;10.43;47.13;3770.61;2229.67;-1540.94;0.00
0.21;10.55;37.18;2974.72;1778.86;-1195.86;0.00
0.26;11.91;40.46;3237.19;2134.67;-1102.51;0.00
0.19;11.89;36.66;2932.99;1770.57;-1162.43;0.00
0.27;9.92;49.44;3955.43;2113.59;-1841.83;0.00
0.26;12.09;43.63;3490.63;2144.12;-1346.50;0.00
0.24;10.46;46.23;3698.43;1971.72;-1726.71;0.00
0.22;10.25;42.02;3361.38;1842.42;-1518.97;0.00
0.21;8.01;33.85;2708.17;1643.01;-1065.16;0.00
0.32;7.86;29.88;2390.71;2291.00;-99.71;0.00
0.29;8.49;34.29;2743.32;2120.78;-622.54;0.00
0.23;11.63;46.90;3752.27;1997.76;-1754.51;0.00
0.23;13.27;38.59;3087.16;2046.12;-1041.04;0.00
0.24;10.44;40.91;3272.87;1962.96;-1309.91;0.00
0.21;8.58;32.29;2582.90;1712.32;-870.58;0.00
0.28;11.00;49.74;3979.39;2219.97;-1759.42;0.00
0.28;11.20;40.98;3278.78;2247.22;-1031.57;0.00
0.24;8.17;43.04;3443.08;1816.68;-1626.41;0.00
0.25;7.62;39.20;3136.35;1859.68;-1276.67;0.00
0.24;11.20;48.03;3842.67;2027.21;-1815.46;0.00
0.26;8.44;34.79;2783.49;1949.40;-834.09;0.00
0.25;10.10;45.20;3615.88;1991.69;-1624.20;0.00
0.26;11.27;43.71;3496.86;2137.92;-1358.95;0.00
0.23;9.77;41.58;3326.02;1845.76;-1480.26;0.00
0.28;9.87;42.63;3410.53;2186.28;-1224.26;0.00
0.17;9.86;41.96;3357.00;1516.44;-1840.56;0.00
0.25;11.85;32.35;2587.83;2109.66;-478.17;0.00
0.21;12.10;49.01;3920.69;1898.16;-2022.53;0.00
0.28;9.03;40.24;3219.55;2096.77;-1122.79;0.00
0.26;10.63;46.09;3687.19;2062.28;-1624.91;0.00
0.26;10.50;36.96;2957.07;2074.38;-882.69;0.00
0.22;10.01;41.21;3297.16;1821.14;-1476.01;0.00
0.27;7.57;35.36;2828.92;1957.88;-871.04;0.00
0.26;10.73;38.34;3066.87;2105.06;-961.80;0.00
0.25;10.15;43.06;3445.10;2033.19;-1411.91;0.00
0.30;10.42;34.48;2758.14;2284.41;-473.73;0.00
0.26;9.66;44.78;3582.45;2066.45;-1516.01;0.00
0.24;9.88;38.87;3109.34;1941.18;-1168.16;0.00
0.26;9.41;39.24;3139.01;2019.23;-1119.79;0.00
0.25;9.58;43.13;3450.44;1986.90;-1463.55;0.00
0.25;10.41;37.98;3038.45;2031.95;-1006.49;0.00
0.24;9.98;42.82;3425.46;1926.90;-1498.56;0.00
0.23;10.04;44.95;3595.89;1869.28;-1726.61;0.00
0.25;9.83;41.65;3332.23;1964.07;-1368.16;0.00
0.21;10.68;39.37;3149.56;1829.23;-1320.32;0.00
0.31;12.72;44.91;3592.96;2502.54;-1090.42;0.00
0.24;9.72;43.39;3471.10;1926.69;-1544.40;0.00
0.27;11.18;34.94;2795.36;2190.10;-605.25;0.00
0.25;9.18;42.05;3363.78;1943.66;-1420.13;0.00
0.27;10.27;37.97;3037.78;2127.09;-910.69;0.00
0.23;9.36;30.85;2468.24;1843.38;-624.86;0.00
0.22;11.51;43.17;3453.77;1930.94;-1522.83;0.00
0.25;10.72;44.26;3540.94;2034.12;-1506.81;0.00
0.32;10.22;46.20;3695.96;2403.06;-1292.90;0.00
0.25;9.87;34.77;2781.83;1988.53;-793.31;0.00
0.28;8.63;42.53;3402.66;2085.73;-1316.94;0.00
0.25;10.72;40.25;3220.00;2013.11;-1206.89;0.00
0.28;10.49;42.73;3418.68;2192.17;-1226.51;0.00
0.25;12.22;36.76;2941.09;2105.55;-835.54;0.00
0.27;10.69;38.66;3092.93;2123.63;-969.30;0.00
0.25;9.60;43.31;3464.53;1980.64;-1483.90;0.00
0.25;10.08;41.68;3334.22;1977.52;-1356.70;0.00
0.23;9.23;34.93;2794.59;1853.50;-941.08;0.00
0.25;11.05;35.34;2827.25;2027.51;-799.74;0.00
0.24;12.21;36.62;2929.24;2080.52;-848.72;0.00
0.24;10.22;39.37;3149.70;1926.88;-1222.82;0.00
0.23;11.12;44.93;3594.40;1931.34;-1663.06;0.00
0.21;8.91;38.28;3062.44;1686.19;-1376.25;0.00
0.25;9.64;33.90;2712.15;1990.72;-721.43;0.00
0.17;10.42;42.09;3367.59;1540.64;-1826.94;0.00
0.21;10.02;39.71;3176.68;1746.48;-1430.20;0.00
0.24;10.69;40.57;3245.75;1972.85;-1272.90;0.00
0.27;9.07;31.91;2552.43;2086.10;-466.33;0.00
0.29;10.90;40.24;3219.11;2260.48;-958.63;0.00
0.24;10.66;40.31;3224.91;1964.61;-1260.30;0.00
0.32;9.15;42.86;3428.82;2340.84;-1087.98;0.00
0.29;8.38;48.44;3874.97;2164.20;-1710.77;0.00
0.28;10.24;34.45;2756.23;2178.95;-577.28;0.00
0.26;8.70;47.29;3783.41;1964.79;-1818.62;0.00
0.23;9.17;40.72;3257.29;1818.27;-1439.01;0.00
0.22;10.75;35.27;2821.25;1890.54;-930.70;0.00
0.20;10.58;32.63;2610.65;1730.91;-879.74;0.00
0.22;10.14;38.80;3104.36;1828.74;-1275.62;0.00
0.24;8.58;39.20;3136.11;1872.49;-1263.62;0.00
0.26;8.89;44.15;3531.70;1980.17;-1551.53;0.00
0.27;10.23;44.86;3588.57;2147.25;-1441.32;0.00
0.28;12.31;40.70;3255.78;2278.92;-976.87;0.00
0.25;10.09;45.03;3602.31;2003.70;-1598.61;0.00
0.24;11.74;35.64;2851.40;2037.67;-813.72;0.00
0.24;10.98;33.10;2647.66;2001.64;-646.02;0.00
0.24;9.11;39.00;3119.88;1865.66;-1254.22;0.00
0.27;10.16;41.84;3347.22;2106.27;-1240.95;0.00
0.24;10.67;44.48;3558.63;1979.41;-1579.22;0.00
0.23;10.37;32.71;2617.12;1872.39;-744.73;0.00
0.25;10.07;31.97;2557.41;2006.27;-551.14;0.00
0.27;8.94;42.98;3438.74;2062.24;-1376.50;0.00
0.27;10.72;37.28;2982.59;2124.45;-858.13;0.00
0.23;8.57;36.15;2892.34;1806.05;-1086.29;0.00
0.26;8.49;36.54;2923.08;2001.23;-921.86;0.00
0.28;10.04;40.41;3232.56;2169.85;-1062.71;0.00
0.19;9.23;45.59;3647.25;1620.30;-2026.95;0.00
0.26;10.02;35.89;2871.08;2058.94;-812.13;0.00
0.24;10.83;41.04;3283.47;2011.22;-1272.26;0.00
0.26;8.40;35.33;2826.56;1963.93;-862.63;0.00
0.28;9.25;35.45;2835.71;2142.79;-692.92;0.00
0.23;9.16;35.50;2840.02;1864.93;-975.08;0.00
0.28;9.52;52.42;4193.43;2147.30;-2046.14;0.00
0.19;9.99;45.84;3666.91;1632.21;-2034.69;0.00
0.25;10.88;36.40;2911.96;2070.98;-840.97;0.00
0.25;10.77;40.96;3276.65;2062.90;-1213.75;0.00
0.23;8.34;42.98;3438.33;1779.81;-1658.51;0.00
0.24;8.52;33.70;2695.93;1883.31;-812.63;0.00
0.24;11.27;48.64;3890.85;1995.34;-1895.51;0.00
0.26;10.32;43.65;3491.65;2079.99;-1411.66;0.00
0.26;8.83;40.05;3204.08;2004.64;-1199.44;0.00
0.25;9.78;46.25;3699.99;2010.93;-1689.06;0.00
0.26;11.45;39.13;3130.54;2161.77;-968.78;0.00
0.26;10.33;36.81;2945.11;2048.75;-896.36;0.00
0.26;10.37;33.57;2685.95;2096.02;-589.92;0.00
0.25;9.12;37.90;3032.06;1960.32;-1071.75;0.00
0.27;8.82;44.16;3533.11;2045.51;-1487.60;0.00
0.28;9.77;37.45;2996.26;2174.40;-821.86;0.00
0.24;10.68;39.89;3191.05;1987.42;-1203.64;0.00
0.25;10.39;46.25;3699.81;2026.09;-1673.72;0.00
0.29;10.53;41.64;3331.24;2285.27;-1045.98;0.00
0.28;10.46;36.38;2910.61;2200.00;-710.61;0.00
0.25;10.27;43.32;3465.52;2030.17;-1435.35;0.00
0.25;8.92;44.58;3566.60;1912.81;-1653.78;0.00
0.23;10.93;43.98;3518.53;1919.41;-1599.12;0.00
0.26;9.92;34.12;2729.56;2056.24;-673.32;0.00
0.23;10.22;43.40;3471.82;1922.41;-1549.41;0.00
0.31;7.88;43.31;3464.78;2242.34;-1222.44;0.00
0.21;7.50;51.02;4081.53;1655.52;-2426.01;0.00
0.22;11.28;41.41;3312.41;1900.13;-1412.28;0.00
0.22;9.10;38.83;3106.77;1787.47;-1319.30;0.00
0.24;11.18;35.14;2811.59;1997.88;-813.71;0.00
0.31;9.86;38.75;3100.34;2316.59;-783.75;0.00
0.22;10.74;41.98;3358.09;1890.58;-1467.50;0.00
0.24;11.08;33.81;2704.79;2007.12;-697.67;0.00
0.31;11.72;45.99;3679.07;2427.18;-1251.89;0.00
0.25;9.11;47.75;3819.69;1950.64;-1869.04;0.00
0.24;11.10;37.55;3003.79;1989.89;-1013.90;0.00
0.23;11.17;38.98;3118.12;1967.46;-1150.66;0.00
0.25;10.41;42.65;3412.14;1992.31;-1419.83;0.00
0.25;11.01;33.21;2656.98;2068.09;-588.89;0.00
0.26;10.79;40.70;3256.05;2078.24;-1177.81;0.00
0.25;11.83;41.11;3288.62;2109.26;-1179.36;0.00
0.25;9.55;41.35;3307.85;1976.87;-1330.98;0.00
0.24;9.64;34.81;2784.86;1902.83;-882.03;0.00
0.20;10.95;40.83;3266.74;1786.37;-1480.37;0.00
0.24;9.18;42.47;3397.69;1867.04;-1530.65;0.00
0.27;12.05;40.71;3257.16;2239.73;-1017.43;0.00
0.28;10.46;46.75;3740.01;2170.02;-1569.99;0.00
0.25;9.11;37.93;3034.15;1933.75;-1100.41;0.00
0.18;10.41;39.68;3174.18;1625.32;-1548.85;0.00
0.21;11.08;37.18;2974.26;1838.56;-1135.70;0.00
0.29;10.13;42.13;3370.70;2253.25;-1117.45;0.00
0.25;10.63;40.14;3211.22;2023.13;-1188.09;0.00
0.23;10.06;34.29;2743.32;1886.28;-857.04;0.00
0.24;10.87;40.39;3231.12;2013.05;-1218.07;0.00
0.27;9.34;44.09;3527.41;2105.09;-1422.33;0.00
0.23;11.98;46.33;3706.21;2006.93;-1699.28;0.00
0.21;9.19;32.27;2581.27;1726.54;-854.72;0.00
0.26;9.91;46.26;3700.56;2029.49;-1671.07;0.00
0.22;8.73;44.20;3536.19;1775.23;-1760.96;0.00
0.27;10.32;46.93;3754.67;2147.76;-1606.91;0.00
0.27;10.01;37.69;3014.94;2121.60;-893.34;0.00
0.26;9.99;38.66;3092.95;2032.92;-1060.03;0.00
0.27;10.86;34.28;2742.61;2133.79;-608.82;0.00
0.29;11.71;38.03;3042.41;2314.08;-728.33;0.00
0.24;12.06;40.00;3200.28;2077.74;-1122.54;0.00
0.27;9.07;43.34;3467.29;2093.28;-1374.01;0.00
0.23;10.69;45.53;3642.33;1905.97;-1736.36;0.00
0.27;9.43;38.26;3061.19;2063.31;-997.87;0.00
0.24;8.89;42.60;3408.33;1903.42;-1504.91;0.00
0.22;9.63;43.03;3442.24;1796.86;-1645.37;0.00
0.26;10.41;40.06;3205.09;2083.26;-1121.83;0.00
0.23;11.73;40.98;3278.15;1968.86;-1309.30;0.00
0.25;10.48;33.21;2656.46;2044.52;-611.94;0.00
0.24;9.50;31.52;2521.92;1927.53;-594.39;0.00
0.26;10.47;45.28;3622.06;2107.55;-1514.51;0.00
0.22;9.02;52.64;4211.11;1775.11;-2436.00;0.00
0.23;9.36;43.68;3494.01;1844.81;-1649.20;0.00
0.25;11.13;42.27;3381.20;2036.02;-1345.18;0.00
0.32;10.35;43.50;3480.04;2402.53;-1077.52;0.00
0.28;11.35;34.00;2720.23;2227.26;-492.97;0.00
0.22;12.05;43.29;3463.03;1925.03;-1538.00;0.00
0.22;10.45;38.88;3110.36;1829.52;-1280.84;0.00
0.25;10.36;45.73;3658.71;2032.03;-1626.68;0.00
0.24;9.51;30.86;2468.61;1922.56;-546.05;0.00
0.25;10.95;38.52;3081.46;2049.88;-1031.57;0.00
0.25;9.48;33.56;2684.95;1979.36;-705.59;0.00
0.24;10.56;36.35;2907.73;1952.98;-954.75;0.00
0.25;8.57;45.30;3623.93;1930.57;-1693.36;0.00
0.25;10.32;40.80;3263.68;2023.87;-1239.80;0.00
0.26;9.90;43.84;3507.15;2049.78;-1457.37;0.00
0.22;10.04;39.84;3187.26;1846.43;-1340.83;0.00
0.24;10.55;38.53;3082.22;1969.59;-1112.63;0.00
0.20;11.71;41.34;3307.30;1799.11;-1508.19;0.00
0.22;10.32;46.97;3757.28;1842.31;-1914.97;0.00
0.23;10.88;46.45;3715.88;1933.02;-1782.86;0.00
0.21;10.86;38.31;3064.78;1839.74;-1225.04;0.00
0.22;10.70;42.48;3398.39;1870.49;-1527.89;0.00
0.19;10.55;35.09;2806.92;1698.04;-1108.88;0.00
0.24;8.15;39.11;3129.10;1861.84;-1267.26;0.00
0.25;11.63;44.01;3520.78;2095.89;-1424.89;0.00
0.25;13.24;37.78;3022.73;2150.30;-872.43;0.00
0.24;11.12;31.97;2557.69;2014.87;-542.82;0.00
0.26;9.59;33.12;2649.72;2053.96;-595.76;0.00
0.28;10.58;37.47;2997.53;2200.73;-796.80;0.00
0.26;8.22;36.40;2911.68;1969.65;-942.04;0.00
0.27;9.49;45.05;3604.29;2072.87;-1531.42;0.00
0.24;10.07;36.11;2888.46;1920.48;-967.97;0.00
0.26;9.28;39.57;3165.73;1988.86;-1176.86;0.00
0.20;10.09;36.14;2891.42;1684.67;-1206.74;0.00
0.24;9.73;43.98;3518.67;1931.63;-1587.04;0.00
0.28;10.34;44.35;3548.18;2176.73;-1371.45;0.00
0.25;9.31;37.42;2993.98;1980.15;-1013.83;0.00
0.25;9.06;44.34;3547.48;1943.07;-1604.41;0.00
0.25;9.49;38.52;3081.42;1967.27;-1114.15;0.00
0.29;8.63;35.61;2849.14;2147.10;-702.04;0.00
0.24;9.56;44.68;3574.39;1888.00;-1686.40;0.00
0.23;11.82;49.33;3946.23;1950.70;-1995.53;0.00
0.22;11.36;40.99;3279.30;1921.99;-1357.31;0.00
0.26;10.52;47.73;3818.38;2100.76;-1717.62;0.00
0.23;9.01;40.61;3248.49;1817.08;-1431.40;0.00
0.32;10.85;39.28;3142.37;2471.47;-670.90;0.00
0.21;9.20;41.69;3335.59;1719.85;-1615.74;0.00
0.24;9.50;42.18;3374.11;1885.63;-1488.48;0.00
0.25;10.39;37.52;3001.83;1998.00;-1003.82;0.00
0.25;9.83;44.41;3552.62;2015.24;-1537.38;0.00
0.23;10.25;44.13;3530.29;1923.34;-1606.95;0.00
0.23;11.45;29.15;2331.63;1942.05;-389.58;0.00
0.23;9.40;40.02;3201.24;1830.12;-1371.12;0.00
0.25;10.11;36.79;2942.97;2024.33;-918.64;0.00
0.27;8.52;49.67;3973.37;2027.74;-1945.63;0.00
0.24;10.78;38.63;3090.00;1981.78;-1108.22;0.00
0.24;10.61;36.80;2943.77;1948.19;-995.58;0.00
0.25;8.64;46.24;3699.22;1922.50;-1776.72;0.00
0.23;10.53;40.71;3257.02;1930.29;-1326.74;0.00
0.26;12.19;46.68;3734.26;2189.14;-1545.12;0.00
0.26;9.01;41.29;3303.11;2023.10;-1280.02;0.00
0.28;9.63;42.08;3366.60;2172.07;-1194.53;0.00
0.26;10.94;41.66;3332.74;2118.86;-1213.89;0.00
0.20;8.41;43.64;3490.81;1629.41;-1861.40;0.00
0.27;8.73;44.28;3542.74;2021.82;-1520.92;0.00
0.28;9.95;42.06;3364.96;2186.25;-1178.72;0.00
0.26;11.08;40.52;3241.63;2104.49;-1137.13;0.00
0.19;10.04;35.61;2848.53;1650.02;-1198.51;0.00
0.23;9.13;45.54;3643.06;1817.10;-1825.96;0.00
0.29;10.81;43.38;3470.18;2261.67;-1208.52;0.00
0.30;8.02;43.06;3445.18;2187.91;-1257.26;0.00
0.21;8.19;43.31;3464.66;1673.55;-1791.11;0.00
0.20;10.95;34.62;2769.67;1781.64;-988.03;0.00
0.23;10.22;40.23;3218.36;1874.51;-1343.85;0.00
0.26;9.74;41.36;3308.88;2061.72;-1247.16;0.00
0.25;8.79;39.58;3166.03;1927.10;-1238.92;0.00
0.30;6.68;39.86;3188.51;2100.90;-1087.61;0.00
0.28;9.18;31.73;2538.56;2149.04;-389.52;0.00
0.27;9.71;37.72;3017.87;2100.41;-917.46;0.00
0.29;9.76;38.67;3093.56;2191.61;-901.95;0.00
0.25;11.88;42.33;3386.56;2100.28;-1286.28;0.00
0.25;11.75;33.92;2713.30;2076.00;-637.30;0.00
0.28;11.12;43.28;3462.74;2233.35;-1229.39;0.00
