# X_0;X_1;X_2;R_0;S_0;G_0;I_0
0.27;9.86;45.82;3665.57;2078.87;-1586.71;0.00
0.25;10.26;41.51;3321.07;1992.03;-1329.04;0.00
0.28;10.80;39.94;3195.45;2191.99;-1003.46;0.00
0.23;8.09;40.32;3225.40;1765.67;-1459.73;0.00
0.23;9.48;31.23;2498.25;1830.93;-667.32;0.00
0.23;11.53;44.71;3576.97;1983.25;-1593.73;0.00
0.23;9.62;41.59;3327.09;1854.70;-1472.39;0.00
0.26;10.89;40.47;3237.30;2115.60;-1121.71;0.00
0.26;11.12;36.82;2945.41;2108.41;-837.00;0.00
0.25;9.08;40.15;3211.69;1920.62;-1291.07;0.00
0.26;10.73;49.44;3954.82;2105.66;-1849.16;0.00
0.26;9.90;41.30;3304.37;2037.70;-1266.67;0.00
0.23;7.93;43.90;3511.86;1781.67;-1730.19;0.00
0.27;8.44;35.55;2844.11;2017.49;-826.62;0.00
0.30;11.39;35.40;2831.93;2337.39;-494.55;0.00
0.23;10.50;35.66;2852.90;1889.81;-963.09;0.00
0.24;11.41;38.59;3086.82;2005.90;-1080.91;0.00
0.24;11.20;37.11;2968.75;1977.79;-990.97;0.00
0.24;10.82;34.44;2755.18;1979.06;-776.13;0.00
0.27;9.62;41.23;3298.52;2068.21;-1230.31;0.00
0.26;10.84;35.02;2801.66;2085.24;-716.41;0.00
0.26;9.89;42.96;3436.58;2049.01;-1387.57;0.00
0.26;8.57;45.50;3640.38;1963.43;-1676.95;0.00
0.25;8.51;33.96;2716.64;1936.58;-780.07;0.00
0.28;8.44;47.79;3823.40;2099.06;-1724.34;0.00
0.32;9.14;39.58;3166.21;2369.91;-796.31;0.00
0.21;11.10;40.49;3239.57;1843.34;-1396.23;0.00
0.23;9.44;42.86;3429.13;1870.95;-1558.18;0.00
0.28;10.39;45.94;3675.05;2196.67;-1478.38;0.00
0.28;11.50;45.19;3614.88;2259.19;-1355.68;0.00
0.29;10.93;44.27;3541.23;2278.39;-1262.84;0.00
0.27;10.82;39.31;3144.46;2171.41;-973.05;0.00
0.22;9.23;42.60;3408.22;1766.74;-1641.49;0.00
0.25;9.44;43.54;3482.94;1973.89;-1509.05;0.00
0.27;10.34;38.90;3111.87;2125.03;-986.84;0.00
0.28;9.97;45.00;3599.70;2172.10;-1427.60;0.00
0.27;7.26;45.26;3620.43;1969.12;-1651.32;0.00
0.25;10.05;40.54;3242.98;1981.29;-1261.69;0.00
0.27;9.92;36.60;2928.25;2084.61;-843.64;0.00
0.21;9.34;34.66;2772.72;1747.87;-1024.85;0.00
0.22;7.73;45.46;3637.07;1707.15;-1929.92;0.00
0.26;9.18;45.77;3661.79;2034.66;-1627.13;0.00
0.26;10.17;37.85;3027.62;2082.29;-945.33;0.00
0.27;10.11;43.42;3473.47;2129.29;-1344.18;0.00
0.25;10.20;41.51;3320.48;2013.96;-1306.52;0.00
0.24;11.10;46.73;3738.49;2020.74;-1717.75;0.00
0.29;10.70;42.56;3404.61;2263.09;-1141.51;0.00
0.27;9.00;43.56;3484.92;2055.54;-1429.37;0.00
0.26;11.85;41.58;3326.12;2157.13;-1168.99;0.00
0.25;10.33;38.85;3108.35;1994.20;-1114.15;0.00
0.27;10.68;41.24;3299.24;2163.26;-1135.98;0.00
0.23;10.78;40.38;3230.46;1901.54;-1328.92;0.00
0.25;8.88;32.09;2567.07;1929.59;-637.48;0.00
0.20;11.01;37.48;2998.52;1745.66;-1252.86;0.00
0.18;9.76;35.53;2842.64;1587.94;-1254.70;0.00
0.28;9.25;44.59;3567.08;2140.23;-1426.86;0.00
0.25;10.21;34.77;2781.49;1980.40;-801.09;0.00
0.24;9.48;40.90;3271.92;1924.49;-1347.44;0.00
0.22;8.89;36.87;2949.87;1790.56;-1159.31;0.00
0.23;9.68;30.83;2466.56;1860.30;-606.26;0.00
0.29;12.26;33.21;2656.79;2340.28;-316.51;0.00
0.26;8.68;42.88;3430.50;1958.59;-1471.91;0.00
0.22;10.66;36.37;2909.51;1884.25;-1025.26;0.00
0.27;11.55;41.95;3356.33;2170.19;-1186.14;0.00
0.25;12.43;46.70;3736.13;2134.40;-1601.73;0.00
0.23;7.24;36.55;2923.77;1746.98;-1176.79;0.00
0.23;10.20;36.95;2955.67;1891.81;-1063.87;0.00
0.24;9.75;41.59;3327.31;1936.85;-1390.45;0.00
0.25;8.32;35.85;2867.72;1931.84;-935.88;0.00
0.26;10.18;45.88;3670.74;2042.98;-1627.76;0.00
0.26;10.07;33.28;2662.17;2063.67;-598.50;0.00
0.27;10.71;43.81;3504.46;2145.50;-1358.96;0.00
0.29;10.90;36.64;2931.33;2288.03;-643.30;0.00
0.21;9.64;45.90;3672.04;1716.71;-1955.33;0.00
0.22;9.31;43.56;3485.16;1759.20;-1725.96;0.00
0.26;11.00;33.12;2649.66;2090.43;-559.24;0.00
0.27;8.91;40.56;3244.90;2071.77;-1173.13;0.00
0.29;9.19;51.05;4083.71;2168.67;-1915.04;0.00
0.27;9.19;36.64;2930.87;2090.09;-840.77;0.00
0.21;9.51;34.44;2755.42;1763.37;-992.05;0.00
0.26;10.29;47.98;3838.43;2099.54;-1738.89;0.00
0.21;11.61;40.91;3272.72;1871.30;-1401.42;0.00
0.22;9.22;40.09;3206.85;1779.15;-1427.70;0.00
0.26;12.37;34.01;2720.57;2189.51;-531.06;0.00
0.24;10.73;40.30;3224.15;1994.46;-1229.69;0.00
0.27;8.34;40.13;3210.75;2041.80;-1168.95;0.00
0.23;10.76;43.05;3444.14;1941.58;-1502.56;0.00
0.27;9.60;38.95;3116.37;2105.56;-1010.81;0.00
0.27;9.88;39.11;3128.92;2134.73;-994.19;0.00
0.23;11.89;34.42;2753.33;1999.58;-753.76;0.00
0.25;10.09;39.93;3194.40;2021.57;-1172.82;0.00
0.24;11.09;38.26;3061.04;1983.04;-1078.00;0.00
0.24;9.50;40.18;3214.20;1926.44;-1287.76;0.00
0.24;11.29;35.92;2873.50;2037.29;-836.22;0.00
0.22;9.08;35.77;2861.26;1752.77;-1108.49;0.00
0.27;10.66;42.02;3361.61;2141.24;-1220.37;0.00
0.25;11.05;47.68;3814.28;2073.46;-1740.82;0.00
0.24;10.52;40.50;3240.27;1976.02;-1264.25;0.00
0.27;12.54;44.70;3575.68;2266.11;-1309.57;0.00
0.25;10.96;45.12;3609.21;2060.22;-1548.99;0.00
0.23;10.29;44.34;3546.86;1868.39;-1678.47;0.00
0.25;8.56;38.78;3102.43;1901.83;-1200.60;0.00
0.25;10.65;42.55;3403.97;2010.05;-1393.92;0.00
0.23;7.82;43.33;3466.47;1740.82;-1725.65;0.00
0.28;12.05;39.85;3187.88;2270.29;-917.59;0.00
0.26;10.78;36.50;2920.31;2102.16;-818.15;0.00
0.23;11.37;39.48;3158.06;1951.33;-1206.73;0.00
0.21;10.18;38.51;3080.90;1746.93;-1333.97;0.00
0.24;9.08;30.75;2460.39;1869.63;-590.76;0.00
0.23;8.53;38.30;3063.96;1788.42;-1275.54;0.00
0.27;9.61;33.92;2713.64;2094.88;-618.75;0.00
0.26;10.55;37.60;3007.70;2063.64;-944.05;0.00
0.26;9.84;37.21;2976.69;2034.74;-941.95;0.00
0.24;9.50;49.59;3967.08;1907.41;-2059.67;0.00
0.27;9.89;41.75;3340.03;2105.10;-1234.93;0.00
0.23;11.14;51.08;4086.46;1956.64;-2129.82;0.00
0.26;9.58;49.77;3981.69;2006.32;-1975.37;0.00
0.28;11.55;39.74;3178.81;2252.28;-926.53;0.00
0.29;12.67;42.88;3430.42;2402.72;-1027.69;0.00
0.23;9.71;33.27;2661.38;1884.13;-777.25;0.00
0.28;11.09;37.66;3013.13;2223.20;-789.93;0.00
0.22;10.57;34.07;2725.48;1864.21;-861.26;0.00
0.29;10.08;43.82;3505.26;2213.91;-1291.35;0.00
0.25;9.95;29.70;2376.21;2009.78;-366.43;0.00
0.26;10.94;35.26;2820.87;2078.58;-742.29;0.00
0.26;12.72;44.09;3527.55;2204.58;-1322.97;0.00
0.28;10.28;38.80;3103.98;2171.42;-932.56;0.00
0.25;8.73;35.82;2865.48;1904.15;-961.33;0.00
0.23;11.54;39.37;3149.51;1974.06;-1175.46;0.00
0.28;10.56;37.15;2971.83;2227.83;-744.00;0.00
0.22;11.34;37.76;3021.20;1911.18;-1110.02;0.00
0.30;9.29;44.70;3576.37;2234.24;-1342.12;0.00
0.23;10.33;39.30;3143.88;1910.68;-1233.19;0.00
0.26;9.15;46.50;3719.96;2026.83;-1693.13;0.00
0.24;9.61;42.42;3393.58;1915.31;-1478.27;0.00
0.26;8.33;45.37;3629.69;1964.55;-1665.14;0.00
0.25;10.55;38.80;3103.77;2021.40;-1082.38;0.00
0.24;9.83;40.36;3228.51;1942.70;-1285.80;0.00
0.25;10.63;40.84;3267.43;2052.37;-1215.06;0.00
0.23;9.94;44.24;3539.60;1896.13;-1643.46;0.00
0.25;8.04;46.76;3741.04;1886.62;-1854.42;0.00
0.26;10.20;45.29;3623.27;2089.09;-1534.18;0.00
0.26;9.67;41.44;3315.53;2033.67;-1281.86;0.00
0.19;11.53;43.06;3445.00;1714.55;-1730.45;0.00
0.26;8.88;37.07;2965.52;1990.35;-975.18;0.00
0.23;10.33;45.72;3657.64;1924.41;-1733.23;0.00
0.26;10.34;36.86;2949.10;2095.76;-853.34;0.00
0.25;9.94;32.20;2575.61;1993.93;-581.68;0.00
0.25;8.68;44.14;3530.95;1919.04;-1611.91;0.00
0.27;11.00;38.92;3113.44;2148.48;-964.97;0.00
0.31;9.01;42.15;3371.61;2265.88;-1105.73;0.00
0.27;9.50;38.67;3093.70;2095.26;-998.44;0.00
0.23;10.38;39.74;3179.32;1930.84;-1248.48;0.00
0.24;11.36;42.28;3382.58;1994.49;-1388.09;0.00
0.21;10.36;43.33;3466.80;1792.95;-1673.85;0.00
0.26;10.68;45.50;3640.20;2080.56;-1559.63;0.00
0.25;9.35;48.12;3849.51;1967.46;-1882.05;0.00
0.24;10.90;46.77;3741.98;1968.80;-1773.18;0.00
0.27;10.76;32.12;2569.87;2157.63;-412.24;0.00
0.19;9.19;34.39;2751.33;1633.66;-1117.67;0.00
0.26;10.37;37.92;3033.21;2053.75;-979.47;0.00
0.24;9.51;44.95;3596.17;1938.93;-1657.24;0.00
0.29;10.23;36.93;2954.16;2219.06;-735.10;0.00
0.27;8.16;39.11;3128.62;2004.81;-1123.81;0.00
0.24;11.20;39.01;3120.65;2032.14;-1088.51;0.00
0.27;9.39;39.53;3162.31;2087.69;-1074.62;0.00
0.26;12.27;38.73;3098.73;2168.56;-930.17;0.00
0.31;12.34;40.45;3236.29;2501.42;-734.87;0.00
0.25;9.38;37.77;3021.78;1946.29;-1075.49;0.00
0.21;10.12;34.62;2769.80;1761.96;-1007.84;0.00
0.23;9.93;39.35;3147.94;1861.88;-1286.06;0.00
0.20;8.54;47.76;3820.82;1602.53;-2218.30;0.00
0.24;9.42;35.04;2803.40;1897.69;-905.71;0.00
0.27;7.67;38.49;3079.43;1971.50;-1107.93;0.00
0.27;9.74;33.71;2696.90;2098.40;-598.49;0.00
0.29;9.57;40.19;3215.36;2234.59;-980.77;0.00
0.26;9.42;39.36;3149.03;2007.78;-1141.25;0.00
0.27;9.18;49.74;3979.06;2074.60;-1904.46;0.00
0.24;9.81;42.72;3417.79;1933.15;-1484.63;0.00
0.23;10.96;45.07;3605.29;1927.41;-1677.88;0.00
0.30;8.27;42.08;3366.45;2191.10;-1175.36;0.00
0.24;9.74;37.66;3012.82;1909.27;-1103.55;0.00
0.23;11.50;46.33;3706.63;1985.86;-1720.78;0.00
0.28;12.16;38.83;3106.47;2300.48;-805.99;0.00
0.21;10.75;43.54;3482.99;1823.67;-1659.32;0.00
0.28;9.28;32.20;2575.61;2134.74;-440.87;0.00
0.28;9.16;43.67;3493.52;2139.17;-1354.35;0.00
0.25;9.75;36.99;2958.97;1986.38;-972.59;0.00
0.19;11.16;39.90;3191.96;1690.92;-1501.04;0.00
0.28;8.09;41.37;3309.85;2073.17;-1236.68;0.00
0.27;7.83;35.60;2847.69;1983.13;-864.56;0.00
0.26;9.36;38.36;3068.45;2048.97;-1019.48;0.00
0.28;7.91;39.49;3159.39;2043.85;-1115.54;0.00
0.26;11.59;40.19;3215.11;2139.90;-1075.21;0.00
0.22;12.51;43.92;3513.27;1935.62;-1577.65;0.00
0.26;10.89;31.83;2546.14;2097.16;-448.98;0.00
0.22;10.76;43.47;3477.54;1860.66;-1616.87;0.00
0.27;9.18;33.81;2705.16;2064.87;-640.28;0.00
0.23;10.20;44.93;3594.77;1920.72;-1674.05;0.00
0.27;11.02;40.54;3243.59;2163.88;-1079.72;0.00
0.26;9.19;36.08;2886.38;1994.87;-891.51;0.00
0.25;7.52;36.01;2880.45;1850.57;-1029.88;0.00
0.27;9.15;45.14;3611.07;2069.11;-1541.96;0.00
0.30;9.66;33.43;2674.65;2247.32;-427.33;0.00
0.25;8.53;41.80;3343.68;1910.11;-1433.57;0.00
0.25;9.34;46.22;3697.73;1977.45;-1720.28;0.00
0.23;9.13;45.35;3627.81;1834.10;-1793.71;0.00
0.28;9.16;46.28;3702.62;2119.36;-1583.26;0.00
0.25;8.85;35.08;2806.18;1915.58;-890.60;0.00
0.25;10.54;42.74;3419.43;2002.84;-1416.58;0.00
0.28;9.37;26.78;2142.02;2123.56;-18.45;0.00
0.26;9.76;45.30;3624.24;2023.65;-1600.59;0.00
0.25;11.30;38.66;3092.99;2057.31;-1035.68;0.00
0.24;10.39;40.08;3206.58;1961.23;-1245.34;0.00
0.26;9.23;39.75;3180.03;1990.22;-1189.81;0.00
0.23;11.06;39.84;3187.56;1949.89;-1237.66;0.00
0.25;9.14;42.78;3422.62;1952.58;-1470.04;0.00
0.24;11.89;34.84;2787.27;2035.70;-751.57;0.00
0.25;9.13;42.85;3427.65;1961.20;-1466.45;0.00
0.25;10.48;41.12;3289.34;1997.86;-1291.48;0.00
0.27;8.23;44.49;3558.99;1994.86;-1564.12;0.00
0.21;9.72;33.05;2643.66;1735.86;-907.81;0.00
0.29;9.93;51.92;4153.87;2216.64;-1937.23;0.00
0.27;9.02;35.07;2805.94;2053.96;-751.98;0.00
0.30;11.78;48.67;3893.37;2393.15;-1500.22;0.00
0.26;8.45;46.05;3683.97;1959.76;-1724.21;0.00
0.26;8.61;42.52;3401.98;1952.53;-1449.45;0.00
0.27;11.46;40.55;3243.90;2215.23;-1028.67;0.00
0.24;8.83;51.53;4122.07;1864.34;-2257.72;0.00
0.25;10.57;34.93;2794.12;2054.34;-739.78;0.00
0.23;9.36;35.34;2826.83;1871.44;-955.39;0.00
0.26;9.56;39.15;3132.22;2052.11;-1080.11;0.00
0.26;10.06;41.93;3354.05;2068.16;-1285.89;0.00
0.23;10.68;40.79;3263.27;1907.21;-1356.07;0.00
0.21;11.07;37.30;2984.31;1828.69;-1155.63;0.00
0.25;10.18;33.02;2641.51;2034.88;-606.63;0.00
0.26;8.09;43.60;3487.83;1974.31;-1513.52;0.00
0.26;9.02;40.16;3212.87;1977.66;-1235.21;0.00
0.24;10.32;36.42;2913.79;1962.51;-951.28;0.00
0.25;11.16;47.93;3834.27;2048.55;-1785.72;0.00
0.22;8.62;36.19;2895.01;1764.11;-1130.90;0.00
0.24;9.76;41.70;3336.15;1954.09;-1382.05;0.00
0.25;11.40;41.80;3344.11;2079.51;-1264.60;0.00
0.31;10.67;41.59;3327.27;2413.26;-914.01;0.00
0.24;8.39;43.59;3487.33;1866.07;-1621.25;0.00
0.28;7.59;36.05;2884.18;2023.44;-860.73;0.00
0.28;10.85;45.07;3605.25;2232.26;-1372.99;0.00
0.21;6.26;51.47;4117.35;1578.30;-2539.05;0.00
0.25;8.58;44.01;3520.54;1912.95;-1607.59;0.00
0.28;11.00;37.57;3005.71;2214.48;-791.24;0.00
0.26;10.30;46.91;3752.88;2090.92;-1661.96;0.00
0.29;12.03;42.43;3394.41;2361.29;-1033.12;0.00
0.25;10.54;41.06;3284.79;2042.14;-1242.65;0.00
0.19;9.14;52.27;4181.92;1628.30;-2553.62;0.00
0.30;11.24;41.69;3335.35;2328.25;-1007.10;0.00
0.21;9.50;37.62;3009.43;1735.19;-1274.24;0.00
0.26;10.12;42.68;3414.69;2051.69;-1363.00;0.00
0.23;9.08;39.59;3167.22;1819.63;-1347.58;0.00
0.24;9.53;47.58;3806.37;1906.93;-1899.44;0.00
0.22;9.91;44.17;3533.27;1838.12;-1695.15;0.00
0.29;9.91;36.35;2907.98;2216.80;-691.19;0.00
0.27;9.08;40.74;3258.86;2044.90;-1213.96;0.00
0.27;10.87;37.16;2972.70;2162.52;-810.18;0.00
0.29;7.79;40.53;3242.40;2100.67;-1141.72;0.00
0.22;9.63;42.80;3424.08;1798.38;-1625.70;0.00
0.23;10.62;35.32;2825.96;1931.84;-894.12;0.00
0.20;10.94;39.76;3180.54;1756.62;-1423.92;0.00
0.23;9.82;42.15;3372.18;1883.89;-1488.29;0.00
0.24;9.44;39.43;3154.37;1938.48;-1215.89;0.00
0.24;9.23;34.92;2793.40;1892.32;-901.08;0.00
0.26;11.16;31.07;2485.23;2141.94;-343.29;0.00
0.29;8.96;32.44;2595.41;2156.34;-439.08;0.00
0.29;9.45;44.45;3556.32;2184.58;-1371.73;0.00
0.24;10.67;41.56;3325.10;1999.61;-1325.49;0.00
0.27;12.48;30.18;2414.08;2230.96;-183.12;0.00
0.30;11.73;48.22;3857.82;2393.17;-1464.65;0.00
0.27;7.57;36.46;2916.56;1999.79;-916.77;0.00
0.29;9.59;51.43;4114.33;2212.94;-1901.38;0.00
0.26;9.08;37.10;2967.95;1998.93;-969.02;0.00
0.26;10.91;29.94;2394.91;2105.33;-289.58;0.00
0.25;7.53;38.00;3040.25;1857.37;-1182.87;0.00
0.19;9.74;27.46;2196.71;1647.22;-549.49;0.00
0.28;8.63;38.00;3040.14;2103.55;-936.59;0.00
0.30;10.34;45.73;3658.18;2290.00;-1368.19;0.00
0.25;11.66;47.42;3793.68;2082.97;-1710.72;0.00
0.24;10.70;36.79;2942.91;2001.81;-941.10;0.00
0.24;11.83;45.27;3621.36;2061.77;-1559.59;0.00
0.26;11.51;36.42;2913.68;2160.28;-753.40;0.00
0.22;10.67;35.64;2851.50;1859.30;-992.21;0.00
0.26;10.68;39.99;3198.87;2073.32;-1125.55;0.00
0.23;10.11;42.48;3398.25;1904.13;-1494.12;0.00
0.26;11.32;34.30;2743.76;2123.27;-620.50;0.00
0.29;9.02;42.13;3370.57;2177.63;-1192.93;0.00
0.21;10.49;41.56;3324.75;1818.91;-1505.84;0.00
0.22;10.89;38.91;3112.63;1881.88;-1230.76;0.00
0.25;12.28;37.90;3031.74;2128.71;-903.03;0.00
0.26;9.45;36.96;2956.50;2030.30;-926.20;0.00
0.26;8.97;43.09;3447.53;2002.15;-1445.38;0.00
0.24;8.25;44.36;3548.92;1860.20;-1688.73;0.00
0.23;10.52;46.72;3737.97;1917.34;-1820.63;0.00
0.28;8.65;38.34;3067.33;2104.89;-962.44;0.00
0.25;10.27;45.80;3664.09;2026.26;-1637.83;0.00
0.23;10.48;41.20;3296.24;1922.30;-1373.94;0.00
0.27;11.68;42.23;3378.55;2226.91;-1151.64;0.00
0.26;9.86;42.84;3427.25;2039.06;-1388.18;0.00
0.28;12.23;44.75;3580.19;2316.00;-1264.19;0.00
0.28;11.54;39.39;3151.03;2236.42;-914.62;0.00
0.26;10.68;34.58;2766.71;2081.11;-685.60;0.00
0.29;9.93;39.74;3179.38;2237.23;-942.15;0.00
0.23;11.62;44.39;3550.84;1982.93;-1567.91;0.00
0.23;10.90;40.15;3211.67;1932.86;-1278.81;0.00
0.26;8.74;44.42;3553.30;1978.49;-1574.81;0.00
0.28;10.81;39.10;3128.21;2240.93;-887.28;0.00
0.23;9.91;43.97;3517.49;1888.57;-1628.91;0.00
0.27;9.22;32.79;2623.04;2072.83;-550.21;0.00
0.28;8.22;41.84;3347.18;2079.47;-1267.71;0.00
0.23;10.94;36.02;2881.26;1922.92;-958.34;0.00
0.25;8.97;48.68;3894.51;1966.51;-1928.00;0.00
0.27;10.04;34.59;2767.19;2099.82;-667.37;0.00
0.24;11.01;35.96;2877.05;2018.85;-858.21;0.00
0.33;10.62;41.77;3341.52;2519.89;-821.64;0.00
0.23;10.08;29.33;2346.07;1898.46;-447.61;0.00
0.28;11.40;46.94;3755.58;2250.27;-1505.31;0.00
0.26;8.17;35.45;2835.94;1962.79;-873.15;0.00
0.23;9.94;39.50;3159.89;1906.86;-1253.04;0.00
0.23;11.25;38.88;3110.31;1974.13;-1136.18;0.00
0.29;9.66;33.46;2676.75;2206.22;-470.53;0.00
0.24;9.70;34.86;2789.16;1922.96;-866.20;0.00
0.23;8.42;36.05;2884.37;1824.28;-1060.09;0.00
0.27;12.21;37.75;3020.01;2212.50;-807.51;0.00
0.20;10.09;42.80;3423.68;1722.67;-1701.01;0.00
0.23;13.50;38.19;3055.38;2077.87;-977.51;0.00
0.24;10.37;47.83;3826.55;1978.94;-1847.61;0.00
0.26;10.28;35.24;2819.58;2048.39;-771.19;0.00
0.25;9.79;48.60;3887.87;1972.96;-1914.91;0.00
0.25;11.50;50.20;4015.89;2100.41;-1915.48;0.00
0.22;10.31;39.31;3144.66;1813.33;-1331.33;0.00
0.23;8.96;32.77;2621.71;1807.42;-814.30;0.00
0.23;11.40;38.27;3061.63;1955.13;-1106.50;0.00
0.26;8.06;46.74;3739.14;1936.11;-1803.03;0.00
0.25;12.62;32.05;2563.89;2136.86;-427.03;0.00
0.23;8.80;37.69;3015.45;1808.63;-1206.82;0.00
0.27;9.73;34.31;2744.82;2114.02;-630.80;0.00
0.23;10.23;32.01;2560.95;1866.01;-694.94;0.00
0.20;10.62;40.13;3210.32;1746.58;-1463.74;0.00
0.27;9.25;39.98;3198.05;2063.32;-1134.73;0.00
0.24;9.18;42.12;3369.62;1896.91;-1472.71;0.00
0.25;9.08;39.54;3163.33;1971.62;-1191.71;0.00
0.23;12.21;44.37;3549.61;2026.40;-1523.22;0.00
0.27;8.14;41.86;3348.61;2021.60;-1327.01;0.00
0.24;9.31;41.78;3342.63;1895.96;-1446.67;0.00
0.20;9.91;44.34;3547.47;1729.83;-1817.64;0.00
0.24;11.61;37.87;3029.44;2012.76;-1016.68;0.00
0.32;11.89;34.21;2736.62;2518.86;-217.76;0.00
0.24;9.89;34.25;2739.74;1926.33;-813.40;0.00
0.28;11.10;42.52;3401.52;2222.15;-1179.37;0.00
0.28;9.76;37.77;3021.28;2168.36;-852.92;0.00
0.24;10.10;42.91;3432.78;1968.99;-1463.79;0.00
0.28;11.29;43.68;3494.25;2229.08;-1265.17;0.00
0.26;9.26;38.24;3059.35;2040.94;-1018.41;0.00
0.22;10.66;37.61;3008.56;1886.48;-1122.09;0.00
0.30;8.87;39.73;3178.46;2248.49;-929.97;0.00
0.22;9.85;38.80;3103.78;1836.85;-1266.92;0.00
0.28;8.63;41.59;3326.91;2115.45;-1211.46;0.00
0.24;10.14;37.09;2966.98;1934.72;-1032.25;0.00
0.27;8.08;40.10;3208.33;1982.68;-1225.64;0.00
0.23;11.25;36.70;2936.02;1938.89;-997.13;0.00
0.25;10.40;39.07;3125.72;1992.68;-1133.04;0.00
0.23;12.04;33.47;2677.91;1996.33;-681.58;0.00
0.24;11.39;39.80;3184.20;2002.61;-1181.59;0.00
0.25;11.30;39.66;3173.15;2055.02;-1118.13;0.00
0.29;8.22;38.55;3083.68;2139.30;-944.38;0.00
0.24;10.99;41.61;3328.89;2001.59;-1327.30;0.00
0.29;10.29;47.22;3777.52;2244.34;-1533.18;0.00
0.24;9.76;44.00;3519.92;1943.11;-1576.81;0.00
0.26;10.40;42.08;3366.63;2075.42;-1291.20;0.00
0.23;9.74;37.78;3022.69;1886.92;-1135.76;0.00
0.21;10.14;41.12;3289.99;1771.97;-1518.01;0.00
0.22;9.54;36.64;2931.16;1813.78;-1117.38;0.00
0.27;8.89;38.92;3113.65;2053.65;-1060.00;0.00
0.28;11.12;40.88;3270.27;2222.64;-1047.63;0.00
0.25;8.95;45.84;3667.35;1948.71;-1718.65;0.00
0.27;10.37;40.60;3248.38;2123.20;-1125.18;0.00
0.24;10.40;40.81;3265.06;1956.24;-1308.82;0.00
0.24;11.08;51.43;4114.40;1990.49;-2123.91;0.00
0.26;11.12;34.57;2765.61;2131.28;-634.33;0.00
0.27;10.42;42.92;3433.94;2125.47;-1308.47;0.00
0.24;7.87;42.12;3369.57;1838.63;-1530.94;0.00
0.27;10.06;42.59;3407.01;2103.97;-1303.04;0.00
0.30;10.29;38.25;3059.61;2284.34;-775.27;0.00
0.27;10.19;38.90;3112.17;2106.42;-1005.75;0.00
0.25;11.26;43.50;3480.00;2092.51;-1387.50;0.00
0.27;11.75;35.89;2871.44;2235.50;-635.95;0.00
0.22;8.88;35.60;2847.93;1785.19;-1062.74;0.00
0.23;9.41;39.23;3138.16;1854.64;-1283.52;0.00
0.25;12.09;42.53;3402.18;2085.78;-1316.40;0.00
0.24;10.77;39.78;3182.23;1998.06;-1184.17;0.00
0.23;9.53;39.16;3132.95;1882.31;-1250.64;0.00
0.23;11.17;41.06;3284.44;1969.63;-1314.82;0.00
0.28;8.96;34.76;2781.14;2125.52;-655.62;0.00
0.26;10.64;43.26;3460.47;2095.97;-1364.50;0.00
0.27;10.08;40.98;3278.65;2099.96;-1178.70;0.00
0.24;10.46;41.55;3323.84;1960.05;-1363.78;0.00
0.25;8.74;39.31;3145.13;1919.42;-1225.70;0.00
0.22;11.07;40.38;3230.18;1868.74;-1361.44;0.00
0.24;9.75;52.22;4177.43;1939.58;-2237.85;0.00
0.19;9.22;46.75;3740.15;1606.50;-2133.66;0.00
0.23;11.70;46.61;3728.88;1980.27;-1748.61;0.00
0.22;8.42;43.04;3443.41;1712.72;-1730.69;0.00
0.28;10.46;37.78;3022.22;2206.79;-815.43;0.00
0.23;10.48;36.96;2956.49;1929.85;-1026.65;0.00
0.25;10.32;47.76;3820.47;2040.16;-1780.31;0.00
0.26;10.17;26.62;2129.23;2091.90;-37.33;0.00
0.23;8.29;39.31;3144.53;1805.87;-1338.66;0.00
0.28;10.54;45.86;3668.42;2182.34;-1486.09;0.00
0.27;10.48;38.70;3095.65;2162.86;-932.80;0.00
0.26;11.24;35.18;2814.18;2097.29;-716.89;0.00
0.25;10.30;31.02;2481.37;1997.25;-484.12;0.00
0.28;8.00;50.18;4014.73;2084.33;-1930.40;0.00
0.23;9.59;41.62;3329.69;1834.06;-1495.62;0.00
0.23;11.66;45.27;3621.89;1989.27;-1632.61;0.00
0.26;11.11;38.34;3066.85;2090.42;-976.42;0.00
0.25;8.76;37.18;2974.67;1912.93;-1061.74;0.00
0.31;12.50;43.77;3501.77;2455.68;-1046.09;0.00
0.26;9.67;43.38;3470.78;2021.82;-1448.96;0.00
0.20;9.09;38.20;3055.98;1655.98;-1399.99;0.00
0.24;10.19;42.07;3365.79;1954.91;-1410.88;0.00
0.27;8.68;41.64;3331.01;2025.66;-1305.35;0.00
0.22;10.32;30.24;2419.40;1844.36;-575.04;0.00
0.24;10.29;45.17;3613.98;1964.03;-1649.96;0.00
0.25;10.95;46.29;3702.87;2024.27;-1678.60;0.00
0.24;10.34;38.57;3085.20;1957.46;-1127.74;0.00
0.21;11.07;37.47;2997.25;1847.37;-1149.88;0.00
0.25;11.57;45.95;3675.74;2110.16;-1565.57;0.00
0.31;9.66;42.17;3373.43;2357.53;-1015.90;0.00
0.25;12.28;41.16;3292.83;2095.21;-1197.62;0.00
0.22;10.55;35.93;2874.53;1865.31;-1009.22;0.00
0.25;10.82;42.01;3360.95;2067.86;-1293.08;0.00
0.23;10.13;41.84;3346.91;1890.12;-1456.79;0.00
0.28;11.31;40.09;3206.84;2217.80;-989.05;0.00
0.24;10.77;43.99;3519.49;1969.55;-1549.94;0.00
0.28;11.41;38.63;3090.23;2228.98;-861.25;0.00
0.23;11.08;39.75;3180.39;1918.49;-1261.90;0.00
0.21;11.59;40.47;3237.52;1868.17;-1369.36;0.00
0.29;12.10;51.25;4100.08;2345.55;-1754.53;0.00
0.22;10.28;32.95;2635.81;1830.86;-804.95;0.00
0.23;11.25;34.74;2779.12;1969.28;-809.84;0.00
0.25;9.91;46.68;3734.19;1998.57;-1735.61;0.00
0.26;8.13;33.14;2651.27;1961.96;-689.31;0.00
0.23;11.17;39.12;3129.75;1931.34;-1198.41;0.00
0.20;9.93;47.68;3814.08;1699.04;-2115.03;0.00
0.23;8.17;35.27;2821.40;1755.51;-1065.89;0.00
0.21;9.65;32.63;2610.47;1733.50;-876.97;0.00
0.25;11.94;41.75;3340.38;2119.55;-1220.83;0.00
0.24;8.76;32.52;2601.21;1843.95;-757.26;0.00
0.21;11.28;38.86;3108.68;1861.68;-1247.00;0.00
0.24;10.93;34.55;2763.85;1964.77;-799.07;0.00
0.23;10.21;41.53;3322.71;1901.05;-1421.66;0.00
0.25;11.24;47.11;3768.48;2043.59;-1724.89;0.00
0.20;10.90;42.57;3405.82;1743.42;-1662.39;0.00
0.22;11.12;38.90;3112.16;1878.34;-1233.82;0.00
0.27;9.51;45.06;3605.04;2088.91;-1516.13;0.00
0.26;9.74;39.94;3195.34;2065.53;-1129.81;0.00
0.23;11.11;38.70;3095.71;1913.38;-1182.33;0.00
0.25;10.56;46.57;3725.60;2031.37;-1694.23;0.00
0.22;10.97;47.14;3770.90;1858.09;-1912.81;0.00
0.25;8.26;44.11;3528.60;1927.90;-1600.70;0.00
0.27;10.58;38.90;3111.61;2117.16;-994.46;0.00
0.23;8.80;36.43;2914.17;1838.06;-1076.10;0.00
0.26;9.42;39.96;3196.62;2042.31;-1154.31;0.00
0.24;9.97;41.32;3305.77;1944.35;-1361.42;0.00
0.26;10.36;39.54;3163.45;2058.72;-1104.73;0.00
0.27;8.82;38.80;3103.75;2053.46;-1050.28;0.00
0.26;10.34;40.31;3224.47;2069.27;-1155.20;0.00
0.22;9.92;50.19;4015.07;1842.34;-2172.73;0.00
0.18;10.09;35.45;2836.19;1617.60;-1218.59;0.00
0.23;10.01;37.92;3033.32;1887.65;-1145.67;0.00
0.26;12.06;36.11;2889.05;2148.86;-740.20;0.00
0.28;11.55;29.55;2363.66;2237.29;-126.37;0.00
0.24;11.33;39.56;3164.98;2007.16;-1157.83;0.00
0.26;9.85;41.32;3305.99;2049.66;-1256.34;0.00
0.19;9.56;40.18;3214.68;1652.65;-1562.03;0.00
0.27;11.09;30.92;2473.89;2149.33;-324.56;0.00
0.25;9.66;28.12;2249.97;1982.36;-267.61;0.00
0.25;9.02;44.54;3562.96;1973.36;-1589.59;0.00
0.28;11.16;37.74;3019.25;2211.03;-808.22;0.00
0.25;10.38;35.06;2804.99;2035.97;-769.02;0.00
0.27;9.69;30.78;2462.69;2096.00;-366.69;0.00
0.23;10.52;36.97;2957.31;1898.80;-1058.52;0.00
0.31;9.67;38.06;3044.53;2326.51;-718.02;0.00
0.27;8.94;48.95;3916.28;2055.73;-1860.55;0.00
0.23;9.02;42.23;3378.71;1833.05;-1545.66;0.00
0.28;11.35;38.91;3112.99;2260.26;-852.73;0.00
0.23;10.27;42.80;3424.07;1877.64;-1546.43;0.00
0.26;8.46;36.33;2906.78;1984.67;-922.11;0.00
0.25;11.11;40.01;3201.20;2066.68;-1134.52;0.00
0.26;8.81;47.47;3797.65;1974.22;-1823.44;0.00
0.28;11.42;37.47;2997.45;2274.57;-722.88;0.00
0.26;10.89;46.28;3702.03;2079.92;-1622.11;0.00
0.26;8.85;34.29;2743.45;1999.22;-744.23;0.00
0.28;8.85;37.14;2971.49;2094.98;-876.51;0.00
0.25;8.21;42.92;3433.42;1906.14;-1527.28;0.00
0.24;11.09;40.47;3237.38;1991.39;-1245.99;0.00
0.27;9.73;38.79;3103.17;2085.09;-1018.08;0.00
0.23;8.29;49.37;3949.28;1776.04;-2173.24;0.00
0.24;9.49;40.64;3251.54;1917.50;-1334.05;0.00
0.19;10.81;38.13;3050.77;1705.52;-1345.25;0.00
0.24;9.93;40.75;3259.87;1916.96;-1342.91;0.00
0.24;6.96;41.03;3282.28;1777.06;-1505.22;0.00
0.27;9.88;33.36;2669.09;2081.49;-587.60;0.00
0.23;11.84;35.89;2871.25;2002.82;-868.43;0.00
0.26;8.81;38.78;3102.72;2007.49;-1095.23;0.00
0.25;10.85;41.21;3296.52;2020.97;-1275.55;0.00
0.26;12.15;46.01;3680.72;2150.98;-1529.74;0.00
0.24;9.30;39.49;3158.98;1885.32;-1273.66;0.00
0.25;12.12;40.97;3277.70;2116.00;-1161.70;0.00
0.23;8.86;37.25;2979.92;1834.47;-1145.45;0.00
0.26;10.37;33.25;2659.67;2093.74;-565.93;0.00
0.23;10.62;40.77;3261.86;1914.30;-1347.56;0.00
0.25;12.70;32.56;2604.80;2130.23;-474.57;0.00
0.28;11.52;48.17;3853.69;2240.11;-1613.57;0.00
0.26;11.20;36.28;2902.55;2133.02;-769.53;0.00
0.23;10.05;41.25;3299.75;1900.58;-1399.16;0.00
0.26;10.42;38.83;3106.80;2080.44;-1026.36;0.00
0.25;10.33;36.42;2913.50;2020.34;-893.17;0.00
0.25;10.01;41.42;3313.80;1974.83;-1338.98;0.00
0.23;12.01;38.44;3074.86;1969.33;-1105.53;0.00
0.25;10.55;43.09;3447.11;2010.62;-1436.49;0.00
0.28;11.97;43.21;3456.85;2294.08;-1162.77;0.00
0.27;9.89;39.30;3144.26;2128.31;-1015.94;0.00
0.30;11.41;43.36;3468.87;2346.79;-1122.08;0.00
0.30;10.87;34.37;2749.38;2339.21;-410.17;0.00
0.26;10.43;43.24;3459.57;2050.71;-1408.85;0.00
0.27;11.15;43.98;3518.36;2167.51;-1350.85;0.00
0.27;10.44;41.32;3305.50;2161.49;-1144.01;0.00
0.31;9.33;44.78;3582.34;2291.83;-1290.51;0.00
0.21;7.47;37.38;2990.63;1621.66;-1368.97;0.00
0.29;9.16;48.46;3877.16;2159.01;-1718.15;0.00
0.28;11.17;35.03;2802.64;2260.22;-542.42;0.00
0.27;9.40;42.54;3403.10;2108.65;-1294.45;0.00
0.28;8.85;45.59;3647.24;2082.12;-1565.11;0.00
0.24;10.24;47.43;3794.74;1927.63;-1867.11;0.00
0.24;9.75;47.91;3833.01;1923.70;-1909.31;0.00
0.23;9.94;45.20;3616.27;1882.48;-1733.79;0.00
0.26;11.45;39.59;3167.06;2107.91;-1059.14;0.00
0.28;10.67;37.51;3000.85;2232.03;-768.82;0.00
0.28;10.42;36.20;2895.83;2223.80;-672.03;0.00
0.30;10.70;43.23;3458.21;2316.43;-1141.77;0.00
0.28;9.72;38.42;3073.76;2141.14;-932.62;0.00
0.22;11.32;39.64;3171.03;1894.08;-1276.96;0.00
0.29;13.09;33.82;2705.32;2417.41;-287.91;0.00
0.26;9.61;33.27;2661.94;2051.03;-610.91;0.00
0.20;10.47;43.30;3464.32;1744.35;-1719.97;0.00
0.25;9.73;42.74;3419.33;1968.08;-1451.25;0.00
0.26;10.46;38.02;3041.64;2094.75;-946.88;0.00
0.23;9.25;39.26;3140.98;1864.38;-1276.60;0.00
0.26;12.23;39.99;3198.92;2175.08;-1023.84;0.00
0.23;10.18;52.97;4237.77;1902.81;-2334.96;0.00
0.27;9.99;33.30;2664.38;2086.79;-577.58;0.00
0.28;10.00;39.82;3185.65;2187.51;-998.14;0.00
0.28;7.95;38.94;3115.36;2051.52;-1063.84;0.00
0.23;10.48;43.80;3503.82;1905.94;-1597.88;0.00
0.21;12.29;44.39;3551.43;1910.46;-1640.98;0.00
0.23;9.41;32.63;2610.10;1856.47;-753.63;0.00
0.26;10.51;41.58;3326.65;2061.71;-1264.94;0.00
0.25;11.99;35.91;2872.90;2107.13;-765.76;0.00
0.29;11.44;36.39;2911.34;2319.46;-591.88;0.00
0.26;9.89;38.10;3048.10;2060.49;-987.61;0.00
0.25;8.07;37.33;2986.03;1904.77;-1081.27;0.00
0.23;10.27;42.97;3437.35;1874.61;-1562.73;0.00
0.21;10.44;41.88;3350.48;1796.00;-1554.48;0.00
0.26;9.53;49.07;3925.26;2060.15;-1865.12;0.00
0.23;7.70;45.09;3607.05;1739.91;-1867.14;0.00
0.25;9.76;35.27;2821.86;1992.88;-828.97;0.00
0.25;12.24;35.83;2866.50;2125.38;-741.12;0.00
0.25;10.50;39.55;3164.14;2051.93;-1112.21;0.00
0.25;7.70;50.04;4003.50;1900.71;-2102.79;0.00
0.24;9.80;37.66;3012.77;1918.52;-1094.25;0.00
0.32;9.37;38.77;3101.42;2386.67;-714.75;0.00
0.25;9.70;42.37;3389.80;1959.36;-1430.43;0.00
0.21;9.61;38.04;3042.99;1730.42;-1312.57;0.00
0.23;9.31;37.83;3026.26;1824.41;-1201.85;0.00
0.21;10.98;39.95;3196.01;1793.02;-1402.99;0.00
0.25;11.21;36.08;2886.27;2038.70;-847.58;0.00
0.19;11.80;46.50;3720.31;1758.96;-1961.35;0.00
0.24;12.02;43.14;3451.00;2054.58;-1396.41;0.00
0.25;9.48;35.61;2848.90;1942.56;-906.34;0.00
0.26;10.39;43.26;3461.09;2105.17;-1355.93;0.00
0.21;10.90;49.61;3969.10;1825.00;-2144.11;0.00
0.23;11.70;36.54;2923.06;1978.13;-944.93;0.00
0.26;9.66;38.11;3048.83;2017.86;-1030.97;0.00
0.29;11.78;38.35;3067.89;2311.56;-756.33;0.00
0.25;10.12;45.74;3658.86;2025.87;-1632.98;0.00
0.29;11.48;40.70;3255.87;2331.71;-924.16;0.00
0.24;11.49;38.44;3074.89;2023.73;-1051.16;0.00
0.25;10.73;40.03;3202.74;2063.47;-1139.28;0.00
0.23;9.82;46.77;3741.29;1864.38;-1876.91;0.00
0.25;8.53;45.38;3630.33;1922.43;-1707.90;0.00
0.24;9.70;50.18;4014.21;1938.35;-2075.86;0.00
0.27;11.43;32.58;2606.25;2194.84;-411.41;0.00
0.19;10.42;52.35;4188.20;1646.53;-2541.67;0.00
0.23;11.23;44.28;3542.41;1934.75;-1607.66;0.00
0.28;10.05;48.52;3881.36;2160.38;-1720.98;0.00
0.28;11.69;45.71;3656.68;2236.78;-1419.90;0.00
0.27;10.53;53.06;4244.72;2138.50;-2106.22;0.00
0.26;9.75;37.65;3011.81;2026.14;-985.68;0.00
0.26;10.52;40.91;3272.79;2068.85;-1203.94;0.00
0.23;9.87;37.95;3036.05;1895.66;-1140.39;0.00
0.28;11.70;39.55;3164.00;2256.72;-907.28;0.00
0.27;12.65;46.26;3700.78;2243.02;-1457.76;0.00
0.25;8.72;39.42;3153.27;1926.37;-1226.89;0.00
0.21;12.15;45.68;3654.60;1868.86;-1785.74;0.00
0.32;10.29;36.94;2955.13;2441.69;-513.44;0.00
0.26;11.06;41.65;3332.21;2097.20;-1235.01;0.00
0.24;8.55;40.59;3247.45;1851.46;-1395.99;0.00
0.27;9.73;50.57;4045.24;2084.00;-1961.24;0.00
0.24;11.03;36.64;2931.40;1997.53;-933.87;0.00
0.27;9.05;37.73;3018.62;2034.45;-984.17;0.00
0.23;11.43;40.30;3223.72;1936.94;-1286.78;0.00
0.24;10.35;48.40;3872.10;1979.08;-1893.02;0.00
0.23;11.29;49.47;3957.79;1967.43;-1990.36;0.00
0.26;7.74;35.93;2874.61;1957.31;-917.30;0.00
0.22;9.35;37.07;2965.62;1769.74;-1195.88;0.00
0.24;10.20;35.36;2828.94;1955.27;-873.67;0.00
0.22;9.87;34.62;2769.78;1826.66;-943.12;0.00
0.25;7.52;35.19;2814.96;1871.77;-943.20;0.00
0.24;10.20;46.46;3716.96;1969.93;-1747.02;0.00
0.24;11.41;37.16;2973.12;2038.96;-934.16;0.00
0.27;11.58;36.43;2914.18;2206.71;-707.47;0.00
0.27;9.51;36.55;2923.91;2080.12;-843.79;0.00
0.28;10.03;39.86;3188.99;2195.87;-993.12;0.00
0.23;9.27;36.52;2921.75;1864.02;-1057.73;0.00
0.24;9.41;34.32;2745.54;1908.69;-836.85;0.00
0.23;10.64;40.94;3275.23;1916.06;-1359.17;0.00
0.23;9.99;36.58;2926.02;1887.18;-1038.83;0.00
0.22;9.04;37.47;2997.94;1762.72;-1235.22;0.00
0.25;11.13;40.38;3230.34;2066.50;-1163.84;0.00
0.25;9.44;47.82;3825.94;1948.61;-1877.33;0.00
0.21;10.51;42.09;3367.28;1765.42;-1601.86;0.00
0.24;9.67;43.55;3484.21;1902.43;-1581.77;0.00
0.28;9.97;41.90;3352.37;2170.51;-1181.86;0.00
0.25;11.34;43.38;3470.50;2074.45;-1396.04;0.00
0.30;8.95;39.47;3157.70;2221.48;-936.22;0.00
0.25;11.16;46.55;3724.14;2052.15;-1671.99;0.00
0.28;9.21;37.58;3006.51;2152.72;-853.79;0.00
0.24;11.05;42.91;3433.16;1984.50;-1448.65;0.00
0.25;8.57;29.35;2347.99;1897.56;-450.43;0.00
0.26;10.25;44.51;3560.47;2091.57;-1468.90;0.00
0.27;7.72;36.01;2880.44;1992.83;-887.61;0.00
0.23;11.91;41.56;3325.19;1970.18;-1355.01;0.00
0.24;8.52;40.16;3212.90;1854.68;-1358.21;0.00
0.23;10.71;32.69;2615.60;1892.25;-723.35;0.00
0.27;10.68;33.89;2711.31;2173.75;-537.57;0.00
0.24;10.24;37.11;2968.79;1978.31;-990.48;0.00
0.27;11.11;36.71;2937.16;2166.81;-770.35;0.00
0.28;10.40;42.61;3408.91;2220.37;-1188.54;0.00
0.26;9.26;45.36;3628.47;2036.92;-1591.55;0.00
0.30;9.55;35.61;2848.59;2242.88;-605.71;0.00
0.24;12.64;37.39;2990.96;2060.24;-930.72;0.00
0.27;10.67;37.08;2966.79;2122.85;-843.93;0.00
0.25;8.93;43.99;3519.43;1950.18;-1569.25;0.00
0.29;9.57;40.48;3238.15;2210.39;-1027.76;0.00
0.25;10.24;38.03;3042.75;2022.42;-1020.32;0.00
0.27;11.37;40.33;3226.35;2166.92;-1059.43;0.00
0.24;10.78;48.98;3918.02;1996.05;-1921.97;0.00
0.21;11.53;47.95;3836.21;1864.70;-1971.51;0.00
0.22;10.58;35.80;2863.70;1826.16;-1037.54;0.00
0.21;10.54;34.90;2792.20;1786.72;-1005.48;0.00
0.26;8.75;40.33;3226.02;1977.55;-1248.47;0.00
0.25;9.82;41.51;3320.88;1978.24;-1342.64;0.00
0.25;10.51;33.26;2660.55;2043.63;-616.92;0.00
0.21;8.82;40.72;3257.66;1680.81;-1576.85;0.00
0.27;10.93;40.36;3228.57;2146.57;-1082.00;0.00
0.27;10.29;35.11;2808.48;2119.73;-688.75;0.00
0.23;9.84;40.60;3247.87;1896.33;-1351.55;0.00
0.25;9.48;35.54;2842.83;1954.87;-887.96;0.00
0.23;10.25;44.20;3535.62;1904.72;-1630.90;0.00
0.32;10.88;43.96;3516.58;2461.14;-1055.44;0.00
0.21;9.08;37.46;2996.64;1704.06;-1292.58;0.00
0.23;9.67;42.16;3373.07;1882.65;-1490.42;0.00
0.22;10.70;40.07;3205.37;1884.88;-1320.49;0.00
0.25;11.25;42.31;3385.06;2060.77;-1324.29;0.00
0.24;10.77;40.06;3205.17;1975.24;-1229.93;0.00
0.24;11.51;32.86;2628.83;2036.49;-592.34;0.00
0.23;11.03;43.04;3443.26;1927.18;-1516.08;0.00
0.26;11.86;48.15;3852.03;2170.26;-1681.78;0.00
0.26;8.22;27.43;2194.19;1973.97;-220.22;0.00
0.24;10.65;40.35;3228.39;1969.86;-1258.53;0.00
0.23;8.94;47.19;3775.50;1807.98;-1967.52;0.00
0.24;9.96;42.45;3395.65;1957.88;-1437.77;0.00
0.24;10.03;42.13;3370.32;1913.85;-1456.46;0.00
0.25;9.63;40.24;3218.83;1969.10;-1249.73;0.00
0.25;10.98;35.44;2835.44;2057.59;-777.86;0.00
0.27;6.21;39.07;3125.86;1904.77;-1221.09;0.00
0.24;10.98;45.43;3634.71;1967.48;-1667.24;0.00
0.24;10.22;40.41;3232.44;1960.89;-1271.55;0.00
0.28;11.40;35.96;2876.57;2249.52;-627.05;0.00
0.23;8.59;39.28;3142.29;1824.54;-1317.75;0.00
0.30;9.51;43.08;3446.58;2237.52;-1209.05;0.00
0.29;9.70;37.66;3013.01;2235.07;-777.94;0.00
0.28;9.71;37.89;3031.52;2159.88;-871.63;0.00
0.27;10.79;42.67;3413.25;2186.37;-1226.88;0.00
0.22;9.40;38.15;3051.71;1805.69;-1246.02;0.00
0.29;8.28;33.69;2695.04;2110.14;-584.90;0.00
0.28;10.37;44.25;3539.79;2208.44;-1331.35;0.00
0.24;11.39;43.53;3482.75;2030.36;-1452.39;0.00
0.30;10.20;45.11;3608.65;2278.16;-1330.48;0.00
0.28;9.44;43.20;3456.14;2160.89;-1295.25;0.00
0.28;9.68;44.77;3581.36;2161.69;-1419.66;0.00
0.23;9.82;40.42;3233.59;1858.11;-1375.47;0.00
0.23;12.17;32.90;2632.13;1971.10;-661.03;0.00
0.22;8.67;43.42;3473.56;1760.30;-1713.26;0.00
0.21;9.24;38.23;3058.17;1694.61;-1363.56;0.00
0.26;10.69;36.44;2914.82;2081.15;-833.67;0.00
0.23;8.63;37.47;2997.37;1833.19;-1164.18;0.00
0.21;10.04;40.10;3207.84;1790.77;-1417.07;0.00
0.23;9.75;38.64;3091.13;1892.40;-1198.72;0.00
0.24;8.45;37.14;2971.36;1857.34;-1114.02;0.00
0.24;8.79;37.47;2997.23;1890.19;-1107.04;0.00
0.27;10.46;45.42;3633.21;2116.80;-1516.41;0.00
0.22;10.60;39.59;3167.30;1834.71;-1332.58;0.00
0.24;9.32;35.60;2848.08;1891.02;-957.06;0.00
0.24;10.95;36.83;2946.12;1972.63;-973.48;0.00
0.28;10.53;35.22;2817.80;2224.07;-593.72;0.00
0.24;9.87;30.55;2444.04;1934.06;-509.98;0.00
0.25;10.18;40.33;3226.79;2019.55;-1207.24;0.00
0.23;11.23;38.46;3076.51;1962.67;-1113.84;0.00
0.24;9.96;39.86;3189.07;1954.26;-1234.81;0.00
0.26;12.47;44.00;3520.18;2207.61;-1312.57;0.00
0.23;11.43;42.29;3382.88;1953.61;-1429.27;0.00
0.24;9.91;39.73;3178.38;1946.81;-1231.57;0.00
0.21;10.59;44.28;3542.13;1795.04;-1747.08;0.00
0.24;11.32;45.68;3654.10;1989.86;-1664.24;0.00
0.26;9.76;44.73;3578.12;2062.64;-1515.48;0.00
0.24;10.59;38.15;3052.33;1942.97;-1109.36;0.00
0.25;10.12;41.68;3334.73;2028.18;-1306.55;0.00
0.27;9.99;44.12;3529.75;2106.84;-1422.91;0.00
0.25;8.12;44.57;3565.69;1898.91;-1666.77;0.00
0.24;11.61;41.22;3297.21;2047.05;-1250.16;0.00
0.26;10.79;40.66;3253.12;2109.81;-1143.31;0.00
0.26;10.43;40.38;3230.54;2074.40;-1156.14;0.00
0.25;9.10;43.78;3502.11;1959.77;-1542.34;0.00
0.25;10.09;36.33;2906.40;2029.05;-877.34;0.00
0.24;10.89;36.94;2955.34;2004.05;-951.28;0.00
0.24;9.99;43.81;3504.84;1967.61;-1537.22;0.00
0.23;10.99;34.82;2785.23;1960.79;-824.44;0.00
0.24;10.24;43.06;3445.03;1973.36;-1471.66;0.00
0.28;9.05;44.22;3537.89;2095.95;-1441.94;0.00
0.25;10.90;51.30;4103.62;2057.06;-2046.56;0.00
0.24;10.46;40.14;3211.29;1951.86;-1259.43;0.00
0.22;11.45;37.42;2993.30;1884.66;-1108.64;0.00
0.27;9.56;46.55;3723.72;2116.30;-1607.41;0.00
0.25;9.69;35.59;2846.87;1955.73;-891.14;0.00
0.23;11.39;39.64;3170.99;1976.67;-1194.32;0.00
0.24;10.23;43.77;3501.27;1960.49;-1540.78;0.00
0.29;12.14;33.35;2668.28;2321.16;-347.12;0.00
0.23;11.62;39.13;3130.42;1979.37;-1151.05;0.00
0.30;11.10;43.04;3443.31;2351.51;-1091.80;0.00
0.25;9.34;39.61;3168.97;1972.48;-1196.49;0.00
0.25;10.84;44.66;3572.94;2045.80;-1527.14;0.00
0.24;11.70;39.90;3191.83;2029.86;-1161.97;0.00
0.27;8.40;48.56;3884.76;2006.91;-1877.85;0.00
0.24;8.82;36.24;2899.06;1876.44;-1022.63;0.00
0.31;9.71;36.62;2929.69;2309.72;-619.97;0.00
0.25;9.79;44.11;3528.42;1988.76;-1539.66;0.00
0.28;9.58;40.61;3249.16;2168.10;-1081.07;0.00
0.25;9.18;44.55;3564.29;1942.58;-1621.70;0.00
0.22;10.88;46.12;3689.44;1847.84;-1841.60;0.00
0.30;8.64;32.08;2566.37;2215.62;-350.75;0.00
0.25;11.97;36.94;2955.28;2122.43;-832.85;0.00
0.20;9.06;46.37;3709.57;1676.43;-2033.14;0.00
0.21;10.87;40.86;3269.16;1831.35;-1437.82;0.00
0.21;10.59;45.49;3639.11;1807.60;-1831.51;0.00
0.25;7.91;40.91;3272.41;1890.70;-1381.71;0.00
0.25;9.17;41.37;3309.70;1975.34;-1334.36;0.00
0.21;10.06;40.55;3243.73;1787.08;-1456.65;0.00
0.21;9.58;37.83;3026.26;1754.29;-1271.97;0.00
0.26;9.06;37.23;2978.17;1996.49;-981.68;0.00
0.24;8.95;41.72;3337.25;1890.15;-1447.10;0.00
0.25;9.02;36.46;2917.06;1947.74;-969.32;0.00
0.23;10.76;41.44;3314.83;1943.14;-1371.69;0.00
0.26;9.86;44.75;3579.91;2024.20;-1555.71;0.00
0.29;11.64;40.86;3268.51;2323.16;-945.35;0.00
0.31;8.75;35.67;2853.94;2302.30;-551.64;0.00
0.23;10.51;36.20;2895.71;1886.98;-1008.73;0.00
0.19;9.63;38.30;3064.26;1642.46;-1421.81;0.00
0.27;9.23;50.07;4005.59;2099.74;-1905.84;0.00
0.22;10.41;30.79;2463.26;1840.27;-622.99;0.00
0.22;10.33;37.56;3004.42;1846.42;-1157.99;0.00
0.26;9.77;35.62;2849.69;2035.43;-814.27;0.00
0.22;9.56;41.38;3310.25;1787.93;-1522.31;0.00
0.25;12.05;38.22;3057.55;2129.61;-927.94;0.00
0.22;11.33;36.72;2937.22;1896.92;-1040.30;0.00
0.26;11.40;37.49;2998.89;2142.67;-856.22;0.00
0.24;9.61;35.15;2811.64;1942.30;-869.34;0.00
0.30;11.31;46.20;3696.36;2337.24;-1359.12;0.00
0.28;10.12;45.90;3671.67;2164.84;-1506.83;0.00
0.26;9.78;33.16;2652.94;2052.02;-600.92;0.00
0.23;10.10;43.99;3519.34;1872.10;-1647.24;0.00
0.23;10.30;41.22;3297.83;1893.23;-1404.60;0.00
0.28;11.29;28.96;2316.70;2229.66;-87.04;0.00
0.28;10.15;37.00;2960.39;2198.90;-761.49;0.00
0.23;9.89;35.64;2850.83;1878.80;-972.02;0.00
0.22;10.11;41.00;3279.80;1853.88;-1425.92;0.00
0.28;10.66;39.07;3125.83;2211.75;-914.07;0.00
0.25;8.35;40.15;3212.26;1886.77;-1325.49;0.00
0.23;11.20;40.42;3233.38;1959.85;-1273.53;0.00
0.26;10.32;46.91;3752.59;2072.80;-1679.80;0.00
0.19;10.86;36.61;2928.41;1723.00;-1205.41;0.00
0.21;9.03;44.02;3521.39;1714.56;-1806.84;0.00
0.26;9.99;41.57;3325.97;2054.70;-1271.27;0.00
0.24;11.22;41.82;3345.67;2029.62;-1316.04;0.00
0.25;10.41;39.51;3160.68;2048.78;-1111.90;0.00
0.23;8.68;32.47;2597.32;1823.60;-773.72;0.00
0.28;6.92;38.01;3040.92;2020.28;-1020.64;0.00
0.23;10.38;40.83;3266.25;1907.63;-1358.63;0.00
0.26;9.82;31.17;2493.95;2055.01;-438.94;0.00
0.27;10.27;39.01;3120.47;2100.81;-1019.66;0.00
0.26;10.49;41.64;3331.13;2066.32;-1264.81;0.00
0.24;10.22;40.22;3217.21;1963.73;-1253.48;0.00
0.24;11.09;41.87;3349.48;1993.69;-1355.79;0.00
0.20;11.26;39.65;3171.67;1791.95;-1379.72;0.00
0.27;9.00;30.16;2412.97;2081.62;-331.35;0.00
0.23;10.64;41.99;3359.35;1944.46;-1414.90;0.00
0.26;11.85;41.42;3313.49;2174.03;-1139.46;0.00
0.25;9.91;44.13;3530.76;2006.08;-1524.68;0.00
0.28;10.01;38.07;3045.93;2185.73;-860.20;0.00
0.25;11.43;40.69;3254.95;2053.32;-1201.62;0.00
0.29;8.80;40.63;3250.40;2155.05;-1095.35;0.00
0.25;8.86;32.38;2590.27;1931.89;-658.38;0.00
0.24;11.00;45.07;3605.69;1997.23;-1608.46;0.00
0.24;11.93;39.87;3189.42;2033.29;-1156.13;0.00
0.29;10.37;38.89;3111.18;2275.38;-835.79;0.00
0.31;10.07;36.62;2929.76;2353.46;-576.31;0.00
0.27;10.99;42.99;3439.29;2182.97;-1256.32;0.00
0.25;9.34;27.79;2223.33;1948.87;-274.46;0.00
0.28;10.65;37.93;3034.15;2218.53;-815.61;0.00
0.22;12.56;40.47;3237.37;1953.11;-1284.25;0.00
0.21;9.55;39.46;3157.12;1715.58;-1441.53;0.00
0.27;10.04;35.74;2859.00;2107.78;-751.22;0.00
0.28;9.69;38.80;3103.75;2127.47;-976.28;0.00
0.27;9.25;46.59;3727.57;2067.09;-1660.47;0.00
0.27;10.34;38.47;3077.58;2158.58;-919.00;0.00
0.27;9.32;38.38;3070.12;2052.39;-1017.73;0.00
0.27;8.95;46.63;3730.39;2058.23;-1672.17;0.00
0.30;10.68;38.01;3040.84;2305.66;-735.18;0.00
0.30;8.81;36.03;2882.39;2197.23;-685.17;0.00
0.17;9.63;37.97;3037.92;1512.40;-1525.53;0.00
0.22;9.68;41.48;3318.31;1818.05;-1500.26;0.00
0.22;10.94;45.46;3636.90;1878.17;-1758.73;0.00
0.27;12.06;37.72;3017.72;2215.24;-802.48;0.00
0.28;8.58;46.25;3700.33;2106.82;-1593.51;0.00
0.24;11.22;40.23;3218.25;1994.18;-1224.07;0.00
0.23;10.91;50.21;4016.79;1939.15;-2077.64;0.00
0.26;10.11;34.88;2790.72;2034.51;-756.21;0.00
0.24;8.50;37.48;2998.48;1846.65;-1151.83;0.00
0.22;10.68;39.16;3132.60;1888.53;-1244.07;0.00
0.26;9.48;48.59;3886.99;2021.52;-1865.47;0.00
0.24;8.97;41.06;3285.09;1879.08;-1406.00;0.00
0.27;10.66;44.51;3560.73;2139.34;-1421.38;0.00
0.23;10.76;35.83;2866.16;1893.94;-972.22;0.00
0.25;9.65;30.66;2452.54;1975.01;-477.53;0.00
0.26;9.16;37.94;3034.81;2003.29;-1031.52;0.00
0.30;12.03;29.20;2335.98;2377.45;41.47;1.00
0.26;12.17;40.47;3237.58;2168.30;-1069.28;0.00
0.24;8.75;32.45;2596.29;1850.99;-745.30;0.00
0.23;9.99;44.09;3527.29;1898.54;-1628.74;0.00
0.24;11.56;45.66;3652.80;2003.59;-1649.20;0.00
0.22;9.85;42.60;3407.80;1805.25;-1602.56;0.00
0.22;9.18;45.33;3626.22;1765.13;-1861.09;0.00
0.23;11.10;35.82;2865.57;1949.54;-916.03;0.00
0.27;12.24;37.45;2996.11;2211.25;-784.87;0.00
0.26;7.06;40.92;3273.21;1926.45;-1346.77;0.00
0.26;9.08;47.67;3813.98;2009.55;-1804.43;0.00
0.28;10.52;42.26;3380.60;2227.24;-1153.36;0.00
0.25;9.33;46.76;3740.47;1969.68;-1770.79;0.00
0.26;10.48;48.44;3874.88;2067.19;-1807.69;0.00
0.24;10.66;38.08;3046.52;1976.72;-1069.80;0.00
0.23;10.49;45.52;3641.20;1920.10;-1721.10;0.00
0.29;10.27;40.72;3257.47;2239.47;-1018.00;0.00
0.26;10.17;44.07;3525.92;2052.45;-1473.46;0.00
0.21;10.90;44.02;3521.86;1827.63;-1694.23;0.00
0.27;10.45;38.98;3118.01;2141.15;-976.86;0.00
0.26;11.04;40.30;3224.09;2090.27;-1133.82;0.00
0.25;10.42;47.70;3816.06;1998.57;-1817.50;0.00
0.23;8.90;41.98;3358.38;1820.51;-1537.87;0.00
0.22;10.81;40.23;3218.50;1893.16;-1325.34;0.00
0.28;11.98;43.21;3456.59;2280.95;-1175.64;0.00
0.25;11.66;39.96;3196.99;2081.27;-1115.72;0.00
0.22;9.43;39.59;3167.16;1807.09;-1360.07;0.00
0.18;8.77;39.44;3155.42;1546.72;-1608.70;0.00
0.24;10.97;38.29;3063.23;1968.89;-1094.35;0.00
0.23;8.30;43.13;3450.31;1805.03;-1645.28;0.00
0.24;8.85;43.84;3507.12;1893.65;-1613.47;0.00
0.28;8.82;45.10;3607.83;2085.90;-1521.94;0.00
0.22;8.94;36.21;2896.69;1761.85;-1134.85;0.00
0.27;13.25;45.50;3639.88;2309.08;-1330.80;0.00
0.25;8.29;41.21;3297.15;1886.95;-1410.20;0.00
0.22;11.65;35.71;2856.48;1922.22;-934.26;0.00
0.24;11.09;44.95;3595.88;1977.20;-1618.68;0.00
0.25;9.74;40.16;3212.55;1964.15;-1248.40;0.00
0.23;9.91;40.03;3202.66;1857.03;-1345.63;0.00
0.27;9.01;38.12;3049.53;2076.59;-972.94;0.00
0.24;9.21;45.44;3635.21;1915.39;-1719.82;0.00
0.24;10.12;34.82;2785.79;1918.10;-867.69;0.00
0.22;10.53;42.58;3406.14;1866.68;-1539.46;0.00
0.24;11.90;44.77;3581.29;2031.33;-1549.96;0.00
0.22;10.30;40.64;3251.05;1850.82;-1400.24;0.00
0.27;7.94;39.67;3173.77;1986.20;-1187.57;0.00
0.22;10.84;50.77;4061.81;1844.18;-2217.63;0.00
0.24;9.53;41.43;3314.44;1942.82;-1371.62;0.00
0.22;10.20;40.22;3217.39;1844.77;-1372.62;0.00
0.23;10.54;44.24;3539.00;1935.85;-1603.15;0.00
0.26;10.23;38.37;3069.77;2051.12;-1018.66;0.00
0.21;9.57;32.18;2574.55;1716.80;-857.74;0.00
0.27;10.84;34.96;2796.95;2134.74;-662.21;0.00
0.19;10.96;41.57;3325.82;1677.49;-1648.33;0.00
0.28;10.47;33.87;2709.63;2220.73;-488.90;0.00
0.25;12.40;38.69;3095.01;2118.46;-976.55;0.00
0.26;10.73;36.82;2945.81;2122.37;-823.45;0.00
0.26;8.76;38.56;3084.80;2012.48;-1072.32;0.00
0.25;10.92;39.82;3185.55;2038.41;-1147.14;0.00
0.24;9.00;47.04;3763.57;1858.98;-1904.59;0.00
0.27;10.33;38.93;3114.34;2132.05;-982.30;0.00
0.21;11.33;40.00;3199.76;1857.56;-1342.20;0.00
0.26;11.56;40.58;3246.79;2141.01;-1105.78;0.00
0.27;11.24;32.35;2588.18;2164.49;-423.69;0.00
0.23;10.04;40.97;3277.25;1911.47;-1365.79;0.00
0.21;10.04;35.32;2825.66;1786.01;-1039.65;0.00
0.24;9.48;37.73;3018.21;1900.11;-1118.09;0.00
0.21;9.76;34.24;2739.32;1749.74;-989.58;0.00
0.26;9.51;41.68;3334.79;2016.08;-1318.71;0.00
0.20;9.72;41.30;3304.01;1711.41;-1592.60;0.00
0.19;9.56;36.21;2896.90;1637.67;-1259.23;0.00
0.30;10.19;37.97;3037.34;2286.81;-750.53;0.00
0.24;10.38;44.20;3535.71;1956.24;-1579.47;0.00
0.20;8.43;36.55;2923.97;1636.42;-1287.55;0.00
0.30;10.96;37.72;3017.45;2358.27;-659.18;0.00
0.24;9.94;37.58;3006.41;1938.29;-1068.11;0.00
0.24;11.46;52.67;4213.56;2010.04;-2203.51;0.00
0.19;11.71;43.44;3475.30;1750.86;-1724.44;0.00
0.21;9.34;43.23;3458.29;1746.05;-1712.24;0.00
0.27;7.43;40.92;3273.73;1962.86;-1310.87;0.00
0.23;8.99;43.86;3509.02;1845.17;-1663.86;0.00
0.21;10.08;40.32;3225.31;1789.30;-1436.02;0.00
0.26;10.48;40.80;3263.67;2061.54;-1202.13;0.00
0.29;9.42;33.58;2686.40;2175.66;-510.75;0.00
0.24;10.55;42.29;3383.03;1979.04;-1403.99;0.00
0.23;10.94;40.19;3215.24;1915.04;-1300.19;0.00
0.20;9.27;38.31;3065.08;1680.66;-1384.42;0.00
0.23;10.47;40.10;3207.78;1930.71;-1277.07;0.00
0.27;11.12;45.66;3652.75;2180.81;-1471.93;0.00
0.22;10.44;39.07;3125.62;1854.09;-1271.52;0.00
0.28;10.07;49.37;3949.77;2162.64;-1787.13;0.00
0.26;9.88;31.68;2534.67;2022.60;-512.07;0.00
0.27;7.96;39.74;3179.41;2003.95;-1175.46;0.00
0.23;9.17;36.19;2895.18;1824.51;-1070.68;0.00
0.21;13.02;37.52;3001.83;1913.12;-1088.71;0.00
0.26;10.70;36.21;2896.83;2103.98;-792.85;0.00
0.24;9.19;31.95;2556.13;1912.44;-643.69;0.00
0.22;8.33;47.20;3776.07;1727.38;-2048.69;0.00
0.23;8.71;38.78;3102.18;1787.37;-1314.81;0.00
0.25;11.10;33.52;2681.99;2082.72;-599.27;0.00
0.24;10.92;38.70;3096.09;1995.03;-1101.06;0.00
0.27;9.81;42.23;3378.41;2127.55;-1250.86;0.00
0.17;10.66;35.02;2801.49;1570.44;-1231.05;0.00
0.20;9.93;46.64;3730.85;1722.90;-2007.94;0.00
0.26;10.43;45.10;3608.02;2051.44;-1556.58;0.00
0.20;10.04;37.64;3011.56;1715.73;-1295.83;0.00
0.26;11.01;34.11;2729.20;2127.99;-601.21;0.00
0.26;10.17;36.65;2931.68;2081.15;-850.53;0.00
0.28;11.79;40.63;3250.00;2285.79;-964.21;0.00
0.28;12.92;37.62;3009.92;2323.06;-686.86;0.00
0.23;11.71;42.91;3432.91;1955.20;-1477.72;0.00
0.27;9.90;39.87;3189.63;2121.29;-1068.34;0.00
0.25;12.33;41.67;3333.31;2131.95;-1201.35;0.00
0.27;7.81;42.14;3371.05;1976.80;-1394.25;0.00
0.30;9.90;41.71;3336.95;2255.13;-1081.82;0.00
0.23;9.56;41.51;3320.86;1840.33;-1480.52;0.00
0.27;7.78;35.51;2840.73;1989.95;-850.78;0.00
0.26;11.46;37.65;3012.04;2131.57;-880.48;0.00
0.27;9.71;44.89;3591.58;2107.47;-1484.11;0.00
0.23;10.81;46.42;3713.59;1904.14;-1809.46;0.00
0.26;10.20;38.59;3087.36;2090.79;-996.57;0.00
0.22;10.54;47.73;3818.45;1877.44;-1941.01;0.00
0.24;8.03;38.76;3100.55;1839.77;-1260.77;0.00
0.23;11.13;43.16;3453.07;1924.64;-1528.43;0.00
0.18;8.46;31.35;2507.99;1491.80;-1016.19;0.00
0.25;9.76;43.57;3485.58;1996.47;-1489.12;0.00
0.25;11.24;38.43;3074.68;2043.10;-1031.58;0.00
0.27;10.54;44.03;3522.53;2125.68;-1396.85;0.00
0.28;9.94;37.87;3029.74;2150.68;-879.06;0.00
0.31;9.01;39.19;3135.43;2297.33;-838.10;0.00
0.27;11.68;36.91;2952.53;2177.91;-774.62;0.00
0.25;8.43;40.49;3239.04;1911.03;-1328.01;0.00
0.23;9.23;47.52;3801.75;1859.49;-1942.26;0.00
0.27;10.69;35.18;2814.17;2161.70;-652.46;0.00
0.29;10.08;34.66;2772.85;2224.30;-548.55;0.00
0.27;10.04;36.93;2954.04;2112.47;-841.57;0.00
0.22;10.70;38.13;3050.10;1874.55;-1175.56;0.00
0.30;8.00;47.99;3838.86;2185.72;-1653.14;0.00
0.28;7.88;35.70;2856.06;2036.26;-819.79;0.00
0.24;10.18;41.41;3312.43;1975.49;-1336.94;0.00
0.24;11.25;37.90;3032.12;1995.08;-1037.05;0.00
0.26;9.48;38.54;3082.96;2051.92;-1031.04;0.00
0.24;9.79;36.05;2884.02;1908.79;-975.23;0.00
0.24;10.71;40.78;3262.43;2000.96;-1261.47;0.00
0.26;10.51;38.27;3061.37;2066.04;-995.34;0.00
0.29;9.61;37.64;3010.85;2200.05;-810.80;0.00
0.25;10.14;37.42;2993.82;2001.60;-992.22;0.00
0.24;11.79;32.50;2600.11;2017.50;-582.61;0.00
0.24;7.87;47.32;3785.31;1849.36;-1935.94;0.00
0.25;11.01;39.52;3161.77;2044.31;-1117.46;0.00
0.25;10.37;45.33;3626.56;2005.50;-1621.07;0.00
0.24;8.97;48.16;3852.43;1901.38;-1951.05;0.00
0.24;9.69;41.68;3334.79;1894.21;-1440.58;0.00
0.24;11.16;39.99;3199.54;2028.86;-1170.68;0.00
0.27;10.51;34.24;2739.52;2157.21;-582.31;0.00
0.22;9.68;43.93;3514.59;1809.76;-1704.83;0.00
0.25;10.27;44.39;3550.87;2011.09;-1539.79;0.00
0.25;9.88;33.65;2692.28;1971.58;-720.70;0.00
0.27;10.07;47.64;3811.48;2099.69;-1711.79;0.00
0.26;11.99;43.26;3461.15;2142.81;-1318.34;0.00
0.27;9.16;32.23;2578.64;2055.49;-523.14;0.00
0.22;9.63;40.13;3210.21;1819.82;-1390.39;0.00
0.27;9.65;34.52;2761.60;2097.44;-664.16;0.00
0.29;10.07;40.78;3262.23;2221.03;-1041.20;0.00
0.26;11.00;35.09;2806.82;2120.13;-686.68;0.00
0.26;11.42;32.38;2590.08;2153.36;-436.72;0.00
0.28;10.34;36.93;2954.53;2210.83;-743.70;0.00
0.28;9.08;39.97;3197.96;2117.56;-1080.40;0.00
0.22;8.68;39.52;3161.88;1742.17;-1419.71;0.00
0.24;8.39;38.36;3068.69;1838.08;-1230.61;0.00
0.22;9.60;49.05;3924.30;1819.91;-2104.39;0.00
0.24;8.95;40.85;3268.25;1904.08;-1364.17;0.00
0.25;9.26;29.84;2386.88;1936.62;-450.26;0.00
0.21;10.59;33.53;2682.47;1782.03;-900.44;0.00
0.19;7.65;44.55;3563.86;1509.43;-2054.43;0.00
0.25;10.29;43.69;3494.94;2011.07;-1483.88;0.00
0.22;9.47;37.92;3033.68;1822.96;-1210.71;0.00
0.29;11.93;46.65;3731.97;2310.02;-1421.94;0.00
0.22;11.07;41.69;3335.36;1868.72;-1466.63;0.00
0.18;10.51;42.69;3415.34;1624.38;-1790.96;0.00
0.23;9.92;36.72;2937.53;1851.15;-1086.38;0.00
0.24;10.27;38.75;3099.90;1969.56;-1130.35;0.00
0.26;7.77;41.36;3308.49;1917.68;-1390.81;0.00
0.22;9.42;41.62;3329.28;1767.66;-1561.63;0.00
0.24;12.63;41.76;3340.65;2096.21;-1244.44;0.00
0.28;12.08;44.28;3542.18;2269.02;-1273.17;0.00
0.25;11.52;38.15;3051.96;2068.99;-982.98;0.00
0.26;9.79;34.77;2781.90;2056.99;-724.90;0.00
0.24;10.43;40.77;3261.71;1973.87;-1287.84;0.00
0.26;9.45;37.84;3027.09;2008.67;-1018.42;0.00
0.25;11.76;45.15;3612.32;2064.63;-1547.68;0.00
0.29;10.67;40.51;3240.95;2289.54;-951.41;0.00
0.28;9.92;53.19;4255.35;2145.42;-2109.94;0.00
0.25;10.00;39.35;3147.62;1988.13;-1159.49;0.00
0.23;10.38;38.38;3070.71;1892.12;-1178.59;0.00
0.27;10.83;40.64;3251.52;2180.24;-1071.28;0.00
0.29;10.02;42.95;3436.21;2258.45;-1177.76;0.00
0.27;10.82;36.00;2879.71;2184.90;-694.81;0.00
0.26;8.59;35.07;2805.75;1975.51;-830.25;0.00
0.25;11.67;42.70;3416.25;2086.58;-1329.67;0.00
0.25;11.70;43.42;3473.40;2082.51;-1390.89;0.00
0.26;9.75;36.68;2934.13;2046.61;-887.52;0.00
0.22;9.06;42.78;3422.51;1772.64;-1649.87;0.00
0.24;9.98;37.11;2969.19;1940.52;-1028.67;0.00
0.25;11.97;42.64;3411.41;2102.15;-1309.26;0.00
0.26;9.82;41.34;3307.37;2039.05;-1268.32;0.00
0.22;8.82;38.15;3052.34;1762.43;-1289.91;0.00
0.23;9.28;42.74;3418.81;1871.08;-1547.73;0.00
0.23;12.14;45.41;3632.81;1981.23;-1651.59;0.00
0.23;8.88;44.26;3540.84;1840.77;-1700.07;0.00
0.20;9.62;41.19;3295.12;1713.28;-1581.84;0.00
0.27;9.12;40.65;3252.32;2063.01;-1189.31;0.00
0.27;10.87;40.24;3219.08;2135.02;-1084.07;0.00
0.24;11.10;41.64;3331.56;1977.53;-1354.03;0.00
0.25;10.41;42.80;3424.25;1998.85;-1425.39;0.00
0.27;9.94;38.72;3097.66;2085.25;-1012.41;0.00
0.24;11.74;43.37;3469.59;2018.31;-1451.28;0.00
0.25;9.57;43.00;3440.36;1999.73;-1440.63;0.00
0.24;11.33;45.18;3614.35;1997.03;-1617.31;0.00
0.24;11.60;37.97;3037.28;2015.20;-1022.08;0.00
0.27;10.68;34.03;2722.54;2132.47;-590.07;0.00
0.26;10.79;45.17;3613.78;2082.84;-1530.94;0.00
0.23;8.90;41.76;3340.90;1817.04;-1523.86;0.00
0.27;10.97;42.95;3435.95;2159.76;-1276.19;0.00
0.28;9.36;41.32;3305.64;2148.21;-1157.44;0.00
0.29;9.55;41.03;3282.46;2186.15;-1096.31;0.00
0.29;11.93;35.43;2834.71;2312.03;-522.68;0.00
0.28;8.80;35.23;2818.01;2098.82;-719.19;0.00
0.23;10.73;42.35;3387.84;1915.11;-1472.74;0.00
0.24;11.48;35.62;2849.30;2027.87;-821.43;0.00
0.19;9.80;43.95;3516.37;1619.11;-1897.26;0.00
0.21;8.68;37.52;3001.70;1709.17;-1292.54;0.00
0.22;11.13;30.48;2438.05;1859.79;-578.26;0.00
0.27;10.34;39.29;3143.47;2155.97;-987.50;0.00
0.30;10.59;39.24;3139.53;2328.95;-810.59;0.00
0.25;10.87;48.43;3874.26;2042.81;-1831.45;0.00
0.27;10.18;41.05;3283.79;2116.19;-1167.60;0.00
0.26;10.71;31.72;2537.86;2080.12;-457.74;0.00
0.28;9.02;42.35;3388.20;2095.60;-1292.59;0.00
0.29;10.27;41.85;3348.31;2226.28;-1122.03;0.00
0.28;9.47;38.19;3055.22;2120.48;-934.74;0.00
0.24;9.19;44.11;3528.66;1904.45;-1624.21;0.00
0.21;11.00;37.10;2967.77;1833.93;-1133.84;0.00
0.23;9.63;43.26;3460.84;1869.38;-1591.46;0.00
0.20;11.24;32.97;2637.93;1776.26;-861.67;0.00
0.26;8.32;39.53;3162.59;1982.56;-1180.03;0.00
0.27;9.81;43.59;3487.19;2117.10;-1370.09;0.00
0.24;11.26;40.24;3219.28;2028.65;-1190.62;0.00
0.22;10.89;40.45;3235.87;1882.12;-1353.75;0.00
0.21;9.68;42.21;3376.41;1768.57;-1607.84;0.00
0.20;9.10;35.10;2807.96;1673.99;-1133.97;0.00
0.28;11.87;39.09;3127.11;2279.62;-847.49;0.00
0.29;10.07;35.97;2877.32;2219.01;-658.30;0.00
0.28;9.67;47.98;3838.23;2181.66;-1656.57;0.00
0.25;8.38;43.59;3487.54;1936.47;-1551.07;0.00
0.27;10.65;40.65;3251.76;2121.35;-1130.41;0.00
0.30;7.87;36.56;2925.07;2158.81;-766.26;0.00
0.22;8.11;38.80;3104.19;1734.16;-1370.03;0.00
0.23;6.83;42.17;3373.44;1731.26;-1642.18;0.00
0.26;9.91;32.55;2604.25;2053.84;-550.40;0.00
0.23;9.47;38.58;3086.06;1833.51;-1252.55;0.00
0.26;10.10;41.59;3327.25;2075.46;-1251.79;0.00
0.23;8.02;31.77;2541.85;1800.62;-741.24;0.00
0.23;10.98;40.80;3264.14;1940.25;-1323.89;0.00
0.24;9.98;44.33;3546.53;1967.09;-1579.43;0.00
0.22;9.68;41.91;3353.08;1824.39;-1528.68;0.00
0.28;11.60;41.14;3290.95;2239.35;-1051.60;0.00
0.25;10.06;42.62;3409.75;2028.28;-1381.47;0.00
0.20;10.10;38.71;3096.91;1702.57;-1394.34;0.00
0.24;9.83;28.09;2246.92;1917.53;-329.39;0.00
0.25;10.17;39.28;3142.19;1982.20;-1160.00;0.00
0.26;11.59;33.22;2657.28;2127.70;-529.58;0.00
0.20;10.98;37.66;3013.03;1787.73;-1225.31;0.00
0.24;10.41;42.61;3408.58;1958.35;-1450.23;0.00
0.27;12.43;38.04;3042.87;2259.58;-783.29;0.00
0.23;10.83;45.15;3611.60;1947.46;-1664.14;0.00
0.26;9.97;48.25;3860.24;2047.79;-1812.45;0.00
0.24;9.46;45.05;3604.25;1890.89;-1713.36;0.00
0.26;10.17;36.60;2927.87;2052.21;-875.66;0.00
0.24;11.77;46.87;3749.67;2029.34;-1720.32;0.00
0.27;10.50;42.90;3431.70;2141.17;-1290.53;0.00
0.29;9.59;43.93;3514.40;2194.31;-1320.09;0.00
0.24;8.91;36.13;2890.50;1859.74;-1030.76;0.00
0.26;10.35;45.35;3628.32;2090.71;-1537.61;0.00
0.28;9.73;42.70;3415.65;2138.24;-1277.42;0.00
0.25;10.59;41.54;3323.18;2043.04;-1280.14;0.00
0.21;8.66;36.59;2926.87;1693.29;-1233.57;0.00
0.27;11.24;42.74;3419.35;2205.95;-1213.40;0.00
0.28;11.02;41.80;3343.92;2222.07;-1121.85;0.00
0.28;10.96;47.91;3833.10;2213.13;-1619.97;0.00
0.27;11.28;40.18;3214.40;2184.40;-1030.00;0.00
0.24;10.97;32.45;2595.64;2007.01;-588.63;0.00
0.27;10.26;39.87;3189.43;2153.89;-1035.54;0.00
0.22;9.98;34.99;2799.24;1824.14;-975.10;0.00
0.22;10.16;36.46;2916.59;1806.91;-1109.68;0.00
0.27;9.85;53.44;4275.24;2082.58;-2192.66;0.00
0.29;9.82;46.78;3742.04;2214.16;-1527.88;0.00
0.21;11.50;35.97;2877.21;1839.37;-1037.84;0.00
0.26;9.40;37.72;3017.44;2027.50;-989.94;0.00
0.24;8.53;40.48;3238.48;1886.21;-1352.27;0.00
0.30;9.94;45.31;3624.99;2312.72;-1312.27;0.00
0.22;10.34;45.37;3629.72;1829.76;-1799.96;0.00
0.24;10.67;45.39;3631.43;1973.27;-1658.15;0.00
0.26;9.33;37.11;2968.95;2015.65;-953.30;0.00
0.27;9.29;40.46;3237.18;2089.07;-1148.11;0.00
0.29;10.62;40.97;3277.40;2277.83;-999.58;0.00
0.25;9.61;45.94;3675.58;1969.00;-1706.59;0.00
0.23;9.60;36.89;2950.93;1847.45;-1103.48;0.00
0.24;9.96;37.47;2997.62;1926.43;-1071.20;0.00
0.26;10.25;39.47;3157.63;2062.67;-1094.96;0.00
0.23;9.16;48.57;3885.49;1831.18;-2054.31;0.00
0.24;9.05;43.46;3476.85;1875.22;-1601.63;0.00
0.24;10.61;47.65;3811.70;1993.47;-1818.23;0.00
0.25;7.28;35.00;2800.14;1873.78;-926.36;0.00
0.26;10.10;41.58;3326.02;2060.76;-1265.26;0.00
0.26;9.93;39.66;3172.94;2079.27;-1093.67;0.00
0.24;9.14;41.38;3310.24;1900.33;-1409.90;0.00
0.30;11.21;39.31;3144.58;2367.97;-776.61;0.00
0.23;11.52;38.72;3097.28;1940.44;-1156.84;0.00
0.25;9.51;42.09;3367.00;1983.69;-1383.31;0.00
0.19;10.78;37.65;3011.98;1717.27;-1294.71;0.00
0.22;11.22;37.26;2980.93;1901.87;-1079.06;0.00
0.25;10.23;42.91;3433.17;1996.91;-1436.25;0.00
0.27;11.25;36.87;2949.53;2162.90;-786.63;0.00
0.25;9.84;38.65;3092.14;1996.30;-1095.84;0.00
0.23;7.53;41.23;3298.01;1759.57;-1538.44;0.00
0.27;11.65;47.06;3764.41;2204.16;-1560.25;0.00
0.25;10.12;38.26;3060.56;1993.81;-1066.75;0.00
0.24;9.80;44.27;3541.39;1923.30;-1618.09;0.00
0.26;10.75;34.28;2742.29;2095.81;-646.49;0.00
0.30;9.72;37.75;3019.67;2266.95;-752.72;0.00
0.23;9.88;36.22;2897.67;1860.14;-1037.53;0.00
0.26;9.52;41.97;3357.44;2038.42;-1319.02;0.00
0.19;11.51;39.15;3131.94;1756.26;-1375.68;0.00
0.26;12.12;44.61;3569.11;2194.82;-1374.29;0.00
0.23;11.29;37.26;2980.47;1926.54;-1053.93;0.00
0.23;10.33;36.26;2900.92;1900.66;-1000.26;0.00
0.24;9.18;44.28;3542.69;1918.80;-1623.89;0.00
0.21;9.19;38.24;3059.37;1748.56;-1310.81;0.00
0.24;10.40;46.17;3693.51;1985.54;-1707.98;0.00
0.24;11.02;44.91;3592.93;1995.15;-1597.78;0.00
0.27;11.32;36.47;2917.41;2172.79;-744.62;0.00
0.22;11.44;45.21;3616.85;1913.43;-1703.42;0.00
0.24;10.76;36.03;2882.18;1992.42;-889.75;0.00
0.27;12.92;34.05;2724.31;2281.46;-442.85;0.00
0.24;9.88;33.69;2695.43;1934.53;-760.90;0.00
0.28;10.80;37.06;2964.53;2194.54;-769.99;0.00
0.24;10.76;30.61;2448.43;2003.22;-445.21;0.00
0.26;9.77;34.00;2720.24;2038.43;-681.81;0.00
0.22;9.63;38.42;3073.58;1829.09;-1244.49;0.00
0.25;11.18;29.53;2362.70;2052.05;-310.65;0.00
0.25;11.87;40.74;3259.24;2125.17;-1134.08;0.00
0.27;11.27;41.11;3288.97;2168.90;-1120.07;0.00
0.22;9.64;44.67;3573.54;1781.42;-1792.11;0.00
0.29;9.04;35.83;2866.43;2205.48;-660.94;0.00
0.24;10.43;35.62;2849.80;1945.00;-904.79;0.00
0.23;10.47;39.33;3146.18;1895.07;-1251.12;0.00
0.27;9.16;33.57;2685.20;2042.17;-643.03;0.00
0.24;10.93;34.91;2792.86;2011.16;-781.71;0.00
0.24;11.20;47.40;3791.74;2003.51;-1788.23;0.00
0.24;10.12;37.03;2962.11;1971.31;-990.80;0.00
0.27;10.07;30.20;2416.31;2123.16;-293.16;0.00
0.21;10.74;44.20;3536.02;1826.12;-1709.90;0.00
0.22;11.41;40.22;3217.75;1885.12;-1332.63;0.00
0.24;10.61;43.62;3489.78;1961.83;-1527.95;0.00
0.25;10.41;43.85;3507.74;2019.75;-1487.99;0.00
0.26;9.96;40.29;3223.54;2068.41;-1155.13;0.00
0.27;8.28;36.64;2930.98;2040.58;-890.40;0.00
0.23;9.07;40.78;3262.71;1808.28;-1454.43;0.00
0.21;10.06;41.07;3285.40;1758.45;-1526.95;0.00
0.24;11.89;39.69;3175.23;2043.62;-1131.61;0.00
0.23;8.74;44.38;3550.61;1839.17;-1711.44;0.00
0.27;11.37;37.89;3030.99;2163.06;-867.93;0.00
0.32;9.84;58.08;4646.27;2414.60;-2231.67;0.00
0.24;10.87;46.28;3702.39;1998.96;-1703.43;0.00
0.29;9.89;38.44;3074.90;2198.06;-876.84;0.00
0.25;10.21;38.16;3052.98;2020.59;-1032.39;0.00
0.25;11.63;45.78;3662.25;2071.32;-1590.93;0.00
0.30;9.45;50.23;4018.77;2281.97;-1736.79;0.00
0.30;9.14;39.75;3179.90;2213.96;-965.94;0.00
0.31;10.18;38.46;3076.99;2371.01;-705.98;0.00
0.24;10.29;46.98;3758.70;1928.29;-1830.41;0.00
0.26;10.40;40.69;3255.20;2106.92;-1148.28;0.00
0.21;10.63;44.38;3550.74;1818.09;-1732.65;0.00
0.22;9.89;45.37;3629.38;1844.34;-1785.04;0.00
0.25;10.05;40.50;3240.01;1978.60;-1261.41;0.00
0.25;11.17;36.01;2880.70;2044.77;-835.92;0.00
0.23;11.17;44.53;3562.66;1935.59;-1627.08;0.00
0.27;8.64;31.87;2549.48;2017.40;-532.08;0.00
0.24;10.99;35.43;2834.14;1985.27;-848.87;0.00
0.22;8.99;45.80;3664.11;1754.62;-1909.49;0.00
0.26;9.23;37.29;2983.49;2004.10;-979.39;0.00
0.20;9.84;40.23;3218.56;1711.66;-1506.90;0.00
0.25;8.79;38.69;3095.56;1957.44;-1138.11;0.00
0.24;9.30;51.00;4080.37;1872.76;-2207.61;0.00
0.26;12.06;50.64;4051.48;2180.33;-1871.15;0.00
0.26;8.35;48.42;3873.71;1938.54;-1935.17;0.00
0.25;8.75;41.38;3310.28;1908.48;-1401.80;0.00
0.27;10.04;42.30;3383.79;2144.41;-1239.38;0.00
0.26;9.35;42.13;3370.03;2007.99;-1362.03;0.00
0.26;10.51;38.70;3095.97;2066.86;-1029.11;0.00
0.23;11.52;42.54;3402.96;1980.80;-1422.17;0.00
0.24;10.07;37.04;2963.51;1928.03;-1035.48;0.00
0.21;10.68;41.19;3295.30;1795.15;-1500.16;0.00
0.24;10.05;39.74;3178.83;1962.05;-1216.78;0.00
0.24;11.23;41.27;3301.81;2013.32;-1288.49;0.00
0.27;10.71;49.56;3964.74;2131.16;-1833.58;0.00
0.23;10.80;39.07;3125.62;1940.25;-1185.37;0.00
0.26;13.06;44.45;3555.83;2236.08;-1319.75;0.00
0.23;10.05;46.20;3695.78;1862.62;-1833.16;0.00
0.27;11.29;47.61;3808.75;2172.31;-1636.44;0.00
0.20;7.63;37.44;2995.37;1607.23;-1388.14;0.00
0.28;7.46;40.65;3251.63;2015.73;-1235.90;0.00
0.28;11.30;38.02;3041.84;2222.85;-818.99;0.00
0.25;11.79;39.68;3174.66;2111.17;-1063.49;0.00
0.26;9.73;32.82;2625.96;2055.86;-570.11;0.00
0.27;11.37;40.83;3266.16;2171.20;-1094.96;0.00
0.27;9.84;41.44;3315.43;2122.84;-1192.58;0.00
0.29;10.63;37.80;3024.22;2273.19;-751.02;0.00
0.28;9.36;39.02;3121.32;2161.34;-959.98;0.00
0.23;9.68;38.84;3107.35;1842.82;-1264.53;0.00
0.24;8.71;37.02;2961.51;1843.32;-1118.18;0.00
0.26;10.77;41.69;3335.11;2070.25;-1264.87;0.00
0.24;10.91;45.01;3601.01;1970.33;-1630.68;0.00
0.23;9.61;42.27;3381.92;1834.97;-1546.95;0.00
0.20;13.51;40.82;3265.53;1871.91;-1393.62;0.00
0.23;9.59;44.78;3582.22;1842.68;-1739.54;0.00
0.22;11.34;45.76;3661.04;1913.07;-1747.98;0.00
0.27;8.90;44.53;3562.66;2068.04;-1494.62;0.00
0.29;8.91;39.10;3127.78;2152.93;-974.86;0.00
0.25;12.81;37.63;3010.07;2133.51;-876.56;0.00
0.24;9.77;39.97;3197.30;1902.86;-1294.44;0.00
0.25;9.34;39.66;3172.49;1949.41;-1223.08;0.00
0.24;11.54;42.79;3423.55;2014.10;-1409.45;0.00
0.21;9.48;44.10;3528.19;1732.49;-1795.70;0.00
0.26;11.49;42.10;3368.08;2119.72;-1248.36;0.00
0.25;10.27;38.07;3045.44;1987.92;-1057.52;0.00
0.22;9.83;43.64;3491.24;1839.94;-1651.30;0.00
0.24;10.52;48.22;3857.33;1954.45;-1902.87;0.00
0.22;9.87;38.36;3068.45;1810.36;-1258.09;0.00
0.22;9.12;40.99;3279.13;1786.59;-1492.55;0.00
0.27;9.48;41.36;3308.83;2088.44;-1220.39;0.00
0.28;12.04;40.94;3275.05;2273.88;-1001.18;0.00
0.26;11.33;43.54;3483.01;2118.08;-1364.93;0.00
0.23;10.63;39.26;3140.86;1926.62;-1214.24;0.00
0.23;8.96;41.19;3295.25;1832.12;-1463.13;0.00
0.23;10.42;45.71;3656.67;1875.98;-1780.68;0.00
