# X_0;X_1;X_2;X_3;X_4;X_5;X_6;X_7;X_8;X_9;R_0;R_1;R_2;R_3;R_4;R_5;R_6;R_7;R_8;R_9;R_10;R_11;R_12;R_13;R_14;S_0;S_1;S_2;S_3;S_4;S_5;S_6;S_7;S_8;S_9;S_10;S_11;S_12;S_13;S_14;G_0;G_1;G_2;G_3;G_4;G_5;G_6;G_7;G_8;G_9;G_10;G_11;G_12;G_13;G_14;I_0;I_1;I_2;I_3;I_4;I_5;I_6;I_7;I_8;I_9;I_10;I_11;I_12;I_13;I_14
215965753032.83;228455698.37;16029.54;1.02;1.01;138.89;5.75;103.01;7.23;4317.47;31898.66;31898.66;31898.66;31898.66;31898.66;111958.43;111958.43;111958.43;111958.43;111958.43;0.02;0.02;0.02;0.02;0.02;31251.83;20191.13;21407.55;22122.61;22611.53;24321.96;19870.03;20447.31;20719.71;20609.68;0.00;0.00;0.00;0.00;0.00;-646.83;-11707.53;-10491.11;-9776.05;-9287.13;-87636.47;-92088.40;-91511.12;-91238.71;-91348.75;-0.01;-0.01;-0.01;-0.01;-0.01;0.00;0.00;0.00;0.00;0.00;0.00;0.00;0.00;0.00;0.00;0.00;0.00;0.00;0.00;0.00
212248905393.95;238593403.23;13013.81;0.98;1.00;138.15;5.96;93.37;7.03;2451.29;29063.19;29063.19;29063.19;29063.19;29063.19;115921.07;115921.07;115921.07;115921.07;115921.07;0.01;0.01;0.01;0.01;0.01;23572.57;15197.02;16118.68;16660.02;17027.44;18329.92;14959.69;15396.72;15602.94;15519.64;0.00;0.00;0.00;0.00;0.00;-5490.62;-13866.18;-12944.52;-12403.18;-12035.76;-97591.14;-100961.38;-100524.35;-100318.13;-100401.43;-0.01;-0.01;-0.01;-0.01;-0.01;0.00;0.00;0.00;0.00;0.00;0.00;0.00;0.00;0.00;0.00;0.00;0.00;0.00;0.00;0.00
201547192773.59;256702418.48;12578.35;0.95;0.98;131.44;6.09;106.75;6.83;3787.64;30863.47;30863.47;30863.47;30863.47;30863.47;116692.45;116692.45;116692.45;116692.45;116692.45;0.01;0.01;0.01;0.01;0.01;23913.46;15895.20;16763.62;17284.25;17683.36;18822.01;15580.82;16001.12;16199.46;16119.34;0.00;0.00;0.00;0.00;0.00;-6950.01;-14968.27;-14099.85;-13579.22;-13180.11;-97870.44;-101111.62;-100691.33;-100492.99;-100573.10;-0.01;-0.01;-0.01;-0.01;-0.01;0.00;0.00;0.00;0.00;0.00;0.00;0.00;0.00;0.00;0.00;0.00;0.00;0.00;0.00;0.00
191297077177.27;215018821.78;10985.07;1.06;1.02;151.22;5.70;107.71;7.61;2698.00;37074.04;37074.04;37074.04;37074.04;37074.04;117779.66;117779.66;117779.66;117779.66;117779.66;0.02;0.02;0.02;0.02;0.02;23740.76;13194.55;14415.80;15086.91;15341.36;17458.91;13280.07;13821.92;14077.57;13974.30;0.00;0.00;0.00;0.00;0.00;-13333.28;-23879.49;-22658.24;-21987.13;-21732.68;-100320.76;-104499.59;-103957.75;-103702.09;-103805.36;-0.01;-0.01;-0.01;-0.01;-0.01;0.00;0.00;0.00;0.00;0.00;0.00;0.00;0.00;0.00;0.00;0.00;0.00;0.00;0.00;0.00
210806665296.23;249301829.28;15365.33;1.00;1.01;142.81;5.90;104.36;7.02;2431.08;34920.54;34920.54;34920.54;34920.54;34920.54;126231.88;126231.88;126231.88;126231.88;126231.88;0.02;0.02;0.02;0.02;0.02;27921.45;17464.54;18631.01;19304.17;19709.65;21457.20;17266.00;17809.47;18065.91;17962.32;0.00;0.00;0.00;0.00;0.00;-6999.09;-17456.00;-16289.53;-15616.37;-15210.89;-104774.68;-108965.88;-108422.41;-108165.97;-108269.55;-0.01;-0.01;-0.01;-0.01;-0.01;0.00;0.00;0.00;0.00;0.00;0.00;0.00;0.00;0.00;0.00;0.00;0.00;0.00;0.00;0.00
200095297321.10;257040538.39;13443.00;0.95;0.97;141.15;5.48;105.78;7.07;2185.10;33585.64;33585.64;33585.64;33585.64;33585.64;112828.56;112828.56;112828.56;112828.56;112828.56;0.01;0.01;0.01;0.01;0.01;23839.40;14803.28;15814.12;16395.31;16735.69;18268.94;14650.33;15119.56;15340.96;15251.53;0.00;0.00;0.00;0.00;0.00;-9746.24;-18782.36;-17771.52;-17190.32;-16849.95;-94559.62;-98178.23;-97709.01;-97487.60;-97577.04;-0.01;-0.01;-0.01;-0.01;-0.01;0.00;0.00;0.00;0.00;0.00;0.00;0.00;0.00;0.00;0.00;0.00;0.00;0.00;0.00;0.00
206354892597.92;241916341.89;14446.79;1.01;1.05;144.75;6.55;97.36;6.93;4243.70;33471.83;33471.83;33471.83;33471.83;33471.83;139376.44;139376.44;139376.44;139376.44;139376.44;0.02;0.02;0.02;0.02;0.02;29817.53;19140.56;20318.40;21008.03;21467.66;23146.91;18853.26;19410.02;19672.73;19566.61;0.00;0.00;0.00;0.00;0.00;-3654.30;-14331.27;-13153.43;-12463.80;-12004.17;-116229.53;-120523.18;-119966.43;-119703.71;-119809.83;-0.01;-0.01;-0.01;-0.01;-0.01;0.00;0.00;0.00;0.00;0.00;0.00;0.00;0.00;0.00;0.00;0.00;0.00;0.00;0.00;0.00
179619606909.08;217693419.37;14016.43;1.02;0.95;146.00;6.23;108.47;7.14;2579.48;33571.98;33571.98;33571.98;33571.98;33571.98;120830.94;120830.94;120830.94;120830.94;120830.94;0.02;0.02;0.02;0.02;0.02;24386.26;15300.12;16312.78;16897.89;17254.17;18762.74;15119.66;15592.05;15814.95;15724.91;0.00;0.00;0.00;0.00;0.00;-9185.72;-18271.86;-17259.21;-16674.10;-16317.81;-102068.20;-105711.28;-105238.89;-105015.99;-105106.03;-0.01;-0.01;-0.01;-0.01;-0.01;0.00;0.00;0.00;0.00;0.00;0.00;0.00;0.00;0.00;0.00;0.00;0.00;0.00;0.00;0.00
213344730068.36;262062942.37;13786.75;0.96;1.04;131.04;5.40;110.68;7.38;2179.87;34115.55;34115.55;34115.55;34115.55;34115.55;106323.24;106323.24;106323.24;106323.24;106323.24;0.01;0.01;0.01;0.01;0.01;25743.18;16179.12;17243.08;17859.20;18238.15;19819.67;15983.91;16481.31;16716.02;16621.21;0.00;0.00;0.00;0.00;0.00;-8372.37;-17936.42;-16872.47;-16256.35;-15877.39;-86503.57;-90339.33;-89841.93;-89607.22;-89702.03;-0.01;-0.01;-0.01;-0.01;-0.01;0.00;0.00;0.00;0.00;0.00;0.00;0.00;0.00;0.00;0.00;0.00;0.00;0.00;0.00;0.00
195427312914.95;242742627.54;14011.79;1.00;0.96;133.14;5.30;103.74;7.19;2753.25;31154.21;31154.21;31154.21;31154.21;31154.21;102952.79;102952.79;102952.79;102952.79;102952.79;0.02;0.02;0.02;0.02;0.02;23704.43;15879.66;16723.92;17232.60;17634.36;18716.15;15549.27;15959.93;16153.71;16075.44;0.00;0.00;0.00;0.00;0.00;-7449.78;-15274.55;-14430.29;-13921.61;-13519.85;-84236.64;-87403.51;-86992.86;-86799.07;-86877.35;-0.01;-0.01;-0.01;-0.01;-0.01;0.00;0.00;0.00;0.00;0.00;0.00;0.00;0.00;0.00;0.00;0.00;0.00;0.00;0.00;0.00
192688052103.90;251474901.44;13623.61;0.99;0.93;130.40;5.96;85.45;6.86;2727.59;26299.57;26299.57;26299.57;26299.57;26299.57;115885.73;115885.73;115885.73;115885.73;115885.73;0.01;0.01;0.01;0.01;0.01;21057.68;15208.19;15805.31;16191.45;16608.62;17149.17;14745.33;15057.05;15204.15;15144.73;0.00;0.00;0.00;0.00;0.00;-5241.89;-11091.38;-10494.26;-10108.12;-9690.95;-98736.56;-101140.39;-100828.67;-100681.57;-100740.99;-0.01;-0.01;-0.01;-0.01;-0.01;0.00;0.00;0.00;0.00;0.00;0.00;0.00;0.00;0.00;0.00;0.00;0.00;0.00;0.00;0.00
204388602971.69;253045171.92;15188.01;1.00;1.03;141.01;5.47;99.90;7.14;2467.58;33626.16;33626.16;33626.16;33626.16;33626.16;117085.40;117085.40;117085.40;117085.40;117085.40;0.01;0.01;0.01;0.01;0.01;27786.48;17890.64;18980.93;19620.36;20051.46;21595.82;17614.68;18130.92;18374.51;18276.11;0.00;0.00;0.00;0.00;0.00;-5839.69;-15735.53;-14645.24;-14005.81;-13574.70;-95489.58;-99470.71;-98954.48;-98710.89;-98809.29;-0.01;-0.01;-0.01;-0.01;-0.01;0.00;0.00;0.00;0.00;0.00;0.00;0.00;0.00;0.00;0.00;0.00;0.00;0.00;0.00;0.00
214532093724.76;237904503.03;13946.78;0.95;1.00;135.41;6.06;103.69;6.94;2294.80;29478.77;29478.77;29478.77;29478.77;29478.77;111541.97;111541.97;111541.97;111541.97;111541.97;0.01;0.01;0.01;0.01;0.01;24903.38;15872.39;16871.13;17453.95;17832.44;19278.05;15649.63;16120.13;16342.16;16252.47;0.00;0.00;0.00;0.00;0.00;-4575.40;-13606.39;-12607.64;-12024.82;-11646.33;-92263.92;-95892.35;-95421.84;-95199.81;-95289.50;-0.01;-0.01;-0.01;-0.01;-0.01;0.00;0.00;0.00;0.00;0.00;0.00;0.00;0.00;0.00;0.00;0.00;0.00;0.00;0.00;0.00
222880539519.32;257150570.42;15787.93;1.02;0.98;138.13;6.01;99.72;7.01;981.08;34074.93;34074.93;34074.93;34074.93;34074.93;130443.09;130443.09;130443.09;130443.09;130443.09;0.02;0.02;0.02;0.02;0.02;25333.08;15948.93;16992.39;17597.03;17971.15;19517.05;15752.70;16240.83;16471.17;16378.13;0.00;0.00;0.00;0.00;0.00;-8741.85;-18126.00;-17082.54;-16477.90;-16103.78;-110926.03;-114690.39;-114202.26;-113971.92;-114064.96;-0.01;-0.01;-0.01;-0.01;-0.01;0.00;0.00;0.00;0.00;0.00;0.00;0.00;0.00;0.00;0.00;0.00;0.00;0.00;0.00;0.00
207966719682.21;277142060.61;15142.37;0.98;1.01;131.86;5.69;102.72;7.27;3311.21;34827.69;34827.69;34827.69;34827.69;34827.69;121909.79;121909.79;121909.79;121909.79;121909.79;0.01;0.01;0.01;0.01;0.01;27493.12;18376.71;19361.30;19953.75;20417.81;21688.05;17999.71;18477.99;18703.68;18612.52;0.00;0.00;0.00;0.00;0.00;-7334.57;-16450.98;-15466.39;-14873.94;-14409.88;-100221.74;-103910.08;-103431.80;-103206.11;-103297.27;-0.01;-0.01;-0.01;-0.01;-0.01;0.00;0.00;0.00;0.00;0.00;0.00;0.00;0.00;0.00;0.00;0.00;0.00;0.00;0.00;0.00
197710617421.47;266205627.29;13419.24;1.00;0.98;142.25;5.61;105.97;7.31;1602.60;38587.86;38587.86;38587.86;38587.86;38587.86;128086.98;128086.98;128086.98;128086.98;128086.98;0.02;0.02;0.02;0.02;0.02;23487.42;14263.59;15303.96;15895.74;16213.64;17846.79;14162.23;14640.00;14865.44;14774.38;0.00;0.00;0.00;0.00;0.00;-15100.44;-24324.27;-23283.90;-22692.12;-22374.22;-110240.19;-113924.75;-113446.98;-113221.54;-113312.60;-0.01;-0.01;-0.01;-0.01;-0.01;0.00;0.00;0.00;0.00;0.00;0.00;0.00;0.00;0.00;0.00;0.00;0.00;0.00;0.00;0.00
208338021791.60;231996977.75;12861.40;0.95;0.99;144.50;5.63;108.15;6.49;1842.14;29738.76;29738.76;29738.76;29738.76;29738.76;107315.70;107315.70;107315.70;107315.70;107315.70;0.01;0.01;0.01;0.01;0.01;23055.22;14013.33;15032.83;15613.00;15925.74;17524.17;13911.94;14380.34;14601.35;14512.08;0.00;0.00;0.00;0.00;0.00;-6683.55;-15725.44;-14705.93;-14125.76;-13813.02;-89791.53;-93403.76;-92935.36;-92714.35;-92803.62;-0.01;-0.01;-0.01;-0.01;-0.01;0.00;0.00;0.00;0.00;0.00;0.00;0.00;0.00;0.00;0.00;0.00;0.00;0.00;0.00;0.00
185947074897.03;254971756.77;12938.31;0.98;1.03;154.68;5.55;108.78;6.97;1568.45;38964.52;38964.52;38964.52;38964.52;38964.52;128916.19;128916.19;128916.19;128916.19;128916.19;0.01;0.01;0.01;0.01;0.01;24516.52;14257.79;15431.97;16087.23;16383.78;18329.51;14249.21;14778.28;15027.90;14927.07;0.00;0.00;0.00;0.00;0.00;-14448.00;-24706.73;-23532.55;-22877.28;-22580.74;-110586.68;-114666.98;-114137.91;-113888.28;-113989.12;-0.01;-0.01;-0.01;-0.01;-0.01;0.00;0.00;0.00;0.00;0.00;0.00;0.00;0.00;0.00;0.00;0.00;0.00;0.00;0.00;0.00
194635801354.93;259259154.36;13386.44;1.01;1.03;144.72;5.45;99.15;7.68;1768.00;37836.83;37836.83;37836.83;37836.83;37836.83;123812.91;123812.91;123812.91;123812.91;123812.91;0.02;0.02;0.02;0.02;0.02;24969.56;15139.66;16249.31;16879.84;17216.16;18961.64;15035.71;15544.77;15784.97;15687.95;0.00;0.00;0.00;0.00;0.00;-12867.27;-22697.17;-21587.52;-20956.99;-20620.67;-104851.27;-108777.21;-108268.14;-108027.94;-108124.97;-0.01;-0.01;-0.01;-0.01;-0.01;0.00;0.00;0.00;0.00;0.00;0.00;0.00;0.00;0.00;0.00;0.00;0.00;0.00;0.00;0.00
190256201308.20;245220242.22;15856.57;0.97;1.05;151.11;6.06;107.22;6.73;3085.65;35203.54;35203.54;35203.54;35203.54;35203.54;130193.02;130193.02;130193.02;130193.02;130193.02;0.01;0.01;0.01;0.01;0.01;30661.72;19345.42;20604.28;21333.46;21786.69;23642.43;19102.14;19690.86;19968.65;19856.44;0.00;0.00;0.00;0.00;0.00;-4541.81;-15858.11;-14599.26;-13870.07;-13416.85;-106550.59;-111090.88;-110502.16;-110224.37;-110336.58;-0.01;-0.01;-0.01;-0.01;-0.01;0.00;0.00;0.00;0.00;0.00;0.00;0.00;0.00;0.00;0.00;0.00;0.00;0.00;0.00;0.00
196396452459.79;232210913.00;16807.67;0.94;1.03;125.32;5.84;103.03;6.44;-97.04;24189.55;24189.55;24189.55;24189.55;24189.55;96312.77;96312.77;96312.77;96312.77;96312.77;0.01;0.01;0.01;0.01;0.01;24353.84;17468.90;18175.72;18629.48;19105.83;19776.59;16951.86;17318.16;17491.03;17421.20;0.00;0.00;0.00;0.00;0.00;164.29;-6720.65;-6013.83;-5560.07;-5083.72;-76536.18;-79360.90;-78994.60;-78821.74;-78891.56;-0.01;-0.01;-0.01;-0.01;-0.01;1.00;0.00;0.00;0.00;0.00;0.00;0.00;0.00;0.00;0.00;0.00;0.00;0.00;0.00;0.00
190974504858.55;219662785.20;14767.00;0.99;0.99;135.59;5.91;102.44;7.81;1326.31;30764.92;30764.92;30764.92;30764.92;30764.92;104266.00;104266.00;104266.00;104266.00;104266.00;0.01;0.01;0.01;0.01;0.01;24431.89;15624.84;16597.69;17166.29;17540.11;18938.26;15398.30;15857.33;16073.93;15986.44;0.00;0.00;0.00;0.00;0.00;-6333.03;-15140.08;-14167.23;-13598.64;-13224.81;-85327.74;-88867.71;-88408.68;-88192.07;-88279.56;-0.01;-0.01;-0.01;-0.01;-0.01;0.00;0.00;0.00;0.00;0.00;0.00;0.00;0.00;0.00;0.00;0.00;0.00;0.00;0.00;0.00
193961723602.20;276510176.61;13121.76;0.94;0.99;139.01;5.52;104.75;7.20;2775.99;35712.93;35712.93;35712.93;35712.93;35712.93;120069.45;120069.45;120069.45;120069.45;120069.45;0.01;0.01;0.01;0.01;0.01;24083.01;15373.20;16336.40;16898.55;17265.17;18654.34;15154.38;15608.22;15822.37;15735.87;0.00;0.00;0.00;0.00;0.00;-11629.91;-20339.72;-19376.53;-18814.38;-18447.76;-101415.10;-104915.06;-104461.22;-104247.07;-104333.57;-0.01;-0.01;-0.01;-0.01;-0.01;0.00;0.00;0.00;0.00;0.00;0.00;0.00;0.00;0.00;0.00;0.00;0.00;0.00;0.00;0.00
202524504810.08;266516943.16;14273.79;0.95;0.99;142.13;6.03;99.84;6.97;2226.86;34115.08;34115.08;34115.08;34115.08;34115.08;130650.68;130650.68;130650.68;130650.68;130650.68;0.01;0.01;0.01;0.01;0.01;25135.24;16040.97;17046.78;17633.73;18016.17;19467.52;15813.18;16287.04;16510.64;16420.32;0.00;0.00;0.00;0.00;0.00;-8979.84;-18074.11;-17068.30;-16481.35;-16098.92;-111183.16;-114837.49;-114363.63;-114140.04;-114230.36;-0.01;-0.01;-0.01;-0.01;-0.01;0.00;0.00;0.00;0.00;0.00;0.00;0.00;0.00;0.00;0.00;0.00;0.00;0.00;0.00;0.00
200920481162.60;229943233.32;13152.91;1.01;1.01;136.02;6.08;107.13;6.98;2105.88;31267.85;31267.85;31267.85;31267.85;31267.85;114868.97;114868.97;114868.97;114868.97;114868.97;0.02;0.02;0.02;0.02;0.02;23777.70;15128.56;16085.93;16643.96;17003.79;18394.16;14919.96;15370.47;15583.06;15497.19;0.00;0.00;0.00;0.00;0.00;-7490.15;-16139.29;-15181.93;-14623.89;-14264.06;-96474.82;-99949.01;-99498.50;-99285.92;-99371.79;-0.01;-0.01;-0.01;-0.01;-0.01;0.00;0.00;0.00;0.00;0.00;0.00;0.00;0.00;0.00;0.00;0.00;0.00;0.00;0.00;0.00
225709013274.68;240077241.34;13706.87;1.00;1.01;140.86;5.92;103.41;6.96;-113.57;32455.70;32455.70;32455.70;32455.70;32455.70;119635.08;119635.08;119635.08;119635.08;119635.08;0.01;0.01;0.01;0.01;0.01;22906.46;13407.33;14491.07;15098.32;15381.64;17166.30;13385.58;13875.83;14107.16;14013.72;0.00;0.00;0.00;0.00;0.00;-9549.23;-19048.37;-17964.63;-17357.38;-17074.06;-102468.79;-106249.50;-105759.25;-105527.92;-105621.36;-0.01;-0.01;-0.01;-0.01;-0.01;0.00;0.00;0.00;0.00;0.00;0.00;0.00;0.00;0.00;0.00;0.00;0.00;0.00;0.00;0.00
200542859195.68;269540727.87;12022.62;1.03;1.06;142.68;5.32;99.58;7.04;3937.81;36523.93;36523.93;36523.93;36523.93;36523.93;125924.21;125924.21;125924.21;125924.21;125924.21;0.02;0.02;0.02;0.02;0.02;25921.68;16482.14;17528.13;18137.04;18527.81;20047.86;16256.67;16748.27;16980.24;16886.54;0.00;0.00;0.00;0.00;0.00;-10602.25;-20041.79;-18995.80;-18386.89;-17996.12;-105876.35;-109667.53;-109175.93;-108943.97;-109037.67;-0.01;-0.01;-0.01;-0.01;-0.01;0.00;0.00;0.00;0.00;0.00;0.00;0.00;0.00;0.00;0.00;0.00;0.00;0.00;0.00;0.00
202263215872.79;229457378.13;14478.01;0.97;1.01;142.85;6.16;103.91;7.12;1701.97;31561.62;31561.62;31561.62;31561.62;31561.62;116926.85;116926.85;116926.85;116926.85;116926.85;0.01;0.01;0.01;0.01;0.01;25787.25;15878.62;16990.51;17627.22;17988.23;19697.94;15733.74;16247.78;16490.33;16392.36;0.00;0.00;0.00;0.00;0.00;-5774.37;-15683.01;-14571.11;-13934.41;-13573.39;-97228.92;-101193.11;-100679.08;-100436.52;-100534.50;-0.01;-0.01;-0.01;-0.01;-0.01;0.00;0.00;0.00;0.00;0.00;0.00;0.00;0.00;0.00;0.00;0.00;0.00;0.00;0.00;0.00
203521900892.74;249635307.41;15687.37;0.97;0.97;128.49;5.69;100.22;6.55;2554.97;27110.46;27110.46;27110.46;27110.46;27110.46;106004.20;106004.20;106004.20;106004.20;106004.20;0.01;0.01;0.01;0.01;0.01;24852.84;17639.04;18386.64;18860.89;19336.46;20092.72;17140.37;17523.22;17703.89;17630.91;0.00;0.00;0.00;0.00;0.00;-2257.62;-9471.42;-8723.82;-8249.57;-7774.00;-85911.48;-88863.83;-88480.98;-88300.32;-88373.29;-0.01;-0.01;-0.01;-0.01;-0.01;0.00;0.00;0.00;0.00;0.00;0.00;0.00;0.00;0.00;0.00;0.00;0.00;0.00;0.00;0.00
190396181045.13;267592730.97;15632.30;1.00;1.00;135.99;5.91;105.19;6.71;2970.26;34408.73;34408.73;34408.73;34408.73;34408.73;129561.52;129561.52;129561.52;129561.52;129561.52;0.02;0.02;0.02;0.02;0.02;27087.92;18521.69;19434.61;19993.47;20472.85;21565.84;18086.52;18537.70;18750.60;18664.60;0.00;0.00;0.00;0.00;0.00;-7320.81;-15887.04;-14974.12;-14415.26;-13935.88;-107995.68;-111475.00;-111023.83;-110810.93;-110896.93;-0.01;-0.01;-0.01;-0.01;-0.01;0.00;0.00;0.00;0.00;0.00;0.00;0.00;0.00;0.00;0.00;0.00;0.00;0.00;0.00;0.00
220873075193.12;278587793.72;14942.22;1.03;1.03;135.56;5.81;109.50;7.19;1704.18;40002.80;40002.80;40002.80;40002.80;40002.80;136053.35;136053.35;136053.35;136053.35;136053.35;0.02;0.02;0.02;0.02;0.02;27160.64;16628.06;17811.88;18488.30;18863.99;20701.24;16490.02;17036.10;17293.78;17189.69;0.00;0.00;0.00;0.00;0.00;-12842.16;-23374.74;-22190.92;-21514.50;-21138.81;-115352.11;-119563.32;-119017.25;-118759.57;-118863.65;-0.01;-0.01;-0.01;-0.01;-0.01;0.00;0.00;0.00;0.00;0.00;0.00;0.00;0.00;0.00;0.00;0.00;0.00;0.00;0.00;0.00
195312135104.81;235855391.55;15159.82;0.96;1.02;145.89;5.53;102.11;7.69;2048.13;33898.16;33898.16;33898.16;33898.16;33898.16;109340.26;109340.26;109340.26;109340.26;109340.26;0.01;0.01;0.01;0.01;0.01;27896.25;17078.60;18295.80;18990.41;19374.79;21262.22;16937.30;17498.10;17762.71;17655.82;0.00;0.00;0.00;0.00;0.00;-6001.91;-16819.56;-15602.35;-14907.75;-14523.36;-88078.04;-92402.96;-91842.16;-91577.55;-91684.44;-0.01;-0.01;-0.01;-0.01;-0.01;0.00;0.00;0.00;0.00;0.00;0.00;0.00;0.00;0.00;0.00;0.00;0.00;0.00;0.00;0.00
214812657524.04;264349683.68;14124.76;0.99;1.03;137.90;5.79;100.28;7.58;2388.52;35979.85;35979.85;35979.85;35979.85;35979.85;124691.06;124691.06;124691.06;124691.06;124691.06;0.01;0.01;0.01;0.01;0.01;26722.52;16562.19;17699.24;18352.63;18732.89;20463.42;16395.42;16922.92;17171.84;17071.29;0.00;0.00;0.00;0.00;0.00;-9257.32;-19417.65;-18280.61;-17627.21;-17246.95;-104227.64;-108295.63;-107768.13;-107519.22;-107619.77;-0.01;-0.01;-0.01;-0.01;-0.01;0.00;0.00;0.00;0.00;0.00;0.00;0.00;0.00;0.00;0.00;0.00;0.00;0.00;0.00;0.00
197790152676.20;247398932.51;14424.63;0.97;1.00;136.09;5.64;106.87;7.45;1603.03;33532.97;33532.97;33532.97;33532.97;33532.97;110031.88;110031.88;110031.88;110031.88;110031.88;0.01;0.01;0.01;0.01;0.01;24786.59;15679.86;16690.63;17277.73;17647.64;19131.65;15476.42;15950.40;16174.06;16083.71;0.00;0.00;0.00;0.00;0.00;-8746.38;-17853.11;-16842.34;-16255.24;-15885.33;-90900.22;-94555.45;-94081.48;-93857.82;-93948.16;-0.01;-0.01;-0.01;-0.01;-0.01;0.00;0.00;0.00;0.00;0.00;0.00;0.00;0.00;0.00;0.00;0.00;0.00;0.00;0.00;0.00
189575072782.37;235253340.64;12207.41;0.97;1.00;139.67;4.94;101.65;7.24;2138.26;30089.42;30089.42;30089.42;30089.42;30089.42;94286.92;94286.92;94286.92;94286.92;94286.92;0.01;0.01;0.01;0.01;0.01;22002.25;14035.29;14916.80;15430.94;15765.15;17038.06;13836.93;14252.02;14447.88;14368.77;0.00;0.00;0.00;0.00;0.00;-8087.16;-16054.13;-15172.62;-14658.48;-14324.27;-77248.86;-80449.99;-80034.90;-79839.04;-79918.15;-0.01;-0.01;-0.01;-0.01;-0.01;0.00;0.00;0.00;0.00;0.00;0.00;0.00;0.00;0.00;0.00;0.00;0.00;0.00;0.00;0.00
200674886876.25;236739364.17;12463.88;1.01;1.01;147.24;5.64;97.50;6.93;3562.76;32361.74;32361.74;32361.74;32361.74;32361.74;119682.08;119682.08;119682.08;119682.08;119682.08;0.02;0.02;0.02;0.02;0.02;25085.42;15693.32;16741.32;17345.91;17709.92;19279.09;15514.67;16002.79;16233.12;16140.08;0.00;0.00;0.00;0.00;0.00;-7276.32;-16668.43;-15620.43;-15015.83;-14651.82;-100402.99;-104167.41;-103679.28;-103448.96;-103542.00;-0.01;-0.01;-0.01;-0.01;-0.01;0.00;0.00;0.00;0.00;0.00;0.00;0.00;0.00;0.00;0.00;0.00;0.00;0.00;0.00;0.00
179653552446.07;262549861.36;14676.22;0.96;1.01;146.65;5.47;97.44;6.50;2240.20;31834.45;31834.45;31834.45;31834.45;31834.45;121237.27;121237.27;121237.27;121237.27;121237.27;0.01;0.01;0.01;0.01;0.01;25088.05;16928.45;17806.20;18337.21;18767.85;19866.65;16560.46;16989.17;17191.46;17109.75;0.00;0.00;0.00;0.00;0.00;-6746.40;-14906.00;-14028.25;-13497.24;-13066.60;-101370.62;-104676.81;-104248.10;-104045.81;-104127.52;-0.01;-0.01;-0.01;-0.01;-0.01;0.00;0.00;0.00;0.00;0.00;0.00;0.00;0.00;0.00;0.00;0.00;0.00;0.00;0.00;0.00
211714011275.27;238314418.12;12233.47;0.97;1.00;134.90;5.31;101.36;7.92;1894.27;32003.43;32003.43;32003.43;32003.43;32003.43;99140.47;99140.47;99140.47;99140.47;99140.47;0.01;0.01;0.01;0.01;0.01;22703.50;13612.06;14641.42;15223.98;15522.36;17167.76;13540.82;14011.13;14233.05;14143.41;0.00;0.00;0.00;0.00;0.00;-9299.93;-18391.38;-17362.01;-16779.46;-16481.08;-81972.71;-85599.65;-85129.34;-84907.42;-84997.06;-0.01;-0.01;-0.01;-0.01;-0.01;0.00;0.00;0.00;0.00;0.00;0.00;0.00;0.00;0.00;0.00;0.00;0.00;0.00;0.00;0.00
193759545951.15;265581276.29;14336.27;1.03;0.97;146.17;5.43;90.16;7.54;2821.89;36445.28;36445.28;36445.28;36445.28;36445.28;130073.67;130073.67;130073.67;130073.67;130073.67;0.02;0.02;0.02;0.02;0.02;25245.88;16292.43;17278.37;17857.04;18250.19;19639.18;16036.14;16503.34;16723.79;16634.74;0.00;0.00;0.00;0.00;0.00;-11199.40;-20152.84;-19166.91;-18588.23;-18195.09;-110434.49;-114037.53;-113570.33;-113349.88;-113438.93;-0.01;-0.01;-0.01;-0.01;-0.01;0.00;0.00;0.00;0.00;0.00;0.00;0.00;0.00;0.00;0.00;0.00;0.00;0.00;0.00;0.00
176030598134.38;234122370.03;13552.08;0.98;1.04;135.33;5.55;108.45;7.42;2212.99;32051.07;32051.07;32051.07;32051.07;32051.07;103077.21;103077.21;103077.21;103077.21;103077.21;0.01;0.01;0.01;0.01;0.01;24527.32;16202.71;17108.08;17648.02;18051.10;19257.60;15895.99;16331.89;16537.59;16454.50;0.00;0.00;0.00;0.00;0.00;-7523.75;-15848.36;-14942.99;-14403.05;-13999.97;-83819.62;-87181.22;-86745.32;-86539.63;-86622.71;-0.01;-0.01;-0.01;-0.01;-0.01;0.00;0.00;0.00;0.00;0.00;0.00;0.00;0.00;0.00;0.00;0.00;0.00;0.00;0.00;0.00
206825079647.35;263151868.84;10834.97;1.01;1.01;139.58;5.33;102.68;6.66;1645.80;33343.27;33343.27;33343.27;33343.27;33343.27;118199.71;118199.71;118199.71;118199.71;118199.71;0.02;0.02;0.02;0.02;0.02;20004.24;12236.25;13109.83;13608.63;13884.53;15241.81;12136.29;12538.98;12729.00;12652.25;0.00;0.00;0.00;0.00;0.00;-13339.03;-21107.01;-20233.44;-19734.64;-19458.74;-102957.90;-106063.42;-105660.73;-105470.71;-105547.46;-0.01;-0.01;-0.01;-0.01;-0.01;0.00;0.00;0.00;0.00;0.00;0.00;0.00;0.00;0.00;0.00;0.00;0.00;0.00;0.00;0.00
209011927830.81;273020349.15;12683.06;1.01;1.00;142.12;5.29;97.73;7.06;2909.20;35698.62;35698.62;35698.62;35698.62;35698.62;124243.57;124243.57;124243.57;124243.57;124243.57;0.02;0.02;0.02;0.02;0.02;24121.58;15147.13;16146.68;16724.68;17078.15;18565.24;14966.50;15433.15;15653.34;15564.40;0.00;0.00;0.00;0.00;0.00;-11577.05;-20551.50;-19551.95;-18973.94;-18620.48;-105678.33;-109277.07;-108810.42;-108590.23;-108679.18;-0.01;-0.01;-0.01;-0.01;-0.01;0.00;0.00;0.00;0.00;0.00;0.00;0.00;0.00;0.00;0.00;0.00;0.00;0.00;0.00;0.00
186922017612.39;249488231.12;14796.83;0.97;1.03;141.82;5.55;99.66;6.92;2704.66;31612.01;31612.01;31612.01;31612.01;31612.01;114546.33;114546.33;114546.33;114546.33;114546.33;0.01;0.01;0.01;0.01;0.01;26630.34;17801.19;18755.71;19329.42;19777.89;21008.17;17436.21;17899.39;18117.94;18029.66;0.00;0.00;0.00;0.00;0.00;-4981.67;-13810.82;-12856.31;-12282.59;-11834.12;-93538.16;-97110.12;-96646.95;-96428.39;-96516.67;-0.01;-0.01;-0.01;-0.01;-0.01;0.00;0.00;0.00;0.00;0.00;0.00;0.00;0.00;0.00;0.00;0.00;0.00;0.00;0.00;0.00
215382769926.33;234416187.18;10968.06;1.00;1.00;144.18;6.14;100.04;7.38;3415.61;33645.25;33645.25;33645.25;33645.25;33645.25;124231.27;124231.27;124231.27;124231.27;124231.27;0.01;0.01;0.01;0.01;0.01;23796.32;13806.39;14949.36;15587.44;15874.85;17775.40;13802.61;14317.75;14560.83;14462.64;0.00;0.00;0.00;0.00;0.00;-9848.93;-19838.86;-18695.89;-18057.81;-17770.40;-106455.86;-110428.66;-109913.51;-109670.43;-109768.62;-0.01;-0.01;-0.01;-0.01;-0.01;0.00;0.00;0.00;0.00;0.00;0.00;0.00;0.00;0.00;0.00;0.00;0.00;0.00;0.00;0.00
196123465772.35;206655962.28;11707.20;0.97;0.95;147.32;5.54;97.80;7.06;1212.41;27356.09;27356.09;27356.09;27356.09;27356.09;98114.80;98114.80;98114.80;98114.80;98114.80;0.01;0.01;0.01;0.01;0.01;19663.32;11779.52;12673.06;13178.13;13435.29;14864.32;11719.57;12127.34;12319.75;12242.03;0.00;0.00;0.00;0.00;0.00;-7692.77;-15576.57;-14683.03;-14177.97;-13920.80;-83250.48;-86395.23;-85987.46;-85795.05;-85872.77;-0.01;-0.01;-0.01;-0.01;-0.01;0.00;0.00;0.00;0.00;0.00;0.00;0.00;0.00;0.00;0.00;0.00;0.00;0.00;0.00;0.00
217976425385.49;249621595.94;12881.73;0.95;0.98;123.43;6.27;104.87;7.33;3154.06;29468.16;29468.16;29468.16;29468.16;29468.16;110038.91;110038.91;110038.91;110038.91;110038.91;0.01;0.01;0.01;0.01;0.01;23482.18;15536.44;16398.49;16914.09;17302.84;18448.22;15238.55;15654.77;15851.19;15771.85;0.00;0.00;0.00;0.00;0.00;-5985.98;-13931.72;-13069.67;-12554.07;-12165.32;-91590.69;-94800.36;-94384.14;-94187.72;-94267.06;-0.01;-0.01;-0.01;-0.01;-0.01;0.00;0.00;0.00;0.00;0.00;0.00;0.00;0.00;0.00;0.00;0.00;0.00;0.00;0.00;0.00
210354345988.15;238583041.70;12141.39;1.04;0.97;134.26;6.41;106.11;7.30;1319.33;34296.16;34296.16;34296.16;34296.16;34296.16;127792.43;127792.43;127792.43;127792.43;127792.43;0.02;0.02;0.02;0.02;0.02;20838.60;12638.63;13563.08;14089.17;14371.28;15826.19;12550.89;12975.61;13176.03;13095.07;0.00;0.00;0.00;0.00;0.00;-13457.56;-21657.53;-20733.08;-20206.99;-19924.88;-111966.24;-115241.54;-114816.82;-114616.40;-114697.36;-0.01;-0.01;-0.01;-0.01;-0.01;0.00;0.00;0.00;0.00;0.00;0.00;0.00;0.00;0.00;0.00;0.00;0.00;0.00;0.00;0.00
190561425021.02;238334824.96;12721.08;0.98;0.93;147.80;5.85;103.85;7.14;2000.64;34390.44;34390.44;34390.44;34390.44;34390.44;121445.55;121445.55;121445.55;121445.55;121445.55;0.01;0.01;0.01;0.01;0.01;21867.72;13259.74;14231.50;14783.65;15078.15;16606.53;13168.60;13614.39;13824.73;13739.76;0.00;0.00;0.00;0.00;0.00;-12522.72;-21130.70;-20158.94;-19606.79;-19312.29;-104839.03;-108276.95;-107831.17;-107620.82;-107705.79;-0.01;-0.01;-0.01;-0.01;-0.01;0.00;0.00;0.00;0.00;0.00;0.00;0.00;0.00;0.00;0.00;0.00;0.00;0.00;0.00;0.00
189317525226.31;266196173.32;15248.06;1.02;1.00;144.81;5.86;98.95;6.84;2716.32;36225.21;36225.21;36225.21;36225.21;36225.21;138307.72;138307.72;138307.72;138307.72;138307.72;0.02;0.02;0.02;0.02;0.02;26727.56;17641.11;18630.35;19219.58;19657.38;20978.05;17309.40;17785.11;18009.58;17918.91;0.00;0.00;0.00;0.00;0.00;-9497.65;-18584.10;-17594.86;-17005.63;-16567.84;-117329.67;-120998.32;-120522.61;-120298.14;-120388.81;-0.01;-0.01;-0.01;-0.01;-0.01;0.00;0.00;0.00;0.00;0.00;0.00;0.00;0.00;0.00;0.00;0.00;0.00;0.00;0.00;0.00
200309534132.99;241187898.59;14496.43;0.97;1.04;135.09;6.34;102.91;6.60;4330.92;29333.38;29333.38;29333.38;29333.38;29333.38;120517.79;120517.79;120517.79;120517.79;120517.79;0.01;0.01;0.01;0.01;0.01;28381.27;19357.64;20320.47;20908.94;21408.97;22572.50;18908.99;19384.05;19608.22;19517.67;0.00;0.00;0.00;0.00;0.00;-952.11;-9975.74;-9012.91;-8424.45;-7924.41;-97945.29;-101608.80;-101133.74;-100909.56;-101000.12;-0.01;-0.01;-0.01;-0.01;-0.01;0.00;0.00;0.00;0.00;0.00;0.00;0.00;0.00;0.00;0.00;0.00;0.00;0.00;0.00;0.00
197306351808.43;253982214.17;13379.59;1.02;1.02;137.38;6.01;108.58;7.21;2121.03;36766.23;36766.23;36766.23;36766.23;36766.23;128619.63;128619.63;128619.63;128619.63;128619.63;0.02;0.02;0.02;0.02;0.02;24541.08;15393.18;16412.05;17001.18;17360.38;18879.79;15211.91;15687.53;15911.96;15821.30;0.00;0.00;0.00;0.00;0.00;-12225.15;-21373.05;-20354.18;-19765.05;-19405.86;-109739.84;-113407.73;-112932.11;-112707.67;-112798.33;-0.01;-0.01;-0.01;-0.01;-0.01;0.00;0.00;0.00;0.00;0.00;0.00;0.00;0.00;0.00;0.00;0.00;0.00;0.00;0.00;0.00
200381033382.00;275469522.00;15165.63;0.98;1.01;144.47;5.55;98.93;7.47;1289.87;38257.34;38257.34;38257.34;38257.34;38257.34;130226.70;130226.70;130226.70;130226.70;130226.70;0.01;0.01;0.01;0.01;0.01;26132.45;16127.50;17249.68;17892.70;18260.05;19978.93;15975.27;16494.42;16739.38;16640.43;0.00;0.00;0.00;0.00;0.00;-12124.89;-22129.85;-21007.67;-20364.64;-19997.29;-110247.76;-114251.43;-113732.28;-113487.32;-113586.27;-0.01;-0.01;-0.01;-0.01;-0.01;0.00;0.00;0.00;0.00;0.00;0.00;0.00;0.00;0.00;0.00;0.00;0.00;0.00;0.00;0.00
198814489540.49;264191193.13;12073.65;1.00;1.02;146.96;5.75;105.49;6.40;1060.13;35568.54;35568.54;35568.54;35568.54;35568.54;133936.85;133936.85;133936.85;133936.85;133936.85;0.01;0.01;0.01;0.01;0.01;21339.17;12875.72;13832.50;14375.12;14659.38;16174.94;12796.44;13234.52;13441.24;13357.74;0.00;0.00;0.00;0.00;0.00;-14229.36;-22692.81;-21736.03;-21193.41;-20909.16;-117761.91;-121140.42;-120702.33;-120495.62;-120579.12;-0.01;-0.01;-0.01;-0.01;-0.01;0.00;0.00;0.00;0.00;0.00;0.00;0.00;0.00;0.00;0.00;0.00;0.00;0.00;0.00;0.00
187227382954.70;243503934.55;12515.75;0.97;0.99;154.44;5.54;98.41;7.14;3713.74;34642.30;34642.30;34642.30;34642.30;34642.30;121364.83;121364.83;121364.83;121364.83;121364.83;0.01;0.01;0.01;0.01;0.01;25372.33;15477.47;16592.90;17227.94;17573.84;19312.07;15357.77;15870.50;16112.42;16014.70;0.00;0.00;0.00;0.00;0.00;-9269.96;-19164.83;-18049.40;-17414.36;-17068.46;-102052.76;-106007.06;-105494.32;-105252.40;-105350.13;-0.01;-0.01;-0.01;-0.01;-0.01;0.00;0.00;0.00;0.00;0.00;0.00;0.00;0.00;0.00;0.00;0.00;0.00;0.00;0.00;0.00
209123347861.77;241818139.82;13605.90;1.00;0.96;140.74;5.30;103.09;6.63;2219.77;30793.39;30793.39;30793.39;30793.39;30793.39;108474.06;108474.06;108474.06;108474.06;108474.06;0.02;0.02;0.02;0.02;0.02;23349.23;14881.31;15818.42;16364.84;16719.00;18074.82;14672.76;15113.91;15322.07;15237.99;0.00;0.00;0.00;0.00;0.00;-7444.16;-15912.08;-14974.97;-14428.55;-14074.38;-90399.24;-93801.30;-93360.15;-93151.99;-93236.08;-0.01;-0.01;-0.01;-0.01;-0.01;0.00;0.00;0.00;0.00;0.00;0.00;0.00;0.00;0.00;0.00;0.00;0.00;0.00;0.00;0.00
202618282205.86;264903338.23;14000.90;0.96;1.01;131.09;5.66;93.86;6.14;-97.51;26232.41;26232.41;26232.41;26232.41;26232.41;112986.44;112986.44;112986.44;112986.44;112986.44;0.01;0.01;0.01;0.01;0.01;20300.94;14205.03;14843.78;15243.32;15620.82;16316.13;13828.90;14151.44;14303.64;14242.16;0.00;0.00;0.00;0.00;0.00;-5931.47;-12027.38;-11388.63;-10989.09;-10611.59;-96670.31;-99157.53;-98835.00;-98682.79;-98744.27;-0.01;-0.01;-0.01;-0.01;-0.01;0.00;0.00;0.00;0.00;0.00;0.00;0.00;0.00;0.00;0.00;0.00;0.00;0.00;0.00;0.00
199354232878.26;246983210.47;13822.20;0.99;1.02;136.99;5.36;105.77;7.81;2742.34;35482.70;35482.70;35482.70;35482.70;35482.70;107941.42;107941.42;107941.42;107941.42;107941.42;0.01;0.01;0.01;0.01;0.01;26292.29;16376.27;17484.07;18122.11;18500.37;20172.32;16199.88;16714.98;16958.04;16859.86;0.00;0.00;0.00;0.00;0.00;-9190.41;-19106.43;-17998.63;-17360.59;-16982.33;-87769.11;-91741.55;-91226.44;-90983.38;-91081.56;-0.01;-0.01;-0.01;-0.01;-0.01;0.00;0.00;0.00;0.00;0.00;0.00;0.00;0.00;0.00;0.00;0.00;0.00;0.00;0.00;0.00
214497108828.31;252970419.76;14808.09;0.97;1.02;134.83;5.99;102.42;7.42;4195.33;33032.17;33032.17;33032.17;33032.17;33032.17;118339.03;118339.03;118339.03;118339.03;118339.03;0.01;0.01;0.01;0.01;0.01;29316.31;18969.34;20105.94;20775.04;21235.79;22829.16;18663.52;19203.68;19458.58;19355.62;0.00;0.00;0.00;0.00;0.00;-3715.86;-14062.83;-12926.23;-12257.13;-11796.38;-95509.87;-99675.51;-99135.35;-98880.45;-98983.41;-0.01;-0.01;-0.01;-0.01;-0.01;0.00;0.00;0.00;0.00;0.00;0.00;0.00;0.00;0.00;0.00;0.00;0.00;0.00;0.00;0.00
193397592533.71;238249746.94;12070.73;0.99;1.01;143.62;5.63;101.01;6.18;1884.39;28866.11;28866.11;28866.11;28866.11;28866.11;114296.11;114296.11;114296.11;114296.11;114296.11;0.01;0.01;0.01;0.01;0.01;21225.78;13801.86;14615.92;15096.30;15433.03;16561.06;13570.24;13958.06;14141.06;14067.14;0.00;0.00;0.00;0.00;0.00;-7640.33;-15064.25;-14250.19;-13769.81;-13433.08;-97735.05;-100725.87;-100338.05;-100155.05;-100228.97;-0.01;-0.01;-0.01;-0.01;-0.01;0.00;0.00;0.00;0.00;0.00;0.00;0.00;0.00;0.00;0.00;0.00;0.00;0.00;0.00;0.00
213149851786.62;243564618.55;13293.41;1.00;1.01;156.43;5.83;101.83;7.46;1477.74;39133.27;39133.27;39133.27;39133.27;39133.27;133776.03;133776.03;133776.03;133776.03;133776.03;0.02;0.02;0.02;0.02;0.02;26047.40;14009.55;15414.19;16178.35;16432.05;18933.57;14175.14;14792.13;15083.24;14965.65;0.00;0.00;0.00;0.00;0.00;-13085.87;-25123.72;-23719.08;-22954.92;-22701.22;-114842.46;-119600.89;-118983.90;-118692.79;-118810.38;-0.01;-0.01;-0.01;-0.01;-0.01;0.00;0.00;0.00;0.00;0.00;0.00;0.00;0.00;0.00;0.00;0.00;0.00;0.00;0.00;0.00
202688214180.17;269115417.28;15679.61;1.02;1.00;138.35;5.23;102.94;6.58;835.12;33897.81;33897.81;33897.81;33897.81;33897.81;119522.55;119522.55;119522.55;119522.55;119522.55;0.02;0.02;0.02;0.02;0.02;24680.57;16371.72;17273.43;17812.69;18221.90;19410.09;16052.69;16488.05;16693.49;16610.50;0.00;0.00;0.00;0.00;0.00;-9217.24;-17526.09;-16624.38;-16085.11;-15675.91;-100112.45;-103469.85;-103034.50;-102829.06;-102912.04;-0.01;-0.01;-0.01;-0.01;-0.01;0.00;0.00;0.00;0.00;0.00;0.00;0.00;0.00;0.00;0.00;0.00;0.00;0.00;0.00;0.00
202769923087.94;259449380.60;15225.22;1.02;1.01;133.38;6.14;103.28;7.29;3465.50;35226.24;35226.24;35226.24;35226.24;35226.24;129987.29;129987.29;129987.29;129987.29;129987.29;0.02;0.02;0.02;0.02;0.02;27898.70;18581.19;19589.55;20194.71;20661.97;21976.38;18208.87;18697.41;18927.95;18834.83;0.00;0.00;0.00;0.00;0.00;-7327.55;-16645.05;-15636.70;-15031.53;-14564.27;-108010.91;-111778.42;-111289.88;-111059.34;-111152.46;-0.01;-0.01;-0.01;-0.01;-0.01;0.00;0.00;0.00;0.00;0.00;0.00;0.00;0.00;0.00;0.00;0.00;0.00;0.00;0.00;0.00
214012939161.73;239079185.68;11839.91;1.02;0.94;153.40;5.69;100.48;6.60;1734.24;34043.97;34043.97;34043.97;34043.97;34043.97;127776.61;127776.61;127776.61;127776.61;127776.61;0.02;0.02;0.02;0.02;0.02;21328.52;12197.84;13247.32;13829.72;14077.09;15848.20;12221.81;12692.03;12913.90;12824.28;0.00;0.00;0.00;0.00;0.00;-12715.44;-21846.13;-20796.65;-20214.25;-19966.88;-111928.41;-115554.79;-115084.57;-114862.71;-114952.33;-0.01;-0.01;-0.01;-0.01;-0.01;0.00;0.00;0.00;0.00;0.00;0.00;0.00;0.00;0.00;0.00;0.00;0.00;0.00;0.00;0.00
209480794458.41;244038830.68;14988.31;0.99;1.03;144.03;5.74;114.84;6.58;2820.97;34827.33;34827.33;34827.33;34827.33;34827.33;120313.28;120313.28;120313.28;120313.28;120313.28;0.01;0.01;0.01;0.01;0.01;28746.79;17772.67;19002.55;19708.02;20114.03;21992.70;17600.27;18169.83;18438.58;18330.02;0.00;0.00;0.00;0.00;0.00;-6080.55;-17054.67;-15824.78;-15119.31;-14713.30;-98320.58;-102713.01;-102143.45;-101874.70;-101983.26;-0.01;-0.01;-0.01;-0.01;-0.01;0.00;0.00;0.00;0.00;0.00;0.00;0.00;0.00;0.00;0.00;0.00;0.00;0.00;0.00;0.00
211682766350.25;218427144.67;15010.22;1.01;0.97;128.68;5.34;94.05;7.79;3266.34;26917.41;26917.41;26917.41;26917.41;26917.41;90860.65;90860.65;90860.65;90860.65;90860.65;0.02;0.02;0.02;0.02;0.02;26032.26;17608.38;18511.70;19060.26;19511.12;20634.40;17219.39;17662.22;17871.20;17786.79;0.00;0.00;0.00;0.00;0.00;-885.15;-9309.03;-8405.71;-7857.15;-7406.29;-70226.24;-73641.26;-73198.42;-72989.45;-73073.86;-0.01;-0.01;-0.01;-0.01;-0.01;0.00;0.00;0.00;0.00;0.00;0.00;0.00;0.00;0.00;0.00;0.00;0.00;0.00;0.00;0.00
183844982316.65;261702976.17;13873.39;0.98;0.99;136.98;5.30;98.00;6.70;1624.37;30668.16;30668.16;30668.16;30668.16;30668.16;112145.95;112145.95;112145.95;112145.95;112145.95;0.01;0.01;0.01;0.01;0.01;22083.53;15203.67;15933.76;16383.16;16779.40;17630.93;14833.03;15195.84;15367.04;15297.89;0.00;0.00;0.00;0.00;0.00;-8584.63;-15464.48;-14734.40;-14285.00;-13888.76;-94515.02;-97312.92;-96950.11;-96778.91;-96848.06;-0.01;-0.01;-0.01;-0.01;-0.01;0.00;0.00;0.00;0.00;0.00;0.00;0.00;0.00;0.00;0.00;0.00;0.00;0.00;0.00;0.00
197148128508.08;240166199.18;14105.03;1.02;1.01;133.94;5.95;106.86;7.75;1621.15;35468.92;35468.92;35468.92;35468.92;35468.92;117723.92;117723.92;117723.92;117723.92;117723.92;0.02;0.02;0.02;0.02;0.02;24590.76;15452.90;16469.70;17058.34;17420.00;18931.53;15266.80;15742.02;15966.26;15875.68;0.00;0.00;0.00;0.00;0.00;-10878.15;-20016.02;-18999.22;-18410.58;-18048.92;-98792.38;-102457.12;-101981.90;-101757.66;-101848.24;-0.01;-0.01;-0.01;-0.01;-0.01;0.00;0.00;0.00;0.00;0.00;0.00;0.00;0.00;0.00;0.00;0.00;0.00;0.00;0.00;0.00
191876819653.21;238815860.92;15848.42;1.05;1.00;141.27;5.51;102.12;6.95;2670.90;33134.01;33134.01;33134.01;33134.01;33134.01;116597.17;116597.17;116597.17;116597.17;116597.17;0.02;0.02;0.02;0.02;0.02;27579.76;18315.57;19320.73;19922.07;20380.04;21700.06;17956.04;18441.52;18670.61;18578.07;0.00;0.00;0.00;0.00;0.00;-5554.26;-14818.44;-13813.28;-13211.94;-12753.97;-94897.11;-98641.13;-98155.64;-97926.56;-98019.10;-0.01;-0.01;-0.01;-0.01;-0.01;0.00;0.00;0.00;0.00;0.00;0.00;0.00;0.00;0.00;0.00;0.00;0.00;0.00;0.00;0.00
214065362952.57;274137811.09;12339.99;1.01;0.99;141.74;5.73;101.33;7.03;3709.51;37157.53;37157.53;37157.53;37157.53;37157.53;134326.60;134326.60;134326.60;134326.60;134326.60;0.02;0.02;0.02;0.02;0.02;25054.35;15452.29;16529.08;17146.20;17498.37;19149.94;15307.68;15805.91;16041.00;15946.04;0.00;0.00;0.00;0.00;0.00;-12103.18;-21705.24;-20628.45;-20011.32;-19659.16;-115176.66;-119018.91;-118520.69;-118285.59;-118380.56;-0.01;-0.01;-0.01;-0.01;-0.01;0.00;0.00;0.00;0.00;0.00;0.00;0.00;0.00;0.00;0.00;0.00;0.00;0.00;0.00;0.00
193037414299.86;261073852.22;15052.28;0.98;1.00;136.38;5.02;102.67;7.36;3722.74;33879.01;33879.01;33879.01;33879.01;33879.01;105428.38;105428.38;105428.38;105428.38;105428.38;0.01;0.01;0.01;0.01;0.01;27644.09;18577.24;19554.29;20143.98;20615.07;21854.57;18183.18;18659.25;18883.90;18793.16;0.00;0.00;0.00;0.00;0.00;-6234.92;-15301.77;-14324.71;-13735.02;-13263.94;-83573.81;-87245.19;-86769.12;-86544.48;-86635.22;-0.01;-0.01;-0.01;-0.01;-0.01;0.00;0.00;0.00;0.00;0.00;0.00;0.00;0.00;0.00;0.00;0.00;0.00;0.00;0.00;0.00
186821240588.07;239166356.51;12851.13;0.97;0.99;146.28;6.03;103.42;7.29;3314.52;34281.60;34281.60;34281.60;34281.60;34281.60;122511.51;122511.51;122511.51;122511.51;122511.51;0.01;0.01;0.01;0.01;0.01;25053.95;15533.24;16599.31;17211.53;17567.51;19188.26;15376.36;15870.64;16103.87;16009.66;0.00;0.00;0.00;0.00;0.00;-9227.65;-18748.36;-17682.29;-17070.07;-16714.09;-103323.25;-107135.15;-106640.86;-106407.64;-106501.85;-0.01;-0.01;-0.01;-0.01;-0.01;0.00;0.00;0.00;0.00;0.00;0.00;0.00;0.00;0.00;0.00;0.00;0.00;0.00;0.00;0.00
185461262039.16;244594824.97;13183.00;0.99;1.01;118.32;5.75;98.11;7.61;2002.60;27698.64;27698.64;27698.64;27698.64;27698.64;99011.69;99011.69;99011.69;99011.69;99011.69;0.01;0.01;0.01;0.01;0.01;21291.90;15362.80;15967.95;16359.30;16781.00;17332.90;14896.79;15212.70;15361.79;15301.57;0.00;0.00;0.00;0.00;0.00;-6406.74;-12335.84;-11730.69;-11339.34;-10917.64;-81678.79;-84114.90;-83798.99;-83649.90;-83710.12;-0.01;-0.01;-0.01;-0.01;-0.01;0.00;0.00;0.00;0.00;0.00;0.00;0.00;0.00;0.00;0.00;0.00;0.00;0.00;0.00;0.00
176443552440.15;257652757.19;14785.97;0.98;1.01;135.31;6.17;106.44;7.13;3497.24;34552.53;34552.53;34552.53;34552.53;34552.53;126926.62;126926.62;126926.62;126926.62;126926.62;0.01;0.01;0.01;0.01;0.01;26899.26;18431.87;19333.04;19885.67;20363.79;21434.24;17993.73;18439.87;18650.39;18565.36;0.00;0.00;0.00;0.00;0.00;-7653.27;-16120.66;-15219.48;-14666.85;-14188.74;-105492.38;-108932.90;-108486.76;-108276.23;-108361.27;-0.01;-0.01;-0.01;-0.01;-0.01;0.00;0.00;0.00;0.00;0.00;0.00;0.00;0.00;0.00;0.00;0.00;0.00;0.00;0.00;0.00
198634404128.58;262571238.67;16205.89;1.05;1.00;151.97;5.61;108.33;7.20;1515.39;42977.42;42977.42;42977.42;42977.42;42977.42;140454.59;140454.59;140454.59;140454.59;140454.59;0.02;0.02;0.02;0.02;0.02;28675.47;16972.53;18304.81;19053.57;19416.63;21579.41;16916.98;17521.53;17806.78;17691.56;0.00;0.00;0.00;0.00;0.00;-14301.94;-26004.88;-24672.61;-23923.84;-23560.79;-118875.17;-123537.61;-122933.05;-122647.81;-122763.03;-0.01;-0.01;-0.01;-0.01;-0.01;0.00;0.00;0.00;0.00;0.00;0.00;0.00;0.00;0.00;0.00;0.00;0.00;0.00;0.00;0.00
199964006287.62;265602789.30;14482.38;0.94;1.00;130.96;6.05;98.72;6.90;3438.12;29947.34;29947.34;29947.34;29947.34;29947.34;118824.69;118824.69;118824.69;118824.69;118824.69;0.01;0.01;0.01;0.01;0.01;25881.77;17942.96;18780.63;19299.96;19771.95;20722.23;17489.17;17908.42;18106.26;18026.35;0.00;0.00;0.00;0.00;0.00;-4065.57;-12004.38;-11166.71;-10647.38;-10175.39;-98102.46;-101335.51;-100916.27;-100718.43;-100798.34;-0.01;-0.01;-0.01;-0.01;-0.01;0.00;0.00;0.00;0.00;0.00;0.00;0.00;0.00;0.00;0.00;0.00;0.00;0.00;0.00;0.00
208889680082.70;257492279.57;13933.59;0.99;1.01;133.43;6.31;94.35;6.36;2738.05;28635.18;28635.18;28635.18;28635.18;28635.18;129218.75;129218.75;129218.75;129218.75;129218.75;0.01;0.01;0.01;0.01;0.01;24292.75;16743.69;17543.31;18036.60;18474.46;19403.61;16332.72;16730.94;16918.86;16842.95;0.00;0.00;0.00;0.00;0.00;-4342.43;-11891.49;-11091.87;-10598.58;-10160.72;-109815.14;-112886.04;-112487.82;-112299.90;-112375.80;-0.01;-0.01;-0.01;-0.01;-0.01;0.00;0.00;0.00;0.00;0.00;0.00;0.00;0.00;0.00;0.00;0.00;0.00;0.00;0.00;0.00
206359965808.82;255636137.63;13720.42;0.95;1.02;146.58;5.44;107.17;6.83;2117.67;34537.25;34537.25;34537.25;34537.25;34537.25;116762.31;116762.31;116762.31;116762.31;116762.31;0.01;0.01;0.01;0.01;0.01;25810.47;15574.69;16732.07;17388.30;17731.87;19564.70;15478.72;16008.54;16258.54;16157.55;0.00;0.00;0.00;0.00;0.00;-8726.79;-18962.57;-17805.18;-17148.95;-16805.38;-97197.62;-101283.59;-100753.77;-100503.78;-100604.76;-0.01;-0.01;-0.01;-0.01;-0.01;0.00;0.00;0.00;0.00;0.00;0.00;0.00;0.00;0.00;0.00;0.00;0.00;0.00;0.00;0.00
176586631868.24;251380247.71;14393.86;0.99;1.01;128.95;5.78;101.69;7.60;1985.04;32199.46;32199.46;32199.46;32199.46;32199.46;111240.13;111240.13;111240.13;111240.13;111240.13;0.01;0.01;0.01;0.01;0.01;23698.21;16412.55;17181.99;17658.49;18089.61;18966.10;15999.66;16384.33;16565.85;16492.53;0.00;0.00;0.00;0.00;0.00;-8501.25;-15786.91;-15017.47;-14540.97;-14109.85;-92274.02;-95240.47;-94855.80;-94674.27;-94747.60;-0.01;-0.01;-0.01;-0.01;-0.01;0.00;0.00;0.00;0.00;0.00;0.00;0.00;0.00;0.00;0.00;0.00;0.00;0.00;0.00;0.00
211239218746.66;256140062.70;15867.58;1.01;0.99;129.16;6.19;91.72;7.30;2281.19;30211.31;30211.31;30211.31;30211.31;30211.31;123776.62;123776.62;123776.62;123776.62;123776.62;0.02;0.02;0.02;0.02;0.02;25897.45;17935.01;18775.56;19296.35;19767.86;20725.82;17483.76;17904.17;18102.57;18022.43;0.00;0.00;0.00;0.00;0.00;-4313.86;-12276.30;-11435.75;-10914.96;-10443.46;-103050.80;-106292.86;-105872.45;-105674.05;-105754.19;-0.01;-0.01;-0.01;-0.01;-0.01;0.00;0.00;0.00;0.00;0.00;0.00;0.00;0.00;0.00;0.00;0.00;0.00;0.00;0.00;0.00
190158249693.42;260277071.38;11988.09;1.00;0.97;141.71;5.66;106.70;6.56;2345.05;34324.60;34324.60;34324.60;34324.60;34324.60;124996.44;124996.44;124996.44;124996.44;124996.44;0.01;0.01;0.01;0.01;0.01;21331.67;13606.59;14461.21;14959.75;15283.89;16518.30;13414.36;13816.85;14006.77;13930.06;0.00;0.00;0.00;0.00;0.00;-12992.93;-20718.00;-19863.39;-19364.85;-19040.70;-108478.13;-111582.07;-111179.59;-110989.67;-111066.38;-0.01;-0.01;-0.01;-0.01;-0.01;0.00;0.00;0.00;0.00;0.00;0.00;0.00;0.00;0.00;0.00;0.00;0.00;0.00;0.00;0.00
203503210803.44;239214355.19;14862.52;0.99;1.01;149.90;5.47;103.25;7.40;2527.59;35586.11;35586.11;35586.11;35586.11;35586.11;115936.98;115936.98;115936.98;115936.98;115936.98;0.01;0.01;0.01;0.01;0.01;28297.75;16870.30;18168.08;18899.76;19264.79;21352.73;16796.79;17387.54;17666.27;17553.68;0.00;0.00;0.00;0.00;0.00;-7288.36;-18715.80;-17418.03;-16686.35;-16321.31;-94584.24;-99140.19;-98549.44;-98270.70;-98383.30;-0.01;-0.01;-0.01;-0.01;-0.01;0.00;0.00;0.00;0.00;0.00;0.00;0.00;0.00;0.00;0.00;0.00;0.00;0.00;0.00;0.00
198502385700.43;260556731.09;16405.31;1.01;0.98;133.54;5.54;102.52;6.48;3071.49;31037.03;31037.03;31037.03;31037.03;31037.03;116933.97;116933.97;116933.97;116933.97;116933.97;0.02;0.02;0.02;0.02;0.02;27100.19;19163.05;19988.70;20510.04;21024.07;21876.03;18630.43;19051.30;19249.91;19169.68;0.00;0.00;0.00;0.00;0.00;-3936.83;-11873.98;-11048.32;-10526.99;-10012.95;-95057.94;-98303.54;-97882.67;-97684.07;-97764.29;-0.01;-0.01;-0.01;-0.01;-0.01;0.00;0.00;0.00;0.00;0.00;0.00;0.00;0.00;0.00;0.00;0.00;0.00;0.00;0.00;0.00
217660861699.90;261089369.63;11523.44;0.97;0.98;146.59;5.61;102.18;7.24;2044.44;36562.27;36562.27;36562.27;36562.27;36562.27;125433.35;125433.35;125433.35;125433.35;125433.35;0.01;0.01;0.01;0.01;0.01;22421.43;12640.85;13768.88;14392.03;14642.65;16573.82;12693.85;13196.96;13434.35;13338.46;0.00;0.00;0.00;0.00;0.00;-14140.84;-23921.41;-22793.38;-22170.24;-21919.61;-108859.53;-112739.49;-112236.39;-111999.00;-112094.89;-0.01;-0.01;-0.01;-0.01;-0.01;0.00;0.00;0.00;0.00;0.00;0.00;0.00;0.00;0.00;0.00;0.00;0.00;0.00;0.00;0.00
186419841487.10;267811772.23;15423.13;1.03;0.99;144.82;6.57;110.39;6.88;1976.21;41467.97;41467.97;41467.97;41467.97;41467.97;158219.48;158219.48;158219.48;158219.48;158219.48;0.02;0.02;0.02;0.02;0.02;26582.17;16803.98;17890.11;18520.40;18915.90;20512.09;16587.80;17096.66;17336.77;17239.78;0.00;0.00;0.00;0.00;0.00;-14885.80;-24663.99;-23577.85;-22947.56;-22552.06;-137707.39;-141631.67;-141122.81;-140882.70;-140979.69;-0.01;-0.01;-0.01;-0.01;-0.01;0.00;0.00;0.00;0.00;0.00;0.00;0.00;0.00;0.00;0.00;0.00;0.00;0.00;0.00;0.00
177466437773.24;259862780.14;13218.77;1.00;1.03;137.03;5.69;107.29;6.71;3074.06;33697.79;33697.79;33697.79;33697.79;33697.79;121100.38;121100.38;121100.38;121100.38;121100.38;0.01;0.01;0.01;0.01;0.01;24536.47;16685.81;17525.55;18037.21;18466.28;19491.22;16305.72;16718.79;16913.71;16834.97;0.00;0.00;0.00;0.00;0.00;-9161.32;-17011.99;-16172.25;-15660.59;-15231.52;-101609.16;-104794.66;-104381.59;-104186.68;-104265.41;-0.01;-0.01;-0.01;-0.01;-0.01;0.00;0.00;0.00;0.00;0.00;0.00;0.00;0.00;0.00;0.00;0.00;0.00;0.00;0.00;0.00
198631652198.32;243488327.38;14526.16;0.95;1.01;142.60;6.03;98.86;7.08;2691.38;31380.55;31380.55;31380.55;31380.55;31380.55;119511.99;119511.99;119511.99;119511.99;119511.99;0.01;0.01;0.01;0.01;0.01;26664.22;17071.05;18130.63;18750.03;19158.57;20677.53;16821.10;17321.17;17557.13;17461.81;0.00;0.00;0.00;0.00;0.00;-4716.33;-14309.50;-13249.92;-12630.52;-12221.98;-98834.47;-102690.89;-102190.83;-101954.86;-102050.18;-0.01;-0.01;-0.01;-0.01;-0.01;0.00;0.00;0.00;0.00;0.00;0.00;0.00;0.00;0.00;0.00;0.00;0.00;0.00;0.00;0.00
200224115972.64;224975691.48;11327.87;0.99;0.99;147.11;6.03;101.74;7.42;2162.44;33242.15;33242.15;33242.15;33242.15;33242.15;118527.83;118527.83;118527.83;118527.83;118527.83;0.01;0.01;0.01;0.01;0.01;21975.89;12716.89;13777.34;14368.56;14631.84;16399.82;12718.62;13195.96;13421.18;13330.20;0.00;0.00;0.00;0.00;0.00;-11266.26;-20525.27;-19464.82;-18873.59;-18610.31;-102128.01;-105809.20;-105331.87;-105106.64;-105197.62;-0.01;-0.01;-0.01;-0.01;-0.01;0.00;0.00;0.00;0.00;0.00;0.00;0.00;0.00;0.00;0.00;0.00;0.00;0.00;0.00;0.00
201267463330.16;238164796.55;14662.58;1.02;0.96;145.91;5.86;107.70;6.80;2791.86;34684.27;34684.27;34684.27;34684.27;34684.27;124500.02;124500.02;124500.02;124500.02;124500.02;0.02;0.02;0.02;0.02;0.02;26334.60;16367.70;17482.59;18123.69;18500.15;20188.28;16196.56;16714.16;16958.39;16859.74;0.00;0.00;0.00;0.00;0.00;-8349.68;-18316.58;-17201.69;-16560.58;-16184.13;-104311.74;-108303.46;-107785.86;-107541.63;-107640.29;-0.01;-0.01;-0.01;-0.01;-0.01;0.00;0.00;0.00;0.00;0.00;0.00;0.00;0.00;0.00;0.00;0.00;0.00;0.00;0.00;0.00
193063930149.74;222627628.75;15712.58;0.99;1.02;131.77;5.98;111.09;7.04;1730.42;29548.96;29548.96;29548.96;29548.96;29548.96;103920.60;103920.60;103920.60;103920.60;103920.60;0.01;0.01;0.01;0.01;0.01;26235.18;17514.36;18456.83;19023.46;19465.17;20685.49;17157.89;17615.33;17831.19;17743.99;0.00;0.00;0.00;0.00;0.00;-3313.78;-12034.60;-11092.13;-10525.50;-10083.79;-83235.11;-86762.71;-86305.28;-86089.42;-86176.61;-0.01;-0.01;-0.01;-0.01;-0.01;0.00;0.00;0.00;0.00;0.00;0.00;0.00;0.00;0.00;0.00;0.00;0.00;0.00;0.00;0.00
206586071567.63;253300475.44;15937.43;1.03;1.02;136.07;6.46;99.21;7.24;3127.91;34563.33;34563.33;34563.33;34563.33;34563.33;137117.76;137117.76;137117.76;137117.76;137117.76;0.02;0.02;0.02;0.02;0.02;28937.93;19128.91;20194.88;20831.21;21307.96;22726.46;18764.93;19278.63;19521.04;19423.12;0.00;0.00;0.00;0.00;0.00;-5625.39;-15434.42;-14368.45;-13732.12;-13255.37;-114391.30;-118352.83;-117839.13;-117596.72;-117694.63;-0.01;-0.01;-0.01;-0.01;-0.01;0.00;0.00;0.00;0.00;0.00;0.00;0.00;0.00;0.00;0.00;0.00;0.00;0.00;0.00;0.00
180365236160.39;266245476.20;12612.92;1.04;0.95;151.16;5.98;96.20;7.11;2786.54;39282.33;39282.33;39282.33;39282.33;39282.33;149601.15;149601.15;149601.15;149601.15;149601.15;0.02;0.02;0.02;0.02;0.02;22778.02;14254.33;15205.61;15754.30;16084.74;17507.96;14091.54;14534.53;14743.56;14659.13;0.00;0.00;0.00;0.00;0.00;-16504.31;-25028.00;-24076.71;-23528.02;-23197.59;-132093.19;-135509.61;-135066.62;-134857.59;-134942.03;-0.01;-0.01;-0.01;-0.01;-0.01;0.00;0.00;0.00;0.00;0.00;0.00;0.00;0.00;0.00;0.00;0.00;0.00;0.00;0.00;0.00
225420106140.97;217792760.24;12552.23;1.00;1.07;139.45;5.88;95.53;7.09;1508.31;27890.47;27890.47;27890.47;27890.47;27890.47;107335.09;107335.09;107335.09;107335.09;107335.09;0.02;0.02;0.02;0.02;0.02;23892.99;14474.10;15536.78;16140.97;16463.09;18137.88;14376.26;14864.03;15094.20;15001.23;0.00;0.00;0.00;0.00;0.00;-3997.48;-13416.37;-12353.69;-11749.50;-11427.39;-89197.21;-92958.83;-92471.06;-92240.89;-92333.86;-0.01;-0.01;-0.01;-0.01;-0.01;0.00;0.00;0.00;0.00;0.00;0.00;0.00;0.00;0.00;0.00;0.00;0.00;0.00;0.00;0.00
213911244204.79;240018065.96;12617.88;1.07;0.94;132.59;5.77;105.18;7.70;4417.64;35681.00;35681.00;35681.00;35681.00;35681.00;117847.77;117847.77;117847.77;117847.77;117847.77;0.02;0.02;0.02;0.02;0.02;24919.05;15690.19;16716.16;17310.81;17679.11;19198.96;15496.80;15976.87;16203.41;16111.90;0.00;0.00;0.00;0.00;0.00;-10761.96;-19990.82;-18964.85;-18370.19;-18001.89;-98648.81;-102350.96;-101870.90;-101644.36;-101735.87;-0.01;-0.01;-0.01;-0.01;-0.01;0.00;0.00;0.00;0.00;0.00;0.00;0.00;0.00;0.00;0.00;0.00;0.00;0.00;0.00;0.00
214329112132.19;246637115.38;14957.11;0.98;0.96;130.52;6.45;96.66;6.88;3379.73;28733.80;28733.80;28733.80;28733.80;28733.80;122125.72;122125.72;122125.72;122125.72;122125.72;0.01;0.01;0.01;0.01;0.01;25446.56;17466.71;18314.19;18835.23;19290.09;20290.90;17047.27;17467.89;17666.38;17586.20;0.00;0.00;0.00;0.00;0.00;-3287.25;-11267.09;-10419.62;-9898.58;-9443.71;-101834.83;-105078.46;-104657.84;-104459.35;-104539.52;-0.01;-0.01;-0.01;-0.01;-0.01;0.00;0.00;0.00;0.00;0.00;0.00;0.00;0.00;0.00;0.00;0.00;0.00;0.00;0.00;0.00
181928129422.79;232323370.14;12503.31;1.02;0.97;142.63;5.62;100.72;7.35;2319.12;33074.94;33074.94;33074.94;33074.94;33074.94;113952.14;113952.14;113952.14;113952.14;113952.14;0.02;0.02;0.02;0.02;0.02;22104.17;14037.78;14932.10;15452.35;15784.63;17087.31;13848.13;14268.15;14466.35;14386.29;0.00;0.00;0.00;0.00;0.00;-10970.77;-19037.15;-18142.84;-17622.59;-17290.31;-96864.82;-100104.00;-99683.98;-99485.79;-99565.85;-0.01;-0.01;-0.01;-0.01;-0.01;0.00;0.00;0.00;0.00;0.00;0.00;0.00;0.00;0.00;0.00;0.00;0.00;0.00;0.00;0.00
207881099733.10;254245832.75;13135.96;1.04;0.98;133.76;5.77;98.25;7.35;1642.87;33798.06;33798.06;33798.06;33798.06;33798.06;122476.30;122476.30;122476.30;122476.30;122476.30;0.02;0.02;0.02;0.02;0.02;22169.98;14159.65;15044.69;15561.78;15900.35;17176.05;13956.82;14374.27;14571.25;14491.68;0.00;0.00;0.00;0.00;0.00;-11628.08;-19638.40;-18753.37;-18236.28;-17897.71;-105300.25;-108519.48;-108102.04;-107905.05;-107984.62;-0.01;-0.01;-0.01;-0.01;-0.01;0.00;0.00;0.00;0.00;0.00;0.00;0.00;0.00;0.00;0.00;0.00;0.00;0.00;0.00;0.00
196985823762.49;237946328.36;15207.26;1.00;1.03;129.74;6.18;108.19;7.45;2474.92;32561.27;32561.27;32561.27;32561.27;32561.27;114662.99;114662.99;114662.99;114662.99;114662.99;0.02;0.02;0.02;0.02;0.02;26996.75;17907.45;18893.01;19482.99;19931.51;21231.18;17558.26;18034.54;18259.30;18168.51;0.00;0.00;0.00;0.00;0.00;-5564.52;-14653.83;-13668.26;-13078.28;-12629.76;-93431.81;-97104.73;-96628.44;-96403.69;-96494.48;-0.01;-0.01;-0.01;-0.01;-0.01;0.00;0.00;0.00;0.00;0.00;0.00;0.00;0.00;0.00;0.00;0.00;0.00;0.00;0.00;0.00
206952235228.51;270979694.50;12785.61;1.07;1.00;141.47;6.24;90.53;7.08;1834.05;36575.24;36575.24;36575.24;36575.24;36575.24;153144.45;153144.45;153144.45;153144.45;153144.45;0.02;0.02;0.02;0.02;0.02;22515.58;14241.47;15159.82;15693.24;16029.22;17377.92;14056.92;14487.56;14690.77;14608.68;0.00;0.00;0.00;0.00;0.00;-14059.66;-22333.76;-21415.42;-20882.00;-20546.02;-135766.53;-139087.53;-138656.89;-138453.69;-138535.77;-0.01;-0.01;-0.01;-0.01;-0.01;0.00;0.00;0.00;0.00;0.00;0.00;0.00;0.00;0.00;0.00;0.00;0.00;0.00;0.00;0.00
192596377845.66;233777066.65;12805.29;1.03;1.05;155.50;5.80;101.56;6.59;3011.33;34515.62;34515.62;34515.62;34515.62;34515.62;130105.08;130105.08;130105.08;130105.08;130105.08;0.02;0.02;0.02;0.02;0.02;26494.97;16087.98;17262.86;17930.45;18287.83;20131.25;15974.33;16513.33;16767.66;16664.92;0.00;0.00;0.00;0.00;0.00;-8020.65;-18427.64;-17252.77;-16585.17;-16227.79;-109973.83;-114130.76;-113591.75;-113337.43;-113440.16;-0.01;-0.01;-0.01;-0.01;-0.01;0.00;0.00;0.00;0.00;0.00;0.00;0.00;0.00;0.00;0.00;0.00;0.00;0.00;0.00;0.00
221667957777.83;255065037.58;12330.85;0.97;1.00;127.09;6.00;97.81;6.91;1034.93;28378.63;28378.63;28378.63;28378.63;28378.63;113198.16;113198.16;113198.16;113198.16;113198.16;0.01;0.01;0.01;0.01;0.01;20298.65;13192.47;13970.61;14430.50;14753.56;15834.37;12971.50;13342.74;13517.94;13447.17;0.00;0.00;0.00;0.00;0.00;-8079.98;-15186.16;-14408.02;-13948.14;-13625.07;-97363.79;-100226.66;-99855.41;-99680.22;-99750.99;-0.01;-0.01;-0.01;-0.01;-0.01;0.00;0.00;0.00;0.00;0.00;0.00;0.00;0.00;0.00;0.00;0.00;0.00;0.00;0.00;0.00
