# X_0;X_1;X_2;R_0;S_0;G_0;I_0
0.24;8.84;34.09;2727.20;1889.65;-837.55;0.00
0.25;10.84;39.89;3191.04;2066.31;-1124.73;0.00
0.24;12.04;44.92;3593.84;2055.27;-1538.56;0.00
0.24;10.57;43.60;3488.10;1945.05;-1543.05;0.00
0.25;9.48;42.90;3432.20;1982.97;-1449.22;0.00
0.26;8.10;40.92;3273.27;1972.36;-1300.91;0.00
0.26;11.06;42.45;3395.99;2099.52;-1296.47;0.00
0.28;9.99;45.28;3622.77;2159.41;-1463.36;0.00
0.24;8.44;43.68;3494.26;1840.87;-1653.40;0.00
0.27;9.98;41.03;3282.05;2131.85;-1150.20;0.00
0.24;9.57;46.35;3707.84;1933.12;-1774.72;0.00
0.27;11.98;37.85;3028.08;2232.52;-795.56;0.00
0.22;10.99;40.96;3276.75;1864.87;-1411.88;0.00
0.28;10.05;36.65;2932.11;2199.27;-732.84;0.00
0.23;10.42;40.58;3246.09;1894.90;-1351.19;0.00
0.25;8.86;39.90;3192.36;1908.23;-1284.14;0.00
0.27;9.84;40.25;3220.10;2104.33;-1115.77;0.00
0.27;9.40;35.81;2864.80;2056.64;-808.16;0.00
0.23;11.99;35.12;2809.41;1971.12;-838.29;0.00
0.27;10.55;41.26;3301.06;2137.50;-1163.57;0.00
0.25;9.46;47.78;3822.53;1968.95;-1853.58;0.00
0.27;11.52;35.30;2823.67;2207.45;-616.23;0.00
0.25;8.76;41.16;3292.90;1931.34;-1361.56;0.00
0.22;9.03;40.91;3272.88;1783.74;-1489.14;0.00
0.24;9.55;40.92;3273.26;1905.77;-1367.49;0.00
0.26;10.34;38.22;3057.68;2075.31;-982.37;0.00
0.26;10.47;38.45;3076.15;2055.34;-1020.81;0.00
0.27;10.02;42.35;3387.69;2129.17;-1258.52;0.00
0.22;9.78;43.08;3446.48;1789.58;-1656.90;0.00
0.27;8.09;34.41;2752.79;1999.85;-752.94;0.00
0.23;10.61;35.81;2865.14;1923.59;-941.54;0.00
0.23;11.04;38.33;3066.33;1910.04;-1156.29;0.00
0.25;10.98;41.89;3350.83;2058.03;-1292.80;0.00
0.23;9.00;45.10;3607.80;1851.54;-1756.26;0.00
0.27;9.45;36.97;2957.87;2058.07;-899.80;0.00
0.24;10.05;31.57;2525.31;1950.54;-574.77;0.00
0.22;9.77;33.31;2664.50;1829.50;-835.00;0.00
0.23;13.21;42.20;3376.25;2043.61;-1332.64;0.00
0.27;9.17;40.79;3263.09;2072.09;-1191.00;0.00
0.26;9.23;37.90;3031.82;1992.64;-1039.18;0.00
0.22;9.48;39.36;3148.76;1806.83;-1341.93;0.00
0.25;8.82;43.89;3511.60;1911.95;-1599.65;0.00
0.21;10.52;46.07;3685.94;1769.10;-1916.84;0.00
0.28;12.97;40.44;3235.01;2313.31;-921.69;0.00
0.24;10.46;36.33;2906.07;1974.85;-931.22;0.00
0.23;11.93;38.68;3094.02;1978.24;-1115.79;0.00
0.17;10.02;38.59;3087.21;1549.38;-1537.83;0.00
0.24;10.40;27.29;2182.92;1956.64;-226.28;0.00
0.25;12.40;44.13;3530.15;2127.98;-1402.17;0.00
0.23;10.95;41.13;3290.59;1945.40;-1345.19;0.00
0.24;9.54;38.31;3064.74;1902.30;-1162.44;0.00
0.20;10.70;39.44;3155.49;1764.83;-1390.66;0.00
0.28;7.80;39.13;3130.00;2034.23;-1095.77;0.00
0.21;11.01;41.19;3294.87;1801.98;-1492.89;0.00
0.23;9.95;45.94;3674.87;1905.55;-1769.32;0.00
0.24;12.04;46.16;3693.07;2033.74;-1659.33;0.00
0.21;11.43;34.28;2742.08;1815.10;-926.98;0.00
0.22;9.86;37.80;3024.17;1842.93;-1181.23;0.00
0.21;12.15;31.29;2503.44;1906.94;-596.50;0.00
0.21;9.20;43.42;3473.53;1747.35;-1726.18;0.00
0.22;9.96;41.89;3351.02;1842.05;-1508.97;0.00
0.24;10.62;44.29;3543.59;1993.37;-1550.22;0.00
0.31;10.59;49.98;3998.68;2364.19;-1634.49;0.00
0.22;10.24;40.14;3211.45;1839.55;-1371.90;0.00
0.26;12.26;34.75;2780.29;2175.47;-604.82;0.00
0.20;11.31;51.61;4128.58;1774.47;-2354.10;0.00
0.22;10.14;40.44;3235.48;1825.20;-1410.28;0.00
0.25;11.92;38.37;3069.51;2124.94;-944.57;0.00
0.20;9.69;41.92;3353.86;1700.31;-1653.55;0.00
0.23;8.08;48.78;3902.30;1782.90;-2119.40;0.00
0.22;9.57;40.63;3250.31;1810.41;-1439.90;0.00
0.21;10.49;36.80;2943.63;1770.15;-1173.49;0.00
0.24;8.62;40.92;3273.24;1889.69;-1383.55;0.00
0.24;9.59;42.65;3411.66;1901.13;-1510.53;0.00
0.23;8.71;39.71;3176.51;1817.23;-1359.28;0.00
0.31;10.00;45.73;3658.06;2368.40;-1289.66;0.00
0.26;9.59;46.88;3750.34;2024.50;-1725.84;0.00
0.22;10.40;41.45;3315.82;1819.56;-1496.26;0.00
0.24;9.75;43.21;3457.10;1943.13;-1513.98;0.00
0.30;10.24;40.17;3213.39;2281.87;-931.52;0.00
0.27;10.00;29.70;2376.26;2098.22;-278.04;0.00
0.22;9.14;47.41;3792.96;1757.64;-2035.32;0.00
0.25;7.67;50.39;4030.88;1890.49;-2140.39;0.00
0.25;11.33;41.09;3286.87;2072.55;-1214.32;0.00
0.24;9.96;29.28;2342.28;1961.38;-380.89;0.00
0.29;9.94;44.30;3543.94;2252.58;-1291.36;0.00
0.18;10.19;41.99;3359.23;1598.48;-1760.75;0.00
0.26;10.57;35.14;2811.09;2063.87;-747.22;0.00
0.24;9.22;43.40;3471.95;1908.09;-1563.86;0.00
0.20;9.77;42.56;3404.96;1681.82;-1723.15;0.00
0.26;10.37;43.73;3498.59;2061.96;-1436.63;0.00
0.26;11.29;38.61;3088.89;2126.50;-962.39;0.00
0.23;10.55;34.81;2784.94;1898.57;-886.37;0.00
0.24;11.15;41.87;3349.84;2012.11;-1337.73;0.00
0.25;10.04;45.33;3626.23;1977.54;-1648.69;0.00
0.21;10.59;43.53;3482.76;1817.10;-1665.65;0.00
0.27;11.13;43.11;3449.02;2182.44;-1266.58;0.00
0.24;7.65;41.37;3309.54;1822.98;-1486.55;0.00
0.31;10.14;44.88;3590.20;2341.55;-1248.65;0.00
0.15;9.41;48.33;3866.23;1369.59;-2496.64;0.00
0.30;9.85;39.13;3130.57;2297.20;-833.37;0.00
0.25;9.91;45.70;3656.31;2001.06;-1655.25;0.00
0.23;10.11;38.61;3088.80;1865.03;-1223.77;0.00
0.27;8.27;41.26;3300.72;1993.46;-1307.26;0.00
0.30;8.66;36.31;2905.10;2190.36;-714.74;0.00
0.25;10.24;32.80;2623.98;1997.89;-626.08;0.00
0.25;10.41;41.77;3341.89;1993.65;-1348.24;0.00
0.22;11.84;35.38;2830.72;1939.71;-891.02;0.00
0.25;10.29;40.49;3239.45;2027.40;-1212.05;0.00
0.25;11.12;44.80;3583.98;2055.61;-1528.36;0.00
0.26;12.89;36.26;2901.06;2213.57;-687.49;0.00
0.21;10.72;38.47;3077.61;1787.21;-1290.40;0.00
0.29;10.26;45.79;3662.85;2229.35;-1433.50;0.00
0.24;9.33;37.41;2992.57;1903.54;-1089.02;0.00
0.26;10.14;45.59;3647.57;2089.32;-1558.25;0.00
0.25;8.60;39.07;3125.57;1906.44;-1219.12;0.00
0.24;10.38;38.23;3058.31;1931.23;-1127.08;0.00
0.22;10.08;40.08;3206.66;1833.35;-1373.31;0.00
0.27;10.01;37.57;3005.75;2122.23;-883.52;0.00
0.25;12.65;39.66;3172.91;2162.13;-1010.78;0.00
0.25;7.13;44.12;3529.71;1816.71;-1713.00;0.00
0.25;9.31;35.68;2854.57;1950.64;-903.93;0.00
0.22;9.02;33.39;2671.31;1741.96;-929.35;0.00
0.21;9.88;44.48;3558.27;1781.73;-1776.54;0.00
0.23;9.48;36.85;2948.23;1835.45;-1112.78;0.00
0.26;9.41;39.89;3191.39;2049.48;-1141.92;0.00
0.23;10.56;39.74;3179.54;1914.11;-1265.43;0.00
0.28;11.42;38.69;3095.12;2245.45;-849.68;0.00
0.25;9.81;37.98;3038.10;1958.90;-1079.20;0.00
0.25;10.68;34.55;2763.85;2036.67;-727.18;0.00
0.26;10.66;36.73;2938.62;2076.42;-862.20;0.00
0.28;9.17;31.16;2492.77;2134.01;-358.75;0.00
0.27;10.68;34.64;2771.00;2172.16;-598.84;0.00
0.24;9.82;42.01;3360.57;1932.56;-1428.01;0.00
0.26;12.31;39.48;3158.05;2155.55;-1002.49;0.00
0.24;10.18;44.83;3586.72;1921.59;-1665.12;0.00
0.27;12.24;41.05;3283.76;2219.72;-1064.04;0.00
0.27;9.26;39.54;3162.96;2094.94;-1068.01;0.00
0.25;6.89;42.73;3418.28;1804.10;-1614.17;0.00
0.22;10.19;45.39;3631.36;1857.03;-1774.33;0.00
0.20;11.52;41.10;3287.76;1808.10;-1479.66;0.00
0.23;11.44;40.52;3241.75;1986.33;-1255.42;0.00
0.23;8.72;41.15;3291.69;1831.60;-1460.09;0.00
0.23;11.96;46.17;3693.75;1970.31;-1723.44;0.00
0.25;11.14;38.61;3088.79;2063.11;-1025.68;0.00
0.24;10.52;44.75;3580.06;1983.55;-1596.51;0.00
0.21;9.71;43.54;3483.14;1737.98;-1745.16;0.00
0.28;10.49;39.36;3148.77;2204.96;-943.81;0.00
0.21;10.00;32.21;2576.89;1752.48;-824.41;0.00
0.25;10.94;41.55;3323.91;2033.92;-1289.99;0.00
0.23;9.71;46.12;3689.89;1884.26;-1805.63;0.00
0.27;9.25;38.69;3094.90;2070.58;-1024.32;0.00
0.21;10.84;41.25;3300.25;1792.80;-1507.45;0.00
0.24;10.79;48.12;3849.38;2000.63;-1848.75;0.00
0.25;8.32;38.83;3106.07;1880.33;-1225.74;0.00
0.26;8.01;50.41;4033.12;1926.45;-2106.68;0.00
0.25;11.81;34.61;2768.41;2070.50;-697.90;0.00
0.27;9.77;39.38;3150.75;2118.58;-1032.17;0.00
0.24;8.65;28.83;2306.60;1877.65;-428.94;0.00
0.21;9.78;42.96;3436.93;1766.35;-1670.58;0.00
0.27;11.04;35.63;2850.54;2166.23;-684.31;0.00
0.23;11.78;38.49;3079.58;1981.48;-1098.10;0.00
0.27;9.31;37.35;2988.00;2078.32;-909.68;0.00
0.24;10.70;40.33;3226.05;1953.74;-1272.32;0.00
0.22;11.19;34.10;2727.60;1865.42;-862.18;0.00
0.22;10.75;35.48;2838.76;1884.83;-953.93;0.00
0.26;11.31;35.43;2834.07;2127.25;-706.83;0.00
0.21;10.69;30.91;2472.47;1821.39;-651.07;0.00
0.24;9.85;30.63;2450.28;1935.49;-514.80;0.00
0.27;10.77;44.39;3550.93;2136.73;-1414.20;0.00
0.25;9.62;48.46;3877.20;1957.80;-1919.40;0.00
0.24;10.70;34.77;2781.25;1972.32;-808.93;0.00
0.23;9.96;39.92;3193.31;1901.12;-1292.19;0.00
0.27;7.98;34.70;2776.00;2006.46;-769.54;0.00
0.22;9.57;37.26;2980.77;1778.28;-1202.49;0.00
0.23;12.10;34.03;2722.72;1985.14;-737.57;0.00
0.29;8.87;45.07;3605.21;2165.18;-1440.03;0.00
0.27;10.50;48.16;3852.92;2168.08;-1684.84;0.00
0.23;8.72;40.27;3221.34;1838.47;-1382.87;0.00
0.22;9.16;38.47;3077.86;1806.25;-1271.61;0.00
0.23;9.69;39.87;3189.75;1859.97;-1329.78;0.00
0.22;9.01;44.48;3558.37;1745.33;-1813.04;0.00
0.29;11.36;46.14;3691.03;2301.66;-1389.37;0.00
0.31;8.53;39.41;3152.74;2247.15;-905.59;0.00
0.22;11.32;30.25;2420.38;1917.63;-502.75;0.00
0.25;9.05;47.71;3816.52;1931.89;-1884.63;0.00
0.25;9.48;40.70;3255.66;1962.98;-1292.68;0.00
0.25;8.68;34.27;2741.49;1933.67;-807.82;0.00
0.27;8.36;33.92;2713.29;2025.02;-688.26;0.00
0.24;9.02;46.34;3707.44;1886.10;-1821.33;0.00
0.25;10.54;39.66;3172.76;2046.83;-1125.93;0.00
0.27;12.81;41.94;3355.31;2273.13;-1082.18;0.00
0.25;10.33;37.43;2994.68;1993.43;-1001.25;0.00
0.28;11.36;36.55;2924.16;2266.68;-657.48;0.00
0.24;9.37;38.33;3066.55;1884.10;-1182.46;0.00
0.26;10.38;37.60;3007.84;2094.14;-913.70;0.00
0.27;10.33;42.63;3410.79;2133.12;-1277.67;0.00
0.23;9.98;40.98;3278.45;1853.15;-1425.30;0.00
0.22;11.09;36.68;2934.62;1868.79;-1065.83;0.00
0.23;10.16;39.00;3119.79;1893.77;-1226.02;0.00
0.25;12.76;41.46;3316.92;2124.13;-1192.79;0.00
0.28;9.69;32.00;2560.33;2146.65;-413.68;0.00
0.23;12.01;37.83;3026.60;1996.61;-1029.99;0.00
0.23;10.01;33.55;2684.00;1870.35;-813.64;0.00
0.24;7.96;40.16;3212.60;1804.37;-1408.23;0.00
0.25;14.32;45.06;3604.97;2213.70;-1391.28;0.00
0.28;10.25;42.31;3385.08;2182.29;-1202.78;0.00
0.22;11.16;39.58;3166.38;1900.48;-1265.90;0.00
0.23;9.99;27.18;2174.11;1853.29;-320.82;0.00
0.27;11.64;36.04;2882.94;2231.09;-651.84;0.00
0.24;10.52;42.31;3384.94;1946.14;-1438.79;0.00
0.26;12.16;37.19;2975.04;2178.32;-796.72;0.00
0.23;10.20;34.63;2770.47;1864.55;-905.92;0.00
0.23;10.56;36.98;2958.28;1939.63;-1018.66;0.00
0.29;10.88;39.79;3182.94;2260.99;-921.96;0.00
0.31;10.88;36.54;2923.26;2378.72;-544.54;0.00
0.24;8.84;48.40;3872.32;1868.93;-2003.39;0.00
0.23;9.54;35.27;2821.90;1849.16;-972.74;0.00
0.26;10.74;40.25;3219.73;2075.53;-1144.20;0.00
0.26;9.40;43.47;3477.61;2007.78;-1469.83;0.00
0.28;9.75;38.84;3107.39;2154.09;-953.30;0.00
0.26;10.44;42.22;3377.74;2071.86;-1305.88;0.00
0.24;10.69;41.52;3321.26;2004.25;-1317.01;0.00
0.25;10.72;35.08;2806.62;2063.39;-743.22;0.00
0.24;8.64;46.92;3753.31;1868.27;-1885.04;0.00
0.26;11.31;37.15;2972.32;2142.70;-829.62;0.00
0.23;9.72;32.96;2636.83;1869.01;-767.82;0.00
0.22;10.82;36.55;2924.35;1895.06;-1029.28;0.00
0.20;7.45;44.28;3542.18;1582.48;-1959.71;0.00
0.29;9.40;38.60;3087.71;2173.96;-913.75;0.00
0.24;10.14;38.53;3082.25;1944.46;-1137.78;0.00
0.22;9.26;43.80;3504.23;1771.72;-1732.51;0.00
0.26;12.14;42.30;3383.76;2178.31;-1205.45;0.00
0.22;7.68;44.73;3578.71;1719.05;-1859.66;0.00
0.26;9.73;37.69;3015.46;2026.79;-988.67;0.00
0.28;10.19;35.14;2811.32;2171.14;-640.18;0.00
0.26;11.98;37.91;3032.59;2147.22;-885.37;0.00
0.25;10.52;31.10;2487.95;2000.79;-487.16;0.00
0.25;10.46;39.11;3128.60;2045.39;-1083.20;0.00
0.27;9.59;42.11;3368.52;2077.18;-1291.34;0.00
0.24;10.65;39.53;3162.55;1998.80;-1163.75;0.00
0.22;10.40;45.86;3668.94;1820.48;-1848.46;0.00
0.23;11.02;35.56;2844.47;1924.96;-919.51;0.00
0.24;11.57;45.66;3652.46;2040.91;-1611.55;0.00
0.26;8.89;44.85;3587.70;1991.75;-1595.95;0.00
0.22;10.39;41.78;3342.52;1824.38;-1518.14;0.00
0.24;9.45;41.47;3317.80;1900.02;-1417.78;0.00
0.23;9.67;41.68;3334.48;1873.95;-1460.53;0.00
0.28;10.11;33.47;2677.89;2183.10;-494.79;0.00
0.23;10.53;42.44;3395.57;1893.61;-1501.96;0.00
0.29;11.07;32.89;2631.28;2286.26;-345.01;0.00
0.28;8.06;45.92;3673.33;2061.20;-1612.14;0.00
0.23;9.96;38.54;3083.48;1861.72;-1221.76;0.00
0.19;12.92;35.48;2838.25;1819.23;-1019.02;0.00
0.22;11.22;34.69;2775.48;1912.47;-863.01;0.00
0.25;7.79;38.18;3054.27;1892.91;-1161.36;0.00
0.26;9.46;38.76;3100.61;2049.51;-1051.10;0.00
0.22;8.60;45.60;3648.28;1751.93;-1896.35;0.00
0.21;8.14;40.58;3246.63;1646.42;-1600.21;0.00
0.26;10.43;47.16;3773.17;2084.57;-1688.60;0.00
0.30;8.50;38.26;3060.88;2208.35;-852.53;0.00
0.24;11.15;38.50;3080.05;2007.71;-1072.34;0.00
0.26;11.73;39.49;3159.57;2162.48;-997.09;0.00
0.22;8.40;41.91;3352.66;1753.66;-1599.01;0.00
0.23;10.11;45.63;3650.16;1905.03;-1745.12;0.00
0.28;11.99;42.43;3394.33;2262.91;-1131.42;0.00
0.26;10.62;44.88;3590.49;2077.03;-1513.46;0.00
0.26;11.69;45.21;3617.02;2156.97;-1460.05;0.00
0.24;11.66;40.90;3271.98;2018.76;-1253.22;0.00
0.24;8.95;35.14;2811.45;1877.51;-933.94;0.00
0.19;9.79;40.88;3270.38;1623.77;-1646.60;0.00
0.29;11.80;47.54;3803.53;2305.99;-1497.54;0.00
0.18;9.01;36.35;2907.96;1552.32;-1355.64;0.00
0.23;9.03;36.47;2917.56;1857.15;-1060.41;0.00
0.23;10.15;34.80;2784.06;1890.38;-893.68;0.00
0.25;9.40;44.37;3549.34;1943.92;-1605.42;0.00
0.26;10.20;37.24;2979.05;2078.62;-900.43;0.00
0.24;10.28;41.12;3289.47;1943.86;-1345.62;0.00
0.27;12.31;41.94;3355.57;2263.67;-1091.90;0.00
0.24;9.33;47.48;3798.27;1928.48;-1869.79;0.00
0.24;10.49;40.14;3211.45;1968.31;-1243.15;0.00
0.27;8.19;46.62;3729.54;2036.39;-1693.15;0.00
0.26;11.37;44.53;3562.50;2118.68;-1443.82;0.00
0.25;9.54;45.31;3624.69;1992.24;-1632.45;0.00
0.29;9.62;40.35;3227.64;2196.43;-1031.21;0.00
0.21;11.01;33.22;2657.77;1796.03;-861.74;0.00
0.26;9.61;46.31;3704.92;2020.03;-1684.89;0.00
0.24;10.14;46.67;3733.62;1955.30;-1778.32;0.00
0.28;10.90;34.22;2737.51;2210.94;-526.56;0.00
0.26;8.67;32.21;2576.41;1990.62;-585.79;0.00
0.23;9.58;41.88;3350.05;1863.38;-1486.67;0.00
0.25;10.64;42.09;3367.42;2045.62;-1321.80;0.00
0.26;9.89;40.11;3209.03;2063.41;-1145.62;0.00
0.25;12.19;42.02;3361.91;2101.99;-1259.93;0.00
0.23;10.71;36.24;2899.53;1918.61;-980.91;0.00
0.24;9.05;37.50;2999.84;1893.81;-1106.02;0.00
0.23;9.26;33.87;2709.24;1857.43;-851.80;0.00
0.22;10.05;35.58;2846.39;1820.09;-1026.30;0.00
0.28;10.42;42.07;3365.57;2169.09;-1196.49;0.00
0.21;10.33;36.66;2932.79;1792.91;-1139.88;0.00
0.24;9.29;39.20;3135.99;1900.34;-1235.65;0.00
0.27;10.39;41.48;3318.45;2123.86;-1194.59;0.00
0.25;10.14;42.40;3391.92;1995.52;-1396.41;0.00
0.26;8.45;44.76;3581.02;1996.64;-1584.37;0.00
0.25;12.72;38.13;3050.54;2149.44;-901.10;0.00
0.26;10.19;31.31;2505.08;2091.47;-413.61;0.00
0.23;11.03;40.75;3260.12;1921.19;-1338.92;0.00
0.27;11.55;33.46;2676.47;2224.81;-451.66;0.00
0.25;13.57;40.71;3257.13;2218.35;-1038.78;0.00
0.25;9.77;40.48;3238.69;2012.19;-1226.49;0.00
0.28;11.18;35.81;2864.63;2227.91;-636.71;0.00
0.23;9.89;42.45;3396.08;1892.50;-1503.58;0.00
0.25;11.00;44.51;3560.99;2033.95;-1527.05;0.00
0.27;10.33;47.12;3769.79;2128.31;-1641.49;0.00
0.28;9.20;36.04;2882.85;2121.90;-760.95;0.00
0.21;9.93;40.25;3219.82;1775.33;-1444.50;0.00
0.24;9.18;44.07;3525.42;1898.86;-1626.56;0.00
0.22;8.92;42.57;3405.41;1740.25;-1665.16;0.00
0.27;10.86;40.35;3227.91;2167.03;-1060.88;0.00
0.25;9.40;35.89;2871.59;1971.12;-900.47;0.00
0.26;9.96;39.34;3146.93;2051.36;-1095.57;0.00
0.29;8.98;38.71;3096.75;2154.18;-942.56;0.00
0.25;11.70;38.79;3103.22;2068.25;-1034.97;0.00
0.26;9.90;36.52;2921.34;2043.99;-877.35;0.00
0.23;11.10;33.96;2716.62;1957.81;-758.82;0.00
0.23;9.96;45.08;3606.31;1888.45;-1717.86;0.00
0.24;10.25;39.93;3194.08;1968.42;-1225.65;0.00
0.22;9.62;38.76;3100.67;1798.85;-1301.82;0.00
0.23;7.03;39.83;3186.37;1699.45;-1486.92;0.00
0.19;11.74;37.22;2977.38;1755.44;-1221.94;0.00
0.23;9.55;36.37;2909.40;1834.80;-1074.60;0.00
0.30;9.67;36.04;2883.04;2250.34;-632.69;0.00
0.29;12.94;36.88;2950.78;2367.38;-583.40;0.00
0.24;8.89;41.33;3306.19;1873.95;-1432.24;0.00
0.25;9.23;41.39;3311.20;1955.61;-1355.60;0.00
0.28;10.02;43.48;3478.41;2147.33;-1331.08;0.00
0.27;9.78;33.99;2719.59;2093.54;-626.06;0.00
0.22;10.87;48.87;3909.74;1881.98;-2027.76;0.00
0.30;10.00;36.26;2900.91;2263.74;-637.17;0.00
0.25;8.74;37.68;3014.02;1918.08;-1095.94;0.00
0.24;11.77;40.76;3260.70;2008.06;-1252.64;0.00
0.24;9.24;45.51;3640.79;1907.38;-1733.41;0.00
0.27;10.70;37.31;2985.20;2167.88;-817.31;0.00
0.23;11.67;35.28;2822.57;1974.84;-847.73;0.00
0.25;9.61;41.23;3298.75;1968.95;-1329.80;0.00
0.26;10.05;43.30;3463.68;2087.47;-1376.20;0.00
0.24;10.02;31.65;2531.93;1959.50;-572.43;0.00
0.25;8.79;45.35;3627.82;1919.66;-1708.16;0.00
0.27;10.35;44.92;3593.32;2138.52;-1454.80;0.00
0.25;10.46;53.76;4300.67;2021.98;-2278.69;0.00
0.24;8.24;40.15;3211.90;1825.99;-1385.91;0.00
0.27;10.47;42.20;3375.79;2150.21;-1225.58;0.00
0.27;8.48;34.10;2727.89;2009.93;-717.96;0.00
0.25;9.95;38.60;3087.69;2020.51;-1067.17;0.00
0.21;9.32;33.89;2711.40;1710.66;-1000.74;0.00
0.25;11.27;37.14;2971.26;2087.81;-883.45;0.00
0.24;11.53;48.30;3863.90;2048.99;-1814.91;0.00
0.25;9.86;41.39;3311.37;1983.30;-1328.08;0.00
0.25;10.43;46.41;3712.96;1999.78;-1713.17;0.00
0.28;10.56;39.52;3161.89;2226.51;-935.38;0.00
0.25;10.72;41.09;3287.11;2011.08;-1276.04;0.00
0.28;10.17;43.28;3462.23;2177.80;-1284.43;0.00
0.24;9.11;35.04;2803.10;1911.31;-891.79;0.00
0.28;9.70;37.47;2997.49;2179.91;-817.58;0.00
0.26;10.58;31.18;2494.71;2093.49;-401.22;0.00
0.29;9.34;42.97;3437.58;2187.72;-1249.86;0.00
0.27;8.96;38.04;3042.92;2044.32;-998.60;0.00
0.30;10.29;36.87;2949.57;2328.61;-620.96;0.00
0.27;9.14;37.63;3010.29;2062.78;-947.50;0.00
0.22;9.15;37.66;3012.59;1770.27;-1242.31;0.00
0.26;13.06;39.36;3149.08;2200.91;-948.17;0.00
0.24;10.61;33.48;2678.22;1986.12;-692.10;0.00
0.27;10.09;35.38;2830.25;2126.03;-704.22;0.00
0.27;9.86;34.90;2791.64;2090.64;-701.00;0.00
0.25;10.70;39.01;3120.93;2032.82;-1088.11;0.00
0.28;11.16;49.59;3967.52;2231.71;-1735.81;0.00
0.25;11.01;45.45;3636.26;2062.84;-1573.43;0.00
0.26;10.52;47.59;3807.59;2055.60;-1752.00;0.00
0.26;11.11;37.91;3032.71;2138.21;-894.51;0.00
0.21;10.33;36.89;2951.49;1779.67;-1171.82;0.00
0.25;9.93;37.60;3008.04;1996.56;-1011.48;0.00
0.21;10.38;45.39;3631.17;1813.65;-1817.52;0.00
0.24;9.95;34.59;2767.20;1909.74;-857.46;0.00
0.26;7.10;37.71;3016.58;1888.49;-1128.09;0.00
0.29;9.73;42.37;3389.92;2217.86;-1172.06;0.00
0.29;8.72;38.98;3118.39;2140.76;-977.64;0.00
0.20;9.54;39.11;3128.53;1706.71;-1421.83;0.00
0.22;10.20;29.07;2325.90;1859.96;-465.94;0.00
0.24;9.25;38.03;3042.28;1884.51;-1157.76;0.00
0.25;10.98;41.08;3286.03;2057.90;-1228.13;0.00
0.28;11.71;52.46;4197.10;2269.63;-1927.48;0.00
0.18;9.29;33.10;2648.31;1560.41;-1087.90;0.00
0.25;11.26;39.59;3167.36;2042.74;-1124.62;0.00
0.25;10.97;34.20;2736.03;2054.30;-681.72;0.00
0.20;11.70;51.04;4083.33;1825.14;-2258.19;0.00
0.25;11.21;39.69;3175.38;2066.37;-1109.01;0.00
0.26;10.12;43.53;3482.17;2039.89;-1442.29;0.00
0.28;9.68;40.49;3238.88;2171.44;-1067.44;0.00
0.26;8.86;44.37;3549.66;1998.22;-1551.44;0.00
0.27;9.15;37.93;3034.05;2072.23;-961.81;0.00
0.22;9.97;35.80;2864.25;1812.63;-1051.63;0.00
0.23;8.64;33.38;2670.34;1811.88;-858.45;0.00
0.25;9.20;39.45;3155.88;1932.05;-1223.83;0.00
0.23;7.73;36.95;2956.17;1752.74;-1203.43;0.00
0.20;10.56;45.54;3643.42;1739.82;-1903.60;0.00
0.28;10.12;33.74;2699.03;2182.35;-516.68;0.00
0.26;9.96;37.90;3031.75;2053.21;-978.54;0.00
0.23;10.21;41.01;3280.53;1893.41;-1387.12;0.00
0.21;10.51;42.56;3404.50;1809.64;-1594.85;0.00
0.26;9.78;42.38;3390.79;2062.19;-1328.59;0.00
0.29;10.51;43.64;3491.32;2244.13;-1247.19;0.00
0.21;10.96;31.45;2516.27;1834.82;-681.44;0.00
0.25;11.01;44.65;3571.85;2077.59;-1494.26;0.00
0.26;11.96;43.95;3515.94;2151.46;-1364.48;0.00
0.25;8.03;43.09;3447.13;1894.58;-1552.56;0.00
0.22;10.18;43.33;3466.15;1849.68;-1616.47;0.00
0.27;11.09;34.68;2774.15;2148.87;-625.27;0.00
0.27;10.05;54.05;4323.82;2101.69;-2222.13;0.00
0.25;11.27;41.61;3328.44;2043.92;-1284.53;0.00
0.21;11.21;40.49;3239.45;1858.52;-1380.93;0.00
0.27;10.80;39.85;3188.37;2142.72;-1045.65;0.00
0.29;11.05;36.03;2882.33;2289.18;-593.15;0.00
0.23;9.56;43.80;3504.14;1839.61;-1664.54;0.00
0.22;9.19;44.23;3538.75;1791.81;-1746.94;0.00
0.25;10.65;49.49;3959.14;2041.00;-1918.14;0.00
0.29;12.56;45.23;3618.02;2377.44;-1240.58;0.00
0.22;12.26;41.24;3298.80;1940.18;-1358.63;0.00
0.22;11.62;43.22;3457.60;1888.26;-1569.34;0.00
0.22;8.99;46.39;3711.59;1786.37;-1925.22;0.00
0.22;10.60;37.68;3014.32;1882.27;-1132.05;0.00
0.28;10.05;44.42;3553.86;2201.44;-1352.42;0.00
0.24;8.25;41.11;3289.10;1870.53;-1418.57;0.00
0.29;9.81;36.37;2909.25;2213.14;-696.11;0.00
0.22;10.31;43.37;3469.93;1820.97;-1648.96;0.00
0.23;9.73;40.66;3253.12;1851.85;-1401.28;0.00
0.26;11.14;39.59;3167.31;2126.46;-1040.85;0.00
0.24;10.60;40.30;3223.90;1976.40;-1247.50;0.00
0.26;9.82;42.03;3362.11;2065.36;-1296.75;0.00
0.25;10.14;44.43;3554.75;2025.51;-1529.24;0.00
0.23;10.50;45.34;3627.28;1917.55;-1709.73;0.00
0.24;8.83;38.41;3072.40;1902.26;-1170.15;0.00
0.24;8.26;42.55;3404.14;1869.22;-1534.92;0.00
0.24;11.56;41.28;3302.00;2037.47;-1264.53;0.00
0.28;10.02;34.89;2791.40;2163.56;-627.84;0.00
0.26;11.01;47.32;3785.27;2131.67;-1653.60;0.00
0.25;9.43;40.46;3236.88;1995.72;-1241.15;0.00
0.24;11.97;39.30;3144.30;2037.47;-1106.84;0.00
0.26;9.81;50.68;4054.27;2047.41;-2006.86;0.00
0.29;9.30;40.36;3228.83;2202.81;-1026.02;0.00
0.28;9.88;33.70;2695.72;2144.35;-551.38;0.00
0.24;11.68;45.92;3673.36;2056.60;-1616.76;0.00
0.23;9.73;42.06;3364.84;1890.86;-1473.99;0.00
0.25;10.32;43.39;3471.07;2018.87;-1452.20;0.00
0.23;9.95;43.34;3467.53;1906.63;-1560.90;0.00
0.30;10.97;45.10;3607.92;2315.99;-1291.93;0.00
0.25;10.38;34.87;2789.22;2027.74;-761.48;0.00
0.25;11.77;40.70;3256.04;2118.15;-1137.89;0.00
0.29;9.15;44.41;3553.06;2160.23;-1392.83;0.00
0.25;12.03;32.22;2577.66;2134.95;-442.71;0.00
0.25;9.17;43.45;3475.75;1936.88;-1538.87;0.00
0.27;10.60;46.63;3730.62;2142.59;-1588.03;0.00
0.26;9.78;35.46;2836.42;2071.95;-764.48;0.00
0.31;9.73;39.45;3156.15;2326.51;-829.63;0.00
0.28;10.99;41.45;3316.02;2205.82;-1110.20;0.00
0.24;11.26;42.97;3437.85;2029.60;-1408.25;0.00
0.25;9.90;37.13;2970.72;1983.30;-987.42;0.00
0.24;10.81;34.67;2773.54;1989.63;-783.91;0.00
0.23;10.83;45.15;3611.95;1918.17;-1693.78;0.00
0.26;10.26;45.48;3638.09;2066.14;-1571.95;0.00
0.24;9.18;39.91;3192.52;1882.82;-1309.70;0.00
0.28;10.04;44.45;3556.10;2196.23;-1359.86;0.00
0.24;11.53;36.86;2948.67;2046.25;-902.42;0.00
0.26;9.29;38.31;3064.85;2006.96;-1057.89;0.00
0.25;10.48;40.66;3253.01;2017.70;-1235.31;0.00
0.24;10.27;44.81;3584.57;1926.13;-1658.44;0.00
0.21;8.25;43.01;3440.57;1664.47;-1776.11;0.00
0.22;10.80;38.47;3077.60;1838.43;-1239.18;0.00
0.27;10.35;43.60;3488.12;2160.06;-1328.07;0.00
0.21;11.73;44.19;3535.05;1841.86;-1693.19;0.00
0.26;10.29;43.21;3456.80;2066.39;-1390.41;0.00
0.24;10.29;45.17;3613.83;1981.48;-1632.34;0.00
0.22;11.59;41.34;3307.24;1904.21;-1403.02;0.00
0.28;10.60;40.74;3258.93;2183.09;-1075.84;0.00
0.25;10.11;33.32;2665.83;1988.49;-677.34;0.00
0.24;11.43;39.71;3177.00;1994.72;-1182.28;0.00
0.21;10.47;42.82;3425.53;1803.19;-1622.34;0.00
0.26;9.45;39.41;3152.97;2052.90;-1100.07;0.00
0.29;8.88;32.37;2589.83;2145.46;-444.37;0.00
0.23;10.60;36.51;2920.88;1935.91;-984.97;0.00
0.25;10.34;36.68;2934.14;2011.12;-923.02;0.00
0.25;9.99;39.02;3121.62;2014.71;-1106.91;0.00
0.26;10.13;39.27;3141.31;2081.67;-1059.65;0.00
0.27;9.37;37.18;2974.70;2109.49;-865.21;0.00
0.26;11.06;45.80;3664.34;2087.17;-1577.18;0.00
0.28;11.40;47.00;3760.32;2269.84;-1490.48;0.00
0.27;10.08;34.89;2791.38;2136.71;-654.67;0.00
0.26;10.22;42.27;3381.42;2078.07;-1303.35;0.00
0.24;9.61;47.21;3776.59;1897.36;-1879.23;0.00
0.27;9.41;29.31;2344.83;2101.66;-243.16;0.00
0.23;10.80;32.53;2602.60;1934.11;-668.49;0.00
0.22;9.57;47.09;3766.85;1807.24;-1959.61;0.00
0.24;9.79;41.03;3282.66;1942.41;-1340.25;0.00
0.27;9.59;39.38;3150.24;2083.62;-1066.62;0.00
0.27;10.81;36.98;2958.65;2170.50;-788.16;0.00
0.30;12.27;38.44;3075.09;2383.72;-691.37;0.00
0.24;11.09;46.96;3756.44;1991.06;-1765.39;0.00
0.28;10.04;41.69;3334.97;2198.94;-1136.03;0.00
0.25;9.73;37.09;2966.98;1965.68;-1001.30;0.00
0.24;13.02;39.51;3160.92;2086.67;-1074.25;0.00
0.25;10.22;35.20;2816.32;2024.65;-791.67;0.00
0.26;10.46;45.95;3676.27;2064.86;-1611.41;0.00
0.27;9.33;36.69;2935.02;2084.83;-850.19;0.00
0.24;11.19;34.36;2748.64;1991.85;-756.79;0.00
0.28;8.55;37.82;3025.91;2077.81;-948.10;0.00
0.23;9.73;30.63;2450.48;1841.49;-609.00;0.00
0.25;10.69;43.01;3440.98;2051.56;-1389.42;0.00
0.22;9.23;43.16;3452.99;1798.36;-1654.63;0.00
0.25;9.78;36.94;2954.96;1997.27;-957.69;0.00
0.25;10.06;38.07;3045.21;2023.13;-1022.08;0.00
0.26;8.97;49.77;3981.74;2001.89;-1979.85;0.00
0.26;9.58;47.04;3763.21;2062.52;-1700.70;0.00
0.29;11.23;41.23;3298.46;2309.37;-989.09;0.00
0.21;9.72;42.48;3398.32;1760.58;-1637.74;0.00
0.20;10.45;44.74;3579.49;1718.33;-1861.16;0.00
0.24;9.52;35.33;2826.59;1939.78;-886.81;0.00
0.28;10.08;32.51;2601.03;2149.20;-451.83;0.00
0.23;11.67;39.54;3163.33;1981.69;-1181.64;0.00
0.25;9.50;38.41;3072.91;1957.69;-1115.23;0.00
0.26;9.75;43.83;3506.75;2059.92;-1446.83;0.00
0.26;9.33;45.90;3671.91;1995.36;-1676.55;0.00
0.26;10.26;45.38;3630.24;2097.11;-1533.13;0.00
0.24;11.16;30.35;2428.19;1974.64;-453.55;0.00
0.21;11.58;46.12;3689.89;1846.32;-1843.57;0.00
0.26;9.54;40.42;3233.65;2059.16;-1174.48;0.00
0.30;11.82;42.04;3363.41;2399.91;-963.50;0.00
0.23;9.91;40.18;3214.17;1905.10;-1309.07;0.00
0.28;10.35;33.83;2706.32;2191.87;-514.45;0.00
0.27;11.49;34.41;2753.05;2188.30;-564.75;0.00
0.26;11.28;37.69;3015.06;2153.54;-861.52;0.00
0.24;8.84;42.77;3421.84;1876.08;-1545.77;0.00
0.26;10.53;46.06;3685.15;2103.47;-1581.67;0.00
0.28;8.08;50.04;4003.45;2085.59;-1917.86;0.00
0.22;12.19;43.86;3508.90;1961.29;-1547.61;0.00
0.28;8.76;42.90;3432.09;2094.24;-1337.85;0.00
0.23;10.85;42.93;3434.05;1929.22;-1504.83;0.00
0.28;9.32;34.98;2798.43;2139.47;-658.96;0.00
0.23;11.36;31.51;2520.93;1938.77;-582.15;0.00
0.26;9.50;45.46;3636.54;2030.80;-1605.74;0.00
0.27;11.19;45.10;3607.83;2169.55;-1438.27;0.00
0.26;10.01;39.05;3123.87;2042.37;-1081.50;0.00
0.26;11.21;35.89;2871.59;2108.92;-762.67;0.00
0.24;9.33;44.07;3525.92;1887.21;-1638.71;0.00
0.23;9.49;46.62;3729.41;1856.04;-1873.37;0.00
0.28;12.08;44.04;3523.02;2291.06;-1231.96;0.00
0.26;11.26;33.36;2668.52;2137.64;-530.88;0.00
0.24;10.66;33.43;2674.12;1979.40;-694.72;0.00
0.26;9.59;38.59;3087.34;2004.88;-1082.46;0.00
0.23;10.51;44.11;3529.10;1919.96;-1609.14;0.00
0.30;10.25;36.23;2898.42;2295.65;-602.76;0.00
0.27;9.38;38.60;3088.07;2082.37;-1005.70;0.00
0.29;8.53;31.05;2483.84;2166.56;-317.28;0.00
0.24;10.47;51.08;4086.63;1977.22;-2109.40;0.00
0.31;11.33;44.98;3598.51;2414.54;-1183.97;0.00
0.21;10.44;36.59;2927.19;1811.68;-1115.51;0.00
0.27;10.46;33.40;2671.78;2165.34;-506.44;0.00
0.25;9.38;42.71;3417.05;1946.13;-1470.91;0.00
0.25;10.68;41.30;3303.82;2024.19;-1279.63;0.00
0.27;9.93;38.97;3117.63;2123.80;-993.82;0.00
0.24;9.92;43.26;3461.18;1924.22;-1536.96;0.00
0.26;8.87;51.69;4135.58;2007.19;-2128.39;0.00
0.24;9.63;34.78;2782.54;1922.97;-859.58;0.00
0.24;10.18;37.71;3016.47;1936.56;-1079.91;0.00
0.25;9.92;36.66;2933.15;2004.02;-929.13;0.00
0.22;10.42;42.73;3418.04;1864.99;-1553.05;0.00
0.20;10.44;42.41;3392.57;1737.99;-1654.58;0.00
0.26;7.53;42.73;3418.10;1924.26;-1493.85;0.00
0.28;11.41;39.26;3140.83;2231.31;-909.52;0.00
0.28;10.53;54.09;4327.20;2207.73;-2119.47;0.00
0.23;9.49;40.14;3211.11;1855.48;-1355.63;0.00
0.27;11.66;35.16;2813.12;2175.52;-637.60;0.00
0.23;9.14;41.85;3347.99;1850.53;-1497.46;0.00
0.25;8.69;31.76;2541.15;1926.41;-614.74;0.00
0.23;11.51;50.14;4011.15;1979.11;-2032.03;0.00
0.21;10.34;33.62;2689.52;1799.18;-890.34;0.00
0.24;8.74;37.06;2964.59;1876.23;-1088.36;0.00
0.17;10.82;44.15;3531.83;1555.18;-1976.66;0.00
0.19;9.81;50.81;4065.08;1654.08;-2411.00;0.00
0.21;9.94;39.20;3135.83;1761.19;-1374.64;0.00
0.27;10.55;36.49;2918.82;2148.00;-770.82;0.00
0.22;10.78;37.65;3011.63;1838.40;-1173.23;0.00
0.23;11.50;39.92;3193.20;1973.33;-1219.87;0.00
0.23;9.88;35.15;2811.77;1882.95;-928.82;0.00
0.27;10.74;38.45;3075.77;2126.31;-949.46;0.00
0.26;11.01;40.81;3265.00;2106.84;-1158.17;0.00
0.26;12.37;33.08;2646.10;2175.25;-470.85;0.00
0.27;10.98;34.62;2769.86;2185.14;-584.72;0.00
0.26;10.13;36.50;2920.12;2049.80;-870.32;0.00
0.28;9.86;40.40;3231.95;2166.10;-1065.85;0.00
0.27;9.05;41.01;3280.97;2091.93;-1189.03;0.00
0.24;11.54;37.07;2965.80;2045.22;-920.58;0.00
0.26;10.01;39.88;3190.02;2079.31;-1110.71;0.00
0.26;6.82;42.51;3401.03;1873.61;-1527.42;0.00
0.25;9.92;35.40;2832.19;2019.96;-812.22;0.00
0.26;10.14;49.43;3954.79;2086.23;-1868.57;0.00
0.26;8.96;35.14;2811.06;2024.32;-786.74;0.00
0.22;10.73;50.06;4004.81;1869.09;-2135.72;0.00
0.24;10.78;38.09;3046.91;1992.10;-1054.81;0.00
0.25;10.05;33.20;2656.02;1980.14;-675.88;0.00
0.21;11.25;44.25;3539.86;1834.89;-1704.97;0.00
0.27;11.97;48.04;3843.13;2197.40;-1645.73;0.00
0.27;10.05;38.69;3094.95;2114.82;-980.13;0.00
0.29;7.72;41.09;3287.07;2078.79;-1208.29;0.00
0.25;9.84;37.14;2971.31;1982.04;-989.27;0.00
0.23;12.24;35.91;2872.58;1975.39;-897.19;0.00
0.24;10.51;37.39;2990.87;1942.59;-1048.28;0.00
0.26;10.29;34.41;2752.91;2043.18;-709.73;0.00
0.28;11.75;40.30;3224.31;2276.93;-947.38;0.00
0.26;7.85;37.52;3001.58;1914.39;-1087.19;0.00
0.25;11.11;40.60;3248.16;2069.22;-1178.95;0.00
0.26;9.01;40.77;3261.37;1978.52;-1282.85;0.00
0.24;11.11;31.34;2507.09;1987.51;-519.58;0.00
0.29;11.71;42.80;3423.62;2352.30;-1071.32;0.00
0.30;10.00;37.37;2989.25;2276.48;-712.78;0.00
0.24;10.48;35.30;2824.00;1987.85;-836.15;0.00
0.24;10.81;43.07;3445.45;1967.69;-1477.77;0.00
0.25;8.05;50.19;4015.23;1897.87;-2117.36;0.00
0.23;10.01;35.80;2864.05;1891.54;-972.51;0.00
0.27;10.53;41.82;3345.52;2115.01;-1230.52;0.00
0.25;10.17;33.13;2650.49;2028.94;-621.54;0.00
0.28;8.97;35.63;2850.12;2089.24;-760.88;0.00
0.25;9.48;43.97;3517.29;1993.82;-1523.47;0.00
0.25;9.35;38.81;3104.80;1949.28;-1155.52;0.00
0.26;10.47;39.66;3173.18;2103.95;-1069.24;0.00
0.23;11.28;42.56;3404.88;1970.78;-1434.10;0.00
0.27;9.00;37.67;3013.45;2056.39;-957.06;0.00
0.24;10.07;36.41;2912.40;1961.87;-950.53;0.00
0.24;11.12;39.93;3194.02;2003.19;-1190.83;0.00
0.27;9.76;45.89;3670.94;2110.38;-1560.56;0.00
0.28;9.72;40.62;3249.74;2136.77;-1112.97;0.00
0.27;9.69;38.24;3059.12;2082.56;-976.57;0.00
0.25;11.11;41.17;3293.29;2031.90;-1261.39;0.00
0.24;10.29;42.17;3373.41;1937.53;-1435.88;0.00
0.28;8.76;43.28;3462.54;2113.16;-1349.38;0.00
0.26;9.51;34.89;2791.33;2018.07;-773.26;0.00
0.24;13.06;46.49;3719.12;2086.28;-1632.84;0.00
0.22;10.88;46.35;3707.87;1898.87;-1809.00;0.00
0.30;11.39;31.62;2529.74;2367.36;-162.38;0.00
0.21;12.65;39.25;3140.07;1882.16;-1257.91;0.00
0.26;8.07;31.17;2493.72;1924.79;-568.93;0.00
0.26;9.20;36.33;2906.27;1992.27;-914.00;0.00
0.27;11.75;35.41;2832.88;2221.82;-611.06;0.00
0.27;9.98;39.34;3146.81;2122.01;-1024.80;0.00
0.27;11.28;42.65;3412.36;2210.47;-1201.89;0.00
0.27;11.54;44.46;3557.14;2203.47;-1353.66;0.00
0.24;8.79;35.39;2830.95;1891.57;-939.37;0.00
0.24;9.53;33.34;2666.95;1934.18;-732.77;0.00
0.26;7.82;41.72;3337.88;1911.25;-1426.63;0.00
0.24;9.06;40.21;3217.14;1886.29;-1330.86;0.00
0.23;10.02;41.27;3301.60;1886.00;-1415.60;0.00
0.26;10.98;42.19;3375.19;2087.55;-1287.64;0.00
0.26;10.07;36.96;2956.58;2059.53;-897.04;0.00
0.27;10.82;46.23;3698.72;2181.76;-1516.95;0.00
0.29;8.99;42.48;3398.17;2183.38;-1214.80;0.00
0.23;9.35;37.19;2974.88;1855.97;-1118.91;0.00
0.21;10.58;36.38;2910.28;1823.31;-1086.97;0.00
0.25;11.07;41.58;3326.28;2069.34;-1256.95;0.00
0.20;12.39;35.63;2850.35;1849.01;-1001.34;0.00
0.23;9.65;47.04;3763.57;1840.35;-1923.21;0.00
0.27;9.19;38.43;3074.68;2089.30;-985.38;0.00
0.21;9.67;29.41;2352.77;1741.36;-611.41;0.00
0.25;11.99;41.72;3337.24;2099.87;-1237.37;0.00
0.24;11.28;41.93;3354.33;1982.90;-1371.43;0.00
0.27;10.42;45.83;3666.62;2114.73;-1551.89;0.00
0.22;11.00;39.11;3129.14;1896.84;-1232.30;0.00
0.26;8.99;33.26;2660.93;2017.17;-643.76;0.00
0.29;11.04;41.14;3291.01;2311.84;-979.17;0.00
0.27;8.91;39.60;3167.71;2033.53;-1134.18;0.00
0.25;9.97;30.19;2415.11;1976.68;-438.42;0.00
0.24;7.78;37.48;2998.29;1826.08;-1172.21;0.00
0.24;9.29;42.53;3402.06;1897.60;-1504.46;0.00
0.26;8.97;37.98;3038.65;1984.30;-1054.35;0.00
0.27;10.85;45.32;3625.80;2137.36;-1488.44;0.00
0.22;11.48;39.17;3133.44;1929.32;-1204.13;0.00
0.24;9.78;33.97;2717.53;1918.65;-798.88;0.00
0.30;10.52;36.93;2954.46;2291.21;-663.25;0.00
0.22;10.44;39.37;3149.95;1841.88;-1308.07;0.00
0.25;9.40;46.95;3756.18;1977.97;-1778.21;0.00
0.27;12.20;34.64;2771.01;2257.87;-513.14;0.00
0.22;9.04;45.95;3676.04;1786.59;-1889.44;0.00
0.22;9.18;37.28;2982.15;1802.67;-1179.48;0.00
0.26;10.34;39.59;3167.24;2045.90;-1121.34;0.00
0.23;9.92;39.88;3190.45;1892.31;-1298.14;0.00
0.30;9.14;32.80;2624.38;2245.72;-378.66;0.00
0.23;10.41;29.39;2351.12;1922.64;-428.48;0.00
0.27;10.01;39.65;3172.18;2125.06;-1047.11;0.00
0.25;10.98;47.15;3772.36;2072.37;-1699.99;0.00
0.27;10.36;38.78;3102.77;2110.38;-992.39;0.00
0.26;12.83;33.90;2712.24;2203.58;-508.66;0.00
0.21;10.64;39.55;3163.64;1771.18;-1392.46;0.00
0.25;13.01;41.06;3284.69;2142.54;-1142.15;0.00
0.31;10.62;40.08;3206.03;2398.15;-807.88;0.00
0.23;10.57;38.89;3111.47;1899.89;-1211.58;0.00
0.26;8.51;41.93;3354.16;1991.54;-1362.62;0.00
0.26;11.38;47.21;3776.91;2142.81;-1634.10;0.00
0.21;10.12;43.52;3481.62;1770.17;-1711.45;0.00
0.23;9.84;43.11;3448.74;1893.80;-1554.94;0.00
0.25;9.65;41.31;3304.51;1994.13;-1310.38;0.00
0.28;9.78;38.81;3104.96;2151.96;-953.00;0.00
0.23;10.98;38.90;3111.84;1951.47;-1160.37;0.00
0.21;8.64;36.51;2920.91;1663.95;-1256.96;0.00
0.24;10.04;41.88;3350.31;1924.35;-1425.96;0.00
0.20;11.57;45.84;3667.47;1819.68;-1847.79;0.00
0.23;10.57;42.12;3369.91;1911.50;-1458.41;0.00
0.24;12.37;45.70;3655.75;2095.63;-1560.12;0.00
0.22;11.58;37.20;2975.68;1881.99;-1093.69;0.00
0.24;7.94;38.83;3106.66;1846.25;-1260.41;0.00
0.22;11.17;38.67;3093.36;1901.11;-1192.25;0.00
0.27;11.18;43.14;3451.48;2202.00;-1249.48;0.00
0.26;9.54;31.38;2510.17;2011.56;-498.61;0.00
0.24;11.01;36.18;2894.72;1974.43;-920.29;0.00
0.26;10.22;50.18;4014.59;2088.08;-1926.51;0.00
0.22;10.31;37.13;2970.48;1843.24;-1127.25;0.00
0.26;11.10;45.56;3644.41;2138.14;-1506.27;0.00
0.27;10.74;36.97;2957.66;2136.57;-821.10;0.00
0.27;10.02;41.04;3283.19;2114.70;-1168.50;0.00
0.25;12.69;50.18;4014.78;2164.24;-1850.54;0.00
0.24;10.11;47.63;3810.34;1938.10;-1872.24;0.00
0.24;10.79;39.94;3195.57;1987.13;-1208.44;0.00
0.25;10.33;35.12;2809.45;2010.14;-799.31;0.00
0.31;9.76;38.13;3050.20;2335.83;-714.37;0.00
0.21;9.58;45.09;3607.35;1761.17;-1846.18;0.00
0.27;11.40;38.53;3082.25;2180.81;-901.44;0.00
0.25;12.20;32.99;2638.98;2116.38;-522.60;0.00
0.22;9.80;37.41;2992.89;1840.87;-1152.02;0.00
0.29;9.82;39.60;3168.32;2226.73;-941.59;0.00
0.27;9.42;41.95;3355.78;2061.96;-1293.81;0.00
0.28;8.86;38.80;3103.74;2105.40;-998.33;0.00
0.31;10.21;49.58;3966.63;2346.65;-1619.99;0.00
0.22;9.98;48.37;3869.98;1827.61;-2042.37;0.00
0.25;9.11;42.32;3385.91;1926.27;-1459.65;0.00
0.24;9.64;43.44;3475.14;1930.01;-1545.13;0.00
0.23;11.22;35.49;2839.01;1969.78;-869.23;0.00
0.27;11.23;40.75;3259.64;2173.69;-1085.95;0.00
0.25;9.47;31.01;2480.81;1979.65;-501.16;0.00
0.28;10.60;48.44;3875.19;2194.67;-1680.52;0.00
0.23;8.27;35.59;2847.44;1801.74;-1045.70;0.00
0.24;9.89;38.31;3065.05;1926.99;-1138.06;0.00
0.26;10.56;40.85;3267.90;2087.34;-1180.55;0.00
0.32;12.17;38.92;3113.88;2527.92;-585.96;0.00
0.26;10.85;40.65;3252.10;2083.00;-1169.10;0.00
0.23;10.27;35.08;2806.21;1870.18;-936.04;0.00
0.22;10.83;37.95;3036.23;1868.30;-1167.93;0.00
0.28;10.26;44.45;3555.94;2173.10;-1382.84;0.00
0.21;9.32;39.12;3129.52;1720.49;-1409.03;0.00
0.24;11.94;38.46;3077.11;2054.31;-1022.80;0.00
0.22;9.58;46.34;3707.02;1824.70;-1882.32;0.00
0.27;8.02;42.08;3366.31;2006.42;-1359.89;0.00
0.22;9.84;43.05;3443.71;1843.31;-1600.40;0.00
0.19;9.55;39.07;3125.38;1596.36;-1529.02;0.00
0.30;10.18;31.58;2526.72;2274.85;-251.87;0.00
0.24;9.39;35.59;2846.98;1894.82;-952.16;0.00
0.26;8.85;48.14;3851.42;2002.68;-1848.73;0.00
0.25;10.41;44.53;3562.31;2026.10;-1536.21;0.00
0.28;11.27;42.89;3430.85;2224.83;-1206.02;0.00
0.27;9.06;35.80;2864.14;2046.49;-817.65;0.00
0.26;10.19;41.90;3351.66;2070.05;-1281.61;0.00
0.25;9.63;40.58;3246.08;1997.83;-1248.25;0.00
0.27;10.11;29.90;2392.13;2097.28;-294.86;0.00
0.25;9.79;47.32;3785.40;1978.26;-1807.14;0.00
0.25;9.20;42.59;3407.40;1974.47;-1432.93;0.00
0.29;10.55;35.19;2815.47;2232.68;-582.78;0.00
0.25;8.68;40.10;3208.02;1947.12;-1260.91;0.00
0.21;7.69;40.66;3252.83;1667.45;-1585.38;0.00
0.27;11.54;40.19;3215.13;2227.11;-988.02;0.00
0.21;12.08;38.50;3079.84;1851.70;-1228.14;0.00
0.23;8.48;46.52;3721.89;1827.47;-1894.42;0.00
0.26;9.43;45.02;3601.65;2001.96;-1599.69;0.00
0.28;8.90;34.63;2770.03;2098.25;-671.78;0.00
0.22;10.96;38.70;3096.30;1897.01;-1199.29;0.00
0.22;12.42;39.22;3137.80;1933.23;-1204.56;0.00
0.26;9.89;38.88;3110.14;2064.13;-1046.01;0.00
0.25;11.04;47.05;3764.24;2069.27;-1694.97;0.00
0.26;11.38;32.45;2595.80;2122.87;-472.93;0.00
0.22;11.13;38.67;3093.51;1888.76;-1204.75;0.00
0.26;10.98;37.77;3021.29;2129.35;-891.94;0.00
0.26;11.62;31.89;2551.26;2151.89;-399.38;0.00
0.25;9.83;31.81;2544.45;1963.22;-581.23;0.00
0.24;10.03;32.56;2604.85;1967.65;-637.20;0.00
0.25;10.16;38.68;3094.37;2006.19;-1088.18;0.00
0.18;9.94;40.00;3199.86;1610.07;-1589.79;0.00
0.23;10.72;47.44;3795.21;1927.86;-1867.35;0.00
0.21;12.04;44.32;3545.94;1869.24;-1676.70;0.00
0.30;9.68;42.06;3365.09;2250.27;-1114.82;0.00
0.25;8.61;37.30;2984.39;1917.19;-1067.20;0.00
0.27;11.63;38.27;3061.94;2200.66;-861.28;0.00
0.26;11.53;39.55;3163.62;2124.53;-1039.09;0.00
0.27;12.51;42.12;3369.36;2230.76;-1138.60;0.00
0.24;10.26;47.81;3824.62;1966.89;-1857.73;0.00
0.28;12.50;44.73;3578.06;2297.89;-1280.17;0.00
0.26;7.96;41.12;3289.94;1928.94;-1360.99;0.00
0.24;12.44;48.62;3889.70;2092.65;-1797.05;0.00
0.24;11.02;40.00;3199.65;2013.75;-1185.90;0.00
0.27;11.67;43.78;3502.66;2208.40;-1294.25;0.00
0.25;9.97;52.43;4194.44;1972.66;-2221.78;0.00
0.19;10.68;37.40;2992.05;1659.71;-1332.34;0.00
0.27;11.51;28.59;2286.83;2169.58;-117.25;0.00
0.26;11.00;42.29;3382.91;2085.47;-1297.44;0.00
0.22;10.93;33.98;2718.50;1882.40;-836.10;0.00
0.23;9.35;47.20;3775.82;1859.97;-1915.85;0.00
0.22;10.86;39.61;3168.97;1872.87;-1296.11;0.00
0.26;8.84;38.48;3078.52;1995.08;-1083.44;0.00
0.20;13.19;35.76;2860.83;1896.94;-963.90;0.00
0.24;8.50;48.64;3890.92;1878.91;-2012.01;0.00
0.25;11.00;41.30;3303.73;2059.90;-1243.83;0.00
0.23;10.52;41.25;3299.95;1903.53;-1396.43;0.00
0.24;10.11;39.56;3164.77;1928.41;-1236.36;0.00
0.22;9.45;41.12;3289.23;1815.68;-1473.54;0.00
0.25;9.95;37.61;3009.17;2006.66;-1002.52;0.00
0.26;11.09;38.44;3074.82;2136.83;-937.99;0.00
0.25;9.76;41.09;3287.20;1974.01;-1313.19;0.00
0.24;11.14;33.12;2649.76;1975.25;-674.51;0.00
0.24;8.90;42.13;3370.65;1865.61;-1505.04;0.00
0.20;12.49;39.29;3143.53;1816.86;-1326.66;0.00
0.28;9.55;40.67;3253.53;2137.88;-1115.65;0.00
0.27;9.99;49.66;3972.90;2141.79;-1831.12;0.00
0.20;10.75;39.69;3175.34;1772.54;-1402.81;0.00
0.27;9.89;47.75;3819.94;2134.55;-1685.40;0.00
0.21;10.32;35.43;2834.42;1794.71;-1039.70;0.00
0.26;10.49;38.92;3113.46;2069.21;-1044.25;0.00
0.25;10.89;43.24;3459.04;2032.31;-1426.73;0.00
0.27;10.50;36.83;2946.56;2129.11;-817.45;0.00
0.21;9.74;38.58;3086.33;1775.07;-1311.26;0.00
0.27;8.21;51.11;4088.56;2013.42;-2075.14;0.00
0.23;10.03;32.29;2583.20;1860.36;-722.84;0.00
0.29;9.74;43.69;3495.54;2211.72;-1283.82;0.00
0.26;11.06;34.00;2719.89;2113.03;-606.86;0.00
0.26;10.02;39.43;3154.69;2041.34;-1113.35;0.00
0.25;10.39;41.45;3315.69;2044.96;-1270.73;0.00
0.29;10.69;31.38;2510.54;2266.73;-243.81;0.00
0.25;9.96;42.12;3369.43;1989.49;-1379.94;0.00
0.24;12.12;46.20;3696.05;2025.68;-1670.36;0.00
0.26;9.99;39.14;3131.15;2027.45;-1103.70;0.00
0.32;9.92;38.76;3101.18;2397.62;-703.57;0.00
0.29;10.85;39.97;3197.60;2305.88;-891.72;0.00
0.23;9.71;41.76;3340.96;1879.33;-1461.63;0.00
0.27;10.45;43.20;3456.27;2117.73;-1338.54;0.00
0.24;8.80;41.41;3312.54;1897.46;-1415.08;0.00
0.29;9.77;43.18;3454.66;2239.18;-1215.48;0.00
0.25;9.66;42.23;3378.50;1963.48;-1415.01;0.00
0.24;9.06;38.25;3060.03;1902.12;-1157.90;0.00
0.30;9.90;37.76;3020.95;2298.74;-722.20;0.00
0.22;12.00;37.76;3020.90;1956.63;-1064.26;0.00
0.21;11.44;43.29;3463.34;1831.47;-1631.86;0.00
0.29;10.52;39.20;3135.61;2231.29;-904.32;0.00
0.20;10.86;44.35;3547.97;1757.02;-1790.95;0.00
0.25;11.13;42.89;3431.01;2078.40;-1352.61;0.00
0.27;10.08;40.69;3255.50;2117.32;-1138.18;0.00
0.24;10.30;47.46;3796.59;1954.92;-1841.66;0.00
0.22;12.39;41.68;3334.36;1941.49;-1392.87;0.00
0.24;10.41;36.67;2933.84;1958.10;-975.74;0.00
0.27;11.31;39.04;3123.37;2165.08;-958.29;0.00
0.24;10.60;37.43;2994.24;1959.61;-1034.63;0.00
0.27;10.94;36.38;2910.55;2164.57;-745.97;0.00
0.22;8.59;44.50;3560.23;1741.37;-1818.86;0.00
0.23;10.12;39.51;3160.52;1877.70;-1282.81;0.00
0.26;9.85;46.24;3699.13;2031.40;-1667.74;0.00
0.24;8.88;40.70;3255.90;1853.48;-1402.42;0.00
0.21;11.11;36.84;2947.40;1808.31;-1139.10;0.00
0.30;9.15;40.37;3229.84;2242.06;-987.77;0.00
0.26;10.30;41.89;3351.46;2045.56;-1305.89;0.00
0.27;11.02;36.67;2933.90;2145.21;-788.69;0.00
0.27;10.09;44.27;3541.22;2144.14;-1397.08;0.00
0.25;10.38;33.76;2700.99;2033.85;-667.15;0.00
0.24;9.60;36.36;2909.13;1918.75;-990.39;0.00
0.28;11.32;40.18;3214.23;2233.95;-980.27;0.00
0.27;9.67;28.67;2293.33;2099.37;-193.95;0.00
0.28;11.84;30.35;2427.85;2251.75;-176.10;0.00
0.27;12.05;36.85;2948.00;2216.84;-731.16;0.00
0.27;10.11;46.96;3757.13;2118.38;-1638.75;0.00
0.27;12.61;32.92;2633.75;2262.33;-371.42;0.00
0.24;9.53;48.50;3880.10;1913.19;-1966.91;0.00
0.25;10.48;34.75;2780.10;2024.96;-755.13;0.00
0.28;11.70;39.58;3166.27;2240.63;-925.64;0.00
0.25;11.62;45.20;3615.82;2094.81;-1521.01;0.00
0.26;11.19;41.20;3295.96;2111.44;-1184.52;0.00
0.26;7.23;41.65;3332.21;1880.10;-1452.10;0.00
0.26;9.11;44.06;3524.53;2010.34;-1514.19;0.00
0.22;10.27;42.29;3382.96;1823.96;-1559.00;0.00
0.26;8.93;45.28;3622.48;1986.94;-1635.54;0.00
0.25;9.44;43.86;3508.78;1973.81;-1534.97;0.00
0.27;11.25;30.14;2410.93;2199.37;-211.56;0.00
0.21;10.01;39.41;3152.89;1767.11;-1385.78;0.00
0.22;11.26;31.40;2512.11;1874.03;-638.08;0.00
0.24;7.30;43.68;3494.02;1785.25;-1708.77;0.00
0.29;11.09;39.70;3176.20;2283.71;-892.48;0.00
0.25;9.08;41.78;3342.07;1943.93;-1398.14;0.00
0.26;9.74;40.10;3207.89;2018.66;-1189.23;0.00
0.27;12.10;36.63;2930.13;2234.86;-695.27;0.00
0.26;8.95;34.78;2782.26;1997.49;-784.77;0.00
0.25;9.51;45.13;3610.35;1978.88;-1631.47;0.00
0.24;9.80;32.80;2624.00;1931.81;-692.19;0.00
0.23;8.93;47.59;3807.52;1798.83;-2008.70;0.00
0.25;11.75;50.20;4016.19;2113.34;-1902.86;0.00
0.21;10.77;48.81;3905.08;1828.61;-2076.46;0.00
0.26;10.61;48.03;3842.34;2071.88;-1770.46;0.00
0.29;9.46;38.01;3041.01;2180.79;-860.22;0.00
0.26;8.86;32.66;2612.86;2000.58;-612.28;0.00
0.29;10.19;39.58;3166.67;2216.27;-950.40;0.00
0.24;10.43;39.26;3140.54;1978.60;-1161.94;0.00
0.26;7.48;45.89;3670.88;1911.96;-1758.92;0.00
0.23;10.25;45.62;3649.42;1888.37;-1761.05;0.00
0.29;9.70;33.39;2671.44;2219.81;-451.62;0.00
0.32;12.35;44.86;3588.44;2523.30;-1065.14;0.00
0.24;8.99;39.37;3149.30;1897.44;-1251.86;0.00
0.24;11.15;45.40;3631.86;1996.45;-1635.41;0.00
0.23;10.92;39.92;3193.76;1942.91;-1250.85;0.00
0.26;12.06;33.64;2691.40;2178.17;-513.23;0.00
0.26;10.05;43.18;3454.57;2050.09;-1404.48;0.00
0.25;11.31;38.02;3041.39;2067.22;-974.17;0.00
0.22;11.50;38.03;3042.05;1877.01;-1165.04;0.00
0.22;8.18;46.44;3715.05;1706.75;-2008.30;0.00
0.22;10.50;42.16;3372.77;1863.86;-1508.91;0.00
0.30;10.57;46.11;3688.88;2329.77;-1359.11;0.00
0.21;9.91;41.91;3352.67;1781.24;-1571.42;0.00
0.23;12.30;45.87;3669.33;2030.79;-1638.54;0.00
0.21;10.63;43.60;3487.86;1808.58;-1679.28;0.00
0.27;9.28;47.89;3831.22;2096.39;-1734.83;0.00
0.23;9.56;43.69;3495.47;1856.77;-1638.70;0.00
0.30;10.63;37.48;2998.31;2321.99;-676.32;0.00
0.24;10.85;43.35;3467.93;2005.81;-1462.12;0.00
0.23;11.47;44.51;3560.87;1960.04;-1600.83;0.00
0.23;9.46;39.54;3163.32;1839.65;-1323.67;0.00
0.30;8.43;50.65;4051.64;2200.39;-1851.25;0.00
0.25;8.80;43.94;3515.13;1924.18;-1590.95;0.00
0.25;11.00;35.59;2846.96;2079.51;-767.46;0.00
0.20;10.96;42.96;3436.55;1736.26;-1700.29;0.00
0.26;10.12;39.93;3194.24;2080.98;-1113.26;0.00
0.27;9.99;45.45;3635.72;2100.11;-1535.61;0.00
0.26;11.47;32.38;2590.12;2151.05;-439.07;0.00
0.26;9.29;44.19;3535.38;2009.22;-1526.16;0.00
0.30;11.32;38.62;3089.41;2334.52;-754.89;0.00
0.23;11.32;41.81;3344.62;1938.12;-1406.50;0.00
0.30;8.15;40.04;3202.81;2205.00;-997.80;0.00
0.27;9.85;41.71;3336.99;2118.63;-1218.36;0.00
0.23;12.05;43.09;3447.11;2011.21;-1435.90;0.00
0.24;10.21;36.64;2930.93;1978.39;-952.53;0.00
0.21;11.58;42.48;3398.73;1863.57;-1535.16;0.00
0.30;9.27;44.60;3567.75;2227.75;-1340.00;0.00
0.27;9.64;35.62;2849.80;2065.95;-783.86;0.00
0.23;9.99;38.12;3049.26;1900.57;-1148.69;0.00
0.22;10.40;37.85;3027.93;1838.05;-1189.87;0.00
0.25;9.27;43.09;3447.51;1984.79;-1462.72;0.00
0.26;9.80;39.41;3153.12;2024.15;-1128.96;0.00
0.26;9.81;30.25;2420.05;2038.71;-381.35;0.00
0.26;11.94;37.98;3038.05;2163.09;-874.96;0.00
0.19;8.05;38.27;3061.39;1551.84;-1509.55;0.00
0.22;8.64;35.64;2851.45;1773.41;-1078.04;0.00
0.23;8.30;36.67;2933.92;1802.43;-1131.48;0.00
0.25;9.79;41.16;3292.74;2014.83;-1277.91;0.00
0.23;9.90;45.54;3643.46;1891.33;-1752.13;0.00
0.28;10.34;36.80;2944.24;2173.56;-770.68;0.00
0.24;10.79;35.01;2800.47;2003.82;-796.65;0.00
0.28;11.95;36.99;2959.35;2256.59;-702.76;0.00
0.28;9.97;42.29;3382.82;2142.65;-1240.17;0.00
0.30;10.25;38.47;3077.78;2280.55;-797.23;0.00
0.29;9.84;35.61;2849.03;2198.02;-651.01;0.00
0.25;9.19;47.45;3795.93;1942.39;-1853.54;0.00
0.25;9.65;37.03;2962.44;1956.87;-1005.58;0.00
0.28;9.84;40.83;3266.03;2154.15;-1111.88;0.00
0.26;9.20;49.11;3929.16;2017.58;-1911.57;0.00
0.27;9.72;33.72;2697.46;2080.02;-617.44;0.00
0.26;9.82;39.31;3144.76;2044.75;-1100.02;0.00
0.21;11.15;45.18;3614.39;1852.53;-1761.86;0.00
0.20;9.54;40.05;3203.77;1690.02;-1513.74;0.00
0.24;9.61;34.42;2753.88;1899.19;-854.69;0.00
0.26;10.11;35.43;2834.22;2034.33;-799.89;0.00
0.24;11.30;41.33;3306.50;2030.46;-1276.04;0.00
0.23;9.80;42.16;3372.43;1870.59;-1501.84;0.00
0.29;11.74;38.74;3099.03;2304.00;-795.03;0.00
0.20;10.73;34.84;2787.15;1754.64;-1032.51;0.00
0.28;9.53;40.68;3254.55;2128.28;-1126.28;0.00
0.24;10.43;43.23;3458.56;1991.01;-1467.55;0.00
0.27;11.24;34.84;2787.59;2195.76;-591.83;0.00
0.25;9.49;43.91;3512.64;1982.17;-1530.46;0.00
0.26;11.22;32.81;2624.50;2105.36;-519.13;0.00
0.22;11.07;41.36;3308.50;1900.20;-1408.30;0.00
0.25;11.78;37.37;2989.89;2106.51;-883.38;0.00
0.24;11.32;40.73;3258.08;1991.11;-1266.97;0.00
0.26;9.73;34.99;2799.56;2041.37;-758.19;0.00
0.26;9.21;41.37;3309.73;2014.82;-1294.92;0.00
0.22;10.82;40.47;3237.62;1878.63;-1358.99;0.00
0.27;9.53;30.30;2424.18;2084.65;-339.53;0.00
0.30;10.10;47.11;3769.03;2277.76;-1491.28;0.00
0.25;11.04;40.40;3231.85;2025.58;-1206.27;0.00
0.28;9.89;36.32;2905.36;2142.86;-762.50;0.00
0.27;10.03;42.65;3412.38;2110.06;-1302.32;0.00
0.26;9.63;39.77;3181.46;2020.04;-1161.42;0.00
0.26;11.56;48.43;3874.41;2159.13;-1715.28;0.00
0.24;9.86;40.84;3267.44;1907.03;-1360.41;0.00
0.27;10.63;42.66;3412.57;2172.56;-1240.01;0.00
0.24;11.45;40.71;3256.95;2009.21;-1247.74;0.00
0.22;12.00;43.09;3447.01;1922.23;-1524.78;0.00
0.21;9.44;42.51;3400.48;1758.43;-1642.04;0.00
0.22;10.73;43.82;3505.51;1877.86;-1627.66;0.00
0.28;9.51;36.05;2883.94;2135.14;-748.80;0.00
0.24;10.97;39.91;3192.43;1977.51;-1214.92;0.00
0.25;8.60;41.28;3302.65;1927.51;-1375.13;0.00
0.25;8.66;41.59;3327.41;1912.64;-1414.77;0.00
0.24;8.18;46.93;3754.79;1820.91;-1933.88;0.00
0.25;10.75;39.33;3146.01;2012.81;-1133.20;0.00
0.27;9.00;38.97;3117.75;2071.23;-1046.52;0.00
0.25;10.53;44.26;3541.11;2050.44;-1490.67;0.00
0.27;9.88;42.89;3431.43;2117.10;-1314.33;0.00
0.28;9.93;51.80;4144.01;2158.81;-1985.19;0.00
0.21;11.20;35.09;2806.98;1840.88;-966.10;0.00
0.26;8.48;40.79;3263.17;2000.23;-1262.94;0.00
0.26;9.39;34.78;2782.75;2031.22;-751.53;0.00
0.25;11.10;54.06;4325.10;2075.56;-2249.54;0.00
0.28;9.85;42.29;3383.29;2158.81;-1224.48;0.00
0.24;11.46;45.59;3647.33;2031.03;-1616.31;0.00
0.25;11.32;37.91;3033.17;2047.15;-986.02;0.00
0.24;10.31;40.40;3232.03;1928.13;-1303.90;0.00
0.25;9.27;43.09;3447.21;1944.85;-1502.35;0.00
0.25;10.00;43.95;3515.71;1991.16;-1524.55;0.00
0.22;10.85;39.06;3124.73;1895.70;-1229.02;0.00
0.20;12.19;38.70;3096.28;1832.82;-1263.45;0.00
0.24;10.64;48.22;3857.29;1984.23;-1873.06;0.00
0.25;9.71;50.53;4042.75;1994.12;-2048.64;0.00
0.23;10.10;53.75;4300.29;1899.45;-2400.83;0.00
0.22;11.10;46.73;3738.08;1894.21;-1843.87;0.00
0.21;9.69;40.05;3204.29;1763.51;-1440.79;0.00
0.24;9.94;41.51;3320.97;1943.83;-1377.13;0.00
0.22;7.74;40.33;3226.60;1715.20;-1511.40;0.00
0.23;10.04;37.93;3034.45;1857.02;-1177.43;0.00
0.26;10.53;38.31;3064.52;2113.24;-951.28;0.00
0.21;9.73;38.17;3053.90;1732.80;-1321.10;0.00
0.28;9.43;38.78;3102.78;2159.27;-943.51;0.00
0.24;11.55;39.61;3168.64;2050.97;-1117.66;0.00
0.28;10.62;36.70;2936.39;2217.85;-718.54;0.00
0.24;11.04;33.81;2704.41;1968.63;-735.77;0.00
0.25;10.56;35.11;2808.91;2056.39;-752.52;0.00
0.26;10.98;40.99;3279.52;2114.78;-1164.74;0.00
0.22;11.50;42.59;3407.35;1928.09;-1479.26;0.00
0.26;8.69;44.43;3554.05;1985.82;-1568.23;0.00
0.29;11.75;33.80;2704.40;2335.99;-368.41;0.00
0.28;6.94;39.48;3158.63;2002.44;-1156.19;0.00
0.26;9.44;33.66;2692.81;2038.73;-654.08;0.00
0.24;10.30;42.70;3416.16;1967.57;-1448.58;0.00
0.26;10.10;38.50;3079.84;2057.12;-1022.72;0.00
0.24;9.52;33.99;2719.55;1913.17;-806.38;0.00
0.28;9.12;42.33;3386.37;2114.19;-1272.19;0.00
0.26;10.36;35.89;2871.20;2062.38;-808.82;0.00
0.30;9.76;43.68;3494.60;2262.61;-1231.99;0.00
0.23;8.73;44.42;3553.86;1800.56;-1753.30;0.00
0.27;10.45;40.04;3203.11;2138.91;-1064.21;0.00
0.26;10.84;31.57;2525.84;2087.05;-438.79;0.00
0.29;8.70;34.61;2768.66;2143.24;-625.42;0.00
0.22;8.84;37.39;2991.52;1734.37;-1257.14;0.00
0.31;8.32;36.91;2952.58;2237.39;-715.19;0.00
0.26;10.05;37.18;2974.69;2041.47;-933.23;0.00
0.25;9.48;35.60;2847.76;1965.07;-882.69;0.00
0.25;9.60;44.03;3522.14;1969.49;-1552.64;0.00
0.25;11.30;34.14;2731.02;2095.88;-635.14;0.00
0.27;11.98;45.20;3616.19;2227.86;-1388.33;0.00
0.23;8.50;39.28;3142.57;1776.21;-1366.36;0.00
0.24;9.42;46.83;3746.46;1924.51;-1821.95;0.00
0.24;7.59;45.78;3662.62;1786.34;-1876.28;0.00
0.26;9.38;41.91;3353.05;1996.62;-1356.43;0.00
0.25;11.89;36.66;2932.61;2087.32;-845.29;0.00
0.29;12.20;43.17;3453.72;2348.70;-1105.02;0.00
0.20;9.14;36.76;2940.68;1650.75;-1289.93;0.00
0.29;11.24;34.57;2765.21;2278.34;-486.87;0.00
0.28;10.70;42.54;3403.60;2219.67;-1183.93;0.00
0.22;9.48;44.05;3523.70;1795.19;-1728.51;0.00
0.26;9.77;36.64;2931.27;2058.10;-873.17;0.00
0.27;8.60;51.91;4152.80;2015.34;-2137.47;0.00
0.26;8.77;34.44;2754.87;1969.35;-785.52;0.00
0.23;10.75;39.64;3171.10;1900.34;-1270.77;0.00
0.28;9.69;42.07;3365.82;2160.11;-1205.70;0.00
0.28;10.17;39.68;3174.65;2160.85;-1013.80;0.00
0.27;9.02;44.66;3572.76;2035.16;-1537.60;0.00
0.26;9.80;46.23;3698.73;2053.41;-1645.32;0.00
0.23;10.81;39.41;3152.46;1948.21;-1204.25;0.00
0.28;10.34;37.33;2986.10;2176.64;-809.46;0.00
0.23;10.76;47.22;3777.67;1899.17;-1878.50;0.00
0.22;11.66;47.30;3783.70;1894.60;-1889.10;0.00
0.26;8.57;40.99;3279.32;2006.60;-1272.73;0.00
0.22;9.97;45.04;3603.55;1803.40;-1800.15;0.00
0.26;10.59;39.71;3176.69;2079.38;-1097.31;0.00
0.31;9.91;45.55;3643.70;2345.70;-1297.99;0.00
0.21;8.97;49.16;3933.04;1724.20;-2208.84;0.00
0.25;10.30;40.62;3249.69;2011.93;-1237.76;0.00
0.24;12.11;39.55;3164.03;2057.49;-1106.54;0.00
0.27;11.39;35.32;2825.90;2162.25;-663.65;0.00
0.25;10.42;37.75;3020.00;2015.72;-1004.28;0.00
0.24;9.81;38.55;3084.02;1932.46;-1151.56;0.00
0.21;11.23;37.01;2960.53;1801.97;-1158.56;0.00
0.25;8.22;35.43;2834.21;1928.21;-906.00;0.00
0.26;8.91;38.06;3044.57;1981.58;-1062.99;0.00
0.28;8.77;36.57;2925.30;2097.45;-827.85;0.00
0.25;10.38;41.87;3349.77;2031.18;-1318.59;0.00
0.26;9.02;39.86;3189.01;1991.67;-1197.34;0.00
0.23;8.36;45.22;3617.60;1778.40;-1839.19;0.00
0.26;11.82;34.67;2773.70;2153.80;-619.90;0.00
0.23;9.79;40.25;3220.16;1855.48;-1364.69;0.00
0.24;8.35;36.79;2942.85;1853.21;-1089.64;0.00
0.24;10.50;41.39;3311.00;1995.94;-1315.07;0.00
0.23;10.90;34.81;2784.58;1911.21;-873.37;0.00
0.27;8.78;43.98;3518.05;2054.40;-1463.65;0.00
0.22;8.15;31.36;2508.73;1707.22;-801.52;0.00
0.24;11.88;44.29;3543.33;2033.29;-1510.04;0.00
0.25;8.72;48.79;3902.90;1956.23;-1946.66;0.00
0.24;11.03;36.60;2927.84;2001.75;-926.08;0.00
0.23;10.39;46.35;3708.26;1906.32;-1801.94;0.00
0.29;10.76;43.03;3442.49;2297.24;-1145.26;0.00
0.21;7.69;41.54;3323.32;1642.02;-1681.29;0.00
0.24;10.72;40.13;3210.23;1987.04;-1223.19;0.00
0.26;12.15;46.52;3721.84;2199.07;-1522.77;0.00
0.23;10.92;45.46;3637.04;1917.45;-1719.59;0.00
0.27;9.84;42.16;3372.75;2091.42;-1281.34;0.00
0.24;11.20;39.17;3133.76;2007.95;-1125.81;0.00
0.22;10.37;37.48;2998.31;1843.02;-1155.29;0.00
0.25;9.77;49.07;3925.71;1972.17;-1953.54;0.00
0.23;10.48;39.38;3150.71;1884.46;-1266.25;0.00
0.29;7.96;35.77;2861.41;2133.98;-727.43;0.00
0.27;10.86;35.80;2864.26;2176.66;-687.60;0.00
0.26;11.99;44.45;3555.89;2179.70;-1376.19;0.00
0.25;10.46;37.87;3029.75;1997.83;-1031.92;0.00
0.25;9.82;46.24;3699.50;1986.48;-1713.02;0.00
0.22;11.08;43.26;3461.02;1907.36;-1553.66;0.00
0.23;10.23;42.43;3394.04;1883.56;-1510.48;0.00
0.27;8.79;44.86;3588.99;2036.27;-1552.73;0.00
0.22;11.76;39.95;3196.01;1943.24;-1252.77;0.00
0.31;12.98;44.59;3567.41;2502.77;-1064.64;0.00
0.25;10.84;39.88;3190.70;2036.49;-1154.21;0.00
0.23;9.07;46.05;3683.79;1849.35;-1834.44;0.00
0.28;9.92;41.74;3339.26;2184.91;-1154.35;0.00
0.28;9.03;39.75;3180.29;2095.16;-1085.13;0.00
0.23;9.31;39.36;3149.18;1848.23;-1300.95;0.00
0.23;10.19;40.50;3239.66;1892.98;-1346.68;0.00
0.22;11.71;43.49;3478.91;1910.53;-1568.38;0.00
0.27;7.68;45.17;3613.31;1973.27;-1640.04;0.00
0.26;11.26;34.44;2755.02;2128.85;-626.16;0.00
0.26;10.71;38.99;3119.37;2074.93;-1044.44;0.00
0.23;11.55;43.62;3489.75;1980.88;-1508.87;0.00
0.24;10.29;43.26;3460.53;1984.31;-1476.22;0.00
0.28;11.41;45.78;3662.54;2277.20;-1385.34;0.00
0.25;9.69;35.86;2869.05;1991.23;-877.82;0.00
0.27;10.21;39.90;3192.10;2111.66;-1080.44;0.00
0.21;9.24;36.71;2936.42;1744.67;-1191.75;0.00
0.25;8.69;37.99;3039.54;1909.50;-1130.04;0.00
0.25;9.60;48.18;3854.30;1962.19;-1892.11;0.00
0.24;9.59;38.97;3117.32;1929.67;-1187.65;0.00
0.24;10.19;35.38;2830.78;1933.12;-897.66;0.00
0.30;10.32;41.08;3286.11;2287.67;-998.44;0.00
0.21;11.65;38.58;3086.50;1837.80;-1248.69;0.00
0.30;9.51;34.67;2773.95;2236.20;-537.75;0.00
0.25;10.32;34.41;2753.00;1992.00;-761.00;0.00
0.25;9.66;40.16;3212.97;1965.56;-1247.40;0.00
0.31;8.61;39.75;3179.71;2282.70;-897.02;0.00
0.25;9.81;43.26;3461.05;1994.89;-1466.16;0.00
0.24;9.42;40.48;3238.40;1880.33;-1358.08;0.00
0.24;9.90;44.52;3561.74;1918.50;-1643.24;0.00
0.23;10.96;49.41;3953.02;1925.23;-2027.79;0.00
0.23;11.10;37.12;2969.43;1954.19;-1015.24;0.00
0.26;9.61;36.99;2959.57;2010.18;-949.39;0.00
0.25;10.81;38.30;3064.30;2030.41;-1033.89;0.00
0.26;10.09;48.32;3865.39;2051.79;-1813.60;0.00
0.21;12.41;38.39;3070.93;1867.67;-1203.26;0.00
0.27;8.63;40.08;3206.16;2065.33;-1140.82;0.00
0.23;8.12;41.36;3309.01;1764.24;-1544.77;0.00
0.24;10.47;46.04;3683.32;1979.73;-1703.59;0.00
0.25;10.19;49.10;3927.86;2003.68;-1924.19;0.00
0.25;9.11;43.10;3448.19;1961.00;-1487.19;0.00
0.24;10.74;39.38;3150.37;1991.25;-1159.11;0.00
0.31;10.37;34.60;2768.30;2352.71;-415.59;0.00
0.27;11.96;44.63;3570.38;2226.74;-1343.65;0.00
0.25;9.88;43.13;3450.76;1994.25;-1456.51;0.00
0.30;11.05;40.63;3250.65;2319.52;-931.14;0.00
0.32;11.91;35.05;2803.68;2502.45;-301.23;0.00
0.24;9.62;34.15;2731.89;1930.67;-801.23;0.00
0.27;8.52;30.15;2411.84;2014.94;-396.90;0.00
0.23;8.91;47.24;3779.17;1821.24;-1957.93;0.00
0.27;10.94;49.18;3934.48;2168.39;-1766.09;0.00
0.25;12.53;39.88;3190.19;2106.40;-1083.79;0.00
0.28;10.75;47.65;3811.92;2201.74;-1610.18;0.00
0.25;8.67;46.23;3698.33;1914.87;-1783.46;0.00
0.25;7.59;37.35;2988.13;1885.09;-1103.04;0.00
0.24;9.91;40.04;3203.27;1959.42;-1243.85;0.00
0.20;10.16;35.13;2810.32;1727.22;-1083.10;0.00
0.25;10.75;36.78;2942.30;2033.60;-908.70;0.00
0.24;9.01;41.38;3310.29;1877.61;-1432.68;0.00
0.24;7.49;43.42;3473.52;1830.71;-1642.81;0.00
0.31;9.70;50.71;4056.88;2321.21;-1735.67;0.00
0.28;9.96;43.11;3448.73;2167.75;-1280.98;0.00
0.28;10.83;42.41;3392.49;2194.62;-1197.87;0.00
0.24;9.62;35.24;2819.09;1914.24;-904.85;0.00
0.22;10.11;40.39;3231.40;1805.11;-1426.29;0.00
0.20;9.23;45.98;3678.80;1643.42;-2035.38;0.00
0.28;10.18;40.96;3276.59;2168.41;-1108.18;0.00
0.24;10.05;42.61;3408.92;1920.53;-1488.40;0.00
0.26;12.00;44.81;3584.62;2170.76;-1413.87;0.00
0.23;8.45;46.60;3728.12;1771.95;-1956.17;0.00
0.21;8.90;39.29;3142.95;1716.44;-1426.51;0.00
0.22;10.91;38.01;3040.86;1872.16;-1168.70;0.00
0.26;10.76;41.35;3307.78;2089.23;-1218.55;0.00
0.27;9.95;37.85;3027.79;2104.87;-922.92;0.00
0.22;10.78;38.69;3095.20;1871.36;-1223.84;0.00
0.25;9.77;42.94;3435.04;1978.73;-1456.32;0.00
0.25;12.19;40.03;3202.12;2124.07;-1078.05;0.00
0.25;12.65;36.67;2933.35;2114.83;-818.52;0.00
0.26;11.06;46.29;3703.20;2109.29;-1593.91;0.00
0.29;11.15;48.02;3841.79;2267.97;-1573.82;0.00
0.24;10.88;37.75;3019.83;1969.47;-1050.35;0.00
0.23;11.65;40.84;3267.22;1973.04;-1294.18;0.00
0.30;11.65;39.32;3145.41;2358.39;-787.02;0.00
0.27;12.23;45.02;3601.23;2222.18;-1379.05;0.00
0.23;11.50;44.03;3522.41;1948.34;-1574.07;0.00
0.25;10.48;37.11;2968.52;2030.08;-938.43;0.00
0.26;10.36;40.19;3214.91;2096.47;-1118.43;0.00
0.23;9.25;42.00;3359.70;1859.47;-1500.23;0.00
0.29;9.20;38.92;3113.61;2187.81;-925.80;0.00
0.26;9.08;35.60;2847.98;1988.04;-859.94;0.00
0.25;10.23;41.94;3354.84;1999.10;-1355.73;0.00
0.20;11.47;36.86;2948.52;1800.40;-1148.12;0.00
0.24;9.46;29.15;2332.05;1906.98;-425.07;0.00
0.26;9.83;42.14;3371.34;2042.73;-1328.60;0.00
0.29;10.87;43.58;3486.04;2286.54;-1199.50;0.00
0.22;9.37;40.73;3258.66;1783.79;-1474.88;0.00
0.22;10.00;42.26;3381.15;1832.63;-1548.52;0.00
0.26;9.41;33.53;2682.01;2004.59;-677.41;0.00
0.23;7.57;36.79;2943.55;1757.41;-1186.13;0.00
0.28;10.40;42.33;3386.77;2192.45;-1194.32;0.00
0.22;11.04;40.86;3268.50;1856.21;-1412.29;0.00
0.25;11.29;39.43;3154.39;2059.18;-1095.22;0.00
0.25;11.86;44.59;3566.87;2104.01;-1462.86;0.00
0.23;10.22;45.49;3639.35;1871.58;-1767.77;0.00
0.24;10.22;33.44;2675.46;1946.12;-729.34;0.00
0.26;11.10;42.68;3414.66;2114.02;-1300.64;0.00
0.26;10.37;34.59;2766.91;2102.74;-664.17;0.00
0.25;9.62;38.38;3070.25;1956.87;-1113.38;0.00
0.25;8.08;42.70;3416.20;1897.19;-1519.01;0.00
0.22;7.97;39.49;3159.04;1689.72;-1469.32;0.00
0.22;11.80;41.71;3336.49;1937.79;-1398.70;0.00
0.28;10.56;43.94;3515.51;2191.79;-1323.72;0.00
0.21;9.75;41.23;3298.54;1764.70;-1533.84;0.00
0.23;11.37;28.78;2302.57;1981.38;-321.19;0.00
0.26;9.97;38.86;3108.93;2045.10;-1063.83;0.00
0.25;10.28;44.17;3533.61;2001.79;-1531.82;0.00
0.26;13.11;45.03;3602.48;2212.12;-1390.36;0.00
0.23;9.74;38.70;3096.30;1869.66;-1226.64;0.00
0.23;8.11;40.16;3213.13;1764.59;-1448.54;0.00
0.27;10.35;41.10;3288.21;2140.35;-1147.86;0.00
0.22;10.59;44.97;3597.91;1869.73;-1728.17;0.00
0.22;8.62;37.75;3019.90;1739.44;-1280.45;0.00
0.22;10.70;50.49;4038.97;1862.32;-2176.65;0.00
0.24;10.98;47.30;3784.31;1987.09;-1797.22;0.00
0.29;10.54;45.54;3643.12;2239.96;-1403.16;0.00
0.25;9.92;39.86;3188.70;1970.33;-1218.37;0.00
0.23;9.56;45.93;3674.42;1831.82;-1842.60;0.00
0.26;9.50;34.37;2749.91;2028.59;-721.32;0.00
0.29;9.61;42.76;3420.92;2232.70;-1188.22;0.00
0.23;10.09;38.13;3050.18;1898.20;-1151.99;0.00
0.25;10.03;43.14;3451.02;1981.70;-1469.32;0.00
0.23;12.48;35.16;2812.87;2002.15;-810.72;0.00
0.25;11.11;37.99;3038.92;2067.48;-971.45;0.00
0.29;9.60;48.22;3857.95;2218.22;-1639.73;0.00
0.27;9.77;25.25;2020.22;2129.90;109.68;1.00
0.25;8.91;35.18;2814.59;1953.33;-861.25;0.00
0.20;11.06;38.84;3106.94;1791.75;-1315.19;0.00
0.24;10.61;33.54;2682.84;1967.60;-715.24;0.00
0.26;8.79;33.73;2698.44;1964.86;-733.59;0.00
0.24;7.59;33.48;2678.39;1820.06;-858.33;0.00
0.26;9.35;37.39;2991.42;2047.70;-943.72;0.00
0.26;10.23;35.44;2835.58;2039.95;-795.63;0.00
0.24;9.39;34.26;2740.80;1932.95;-807.86;0.00
0.24;9.53;35.25;2820.24;1922.36;-897.88;0.00
0.31;10.19;39.98;3198.36;2330.41;-867.95;0.00
0.26;10.46;47.88;3830.60;2095.00;-1735.60;0.00
0.25;10.40;30.18;2414.58;2004.56;-410.02;0.00
0.29;10.32;44.13;3530.62;2225.46;-1305.16;0.00
0.23;9.12;45.71;3657.12;1809.94;-1847.18;0.00
0.27;10.86;44.98;3598.34;2176.64;-1421.70;0.00
0.23;10.18;45.44;3635.07;1902.31;-1732.76;0.00
0.23;11.15;43.07;3445.36;1925.50;-1519.86;0.00
0.23;11.14;48.83;3906.78;1948.62;-1958.16;0.00
0.25;11.45;42.83;3426.35;2075.20;-1351.15;0.00
0.27;11.07;38.33;3066.69;2178.74;-887.95;0.00
0.25;10.22;39.60;3168.35;2016.59;-1151.77;0.00
0.22;9.67;46.69;3734.90;1786.72;-1948.18;0.00
0.26;10.24;45.20;3615.68;2073.01;-1542.67;0.00
0.22;10.37;38.94;3115.58;1866.24;-1249.34;0.00
0.27;9.19;41.52;3321.47;2078.56;-1242.91;0.00
0.24;10.23;38.44;3075.21;1945.41;-1129.81;0.00
0.25;9.63;43.94;3515.18;1972.88;-1542.30;0.00
0.29;11.68;42.44;3394.88;2293.79;-1101.09;0.00
0.24;12.21;43.56;3484.59;2057.86;-1426.73;0.00
0.23;8.83;39.00;3120.13;1801.85;-1318.28;0.00
0.23;11.65;47.67;3813.27;1956.82;-1856.45;0.00
0.24;10.41;35.44;2835.00;1953.31;-881.69;0.00
0.27;11.42;42.95;3435.91;2215.59;-1220.32;0.00
0.24;9.14;40.31;3224.69;1900.54;-1324.15;0.00
0.26;8.88;43.60;3487.91;2003.61;-1484.29;0.00
0.23;9.94;44.62;3569.71;1868.82;-1700.89;0.00
0.24;10.82;36.17;2893.26;1966.20;-927.06;0.00
0.28;10.76;43.89;3511.32;2190.93;-1320.39;0.00
0.22;9.51;36.69;2934.89;1774.46;-1160.43;0.00
0.27;9.18;44.86;3589.02;2075.51;-1513.51;0.00
0.24;9.74;39.44;3155.10;1919.64;-1235.46;0.00
0.21;10.56;44.46;3556.70;1797.10;-1759.60;0.00
0.26;10.82;38.22;3057.39;2128.53;-928.86;0.00
0.24;9.63;33.62;2689.39;1906.50;-782.89;0.00
0.26;8.03;39.17;3133.21;1970.39;-1162.83;0.00
0.27;8.46;38.05;3044.31;2031.36;-1012.95;0.00
0.21;10.67;46.10;3688.03;1778.39;-1909.64;0.00
0.27;8.84;31.33;2506.59;2046.90;-459.69;0.00
0.27;9.34;34.06;2724.91;2061.07;-663.84;0.00
0.23;9.58;40.62;3249.68;1844.98;-1404.70;0.00
0.24;10.40;35.71;2856.80;1979.16;-877.64;0.00
0.28;8.61;46.29;3703.48;2104.48;-1599.00;0.00
0.27;10.75;36.73;2938.11;2143.37;-794.73;0.00
0.29;8.07;34.99;2799.44;2144.50;-654.94;0.00
0.26;9.26;41.56;3324.87;1996.93;-1327.94;0.00
0.24;12.92;35.06;2804.58;2122.29;-682.28;0.00
0.27;7.10;29.82;2385.63;1970.81;-414.82;0.00
0.25;9.73;41.36;3308.52;1989.76;-1318.75;0.00
0.26;9.85;39.49;3158.97;2025.46;-1133.50;0.00
0.27;9.75;40.23;3218.64;2071.93;-1146.71;0.00
0.21;9.78;40.47;3237.39;1732.76;-1504.63;0.00
0.26;9.58;39.07;3125.27;2053.92;-1071.35;0.00
0.26;9.43;38.06;3045.13;2046.00;-999.12;0.00
0.25;12.21;44.92;3593.58;2109.44;-1484.15;0.00
0.26;9.98;37.44;2995.28;2066.26;-929.03;0.00
0.28;10.18;40.24;3219.35;2160.79;-1058.56;0.00
0.27;10.57;39.58;3166.75;2167.41;-999.34;0.00
0.25;11.15;41.17;3293.79;2054.93;-1238.86;0.00
0.25;10.58;37.11;2968.84;2000.93;-967.91;0.00
0.26;10.20;38.37;3069.57;2055.12;-1014.45;0.00
0.21;9.63;41.25;3299.73;1758.05;-1541.69;0.00
0.26;9.60;43.25;3459.95;2010.12;-1449.83;0.00
0.25;9.75;45.24;3619.22;1974.34;-1644.87;0.00
0.28;10.73;43.57;3485.56;2206.50;-1279.05;0.00
0.24;11.15;37.50;3000.24;2022.63;-977.61;0.00
0.27;10.20;38.09;3047.28;2126.70;-920.58;0.00
0.25;10.08;36.37;2909.90;2016.19;-893.71;0.00
0.23;10.19;32.40;2592.21;1881.92;-710.29;0.00
0.22;10.45;40.41;3232.53;1828.77;-1403.76;0.00
0.30;6.89;44.66;3572.46;2102.64;-1469.81;0.00
0.19;11.97;40.41;3232.86;1746.39;-1486.46;0.00
0.23;9.56;48.11;3848.49;1864.86;-1983.63;0.00
0.32;9.85;45.63;3650.37;2381.27;-1269.10;0.00
0.27;10.72;41.13;3290.29;2169.91;-1120.38;0.00
0.26;11.79;36.25;2900.28;2128.98;-771.30;0.00
0.26;9.56;36.17;2893.46;2004.96;-888.50;0.00
0.23;10.89;44.62;3569.55;1935.29;-1634.26;0.00
0.27;12.37;35.26;2820.99;2259.61;-561.38;0.00
0.24;10.46;35.93;2874.07;1939.44;-934.63;0.00
0.28;8.46;37.90;3032.32;2064.97;-967.35;0.00
0.26;9.42;38.34;3067.42;2002.16;-1065.26;0.00
0.22;11.54;40.46;3236.97;1880.53;-1356.44;0.00
0.28;10.05;37.99;3039.27;2174.78;-864.49;0.00
0.25;10.79;34.84;2786.86;2066.73;-720.13;0.00
0.26;9.37;32.37;2589.40;2010.69;-578.71;0.00
0.26;9.21;44.93;3594.75;1986.12;-1608.63;0.00
0.23;10.62;41.61;3328.55;1898.16;-1430.39;0.00
0.24;10.50;48.90;3911.86;1981.92;-1929.94;0.00
0.22;10.99;33.37;2669.43;1850.35;-819.08;0.00
0.26;12.02;45.42;3633.79;2149.77;-1484.02;0.00
0.21;11.09;42.92;3433.27;1838.09;-1595.17;0.00
0.26;9.08;38.20;3055.64;2014.33;-1041.31;0.00
0.30;11.98;35.57;2845.45;2402.56;-442.89;0.00
0.22;8.90;38.41;3072.44;1754.88;-1317.56;0.00
0.29;10.63;45.75;3660.30;2248.81;-1411.49;0.00
0.28;10.70;39.17;3133.46;2230.30;-903.16;0.00
0.25;11.11;44.51;3560.55;2069.11;-1491.45;0.00
0.21;10.40;35.05;2804.39;1805.55;-998.84;0.00
0.21;10.60;41.96;3356.61;1774.51;-1582.10;0.00
0.23;10.08;45.90;3672.32;1880.65;-1791.66;0.00
0.25;10.45;38.80;3104.10;2025.87;-1078.23;0.00
0.25;10.66;41.73;3338.49;2045.29;-1293.20;0.00
0.26;12.28;45.77;3661.23;2192.54;-1468.69;0.00
0.27;10.66;29.10;2328.32;2125.21;-203.11;0.00
0.28;10.73;40.51;3240.59;2202.57;-1038.01;0.00
0.24;10.06;37.35;2987.70;1932.83;-1054.87;0.00
0.28;10.18;48.52;3881.40;2171.91;-1709.49;0.00
0.24;9.01;42.15;3371.82;1875.74;-1496.08;0.00
0.25;12.41;38.04;3043.27;2117.11;-926.16;0.00
0.25;11.17;34.72;2777.80;2046.74;-731.06;0.00
0.24;11.33;46.70;3735.76;2019.36;-1716.40;0.00
0.25;10.72;39.24;3139.49;2041.12;-1098.37;0.00
0.25;10.78;34.49;2759.55;2020.67;-738.88;0.00
0.24;8.18;36.79;2942.83;1832.88;-1109.95;0.00
0.26;8.60;43.52;3481.40;1957.08;-1524.32;0.00
0.27;11.34;40.89;3270.96;2164.68;-1106.28;0.00
0.26;8.64;49.77;3981.98;1983.15;-1998.83;0.00
0.28;7.08;41.44;3314.93;2042.97;-1271.96;0.00
0.26;10.10;38.02;3041.40;2064.47;-976.93;0.00
0.24;10.58;37.18;2974.53;1992.64;-981.90;0.00
0.26;11.33;35.54;2842.82;2132.57;-710.25;0.00
0.26;10.07;48.69;3895.13;2031.63;-1863.50;0.00
0.24;10.80;51.73;4138.00;1957.66;-2180.34;0.00
0.22;11.81;48.40;3872.01;1927.00;-1945.01;0.00
0.26;11.43;42.04;3363.01;2150.60;-1212.41;0.00
0.27;11.67;40.77;3261.46;2206.81;-1054.65;0.00
0.28;8.73;40.51;3241.11;2088.05;-1153.07;0.00
0.27;9.05;34.27;2741.57;2039.64;-701.93;0.00
0.26;10.97;29.36;2349.06;2091.27;-257.79;0.00
0.24;11.28;42.68;3414.11;2000.87;-1413.24;0.00
0.30;11.23;33.25;2660.31;2331.56;-328.75;0.00
0.25;10.80;37.18;2974.14;2039.82;-934.33;0.00
0.27;11.35;43.78;3502.76;2201.14;-1301.62;0.00
0.27;11.59;46.46;3716.52;2196.97;-1519.56;0.00
0.22;12.66;40.68;3254.48;1980.87;-1273.61;0.00
0.24;7.19;42.74;3419.22;1774.75;-1644.47;0.00
0.29;12.07;41.32;3305.28;2344.67;-960.61;0.00
0.23;9.85;43.43;3474.65;1881.34;-1593.31;0.00
0.21;9.95;46.85;3748.29;1778.81;-1969.48;0.00
0.23;11.38;43.41;3472.50;1944.90;-1527.60;0.00
0.28;10.59;38.22;3057.55;2184.58;-872.97;0.00
0.25;10.43;40.98;3278.67;2019.55;-1259.12;0.00
0.24;9.71;44.59;3567.51;1928.86;-1638.65;0.00
0.25;9.67;40.98;3278.64;1974.49;-1304.16;0.00
0.26;10.55;49.34;3946.94;2065.24;-1881.69;0.00
0.23;9.98;42.89;3430.90;1902.00;-1528.90;0.00
0.26;9.33;34.67;2773.51;2043.84;-729.67;0.00
0.23;10.57;44.69;3575.15;1927.86;-1647.29;0.00
0.23;9.93;41.39;3311.54;1851.34;-1460.20;0.00
0.27;10.81;35.73;2858.43;2182.40;-676.03;0.00
0.24;11.04;25.40;2032.02;2024.19;-7.83;0.00
0.24;9.89;39.03;3122.67;1923.28;-1199.39;0.00
0.23;9.28;43.79;3503.18;1861.95;-1641.23;0.00
0.30;10.47;47.08;3766.47;2313.95;-1452.52;0.00
0.29;11.19;42.82;3425.80;2272.39;-1153.41;0.00
0.28;11.42;35.33;2826.03;2272.52;-553.51;0.00
0.29;11.07;45.24;3619.14;2278.53;-1340.61;0.00
0.28;10.62;36.16;2892.90;2186.51;-706.39;0.00
0.25;9.34;42.07;3365.21;1949.03;-1416.18;0.00
0.20;11.62;43.75;3500.33;1821.38;-1678.96;0.00
0.23;9.40;41.93;3354.75;1867.85;-1486.90;0.00
0.20;9.04;38.45;3076.30;1644.68;-1431.62;0.00
0.24;11.51;39.94;3194.84;2009.36;-1185.48;0.00
0.24;9.80;50.42;4033.96;1928.43;-2105.53;0.00
0.23;9.24;35.72;2857.96;1835.49;-1022.46;0.00
0.23;10.98;34.42;2753.49;1943.62;-809.87;0.00
0.28;8.65;41.55;3324.20;2117.51;-1206.69;0.00
0.25;10.49;31.10;2488.18;1999.42;-488.76;0.00
0.26;10.65;32.32;2585.64;2070.67;-514.97;0.00
0.21;9.26;31.95;2555.72;1726.86;-828.86;0.00
0.19;10.02;46.80;3744.21;1653.90;-2090.31;0.00
0.25;8.62;48.27;3861.68;1944.88;-1916.79;0.00
0.23;10.87;46.55;3724.37;1933.11;-1791.26;0.00
0.29;9.45;40.35;3227.80;2180.05;-1047.75;0.00
0.28;9.36;44.04;3523.33;2114.39;-1408.94;0.00
0.25;10.16;42.17;3373.41;1989.07;-1384.34;0.00
0.24;8.29;42.17;3373.90;1843.45;-1530.45;0.00
0.26;9.47;39.69;3174.92;2000.53;-1174.39;0.00
0.26;9.66;41.95;3355.87;2041.56;-1314.31;0.00
0.24;10.11;41.37;3309.56;1933.68;-1375.88;0.00
0.26;9.41;37.87;3029.71;2012.92;-1016.79;0.00
0.25;8.89;48.75;3900.22;1926.51;-1973.71;0.00
0.29;10.61;41.68;3334.12;2243.41;-1090.72;0.00
0.24;9.39;41.32;3305.62;1930.18;-1375.45;0.00
0.26;11.28;34.70;2775.77;2131.81;-643.96;0.00
0.25;8.20;37.43;2994.75;1908.78;-1085.97;0.00
0.25;12.36;34.00;2719.76;2097.48;-622.28;0.00
0.27;10.78;37.07;2965.78;2177.72;-788.06;0.00
0.33;8.90;39.66;3172.61;2389.45;-783.16;0.00
0.22;12.14;40.69;3255.25;1931.11;-1324.14;0.00
0.21;8.32;42.49;3399.51;1688.58;-1710.94;0.00
0.24;10.55;40.70;3255.69;1942.05;-1313.64;0.00
0.23;10.83;45.01;3600.64;1951.78;-1648.85;0.00
0.23;10.56;39.06;3124.72;1891.29;-1233.43;0.00
0.24;9.81;38.87;3109.97;1930.55;-1179.42;0.00
0.28;9.78;53.98;4318.36;2142.00;-2176.36;0.00
0.22;8.32;44.95;3595.60;1732.10;-1863.51;0.00
0.23;8.22;41.13;3290.40;1781.28;-1509.12;0.00
0.28;8.58;47.90;3832.33;2122.62;-1709.71;0.00
0.26;11.28;36.75;2940.12;2098.22;-841.89;0.00
0.20;8.95;41.77;3341.90;1646.24;-1695.66;0.00
0.22;11.51;38.21;3056.94;1909.79;-1147.15;0.00
0.27;10.62;31.90;2552.29;2139.44;-412.85;0.00
0.23;11.94;27.67;2213.77;1957.10;-256.67;0.00
0.25;10.06;43.18;3454.66;1996.61;-1458.05;0.00
0.28;8.97;39.25;3139.78;2089.15;-1050.63;0.00
0.22;10.62;47.44;3795.10;1836.07;-1959.03;0.00
0.24;9.90;46.41;3713.14;1928.75;-1784.40;0.00
0.25;9.28;37.49;2999.10;1984.80;-1014.30;0.00
0.22;10.33;43.79;3503.05;1828.23;-1674.82;0.00
0.21;11.61;34.18;2734.69;1856.23;-878.46;0.00
0.29;10.59;37.93;3034.26;2273.08;-761.17;0.00
0.28;10.33;43.99;3519.11;2185.22;-1333.88;0.00
0.25;10.26;43.16;3452.57;1999.91;-1452.66;0.00
0.26;11.01;36.97;2957.50;2082.57;-874.93;0.00
0.26;11.77;39.03;3122.49;2152.61;-969.88;0.00
0.24;10.64;42.91;3432.64;1987.33;-1445.31;0.00
0.23;9.03;41.06;3284.69;1805.42;-1479.27;0.00
0.24;9.99;39.61;3168.79;1963.62;-1205.17;0.00
0.22;7.08;38.26;3060.65;1672.96;-1387.70;0.00
0.24;11.00;45.36;3628.45;1988.46;-1640.00;0.00
0.23;9.44;38.13;3050.12;1830.42;-1219.71;0.00
0.23;11.10;37.64;3011.41;1912.56;-1098.85;0.00
0.25;10.16;49.13;3930.58;2004.35;-1926.23;0.00
0.27;10.75;43.28;3462.59;2131.05;-1331.53;0.00
0.25;9.71;50.31;4024.79;1992.14;-2032.65;0.00
0.25;9.97;51.94;4155.31;1993.95;-2161.36;0.00
0.24;8.82;42.70;3415.76;1881.74;-1534.02;0.00
0.23;10.58;37.33;2986.19;1900.50;-1085.68;0.00
0.24;11.81;42.09;3366.90;2030.57;-1336.33;0.00
0.21;11.63;44.32;3545.22;1865.74;-1679.48;0.00
0.26;11.39;37.76;3020.41;2112.22;-908.18;0.00
0.25;11.35;39.79;3183.32;2042.22;-1141.10;0.00
0.26;11.22;44.33;3546.56;2116.01;-1430.56;0.00
0.26;9.76;45.68;3654.27;2039.24;-1615.03;0.00
0.26;11.46;42.31;3384.85;2124.38;-1260.47;0.00
0.29;10.99;43.52;3481.66;2292.32;-1189.34;0.00
0.29;8.57;39.08;3126.44;2176.01;-950.43;0.00
0.26;11.83;40.34;3227.54;2157.20;-1070.34;0.00
0.26;12.73;38.94;3115.56;2200.65;-914.92;0.00
0.26;10.97;39.72;3177.64;2115.63;-1062.02;0.00
0.29;10.50;39.45;3156.22;2243.99;-912.22;0.00
0.27;10.44;51.37;4109.62;2130.07;-1979.55;0.00
0.26;11.01;42.85;3428.10;2128.84;-1299.26;0.00
0.24;9.22;42.40;3392.05;1905.58;-1486.46;0.00
0.20;9.77;33.30;2664.27;1708.46;-955.81;0.00
0.27;11.19;47.87;3829.77;2173.15;-1656.62;0.00
0.25;10.97;36.56;2925.11;2031.79;-893.33;0.00
0.25;11.37;39.08;3126.08;2087.55;-1038.52;0.00
0.22;8.98;34.47;2757.58;1781.21;-976.36;0.00
0.24;10.10;42.98;3438.64;1925.22;-1513.43;0.00
0.25;10.03;36.76;2940.44;2021.97;-918.47;0.00
0.25;9.84;40.26;3221.00;1966.22;-1254.78;0.00
0.27;10.70;37.16;2972.75;2136.17;-836.58;0.00
0.29;11.47;39.82;3185.63;2306.48;-879.14;0.00
0.24;11.03;38.82;3105.28;1970.65;-1134.63;0.00
0.23;10.38;40.13;3210.11;1881.44;-1328.67;0.00
0.23;11.16;48.87;3909.54;1921.54;-1988.00;0.00
0.29;11.99;38.71;3097.07;2352.17;-744.91;0.00
0.26;10.10;37.16;2972.94;2046.81;-926.13;0.00
0.23;10.42;33.15;2652.08;1915.63;-736.44;0.00
0.23;10.07;45.02;3601.38;1912.92;-1688.47;0.00
0.24;10.05;36.78;2942.36;1939.27;-1003.09;0.00
0.25;11.32;40.89;3270.86;2070.05;-1200.81;0.00
0.27;9.84;39.84;3187.59;2103.28;-1084.31;0.00
0.25;10.86;37.99;3039.39;2058.76;-980.63;0.00
0.26;11.91;39.00;3120.29;2148.66;-971.63;0.00
0.26;11.38;29.12;2329.43;2149.39;-180.04;0.00
0.26;10.05;42.50;3400.24;2063.62;-1336.62;0.00
0.26;10.73;40.06;3204.67;2112.27;-1092.40;0.00
0.29;7.39;45.55;3644.35;2089.13;-1555.22;0.00
0.25;9.99;38.94;3114.90;2012.58;-1102.32;0.00
0.25;11.75;39.81;3184.90;2109.07;-1075.83;0.00
0.26;9.59;35.89;2870.86;2059.58;-811.28;0.00
0.27;8.06;32.06;2564.52;1993.76;-570.76;0.00
0.24;11.00;35.26;2820.51;2011.39;-809.11;0.00
0.23;10.32;41.81;3344.93;1874.93;-1470.00;0.00
0.26;11.58;40.89;3271.04;2149.27;-1121.77;0.00
0.25;10.75;38.15;3051.62;2046.89;-1004.73;0.00
0.20;11.85;47.48;3798.75;1824.65;-1974.10;0.00
0.24;10.90;50.68;4054.21;1975.53;-2078.68;0.00
0.24;7.65;36.87;2949.67;1834.60;-1115.07;0.00
0.23;10.01;40.03;3202.41;1890.55;-1311.85;0.00
0.25;10.58;44.49;3559.56;2012.49;-1547.07;0.00
0.19;8.54;42.44;3395.55;1594.24;-1801.31;0.00
0.28;11.80;43.50;3479.76;2249.46;-1230.30;0.00
0.25;8.23;46.76;3741.17;1882.61;-1858.56;0.00
0.22;10.21;38.89;3111.09;1848.68;-1262.41;0.00
0.22;11.43;40.91;3273.17;1906.47;-1366.70;0.00
0.25;10.06;38.54;3083.34;2024.87;-1058.47;0.00
0.25;10.10;38.86;3108.91;2020.14;-1088.77;0.00
0.28;8.74;39.73;3178.72;2100.06;-1078.67;0.00
0.28;11.68;39.92;3193.23;2265.37;-927.86;0.00
0.24;8.39;47.22;3777.77;1858.19;-1919.57;0.00
0.25;9.97;36.75;2940.24;1977.02;-963.21;0.00
0.27;8.46;37.61;3008.49;2053.05;-955.44;0.00
0.25;12.28;38.59;3087.03;2138.91;-948.12;0.00
0.26;10.51;36.60;2928.37;2098.21;-830.16;0.00
0.29;9.93;38.60;3088.37;2215.55;-872.82;0.00
0.24;12.70;43.98;3518.10;2060.00;-1458.10;0.00
0.27;8.81;45.13;3610.02;2022.25;-1587.77;0.00
0.21;11.31;44.16;3532.92;1848.77;-1684.16;0.00
0.25;8.80;43.25;3459.86;1955.28;-1504.59;0.00
0.26;10.13;45.73;3658.41;2042.37;-1616.03;0.00
0.25;10.86;29.91;2392.43;2057.16;-335.27;0.00
0.29;11.31;42.11;3368.69;2315.99;-1052.69;0.00
0.23;9.54;34.07;2725.81;1885.36;-840.46;0.00
0.27;11.33;40.51;3241.19;2209.70;-1031.49;0.00
0.24;11.60;46.34;3706.84;2017.24;-1689.60;0.00
0.24;10.83;39.98;3198.27;1979.30;-1218.97;0.00
0.26;8.53;47.95;3835.69;1970.99;-1864.70;0.00
0.30;10.51;26.84;2147.24;2344.88;197.64;1.00
0.26;8.57;30.47;2437.23;1983.87;-453.37;0.00
0.20;9.74;29.86;2388.54;1668.63;-719.91;0.00
0.26;10.29;45.81;3664.47;2079.68;-1584.79;0.00
0.23;8.61;40.47;3237.75;1800.13;-1437.62;0.00
0.25;9.19;39.00;3119.68;1927.22;-1192.46;0.00
0.24;10.35;40.31;3225.16;1987.25;-1237.91;0.00
0.26;11.29;37.35;2987.91;2100.81;-887.10;0.00
0.25;11.17;35.49;2839.42;2064.74;-774.68;0.00
0.22;10.53;33.97;2717.76;1848.14;-869.61;0.00
0.28;9.34;44.90;3592.16;2132.59;-1459.57;0.00
0.24;10.35;51.25;4099.65;1951.97;-2147.69;0.00
0.25;10.24;40.80;3264.32;2001.02;-1263.29;0.00
0.26;10.46;41.21;3296.75;2086.10;-1210.65;0.00
0.26;9.72;42.94;3435.41;2046.60;-1388.81;0.00
0.24;11.74;39.29;3143.17;2004.93;-1138.24;0.00
0.23;9.49;35.93;2874.55;1850.42;-1024.13;0.00
0.26;10.53;44.04;3523.07;2110.21;-1412.86;0.00
0.23;11.05;38.86;3109.18;1928.93;-1180.25;0.00
0.25;10.06;35.12;2809.82;1998.72;-811.09;0.00
0.28;9.15;47.44;3795.30;2139.58;-1655.72;0.00
0.27;9.43;47.24;3779.14;2106.41;-1672.73;0.00
0.24;8.15;41.66;3332.70;1822.37;-1510.34;0.00
0.20;9.55;38.23;3058.11;1666.76;-1391.35;0.00
0.24;9.86;41.25;3299.99;1938.92;-1361.07;0.00
0.24;10.54;41.08;3286.51;1994.58;-1291.93;0.00
0.27;11.52;46.84;3747.06;2209.34;-1537.72;0.00
0.24;8.91;44.19;3535.10;1892.86;-1642.23;0.00
0.23;11.06;43.41;3472.63;1914.65;-1557.98;0.00
0.21;8.86;36.93;2954.03;1697.85;-1256.18;0.00
0.24;9.29;48.67;3893.22;1874.21;-2019.01;0.00
0.25;10.71;39.23;3138.16;2041.50;-1096.66;0.00
0.24;11.67;43.53;3482.47;2054.39;-1428.08;0.00
0.24;11.77;42.41;3392.93;2056.46;-1336.47;0.00
0.27;9.12;33.83;2706.56;2077.90;-628.66;0.00
0.24;10.85;44.46;3556.69;2014.23;-1542.46;0.00
0.26;10.87;35.60;2847.75;2089.67;-758.08;0.00
0.27;10.51;39.00;3119.66;2164.05;-955.61;0.00
0.28;11.13;29.59;2367.21;2221.96;-145.25;0.00
0.28;9.27;48.58;3886.76;2114.26;-1772.49;0.00
0.30;10.97;45.16;3612.48;2352.90;-1259.58;0.00
0.22;10.11;41.40;3312.19;1849.10;-1463.09;0.00
0.22;8.22;40.17;3213.96;1702.73;-1511.24;0.00
0.25;9.44;38.78;3102.62;1946.72;-1155.90;0.00
0.24;11.24;54.44;4355.08;2017.28;-2337.80;0.00
0.23;10.40;36.87;2949.38;1918.69;-1030.69;0.00
0.28;10.58;39.84;3186.87;2205.00;-981.87;0.00
0.31;8.00;42.43;3394.54;2250.45;-1144.09;0.00
0.24;10.46;41.04;3283.37;1967.73;-1315.63;0.00
0.25;11.02;37.63;3010.43;2043.57;-966.86;0.00
0.25;10.97;33.97;2717.98;2050.98;-667.01;0.00
0.26;11.30;43.89;3511.39;2110.74;-1400.66;0.00
0.24;12.08;39.95;3195.70;2065.66;-1130.04;0.00
0.22;10.92;46.76;3740.57;1863.09;-1877.48;0.00
0.24;8.44;41.08;3286.09;1848.95;-1437.15;0.00
0.24;9.56;44.28;3542.62;1931.68;-1610.93;0.00
0.28;9.25;42.29;3383.52;2127.16;-1256.36;0.00
0.24;9.74;36.23;2898.68;1907.21;-991.48;0.00
0.23;9.66;46.86;3749.19;1887.19;-1862.00;0.00
0.27;11.38;42.86;3428.88;2211.17;-1217.70;0.00
0.24;9.63;47.17;3773.49;1911.83;-1861.66;0.00
0.26;11.38;35.56;2845.10;2152.37;-692.73;0.00
0.26;9.74;34.51;2761.11;2060.19;-700.92;0.00
0.25;10.15;46.33;3706.60;1990.96;-1715.64;0.00
0.23;10.56;36.50;2919.63;1885.04;-1034.59;0.00
0.24;8.10;39.65;3171.65;1859.63;-1312.02;0.00
0.23;9.09;41.62;3329.29;1829.83;-1499.46;0.00
0.29;11.15;42.19;3375.22;2278.02;-1097.20;0.00
0.24;9.02;40.06;3204.97;1875.97;-1329.01;0.00
0.19;9.07;47.60;3808.21;1598.46;-2209.74;0.00
0.26;10.08;35.68;2854.35;2055.19;-799.16;0.00
0.24;10.52;45.64;3651.44;1970.42;-1681.02;0.00
0.21;10.44;31.96;2556.58;1760.51;-796.06;0.00
0.23;11.08;36.09;2887.09;1968.05;-919.04;0.00
0.29;9.59;46.92;3753.30;2211.84;-1541.47;0.00
0.25;11.13;34.93;2794.64;2045.00;-749.65;0.00
0.25;10.22;33.36;2668.91;1990.31;-678.60;0.00
0.24;10.30;45.11;3609.13;1954.33;-1654.79;0.00
0.25;10.99;44.31;3544.66;2050.63;-1494.04;0.00
0.23;9.92;41.24;3298.96;1864.37;-1434.58;0.00
0.23;10.04;36.41;2912.88;1906.78;-1006.11;0.00
0.24;9.40;52.70;4216.20;1924.63;-2291.57;0.00
0.20;10.26;43.21;3456.99;1713.27;-1743.72;0.00
0.24;10.02;44.67;3573.47;1963.22;-1610.25;0.00
0.28;10.00;38.04;3042.86;2177.69;-865.17;0.00
0.22;11.30;46.14;3691.56;1905.58;-1785.98;0.00
0.28;8.09;45.38;3630.63;2068.13;-1562.50;0.00
0.23;10.57;35.88;2870.25;1904.41;-965.84;0.00
0.25;11.36;30.80;2464.22;2047.15;-417.07;0.00
0.23;9.72;47.66;3812.78;1843.35;-1969.43;0.00
0.22;10.09;35.57;2845.27;1807.03;-1038.24;0.00
0.26;10.17;40.41;3232.66;2040.78;-1191.87;0.00
0.28;8.98;42.73;3418.12;2123.04;-1295.08;0.00
0.27;11.55;34.74;2778.99;2177.09;-601.90;0.00
0.24;11.67;39.48;3158.03;2002.22;-1155.82;0.00
0.25;10.58;38.64;3091.00;2022.90;-1068.10;0.00
0.27;13.77;43.36;3468.87;2302.54;-1166.32;0.00
0.23;9.43;39.75;3180.19;1846.36;-1333.83;0.00
0.24;8.73;42.78;3422.33;1876.77;-1545.56;0.00
0.20;8.97;40.83;3266.78;1632.43;-1634.35;0.00
0.25;9.18;38.36;3068.56;1973.83;-1094.73;0.00
0.23;12.18;37.34;2986.93;1975.42;-1011.51;0.00
0.25;8.17;44.86;3588.95;1893.74;-1695.20;0.00
0.26;12.77;49.79;3983.47;2217.57;-1765.90;0.00
0.26;9.63;47.93;3834.64;2058.97;-1775.67;0.00
0.28;12.24;31.64;2531.23;2321.29;-209.94;0.00
0.20;10.33;45.94;3674.89;1750.31;-1924.58;0.00
0.24;11.57;35.25;2820.25;2038.36;-781.89;0.00
0.30;9.78;45.40;3632.39;2278.92;-1353.47;0.00
0.24;8.85;43.56;3484.42;1881.76;-1602.66;0.00
0.28;11.73;47.63;3810.60;2239.10;-1571.49;0.00
0.25;9.76;38.57;3085.44;1996.29;-1089.15;0.00
0.26;11.39;40.28;3222.14;2107.64;-1114.50;0.00
0.26;10.21;42.97;3437.52;2081.43;-1356.10;0.00
0.25;11.61;37.34;2987.21;2095.69;-891.52;0.00
0.27;10.89;36.88;2950.21;2187.61;-762.60;0.00
0.23;10.60;44.49;3558.82;1914.23;-1644.59;0.00
0.24;11.23;41.19;3295.57;2018.29;-1277.28;0.00
0.25;8.70;38.37;3069.36;1908.41;-1160.95;0.00
0.26;11.13;39.41;3152.78;2114.02;-1038.76;0.00
0.25;10.61;37.77;3022.00;2013.85;-1008.15;0.00
0.23;9.91;48.73;3898.67;1871.31;-2027.36;0.00
0.25;11.68;38.74;3099.34;2097.11;-1002.23;0.00
0.26;10.60;39.59;3166.85;2076.51;-1090.34;0.00
0.23;11.93;41.33;3306.79;1973.16;-1333.63;0.00
0.27;10.15;44.35;3547.68;2137.69;-1409.98;0.00
0.26;7.80;34.59;2767.47;1920.55;-846.92;0.00
0.25;10.78;38.66;3092.40;2055.50;-1036.90;0.00
0.20;9.80;46.11;3688.83;1723.81;-1965.03;0.00
0.24;9.47;35.46;2836.86;1912.27;-924.59;0.00
0.27;10.85;34.59;2767.58;2155.96;-611.62;0.00
0.25;10.00;41.09;3287.33;2018.00;-1269.34;0.00
0.24;10.18;43.15;3452.23;1930.05;-1522.19;0.00
0.22;8.86;42.43;3394.23;1750.33;-1643.90;0.00
0.28;9.16;47.42;3793.42;2101.06;-1692.37;0.00
0.27;8.86;39.59;3166.95;2048.77;-1118.18;0.00
0.22;8.38;47.62;3809.65;1709.21;-2100.44;0.00
0.21;11.34;38.84;3107.06;1842.33;-1264.73;0.00
0.23;9.76;41.08;3286.70;1886.32;-1400.38;0.00
0.21;8.82;35.82;2865.67;1689.64;-1176.03;0.00
0.29;10.10;41.76;3340.78;2209.84;-1130.94;0.00
0.28;10.77;35.79;2863.13;2233.62;-629.51;0.00
0.22;11.21;37.19;2974.86;1904.71;-1070.15;0.00
0.26;9.99;34.55;2763.86;2051.45;-712.41;0.00
0.23;9.70;38.65;3091.97;1876.13;-1215.85;0.00
0.22;11.44;41.03;3282.66;1915.21;-1367.44;0.00
0.30;8.82;46.82;3745.87;2218.55;-1527.32;0.00
0.27;12.24;46.06;3684.84;2211.68;-1473.16;0.00
0.25;9.65;34.16;2732.80;1985.16;-747.64;0.00
0.24;9.09;35.20;2816.17;1909.40;-906.77;0.00
0.27;10.46;33.56;2685.10;2147.10;-538.00;0.00
0.29;8.32;37.29;2983.42;2156.53;-826.89;0.00
0.29;10.55;34.82;2785.92;2276.66;-509.26;0.00
0.22;9.99;30.09;2407.10;1840.96;-566.14;0.00
0.24;11.02;38.95;3115.74;1975.01;-1140.73;0.00
0.26;10.62;42.46;3396.54;2082.22;-1314.32;0.00
0.28;10.84;36.68;2934.45;2206.03;-728.42;0.00
0.24;9.43;39.24;3139.45;1910.63;-1228.83;0.00
0.28;9.51;37.92;3033.21;2125.72;-907.49;0.00
0.26;8.96;52.03;4162.72;1989.79;-2172.93;0.00
0.26;11.52;35.52;2841.66;2154.00;-687.66;0.00
0.26;11.25;47.90;3832.37;2099.40;-1732.97;0.00
0.25;11.00;36.88;2950.67;2049.72;-900.95;0.00
0.23;10.77;37.54;3003.24;1915.67;-1087.57;0.00
0.24;8.76;48.94;3915.45;1878.01;-2037.44;0.00
0.22;10.73;34.51;2760.50;1835.93;-924.57;0.00
0.26;10.00;42.43;3394.71;2076.75;-1317.96;0.00
0.25;9.37;44.21;3537.12;1970.00;-1567.12;0.00
0.21;9.32;42.82;3425.90;1748.95;-1676.95;0.00
0.20;8.90;43.88;3510.58;1628.31;-1882.27;0.00
0.21;10.50;41.32;3305.26;1796.82;-1508.44;0.00
0.27;9.25;44.10;3527.85;2055.54;-1472.31;0.00
0.23;10.69;41.95;3356.24;1909.80;-1446.44;0.00
0.21;12.00;39.65;3172.36;1890.67;-1281.69;0.00
0.25;11.39;28.47;2277.21;2073.99;-203.22;0.00
0.27;10.60;40.35;3228.17;2167.54;-1060.63;0.00
0.21;9.39;33.24;2659.12;1711.91;-947.22;0.00
0.25;10.10;48.92;3913.44;2012.65;-1900.79;0.00
0.19;8.64;42.50;3399.81;1550.83;-1848.98;0.00
0.22;10.79;35.61;2848.65;1863.94;-984.71;0.00
0.24;11.13;43.83;3506.34;2018.54;-1487.80;0.00
0.24;10.92;33.23;2658.55;1995.29;-663.27;0.00
0.18;11.94;45.41;3632.81;1696.64;-1936.17;0.00
0.24;9.22;45.38;3630.05;1916.35;-1713.70;0.00
0.24;9.70;37.81;3024.91;1951.71;-1073.20;0.00
0.27;10.39;47.42;3793.67;2156.63;-1637.04;0.00
0.25;10.35;37.87;3029.42;2014.13;-1015.29;0.00
0.27;9.47;32.48;2598.33;2072.59;-525.74;0.00
0.19;11.94;41.98;3358.51;1761.24;-1597.27;0.00
0.28;9.54;38.86;3108.57;2167.60;-940.97;0.00
0.31;10.28;38.16;3052.87;2347.49;-705.38;0.00
0.26;9.14;35.39;2831.30;2028.85;-802.44;0.00
0.25;10.13;38.71;3096.55;2033.08;-1063.47;0.00
0.23;10.45;43.73;3498.25;1878.05;-1620.20;0.00
0.27;10.02;40.72;3257.80;2102.70;-1155.10;0.00
0.21;10.49;41.63;3330.33;1782.52;-1547.82;0.00
0.25;11.15;39.57;3165.60;2071.83;-1093.77;0.00
0.23;9.01;40.05;3203.95;1837.51;-1366.44;0.00
0.28;10.62;39.29;3143.15;2208.98;-934.17;0.00
0.25;9.73;36.30;2904.19;1973.43;-930.76;0.00
0.28;9.16;35.13;2810.04;2147.58;-662.46;0.00
0.28;10.52;44.13;3530.53;2174.91;-1355.61;0.00
0.25;9.50;39.76;3180.66;1949.08;-1231.57;0.00
0.27;8.14;35.61;2848.62;2014.96;-833.66;0.00
0.25;10.87;36.69;2935.32;2029.77;-905.55;0.00
0.24;8.90;38.10;3048.06;1905.31;-1142.76;0.00
0.26;9.29;43.41;3472.45;2033.92;-1438.53;0.00
0.23;10.10;39.22;3137.82;1887.42;-1250.40;0.00
0.23;11.41;31.31;2504.94;1960.82;-544.12;0.00
0.26;9.17;41.15;3291.91;2002.41;-1289.50;0.00
0.24;12.69;41.66;3332.56;2067.71;-1264.85;0.00
0.26;8.38;35.76;2860.62;1982.01;-878.61;0.00
0.21;12.85;39.64;3171.49;1936.42;-1235.07;0.00
0.25;9.87;40.94;3275.13;1970.18;-1304.95;0.00
0.24;11.49;29.40;2352.20;2022.98;-329.22;0.00
0.23;9.97;36.87;2949.47;1904.62;-1044.84;0.00
0.25;8.18;33.26;2661.04;1875.06;-785.99;0.00
0.24;7.68;38.25;3060.01;1817.09;-1242.92;0.00
0.25;8.42;35.03;2802.53;1923.88;-878.65;0.00
0.25;10.42;37.30;2983.76;2017.81;-965.96;0.00
0.26;9.89;45.43;3634.57;2029.66;-1604.92;0.00
0.27;9.75;41.87;3349.40;2120.31;-1229.09;0.00
0.24;9.65;39.50;3159.64;1903.72;-1255.92;0.00
0.29;8.02;36.35;2908.30;2096.48;-811.82;0.00
0.25;10.72;38.48;3078.69;2038.64;-1040.05;0.00
0.25;9.12;39.61;3168.69;1968.19;-1200.50;0.00
0.22;9.21;39.81;3184.79;1791.19;-1393.60;0.00
0.25;8.28;41.93;3354.11;1894.03;-1460.08;0.00
0.24;10.86;39.47;3157.52;1981.30;-1176.22;0.00
0.25;10.15;32.68;2614.54;2017.31;-597.23;0.00
0.27;10.90;40.37;3229.91;2178.03;-1051.88;0.00
0.29;11.62;33.34;2666.86;2342.12;-324.75;0.00
0.26;9.63;43.14;3451.40;2061.85;-1389.55;0.00
0.26;10.68;50.00;3999.62;2065.08;-1934.54;0.00
0.28;10.78;34.19;2735.02;2222.74;-512.28;0.00
0.23;9.41;45.43;3634.41;1838.93;-1795.48;0.00
0.24;9.70;37.06;2964.47;1917.21;-1047.25;0.00
0.30;10.80;43.00;3440.32;2305.66;-1134.66;0.00
0.21;11.03;35.34;2827.13;1840.48;-986.64;0.00
0.24;10.85;40.78;3262.50;2009.42;-1253.08;0.00
0.23;12.34;43.66;3492.67;1987.39;-1505.28;0.00
0.29;12.66;41.93;3354.59;2348.05;-1006.55;0.00
0.26;11.75;42.25;3379.87;2170.03;-1209.84;0.00
0.20;9.67;43.90;3512.01;1692.60;-1819.41;0.00
0.25;10.66;53.56;4284.82;2060.30;-2224.52;0.00
0.28;11.64;46.99;3759.29;2234.60;-1524.70;0.00
0.21;10.57;40.13;3210.62;1794.10;-1416.52;0.00
0.21;10.98;41.38;3310.43;1805.08;-1505.35;0.00
0.26;9.16;40.41;3232.81;2002.10;-1230.71;0.00
0.22;8.51;42.55;3404.27;1754.26;-1650.01;0.00
0.25;8.87;46.28;3702.40;1934.92;-1767.48;0.00
0.23;11.56;47.30;3783.78;1939.57;-1844.21;0.00
0.25;10.44;45.44;3634.88;2030.98;-1603.90;0.00
0.28;9.25;41.50;3320.26;2113.41;-1206.85;0.00
0.23;12.21;43.05;3443.91;2026.49;-1417.42;0.00
0.23;8.03;41.70;3335.83;1778.37;-1557.47;0.00
0.26;8.89;37.00;2960.12;1979.42;-980.70;0.00
0.25;11.03;32.20;2576.37;2033.27;-543.11;0.00
0.26;9.21;35.14;2811.35;2012.56;-798.79;0.00
0.29;9.38;40.91;3272.55;2173.16;-1099.39;0.00
0.21;9.95;42.14;3371.35;1778.44;-1592.90;0.00
0.26;11.40;45.19;3615.58;2160.26;-1455.32;0.00
0.29;10.78;47.03;3762.76;2296.55;-1466.21;0.00
0.23;8.65;46.21;3696.43;1830.97;-1865.46;0.00
0.24;9.66;38.98;3118.22;1947.44;-1170.77;0.00
0.25;9.11;36.82;2945.50;1951.51;-993.98;0.00
0.27;7.40;37.93;3034.18;1969.39;-1064.78;0.00
0.20;10.59;33.99;2719.02;1744.88;-974.14;0.00
0.22;10.33;36.98;2958.65;1847.05;-1111.59;0.00
0.27;12.34;31.83;2546.77;2246.41;-300.36;0.00
0.25;8.43;42.88;3430.58;1901.20;-1529.38;0.00
0.28;12.02;45.34;3627.18;2300.07;-1327.11;0.00
0.29;10.84;37.39;2991.26;2275.26;-715.99;0.00
0.24;10.52;46.99;3758.93;1952.65;-1806.28;0.00
0.24;9.67;38.25;3060.26;1920.60;-1139.66;0.00
0.28;13.09;36.63;2930.14;2313.74;-616.41;0.00
0.25;9.55;33.12;2649.98;1987.67;-662.31;0.00
0.25;10.50;40.82;3265.28;2019.52;-1245.77;0.00
0.23;8.87;45.31;3625.05;1800.52;-1824.53;0.00
0.27;11.37;41.11;3289.09;2168.89;-1120.19;0.00
0.24;11.61;39.46;3157.01;2042.73;-1114.28;0.00
0.24;10.67;38.94;3115.55;1965.12;-1150.43;0.00
0.26;10.03;41.40;3312.36;2037.18;-1275.18;0.00
0.26;9.22;34.27;2741.24;1988.15;-753.09;0.00
0.31;10.12;45.26;3620.94;2354.26;-1266.69;0.00
0.21;9.44;42.35;3388.24;1755.78;-1632.46;0.00
0.25;9.15;38.41;3073.13;1954.13;-1119.01;0.00
0.28;9.84;41.29;3302.88;2189.71;-1113.17;0.00
0.27;9.47;44.19;3535.22;2093.41;-1441.81;0.00
0.25;10.48;36.69;2935.59;2005.79;-929.80;0.00
0.24;12.17;41.50;3319.65;2048.70;-1270.95;0.00
0.24;9.51;43.17;3453.87;1900.80;-1553.06;0.00
0.26;10.42;44.64;3570.95;2098.10;-1472.85;0.00
0.30;10.10;38.34;3066.88;2315.43;-751.45;0.00
0.26;10.03;40.12;3209.28;2069.58;-1139.70;0.00
0.24;9.03;49.22;3937.27;1874.92;-2062.34;0.00
0.25;10.25;45.19;3615.25;1983.87;-1631.38;0.00
0.28;9.14;34.20;2735.76;2155.28;-580.48;0.00
0.26;11.50;42.38;3390.67;2163.85;-1226.82;0.00
0.25;8.61;40.58;3246.36;1946.93;-1299.44;0.00
0.28;11.50;44.91;3593.12;2252.83;-1340.29;0.00
0.25;12.57;37.46;2996.70;2161.42;-835.28;0.00
0.23;11.53;33.08;2646.26;1985.38;-660.89;0.00
0.23;8.41;41.36;3309.13;1786.43;-1522.70;0.00
0.26;8.34;40.99;3279.57;1983.78;-1295.79;0.00
0.24;9.91;39.93;3194.56;1939.40;-1255.15;0.00
0.27;9.64;41.35;3308.06;2078.09;-1229.97;0.00
0.27;10.48;34.98;2798.31;2135.80;-662.51;0.00
0.27;10.56;33.24;2659.25;2135.36;-523.89;0.00
0.24;9.43;43.85;3507.86;1891.29;-1616.57;0.00
0.27;11.34;38.78;3102.04;2187.73;-914.31;0.00
0.28;9.61;28.32;2265.63;2176.24;-89.39;0.00
0.23;9.14;36.91;2953.12;1858.08;-1095.03;0.00
0.26;9.81;35.04;2803.05;2059.20;-743.85;0.00
0.27;10.98;36.18;2894.11;2195.36;-698.75;0.00
0.28;9.63;36.07;2885.53;2129.23;-756.30;0.00
0.22;9.97;41.08;3286.22;1800.98;-1485.24;0.00
0.26;9.83;46.40;3711.64;2030.62;-1681.02;0.00
0.22;9.21;44.58;3566.16;1787.68;-1778.49;0.00
0.27;10.38;37.98;3038.34;2143.86;-894.49;0.00
0.32;9.41;38.86;3108.90;2348.09;-760.82;0.00
