# X_0;X_1;X_2;R_0;S_0;G_0;I_0
0.23;10.73;42.48;3398.76;1928.88;-1469.87;0.00
0.24;9.87;42.03;3362.53;1925.55;-1436.98;0.00
0.24;8.98;36.91;2953.15;1877.51;-1075.64;0.00
0.19;8.43;33.42;2673.39;1585.32;-1088.07;0.00
0.23;9.57;38.43;3074.06;1853.85;-1220.21;0.00
0.24;11.08;44.96;3596.42;1974.93;-1621.49;0.00
0.26;9.88;33.43;2674.19;2027.01;-647.18;0.00
0.25;8.97;27.99;2238.99;1958.24;-280.75;0.00
0.24;8.33;39.75;3180.06;1852.18;-1327.88;0.00
0.26;9.91;31.29;2503.52;2077.03;-426.49;0.00
0.25;9.19;35.19;2815.16;1971.02;-844.14;0.00
0.22;9.72;45.21;3616.86;1822.91;-1793.95;0.00
0.21;11.53;36.11;2888.77;1838.43;-1050.34;0.00
0.23;11.36;46.54;3723.34;1977.92;-1745.41;0.00
0.28;11.85;39.96;3196.71;2247.33;-949.38;0.00
0.24;11.24;38.36;3068.79;1997.29;-1071.50;0.00
0.22;9.37;40.32;3225.46;1770.46;-1455.00;0.00
0.22;11.27;41.34;3307.37;1895.66;-1411.72;0.00
0.21;12.81;40.98;3278.66;1931.97;-1346.70;0.00
0.25;10.22;43.17;3453.91;2014.97;-1438.94;0.00
0.26;9.85;48.99;3919.16;2059.51;-1859.65;0.00
0.24;9.27;39.10;3127.61;1893.70;-1233.91;0.00
0.25;8.29;38.48;3078.30;1897.76;-1180.55;0.00
0.25;10.48;25.34;2026.94;2023.04;-3.91;0.00
0.25;10.79;44.50;3559.67;2068.32;-1491.35;0.00
0.28;11.34;44.94;3594.92;2268.72;-1326.20;0.00
0.23;10.67;46.67;3733.55;1898.12;-1835.43;0.00
0.23;10.54;42.10;3368.19;1889.45;-1478.74;0.00
0.22;10.80;34.22;2737.97;1862.19;-875.77;0.00
0.25;10.22;40.46;3237.11;2023.33;-1213.77;0.00
0.26;9.52;39.73;3178.68;2020.96;-1157.72;0.00
0.25;10.07;40.05;3204.21;2025.21;-1179.00;0.00
0.23;9.98;35.03;2802.74;1856.54;-946.20;0.00
0.27;11.36;40.64;3250.89;2163.43;-1087.46;0.00
0.27;11.34;33.25;2659.67;2201.55;-458.13;0.00
0.25;10.35;45.79;3663.54;2022.12;-1641.42;0.00
0.25;9.07;45.72;3657.27;1975.60;-1681.67;0.00
0.23;10.10;32.33;2586.42;1880.63;-705.79;0.00
0.26;10.21;46.38;3710.07;2082.56;-1627.51;0.00
0.26;10.78;40.26;3220.60;2126.46;-1094.14;0.00
0.19;9.74;43.01;3440.74;1646.32;-1794.42;0.00
0.23;10.75;32.89;2630.84;1900.04;-730.80;0.00
0.28;7.92;36.32;2905.79;2059.36;-846.43;0.00
0.30;12.40;33.76;2700.46;2417.78;-282.68;0.00
0.25;10.63;45.41;3632.86;2055.70;-1577.16;0.00
0.26;10.04;43.41;3472.76;2057.84;-1414.92;0.00
0.26;9.40;39.10;3128.18;2012.88;-1115.30;0.00
0.25;9.18;42.10;3367.98;1966.60;-1401.38;0.00
0.30;13.10;37.34;2987.55;2453.85;-533.70;0.00
0.21;8.73;44.51;3560.71;1718.24;-1842.47;0.00
0.22;11.34;46.01;3681.06;1910.06;-1771.00;0.00
0.26;11.51;43.40;3472.16;2120.30;-1351.85;0.00
0.30;11.64;36.53;2922.22;2361.27;-560.95;0.00
0.26;11.22;41.89;3351.09;2138.07;-1213.02;0.00
0.23;12.01;42.62;3409.46;2012.48;-1396.97;0.00
0.25;8.63;42.75;3419.96;1932.59;-1487.37;0.00
0.26;10.10;39.18;3134.48;2037.90;-1096.58;0.00
0.25;9.20;41.47;3317.92;1965.37;-1352.55;0.00
0.25;10.64;35.37;2829.32;2011.64;-817.68;0.00
0.26;7.86;45.30;3624.02;1912.66;-1711.36;0.00
0.26;10.29;44.07;3525.80;2099.04;-1426.76;0.00
0.23;9.95;41.47;3317.25;1867.95;-1449.30;0.00
0.29;10.93;41.63;3330.05;2281.19;-1048.86;0.00
0.29;8.37;36.88;2950.19;2132.74;-817.45;0.00
0.20;8.60;40.37;3229.58;1613.76;-1615.82;0.00
0.27;11.06;39.88;3190.52;2166.57;-1023.95;0.00
0.25;11.22;40.23;3218.55;2042.79;-1175.76;0.00
0.24;7.89;41.66;3332.87;1820.18;-1512.70;0.00
0.30;9.70;41.25;3300.27;2252.34;-1047.93;0.00
0.22;8.55;33.81;2705.16;1772.86;-932.30;0.00
0.21;9.97;42.02;3361.27;1741.22;-1620.05;0.00
0.15;10.13;38.46;3076.43;1425.05;-1651.37;0.00
0.23;8.50;44.40;3551.92;1793.12;-1758.80;0.00
0.26;9.69;44.03;3522.13;2067.64;-1454.49;0.00
0.25;10.84;37.43;2994.32;2031.25;-963.07;0.00
0.29;9.03;42.69;3415.42;2154.15;-1261.27;0.00
0.24;9.73;37.65;3012.30;1922.55;-1089.75;0.00
0.22;7.87;40.97;3277.88;1698.52;-1579.36;0.00
0.24;8.31;41.35;3307.85;1828.42;-1479.44;0.00
0.25;10.47;39.73;3178.51;2022.14;-1156.37;0.00
0.26;10.99;32.86;2628.68;2109.66;-519.03;0.00
0.28;10.52;47.16;3773.04;2228.38;-1544.66;0.00
0.24;7.29;49.38;3950.42;1784.99;-2165.43;0.00
0.24;9.77;38.24;3058.87;1933.15;-1125.71;0.00
0.26;11.51;49.53;3962.19;2125.45;-1836.73;0.00
0.26;10.43;42.05;3363.82;2051.00;-1312.82;0.00
0.29;9.72;43.29;3463.44;2239.76;-1223.68;0.00
0.28;10.90;36.18;2894.07;2216.17;-677.91;0.00
0.31;9.97;38.24;3059.58;2368.47;-691.11;0.00
0.27;9.46;40.71;3256.97;2100.65;-1156.31;0.00
0.24;11.54;43.65;3491.98;2026.09;-1465.88;0.00
0.27;10.40;35.63;2850.50;2129.91;-720.59;0.00
0.25;9.16;28.51;2280.92;1941.61;-339.30;0.00
0.27;9.46;41.17;3293.93;2068.31;-1225.61;0.00
0.23;8.27;40.90;3272.15;1787.26;-1484.89;0.00
0.22;9.13;30.39;2430.93;1797.71;-633.22;0.00
0.26;10.11;43.85;3508.34;2060.27;-1448.07;0.00
0.21;11.51;48.37;3869.27;1862.09;-2007.19;0.00
0.27;12.23;43.15;3451.82;2236.08;-1215.74;0.00
0.28;10.81;37.33;2986.18;2211.09;-775.10;0.00
0.23;12.03;34.71;2777.10;1967.08;-810.02;0.00
0.27;10.09;43.11;3449.05;2111.66;-1337.39;0.00
0.26;10.60;48.95;3916.16;2114.25;-1801.91;0.00
0.27;9.78;44.40;3552.12;2095.14;-1456.98;0.00
0.26;9.24;39.94;3195.59;2031.98;-1163.60;0.00
0.24;9.57;43.72;3497.87;1888.26;-1609.61;0.00
0.22;10.74;37.76;3021.02;1865.90;-1155.12;0.00
0.24;10.77;34.77;2781.49;1970.35;-811.14;0.00
0.23;10.30;43.97;3517.66;1904.02;-1613.64;0.00
0.23;10.72;41.42;3313.44;1934.51;-1378.92;0.00
0.27;11.76;38.09;3047.48;2214.91;-832.58;0.00
0.23;8.27;38.78;3102.56;1792.81;-1309.75;0.00
0.23;10.50;36.30;2903.87;1902.12;-1001.75;0.00
0.25;10.32;39.34;3147.58;2023.08;-1124.50;0.00
0.26;10.29;49.48;3958.38;2075.33;-1883.05;0.00
0.27;10.76;38.83;3106.22;2129.12;-977.10;0.00
0.20;11.73;39.40;3151.89;1778.01;-1373.89;0.00
0.31;9.79;33.25;2659.66;2308.33;-351.33;0.00
0.19;11.68;47.74;3819.20;1718.75;-2100.44;0.00
0.22;6.81;39.57;3165.28;1667.13;-1498.15;0.00
0.26;9.24;43.39;3471.29;2029.28;-1442.01;0.00
0.23;9.84;40.40;3232.26;1897.68;-1334.58;0.00
0.23;9.99;36.05;2884.05;1879.13;-1004.92;0.00
0.25;8.65;42.14;3370.95;1912.14;-1458.82;0.00
0.22;10.53;33.26;2660.53;1876.02;-784.51;0.00
0.21;10.01;42.40;3392.08;1763.20;-1628.88;0.00
0.24;10.70;39.35;3148.14;2005.96;-1142.18;0.00
0.26;11.48;44.38;3550.41;2150.37;-1400.04;0.00
0.28;10.67;41.60;3328.14;2218.38;-1109.77;0.00
0.25;9.45;47.18;3774.59;1959.45;-1815.14;0.00
0.29;9.97;40.81;3264.82;2221.79;-1043.03;0.00
0.28;9.09;35.91;2872.81;2127.08;-745.74;0.00
0.24;10.88;39.87;3189.87;1981.22;-1208.65;0.00
0.25;10.01;43.22;3457.97;1972.48;-1485.50;0.00
0.25;10.33;40.40;3232.03;2035.26;-1196.77;0.00
0.27;9.46;31.42;2513.63;2108.26;-405.38;0.00
0.27;8.81;35.94;2875.06;2034.11;-840.94;0.00
0.27;9.86;37.39;2991.24;2113.28;-877.95;0.00
0.21;10.59;34.93;2794.58;1808.72;-985.86;0.00
0.22;9.53;37.16;2972.96;1823.41;-1149.55;0.00
0.24;10.90;37.49;2999.26;1965.16;-1034.09;0.00
0.28;10.19;37.27;2981.23;2191.09;-790.14;0.00
0.29;8.97;38.74;3099.05;2185.58;-913.47;0.00
0.29;9.58;38.43;3074.16;2211.01;-863.15;0.00
0.24;9.55;46.14;3691.48;1931.56;-1759.93;0.00
0.28;9.14;43.41;3472.96;2122.62;-1350.34;0.00
0.26;9.27;38.10;3047.65;2034.99;-1012.66;0.00
0.23;9.96;36.43;2914.03;1881.16;-1032.87;0.00
0.20;9.31;39.49;3158.91;1673.89;-1485.02;0.00
0.26;10.57;36.15;2892.34;2078.91;-813.43;0.00
0.23;9.71;46.82;3745.20;1865.27;-1879.93;0.00
0.24;10.73;46.09;3687.35;1959.05;-1728.30;0.00
0.25;10.45;37.05;2964.14;2022.37;-941.77;0.00
0.26;10.70;35.29;2823.18;2082.39;-740.80;0.00
0.26;11.17;33.39;2670.81;2146.90;-523.91;0.00
0.32;9.90;34.11;2728.81;2386.79;-342.02;0.00
0.28;10.26;36.01;2880.85;2167.21;-713.64;0.00
0.31;11.92;40.60;3248.13;2430.86;-817.27;0.00
0.25;8.53;36.88;2950.55;1899.07;-1051.48;0.00
0.24;9.15;42.98;3438.06;1875.48;-1562.58;0.00
0.25;10.68;40.70;3255.97;2024.12;-1231.85;0.00
0.26;10.63;31.33;2506.51;2097.55;-408.96;0.00
0.22;10.66;40.77;3261.51;1870.73;-1390.78;0.00
0.26;10.26;39.73;3178.64;2044.91;-1133.73;0.00
0.25;8.64;37.74;3019.17;1941.59;-1077.57;0.00
0.29;10.80;41.72;3337.82;2262.40;-1075.42;0.00
0.24;10.06;44.18;3534.12;1958.65;-1575.48;0.00
0.25;11.21;33.90;2711.67;2076.64;-635.03;0.00
0.30;9.91;36.81;2944.65;2258.64;-686.01;0.00
0.22;8.90;37.00;2960.10;1767.67;-1192.42;0.00
0.24;7.60;36.05;2883.91;1788.70;-1095.21;0.00
0.22;10.38;36.79;2943.07;1818.89;-1124.19;0.00
0.24;9.64;32.61;2608.86;1901.65;-707.21;0.00
0.25;8.09;35.59;2847.16;1910.01;-937.15;0.00
0.23;9.65;27.23;2178.11;1868.46;-309.65;0.00
0.25;9.53;35.57;2845.93;1965.18;-880.76;0.00
0.24;9.23;48.48;3878.42;1921.26;-1957.16;0.00
0.28;10.41;43.96;3516.71;2176.99;-1339.72;0.00
0.27;8.48;37.24;2979.59;2035.36;-944.22;0.00
0.23;11.20;42.66;3412.46;1953.61;-1458.85;0.00
0.25;11.05;36.67;2933.93;2031.95;-901.98;0.00
0.26;10.44;38.83;3106.14;2083.79;-1022.35;0.00
0.24;9.27;40.98;3278.53;1874.44;-1404.08;0.00
0.23;11.03;38.84;3107.39;1937.26;-1170.13;0.00
0.26;9.97;38.04;3043.13;2075.80;-967.33;0.00
0.26;10.01;41.63;3330.08;2033.30;-1296.78;0.00
0.22;8.95;46.55;3724.07;1737.23;-1986.84;0.00
0.25;9.28;39.04;3123.33;1949.97;-1173.36;0.00
0.24;9.11;41.60;3327.76;1901.32;-1426.44;0.00
0.27;9.99;44.76;3580.99;2140.95;-1440.05;0.00
0.24;11.64;35.91;2873.05;2010.03;-863.03;0.00
0.24;10.71;40.55;3243.95;1982.82;-1261.13;0.00
0.25;10.66;44.10;3527.72;2020.27;-1507.45;0.00
0.23;8.86;45.76;3660.50;1829.91;-1830.58;0.00
0.28;10.35;38.22;3057.51;2179.88;-877.63;0.00
0.19;12.02;39.11;3128.56;1733.05;-1395.51;0.00
0.28;11.78;37.71;3016.63;2286.13;-730.50;0.00
0.26;11.14;39.69;3175.36;2124.39;-1050.97;0.00
0.28;12.52;42.07;3365.59;2293.59;-1072.00;0.00
0.27;9.20;46.52;3721.63;2047.08;-1674.54;0.00
0.24;9.10;46.47;3717.45;1906.05;-1811.39;0.00
0.23;7.82;40.33;3226.70;1735.57;-1491.14;0.00
0.22;9.15;34.85;2788.05;1789.43;-998.62;0.00
0.27;9.86;45.90;3671.95;2080.42;-1591.52;0.00
0.27;10.68;39.07;3125.92;2130.73;-995.18;0.00
0.23;11.04;41.88;3350.14;1958.62;-1391.52;0.00
0.21;10.96;39.98;3198.45;1793.55;-1404.91;0.00
0.25;9.74;36.40;2911.96;1961.05;-950.91;0.00
0.27;10.46;42.64;3411.31;2123.69;-1287.63;0.00
0.24;10.72;37.68;3014.19;2005.62;-1008.57;0.00
0.22;10.72;38.34;3067.38;1853.00;-1214.38;0.00
0.25;9.50;33.99;2718.99;1942.53;-776.47;0.00
0.25;9.61;43.25;3460.23;1985.38;-1474.85;0.00
0.27;8.94;44.07;3525.89;2076.39;-1449.50;0.00
0.23;9.07;43.75;3499.62;1843.57;-1656.05;0.00
0.24;9.24;40.04;3203.44;1902.96;-1300.48;0.00
0.27;10.17;37.70;3016.15;2128.39;-887.76;0.00
0.25;10.83;35.80;2863.98;2063.43;-800.55;0.00
0.24;10.29;36.73;2938.68;1947.54;-991.14;0.00
0.28;9.96;36.00;2879.61;2191.42;-688.19;0.00
0.28;10.73;34.75;2779.85;2212.39;-567.46;0.00
0.27;9.63;39.27;3141.85;2083.88;-1057.97;0.00
0.25;10.68;36.91;2952.63;2042.20;-910.42;0.00
0.29;10.44;38.88;3110.18;2261.63;-848.55;0.00
0.22;11.43;42.17;3373.78;1879.50;-1494.28;0.00
0.25;8.81;42.18;3374.24;1930.48;-1443.76;0.00
0.25;8.79;41.65;3332.37;1916.58;-1415.78;0.00
0.21;11.31;34.90;2792.13;1821.09;-971.04;0.00
0.24;11.63;47.63;3810.61;2043.51;-1767.10;0.00
0.28;9.57;37.79;3023.22;2143.03;-880.19;0.00
0.20;8.80;42.53;3402.23;1620.19;-1782.04;0.00
0.21;11.82;31.69;2535.39;1850.43;-684.96;0.00
0.23;11.97;41.95;3356.20;1984.74;-1371.46;0.00
0.23;11.63;37.28;2982.36;1968.98;-1013.38;0.00
0.24;10.04;38.99;3119.53;1965.86;-1153.66;0.00
0.27;8.76;40.27;3221.30;2069.84;-1151.46;0.00
0.23;9.04;37.42;2993.49;1842.40;-1151.09;0.00
0.23;8.92;40.74;3259.37;1817.93;-1441.45;0.00
0.28;11.38;30.76;2461.20;2260.08;-201.12;0.00
0.27;10.12;40.89;3271.29;2134.66;-1136.63;0.00
0.25;9.70;37.75;3019.61;2003.87;-1015.75;0.00
0.20;9.14;45.73;3658.42;1682.87;-1975.56;0.00
0.26;10.52;35.35;2828.36;2066.08;-762.28;0.00
0.32;9.79;39.18;3134.60;2386.62;-747.98;0.00
0.25;12.05;37.83;3026.27;2109.41;-916.85;0.00
0.30;10.67;36.67;2933.79;2313.39;-620.40;0.00
0.23;8.53;38.78;3102.29;1816.38;-1285.91;0.00
0.23;10.63;39.61;3169.16;1932.87;-1236.29;0.00
0.26;8.93;40.22;3217.54;1988.40;-1229.13;0.00
0.22;8.43;40.54;3243.17;1750.86;-1492.31;0.00
0.28;9.73;44.60;3567.93;2155.80;-1412.13;0.00
0.22;9.98;42.62;3409.91;1794.17;-1615.74;0.00
0.29;8.88;34.14;2731.26;2173.34;-557.92;0.00
0.23;9.29;41.11;3288.44;1841.17;-1447.27;0.00
0.23;10.80;26.53;2122.38;1917.84;-204.53;0.00
0.22;9.78;41.71;3336.80;1813.47;-1523.33;0.00
0.26;10.51;41.07;3285.80;2109.46;-1176.34;0.00
0.24;9.25;41.74;3339.06;1885.28;-1453.78;0.00
0.27;9.21;38.88;3110.14;2056.46;-1053.68;0.00
0.26;11.71;39.68;3174.38;2176.63;-997.74;0.00
0.23;9.55;40.32;3225.35;1876.72;-1348.63;0.00
0.31;11.20;30.61;2449.10;2398.32;-50.78;0.00
0.24;9.91;38.98;3118.21;1957.32;-1160.89;0.00
0.27;10.08;37.98;3038.62;2090.89;-947.73;0.00
0.22;10.38;37.14;2971.56;1852.46;-1119.09;0.00
0.20;11.57;36.79;2942.84;1785.70;-1157.14;0.00
0.23;9.76;51.82;4145.73;1869.50;-2276.23;0.00
0.26;10.91;32.24;2579.36;2098.22;-481.14;0.00
0.27;9.07;45.91;3672.98;2089.12;-1583.87;0.00
0.25;9.15;35.29;2823.11;1943.38;-879.73;0.00
0.24;9.71;40.31;3224.63;1942.13;-1282.50;0.00
0.25;9.85;35.73;2858.04;1989.58;-868.46;0.00
0.24;11.40;39.09;3127.47;2001.09;-1126.39;0.00
0.26;12.01;38.43;3074.30;2150.50;-923.80;0.00
0.26;9.90;41.62;3329.69;2070.09;-1259.60;0.00
0.22;11.11;45.44;3634.91;1894.30;-1740.61;0.00
0.28;10.68;41.99;3359.45;2232.82;-1126.63;0.00
0.24;9.68;37.48;2998.01;1927.91;-1070.09;0.00
0.26;9.75;40.42;3233.56;2036.40;-1197.16;0.00
0.26;10.98;37.25;2980.40;2084.32;-896.07;0.00
0.23;9.67;41.19;3295.47;1868.91;-1426.56;0.00
0.25;11.52;41.82;3345.22;2071.45;-1273.77;0.00
0.25;8.82;30.45;2436.04;1933.15;-502.90;0.00
0.25;9.83;43.28;3462.20;1986.19;-1476.01;0.00
0.23;11.29;40.67;3253.74;1945.41;-1308.33;0.00
0.20;12.16;42.64;3411.18;1815.24;-1595.93;0.00
0.28;11.65;39.63;3170.32;2271.41;-898.92;0.00
0.22;10.44;45.46;3637.17;1849.33;-1787.84;0.00
0.25;10.91;45.19;3615.33;2019.77;-1595.56;0.00
0.28;8.66;31.88;2550.36;2093.60;-456.76;0.00
0.27;12.74;36.90;2952.28;2240.92;-711.36;0.00
0.26;10.32;48.04;3843.37;2074.29;-1769.08;0.00
0.22;9.96;45.81;3664.78;1841.13;-1823.65;0.00
0.24;9.75;40.56;3245.19;1927.11;-1318.08;0.00
0.27;10.55;36.78;2942.39;2120.88;-821.50;0.00
0.27;9.74;41.95;3355.84;2114.18;-1241.65;0.00
0.26;8.54;43.67;3493.51;1970.30;-1523.21;0.00
0.22;9.90;40.05;3203.81;1802.01;-1401.80;0.00
0.24;12.46;38.09;3047.44;2084.10;-963.34;0.00
0.25;12.03;45.51;3641.17;2095.20;-1545.97;0.00
0.23;9.16;40.28;3222.25;1862.46;-1359.79;0.00
0.26;9.67;34.24;2739.12;2044.46;-694.66;0.00
0.18;9.95;42.86;3428.94;1571.79;-1857.15;0.00
0.23;10.11;49.99;3999.58;1864.05;-2135.53;0.00
0.19;9.71;38.07;3045.56;1604.18;-1441.38;0.00
0.23;11.10;39.34;3147.27;1953.70;-1193.57;0.00
0.25;9.13;45.81;3664.86;1967.54;-1697.31;0.00
0.24;11.51;41.40;3312.22;2023.26;-1288.96;0.00
0.28;11.48;38.34;3067.41;2237.82;-829.59;0.00
0.26;8.66;39.33;3146.74;1956.71;-1190.02;0.00
0.24;10.67;47.85;3827.96;1993.06;-1834.89;0.00
0.29;10.17;40.08;3206.29;2255.19;-951.10;0.00
0.25;9.65;53.25;4260.27;2007.30;-2252.96;0.00
0.21;9.72;40.37;3229.73;1734.13;-1495.60;0.00
0.26;9.15;46.57;3725.40;2030.23;-1695.17;0.00
0.26;9.90;35.03;2802.44;2051.48;-750.96;0.00
0.26;9.52;36.35;2907.90;2056.80;-851.11;0.00
0.23;9.17;40.78;3262.39;1814.94;-1447.45;0.00
0.24;9.92;39.15;3132.28;1932.84;-1199.44;0.00
0.21;10.31;42.74;3418.91;1806.98;-1611.93;0.00
0.21;10.52;46.92;3753.84;1796.74;-1957.10;0.00
0.23;11.10;31.73;2538.40;1935.36;-603.04;0.00
0.24;12.70;30.33;2426.56;2085.72;-340.84;0.00
0.27;10.90;49.58;3966.57;2140.61;-1825.96;0.00
0.27;10.95;41.86;3348.89;2158.79;-1190.10;0.00
0.24;11.96;47.15;3771.93;2057.53;-1714.39;0.00
0.25;12.22;44.32;3545.58;2095.61;-1449.97;0.00
0.25;8.82;38.64;3091.42;1933.81;-1157.61;0.00
0.24;11.08;42.85;3427.70;1991.71;-1435.98;0.00
0.21;9.13;43.05;3444.05;1724.63;-1719.42;0.00
0.27;9.14;39.63;3170.10;2064.27;-1105.82;0.00
0.25;10.94;35.05;2803.62;2053.32;-750.30;0.00
0.27;9.57;36.77;2941.73;2072.40;-869.33;0.00
0.27;9.53;34.09;2727.54;2106.48;-621.06;0.00
0.24;9.96;47.05;3763.82;1954.85;-1808.97;0.00
0.27;10.91;48.81;3905.03;2183.97;-1721.06;0.00
0.23;11.98;41.78;3342.39;2011.78;-1330.61;0.00
0.23;12.31;39.93;3194.31;2024.83;-1169.48;0.00
0.22;10.54;37.30;2983.65;1873.40;-1110.25;0.00
0.22;12.34;35.83;2866.36;1936.17;-930.19;0.00
0.24;8.71;38.10;3048.26;1879.29;-1168.97;0.00
0.28;8.69;45.41;3632.42;2098.12;-1534.30;0.00
0.19;10.50;35.86;2868.87;1692.42;-1176.44;0.00
0.26;11.25;41.55;3324.15;2148.60;-1175.55;0.00
0.29;9.41;31.78;2542.59;2206.74;-335.85;0.00
0.24;12.29;43.84;3506.87;2061.04;-1445.82;0.00
0.24;10.36;39.73;3178.64;1949.89;-1228.75;0.00
0.24;9.91;38.04;3042.86;1920.53;-1122.34;0.00
0.27;9.77;39.33;3146.56;2104.26;-1042.30;0.00
0.28;8.45;42.70;3416.26;2097.81;-1318.44;0.00
0.30;11.02;43.89;3511.45;2368.01;-1143.44;0.00
0.25;10.43;43.02;3441.83;2001.48;-1440.35;0.00
0.27;12.23;40.36;3228.41;2231.67;-996.74;0.00
0.25;11.55;37.90;3032.11;2076.95;-955.16;0.00
0.29;10.45;46.61;3729.12;2239.42;-1489.71;0.00
0.22;12.80;42.64;3411.43;1982.13;-1429.30;0.00
0.22;9.56;34.70;2775.91;1805.63;-970.28;0.00
0.24;9.57;30.96;2476.82;1919.98;-556.83;0.00
0.32;12.30;41.54;3323.30;2539.53;-783.77;0.00
0.22;9.67;39.71;3177.14;1779.65;-1397.49;0.00
0.24;8.73;43.30;3464.40;1880.53;-1583.86;0.00
0.27;10.89;43.05;3444.03;2159.88;-1284.15;0.00
0.28;10.40;46.70;3735.63;2211.50;-1524.13;0.00
0.24;10.99;41.92;3353.96;1970.40;-1383.57;0.00
0.23;11.48;49.17;3933.44;1935.70;-1997.74;0.00
0.30;9.01;41.74;3339.10;2238.77;-1100.33;0.00
0.25;10.68;36.64;2931.10;2059.19;-871.90;0.00
0.26;9.88;40.49;3239.34;2057.86;-1181.48;0.00
0.26;10.02;46.95;3755.60;2052.43;-1703.17;0.00
0.25;9.53;47.94;3835.51;1986.08;-1849.43;0.00
0.24;9.21;41.07;3285.96;1881.13;-1404.83;0.00
0.26;9.32;31.95;2555.79;2042.20;-513.59;0.00
0.23;9.82;44.57;3565.69;1883.45;-1682.24;0.00
0.25;9.64;42.87;3429.79;2003.32;-1426.46;0.00
0.32;10.25;37.58;3006.24;2425.86;-580.38;0.00
0.24;12.24;39.19;3135.13;2088.75;-1046.38;0.00
0.28;9.46;41.72;3337.79;2147.89;-1189.90;0.00
0.30;7.84;39.92;3193.66;2157.09;-1036.56;0.00
0.29;7.50;37.48;2998.72;2082.88;-915.85;0.00
0.21;11.88;39.54;3162.89;1849.86;-1313.04;0.00
0.23;9.65;44.37;3549.72;1861.62;-1688.10;0.00
0.26;11.20;41.92;3353.27;2137.34;-1215.93;0.00
0.27;10.08;39.88;3190.49;2105.67;-1084.82;0.00
0.26;9.69;43.24;3458.81;2047.95;-1410.86;0.00
0.29;10.17;28.94;2314.98;2262.51;-52.47;0.00
0.25;10.41;36.87;2949.74;2018.01;-931.73;0.00
0.23;11.35;37.01;2960.96;1959.87;-1001.09;0.00
0.27;9.33;42.45;3396.17;2103.22;-1292.95;0.00
0.28;8.54;39.27;3141.72;2100.85;-1040.88;0.00
0.22;10.29;42.87;3429.56;1861.27;-1568.29;0.00
0.23;9.38;42.15;3371.81;1870.77;-1501.04;0.00
0.28;8.06;40.93;3274.47;2082.17;-1192.30;0.00
0.24;10.82;46.11;3688.64;1966.97;-1721.68;0.00
0.26;9.58;31.62;2529.65;2053.90;-475.75;0.00
0.25;8.41;45.61;3648.44;1890.08;-1758.36;0.00
0.24;9.56;42.55;3404.28;1900.37;-1503.90;0.00
0.30;11.00;33.50;2679.95;2368.22;-311.74;0.00
0.26;10.94;38.77;3101.99;2116.76;-985.23;0.00
0.26;11.48;45.28;3622.40;2113.74;-1508.66;0.00
0.28;10.25;38.60;3087.83;2164.57;-923.26;0.00
0.30;12.32;41.16;3293.07;2442.72;-850.35;0.00
0.26;10.52;39.46;3156.74;2067.13;-1089.60;0.00
0.22;10.85;34.64;2771.39;1890.18;-881.21;0.00
0.24;9.83;46.00;3679.98;1924.29;-1755.69;0.00
0.26;9.35;39.49;3159.11;2044.40;-1114.71;0.00
0.25;10.55;47.71;3817.13;2011.86;-1805.27;0.00
0.24;10.26;35.36;2829.10;1968.60;-860.50;0.00
0.25;9.45;39.77;3181.59;1986.45;-1195.15;0.00
0.28;9.72;41.81;3345.08;2137.95;-1207.12;0.00
0.25;11.71;43.07;3445.26;2070.41;-1374.84;0.00
0.22;8.70;29.92;2393.54;1753.99;-639.55;0.00
0.29;11.87;30.79;2463.09;2353.08;-110.01;0.00
0.25;11.01;43.50;3479.83;2057.04;-1422.79;0.00
0.26;10.99;42.08;3366.42;2108.94;-1257.47;0.00
0.27;11.96;50.03;4002.06;2205.38;-1796.69;0.00
0.25;10.19;39.94;3195.16;1995.07;-1200.08;0.00
0.27;9.36;43.26;3461.11;2054.44;-1406.68;0.00
0.25;9.73;35.11;2808.95;1962.98;-845.98;0.00
0.27;10.70;41.46;3317.17;2172.04;-1145.14;0.00
0.26;9.91;39.22;3137.90;2076.79;-1061.11;0.00
0.25;8.04;38.30;3064.19;1877.88;-1186.31;0.00
0.26;9.64;32.47;2597.41;2053.22;-544.19;0.00
0.24;9.88;35.17;2813.32;1940.98;-872.34;0.00
0.26;10.57;31.96;2556.78;2095.82;-460.96;0.00
0.26;9.30;35.29;2823.21;2006.34;-816.87;0.00
0.23;9.17;36.87;2949.48;1814.71;-1134.77;0.00
0.29;10.41;37.46;2997.15;2230.84;-766.31;0.00
0.27;9.08;41.50;3319.73;2068.41;-1251.32;0.00
0.28;10.36;43.66;3493.20;2164.25;-1328.95;0.00
0.26;9.52;38.43;3074.56;2014.89;-1059.67;0.00
0.24;9.74;36.06;2884.84;1911.12;-973.72;0.00
0.21;10.97;37.53;3002.70;1807.90;-1194.80;0.00
0.21;9.91;50.35;4027.87;1743.86;-2284.01;0.00
0.26;9.52;37.06;2965.03;2016.57;-948.46;0.00
0.25;9.39;45.86;3668.63;1952.53;-1716.10;0.00
0.25;9.47;42.61;3408.63;1954.00;-1454.63;0.00
0.30;9.88;34.14;2731.08;2303.79;-427.29;0.00
0.30;11.71;37.75;3019.90;2394.71;-625.20;0.00
0.24;11.18;38.26;3060.57;1995.98;-1064.59;0.00
0.25;7.59;44.50;3560.35;1846.82;-1713.53;0.00
0.26;11.25;45.72;3657.62;2104.55;-1553.07;0.00
0.26;10.77;46.56;3724.54;2107.11;-1617.42;0.00
0.20;11.95;37.08;2966.50;1830.51;-1135.99;0.00
0.22;10.55;38.73;3098.66;1831.22;-1267.45;0.00
0.25;10.73;35.30;2824.10;2065.96;-758.13;0.00
0.26;11.28;38.66;3092.67;2135.70;-956.96;0.00
0.21;10.95;38.90;3112.35;1819.02;-1293.33;0.00
0.26;7.71;35.06;2804.60;1935.52;-869.08;0.00
0.27;9.46;39.94;3195.45;2086.28;-1109.17;0.00
0.25;11.38;36.83;2946.61;2074.16;-872.45;0.00
0.28;10.39;39.33;3146.15;2201.39;-944.76;0.00
0.23;9.45;44.37;3549.31;1829.24;-1720.06;0.00
0.23;10.48;43.84;3507.36;1935.84;-1571.52;0.00
0.25;9.35;37.33;2986.65;1988.95;-997.69;0.00
0.27;12.87;34.69;2774.94;2287.71;-487.24;0.00
0.25;10.94;39.51;3160.53;2042.87;-1117.65;0.00
0.26;10.95;39.52;3161.25;2107.94;-1053.31;0.00
0.28;10.86;38.84;3106.90;2236.30;-870.60;0.00
0.29;9.95;46.75;3740.23;2252.02;-1488.22;0.00
0.28;10.90;44.04;3522.92;2207.09;-1315.82;0.00
0.29;10.15;47.21;3776.99;2228.00;-1548.99;0.00
0.20;9.20;39.03;3122.22;1676.64;-1445.58;0.00
0.24;8.56;46.02;3681.73;1877.46;-1804.27;0.00
0.23;9.65;39.01;3120.90;1885.92;-1234.97;0.00
0.25;11.00;36.29;2903.10;2070.28;-832.83;0.00
0.26;9.32;40.58;3246.44;2038.05;-1208.39;0.00
0.25;10.85;40.68;3254.06;2061.42;-1192.63;0.00
0.20;11.18;41.82;3345.68;1763.26;-1582.42;0.00
0.20;10.73;44.46;3556.43;1737.69;-1818.74;0.00
0.20;10.10;42.62;3409.98;1719.38;-1690.60;0.00
0.21;10.62;41.50;3320.27;1811.52;-1508.76;0.00
0.28;11.12;37.41;2993.20;2226.83;-766.37;0.00
0.29;9.17;42.10;3367.85;2195.90;-1171.94;0.00
0.25;8.93;41.93;3354.23;1943.23;-1411.00;0.00
0.27;10.48;33.13;2650.39;2120.57;-529.82;0.00
0.27;11.06;35.75;2860.12;2181.03;-679.09;0.00
0.27;9.94;34.14;2731.50;2082.94;-648.56;0.00
0.29;11.84;38.04;3042.98;2338.99;-703.99;0.00
0.24;11.50;43.89;3510.83;2038.92;-1471.90;0.00
0.26;9.23;43.41;3473.00;1988.72;-1484.28;0.00
0.28;11.37;41.59;3327.17;2228.93;-1098.24;0.00
0.30;9.75;39.83;3186.63;2266.73;-919.90;0.00
0.28;9.98;43.94;3514.85;2173.99;-1340.86;0.00
0.24;10.44;45.46;3636.81;1988.34;-1648.47;0.00
0.27;9.76;44.31;3545.04;2077.56;-1467.48;0.00
0.23;10.10;34.13;2730.22;1894.20;-836.02;0.00
0.22;9.80;39.50;3159.98;1809.36;-1350.62;0.00
0.19;10.97;41.73;3338.70;1704.12;-1634.59;0.00
0.23;10.17;35.19;2815.41;1871.77;-943.64;0.00
0.21;9.57;41.85;3348.32;1733.47;-1614.85;0.00
0.24;8.08;34.35;2747.87;1861.37;-886.50;0.00
0.25;9.24;40.83;3266.42;1970.97;-1295.45;0.00
0.21;9.67;42.79;3423.10;1773.05;-1650.05;0.00
0.20;11.35;34.99;2799.26;1805.64;-993.61;0.00
0.22;9.92;34.74;2778.92;1828.62;-950.30;0.00
0.24;10.61;45.62;3649.31;1980.69;-1668.63;0.00
0.25;9.63;36.97;2957.39;1952.54;-1004.85;0.00
0.25;12.80;44.62;3569.41;2171.98;-1397.43;0.00
0.29;10.26;39.74;3179.46;2240.97;-938.50;0.00
0.25;10.02;37.95;3035.83;1995.88;-1039.95;0.00
0.29;11.81;39.49;3158.98;2303.28;-855.71;0.00
0.27;8.90;43.29;3463.07;2057.54;-1405.53;0.00
0.25;10.36;39.42;3153.43;2015.35;-1138.08;0.00
0.28;11.83;30.70;2455.98;2297.74;-158.24;0.00
0.27;10.86;44.33;3546.23;2158.64;-1387.59;0.00
0.21;8.61;42.32;3385.54;1669.70;-1715.84;0.00
0.23;10.94;40.86;3268.76;1913.45;-1355.31;0.00
0.31;10.03;43.13;3450.21;2326.24;-1123.97;0.00
0.23;11.02;36.76;2940.45;1942.26;-998.19;0.00
0.28;11.09;42.66;3412.91;2215.60;-1197.31;0.00
0.25;9.41;43.21;3457.20;1973.22;-1483.98;0.00
0.26;8.35;39.08;3126.25;1955.37;-1170.88;0.00
0.24;10.34;36.44;2915.09;1960.89;-954.20;0.00
0.27;9.92;48.54;3882.89;2118.75;-1764.14;0.00
0.26;10.11;43.47;3477.76;2088.46;-1389.30;0.00
0.18;11.27;42.60;3408.27;1633.79;-1774.49;0.00
0.24;12.17;39.01;3121.03;2073.69;-1047.34;0.00
0.26;8.57;37.22;2977.89;1991.57;-986.31;0.00
0.20;12.78;38.93;3114.74;1876.07;-1238.66;0.00
0.25;8.91;41.31;3304.52;1921.02;-1383.50;0.00
0.22;10.44;33.85;2707.76;1829.22;-878.54;0.00
0.27;12.34;36.95;2956.16;2232.13;-724.03;0.00
0.27;10.79;38.32;3065.25;2172.06;-893.18;0.00
0.26;8.90;40.92;3273.40;1997.45;-1275.95;0.00
0.29;11.16;39.87;3189.86;2312.17;-877.69;0.00
0.23;11.91;46.06;3684.75;1955.69;-1729.06;0.00
0.22;7.55;41.46;3316.92;1673.47;-1643.44;0.00
0.24;8.97;44.01;3520.69;1866.81;-1653.87;0.00
0.24;8.27;32.87;2629.75;1832.96;-796.80;0.00
0.22;9.23;36.20;2895.92;1800.30;-1095.62;0.00
0.28;10.46;38.55;3083.94;2170.64;-913.30;0.00
0.20;9.66;35.23;2818.05;1714.39;-1103.67;0.00
0.26;11.74;39.28;3142.76;2171.20;-971.56;0.00
0.27;10.09;39.82;3185.97;2091.56;-1094.41;0.00
0.23;10.80;41.37;3309.50;1946.49;-1363.01;0.00
0.26;8.53;31.55;2524.07;1958.13;-565.94;0.00
0.23;10.15;44.53;3562.45;1871.62;-1690.83;0.00
0.23;10.69;37.09;2967.58;1931.26;-1036.32;0.00
0.25;8.72;45.64;3650.98;1948.22;-1702.76;0.00
0.21;8.95;39.27;3141.89;1697.39;-1444.50;0.00
0.26;11.03;34.34;2747.58;2100.22;-647.36;0.00
0.22;11.09;43.28;3462.24;1898.18;-1564.05;0.00
0.27;8.61;41.76;3340.41;2063.12;-1277.29;0.00
0.26;9.88;42.25;3379.96;2060.86;-1319.10;0.00
0.29;9.91;40.49;3238.89;2216.81;-1022.07;0.00
0.26;11.81;37.56;3004.53;2161.52;-843.01;0.00
0.27;9.62;43.03;3442.66;2076.79;-1365.87;0.00
0.27;8.13;33.92;2713.57;2014.10;-699.46;0.00
0.27;12.11;40.45;3235.94;2206.14;-1029.80;0.00
0.20;7.98;37.63;3010.40;1584.43;-1425.96;0.00
0.24;10.70;36.82;2945.93;1964.96;-980.98;0.00
0.24;11.24;29.26;2340.57;1982.97;-357.60;0.00
0.24;9.33;44.62;3569.24;1915.97;-1653.27;0.00
0.27;10.28;35.92;2873.46;2138.11;-735.35;0.00
0.24;9.59;41.13;3290.62;1890.87;-1399.75;0.00
0.27;9.12;38.27;3061.87;2073.45;-988.43;0.00
0.22;11.34;35.94;2875.14;1923.20;-951.93;0.00
0.27;8.47;37.64;3011.24;2033.40;-977.84;0.00
0.23;8.80;40.90;3272.00;1839.26;-1432.74;0.00
0.26;9.84;41.10;3288.21;2069.18;-1219.03;0.00
0.21;9.47;36.70;2936.27;1731.77;-1204.50;0.00
0.24;10.47;38.91;3112.68;1985.50;-1127.17;0.00
0.25;9.70;36.64;2931.14;1981.53;-949.61;0.00
0.18;9.06;47.75;3819.98;1537.07;-2282.91;0.00
0.23;10.46;37.12;2969.85;1925.59;-1044.26;0.00
0.26;10.16;37.49;2999.44;2048.27;-951.18;0.00
0.23;10.06;50.65;4051.90;1878.01;-2173.89;0.00
0.28;9.36;44.12;3529.84;2120.63;-1409.21;0.00
0.22;8.34;45.14;3611.45;1736.63;-1874.82;0.00
0.26;9.33;38.05;3043.63;2023.76;-1019.87;0.00
0.28;10.23;42.22;3377.38;2177.40;-1199.98;0.00
0.27;11.45;47.10;3768.13;2185.59;-1582.54;0.00
0.31;10.99;44.87;3589.69;2414.33;-1175.35;0.00
0.27;10.05;46.36;3708.61;2093.07;-1615.54;0.00
0.25;9.60;37.55;3003.62;1974.80;-1028.82;0.00
0.24;11.40;48.69;3895.51;2018.01;-1877.50;0.00
0.24;11.36;41.65;3332.10;2032.44;-1299.66;0.00
0.23;10.06;39.60;3168.22;1906.86;-1261.36;0.00
0.20;8.70;33.91;2713.03;1654.06;-1058.97;0.00
0.22;10.25;42.66;3412.48;1842.55;-1569.93;0.00
0.22;10.23;46.20;3695.93;1829.35;-1866.58;0.00
0.24;9.25;46.54;3723.47;1901.24;-1822.24;0.00
0.25;10.96;35.31;2824.57;2070.30;-754.26;0.00
0.29;9.25;38.40;3071.88;2193.55;-878.33;0.00
0.26;9.22;38.58;3086.49;2022.19;-1064.30;0.00
0.22;9.81;42.98;3438.50;1831.48;-1607.02;0.00
0.25;11.76;38.04;3043.02;2103.15;-939.87;0.00
0.26;8.46;35.66;2852.41;1989.02;-863.39;0.00
0.24;11.21;33.19;2655.58;2022.23;-633.35;0.00
0.27;10.47;45.80;3664.18;2120.92;-1543.26;0.00
0.25;8.96;42.68;3414.62;1939.84;-1474.78;0.00
0.26;11.38;41.01;3280.69;2108.85;-1171.85;0.00
0.28;10.04;41.51;3321.00;2167.66;-1153.34;0.00
0.25;11.13;42.27;3381.36;2050.47;-1330.90;0.00
0.22;10.47;46.23;3698.08;1855.02;-1843.06;0.00
0.23;9.09;22.18;1774.42;1850.68;76.26;1.00
0.27;10.31;33.47;2677.73;2127.32;-550.41;0.00
0.25;9.92;41.62;3329.55;1973.73;-1355.82;0.00
0.20;11.18;53.41;4273.03;1797.88;-2475.15;0.00
0.22;9.67;37.31;2984.66;1827.07;-1157.58;0.00
0.27;10.48;32.05;2564.26;2116.32;-447.94;0.00
0.23;10.61;48.24;3858.86;1907.84;-1951.02;0.00
0.28;9.74;37.64;3011.57;2165.61;-845.95;0.00
0.25;10.24;53.47;4277.70;2019.12;-2258.58;0.00
0.23;9.30;41.04;3283.20;1853.13;-1430.07;0.00
0.22;10.98;36.09;2887.22;1894.19;-993.03;0.00
0.24;10.20;40.99;3279.59;1958.06;-1321.52;0.00
0.27;9.80;38.26;3060.57;2101.77;-958.81;0.00
0.26;9.45;40.76;3260.44;2050.36;-1210.08;0.00
0.24;10.02;39.77;3181.72;1946.49;-1235.24;0.00
0.27;11.20;44.79;3583.58;2197.82;-1385.77;0.00
0.28;10.90;44.40;3552.00;2249.46;-1302.55;0.00
0.21;9.47;36.71;2936.62;1761.63;-1175.00;0.00
0.28;10.07;32.20;2576.05;2174.01;-402.04;0.00
0.23;8.19;48.76;3901.17;1798.13;-2103.04;0.00
0.26;11.47;47.50;3800.18;2135.41;-1664.77;0.00
0.22;11.09;30.52;2441.56;1896.80;-544.76;0.00
0.24;10.01;35.68;2854.57;1952.54;-902.03;0.00
0.29;9.02;45.18;3614.37;2163.40;-1450.98;0.00
0.22;9.71;37.45;2995.94;1788.23;-1207.71;0.00
0.23;8.23;44.65;3571.81;1787.65;-1784.17;0.00
0.27;10.65;40.10;3207.62;2133.05;-1074.57;0.00
0.31;10.39;40.28;3222.64;2341.48;-881.16;0.00
0.22;11.65;34.05;2724.00;1937.76;-786.24;0.00
0.24;9.65;40.11;3209.15;1909.50;-1299.66;0.00
0.25;9.56;39.66;3173.00;1948.85;-1224.16;0.00
0.25;8.88;47.60;3807.84;1926.79;-1881.06;0.00
0.22;8.73;39.46;3156.96;1725.37;-1431.58;0.00
0.22;9.72;33.19;2655.15;1823.28;-831.87;0.00
0.27;10.22;41.77;3341.95;2140.64;-1201.31;0.00
0.23;10.65;35.08;2806.31;1944.78;-861.52;0.00
0.26;10.33;40.56;3244.53;2055.30;-1189.24;0.00
0.29;8.30;42.20;3376.19;2122.54;-1253.64;0.00
0.24;9.96;39.89;3191.37;1914.39;-1276.98;0.00
0.28;9.66;38.69;3095.16;2128.95;-966.21;0.00
0.27;8.49;36.34;2907.12;2011.63;-895.49;0.00
0.24;8.38;31.54;2523.58;1823.96;-699.63;0.00
0.22;10.22;47.60;3808.34;1829.65;-1978.69;0.00
0.27;10.21;49.55;3963.90;2099.32;-1864.58;0.00
0.26;11.25;46.27;3701.60;2135.95;-1565.65;0.00
0.21;10.35;34.09;2727.44;1782.30;-945.14;0.00
0.26;11.92;41.29;3303.00;2130.71;-1172.29;0.00
0.26;10.95;36.64;2931.51;2112.48;-819.03;0.00
0.32;8.53;46.07;3685.48;2314.31;-1371.17;0.00
0.26;7.76;34.69;2775.32;1918.78;-856.53;0.00
0.26;10.97;40.99;3279.43;2093.46;-1185.97;0.00
0.30;8.43;43.79;3503.35;2177.74;-1325.61;0.00
0.28;11.64;41.74;3338.94;2259.23;-1079.71;0.00
0.28;11.84;39.88;3190.50;2269.14;-921.35;0.00
0.25;10.92;46.58;3726.12;2026.53;-1699.59;0.00
0.23;10.72;43.78;3502.68;1937.45;-1565.23;0.00
0.27;10.75;40.68;3254.76;2150.99;-1103.77;0.00
0.30;11.44;36.22;2897.68;2347.59;-550.09;0.00
0.25;10.68;44.23;3538.01;2025.29;-1512.71;0.00
0.29;9.80;42.76;3420.47;2214.40;-1206.06;0.00
0.21;8.45;35.69;2855.56;1685.52;-1170.04;0.00
0.20;9.95;41.81;3344.90;1707.56;-1637.34;0.00
0.26;9.12;46.93;3754.67;2014.86;-1739.81;0.00
0.23;9.60;42.49;3399.28;1886.79;-1512.49;0.00
0.26;10.54;43.45;3475.60;2059.18;-1416.42;0.00
0.27;9.72;43.96;3516.81;2109.86;-1406.95;0.00
0.25;10.41;51.84;4147.52;2032.14;-2115.38;0.00
0.29;11.66;37.43;2994.79;2343.36;-651.42;0.00
0.23;9.06;31.92;2553.76;1857.41;-696.35;0.00
0.28;9.52;39.32;3145.23;2119.45;-1025.79;0.00
0.26;10.02;37.03;2962.65;2055.05;-907.60;0.00
0.20;10.18;37.83;3026.69;1727.38;-1299.31;0.00
0.22;9.12;43.26;3460.73;1758.64;-1702.09;0.00
0.27;10.34;49.29;3943.04;2154.35;-1788.69;0.00
0.25;10.96;41.33;3306.80;2064.98;-1241.82;0.00
0.24;9.70;40.65;3252.37;1900.74;-1351.63;0.00
0.26;8.74;38.27;3061.45;1977.10;-1084.35;0.00
0.24;10.27;47.67;3813.39;1957.37;-1856.02;0.00
0.23;9.90;40.26;3220.81;1868.76;-1352.05;0.00
0.22;11.97;41.47;3317.24;1917.17;-1400.07;0.00
0.25;10.48;43.27;3461.23;2002.24;-1458.99;0.00
0.25;9.35;47.32;3785.75;1987.36;-1798.39;0.00
0.27;9.13;38.79;3103.27;2064.23;-1039.03;0.00
0.24;12.75;36.99;2958.98;2090.95;-868.03;0.00
0.29;9.95;33.89;2711.37;2243.82;-467.55;0.00
0.21;9.12;43.10;3448.15;1722.76;-1725.39;0.00
0.27;10.10;39.90;3191.87;2108.01;-1083.86;0.00
0.22;9.03;40.92;3273.44;1757.63;-1515.82;0.00
0.23;10.57;41.98;3358.49;1939.22;-1419.27;0.00
0.29;12.60;47.81;3824.79;2370.50;-1454.29;0.00
0.22;9.58;40.19;3215.35;1794.37;-1420.98;0.00
0.25;10.58;40.74;3259.01;2056.83;-1202.18;0.00
0.20;10.24;47.64;3811.00;1740.09;-2070.90;0.00
0.28;9.56;37.21;2976.64;2171.28;-805.36;0.00
0.25;7.33;37.12;2969.53;1862.75;-1106.78;0.00
0.28;10.29;40.55;3243.70;2187.24;-1056.46;0.00
0.24;8.79;45.30;3624.24;1864.46;-1759.79;0.00
0.27;9.63;45.96;3676.85;2099.75;-1577.10;0.00
0.26;10.56;51.25;4100.19;2064.52;-2035.67;0.00
0.26;10.80;42.58;3406.54;2071.50;-1335.04;0.00
0.22;9.33;38.96;3116.65;1785.71;-1330.94;0.00
0.28;11.20;33.24;2658.80;2259.63;-399.17;0.00
0.27;8.82;38.00;3039.83;2062.37;-977.46;0.00
0.27;12.39;40.02;3201.26;2235.70;-965.56;0.00
0.21;9.85;41.04;3283.56;1767.08;-1516.47;0.00
0.24;8.92;39.29;3143.16;1884.87;-1258.29;0.00
0.25;10.99;40.34;3226.97;2037.53;-1189.44;0.00
0.25;9.79;36.23;2898.75;1995.79;-902.95;0.00
0.24;12.32;44.25;3539.74;2076.39;-1463.35;0.00
0.23;9.64;38.62;3089.37;1888.97;-1200.41;0.00
0.27;10.99;36.35;2908.16;2194.89;-713.27;0.00
0.20;9.01;36.15;2892.30;1672.44;-1219.86;0.00
0.26;9.25;31.81;2544.62;2013.39;-531.23;0.00
0.22;9.46;46.42;3713.22;1770.95;-1942.27;0.00
0.24;7.22;33.94;2714.84;1780.35;-934.49;0.00
0.22;10.70;30.12;2409.39;1835.96;-573.43;0.00
0.23;9.89;36.41;2912.43;1849.97;-1062.46;0.00
0.26;10.37;31.19;2495.29;2054.06;-441.22;0.00
0.24;10.90;39.62;3169.94;1985.38;-1184.56;0.00
0.27;8.45;39.17;3133.57;2019.53;-1114.04;0.00
0.28;8.18;41.72;3337.98;2090.40;-1247.57;0.00
0.23;10.43;41.82;3345.58;1932.81;-1412.77;0.00
0.24;9.69;38.55;3084.31;1945.67;-1138.64;0.00
0.27;8.89;49.09;3927.33;2048.24;-1879.09;0.00
0.20;11.68;37.82;3025.87;1805.67;-1220.20;0.00
0.25;10.78;42.27;3381.66;2042.87;-1338.79;0.00
0.22;11.41;33.44;2674.87;1917.34;-757.53;0.00
0.24;10.86;43.06;3444.87;2004.13;-1440.74;0.00
0.29;11.29;30.90;2471.77;2318.70;-153.08;0.00
0.22;9.10;40.48;3238.29;1773.80;-1464.49;0.00
0.23;10.79;44.91;3593.04;1902.49;-1690.55;0.00
0.23;10.71;46.77;3741.41;1893.59;-1847.83;0.00
0.27;10.81;29.37;2349.83;2164.89;-184.94;0.00
0.24;9.23;33.91;2713.13;1869.37;-843.75;0.00
0.28;10.21;40.84;3267.35;2203.00;-1064.35;0.00
0.25;10.17;33.36;2668.85;2013.63;-655.22;0.00
0.27;9.20;39.42;3153.84;2053.27;-1100.57;0.00
0.23;9.25;36.76;2940.98;1823.55;-1117.43;0.00
0.29;9.72;40.37;3229.70;2194.36;-1035.34;0.00
0.20;11.51;38.54;3083.00;1785.81;-1297.19;0.00
0.26;12.02;40.14;3211.08;2142.17;-1068.91;0.00
0.25;10.94;45.67;3653.36;2058.28;-1595.08;0.00
0.23;10.15;38.59;3087.02;1884.64;-1202.39;0.00
0.26;11.02;40.14;3210.85;2106.13;-1104.72;0.00
0.22;11.59;40.05;3204.15;1891.49;-1312.66;0.00
0.24;11.48;46.40;3711.69;2037.07;-1674.62;0.00
0.27;7.84;37.09;2966.90;1988.02;-978.88;0.00
0.26;11.33;25.44;2035.41;2108.01;72.60;1.00
0.26;10.95;46.36;3708.86;2090.89;-1617.97;0.00
0.29;8.37;43.64;3491.13;2130.63;-1360.50;0.00
0.24;11.98;39.75;3180.12;2056.16;-1123.96;0.00
0.24;8.43;37.56;3004.82;1837.83;-1166.99;0.00
0.24;11.58;40.07;3205.91;2028.35;-1177.56;0.00
0.27;9.84;37.50;3000.14;2126.16;-873.98;0.00
0.24;11.71;37.51;3000.97;2046.48;-954.50;0.00
0.24;10.01;35.28;2822.43;1959.05;-863.38;0.00
0.21;9.42;46.05;3684.37;1722.61;-1961.76;0.00
0.24;10.94;33.32;2665.24;1992.37;-672.86;0.00
0.23;11.15;42.13;3370.64;1962.51;-1408.14;0.00
0.26;9.71;42.44;3394.92;2012.43;-1382.49;0.00
0.24;11.87;50.61;4048.45;2031.20;-2017.26;0.00
0.30;11.27;27.10;2167.64;2333.23;165.59;1.00
0.24;10.56;43.61;3488.53;1952.27;-1536.27;0.00
0.25;9.00;38.01;3040.94;1972.92;-1068.01;0.00
0.22;11.43;52.45;4196.31;1921.55;-2274.76;0.00
0.29;10.99;39.01;3121.09;2260.16;-860.94;0.00
0.29;10.08;37.92;3033.70;2221.04;-812.66;0.00
0.26;9.40;43.01;3440.43;2023.06;-1417.37;0.00
0.29;11.23;38.88;3110.43;2311.78;-798.65;0.00
0.23;12.26;33.71;2696.76;1990.18;-706.58;0.00
0.29;10.83;43.25;3460.30;2300.48;-1159.82;0.00
0.24;9.33;39.26;3140.71;1880.15;-1260.57;0.00
0.26;10.14;39.97;3197.60;2043.02;-1154.58;0.00
0.26;10.18;36.15;2891.89;2068.79;-823.10;0.00
0.24;9.95;41.06;3285.02;1954.98;-1330.04;0.00
0.22;11.40;40.79;3263.59;1902.27;-1361.32;0.00
0.26;10.91;35.59;2846.87;2102.03;-744.84;0.00
0.21;9.17;36.33;2906.80;1723.68;-1183.12;0.00
0.29;10.34;32.84;2626.83;2228.20;-398.63;0.00
0.27;10.01;37.55;3004.37;2110.16;-894.21;0.00
0.27;9.82;34.38;2750.61;2097.64;-652.97;0.00
0.24;8.24;45.97;3677.98;1821.03;-1856.95;0.00
0.29;8.73;40.32;3225.99;2141.42;-1084.58;0.00
0.25;10.25;43.48;3478.27;2032.69;-1445.58;0.00
0.23;10.36;40.73;3258.21;1913.95;-1344.26;0.00
0.21;8.07;39.66;3173.17;1667.22;-1505.95;0.00
0.27;9.06;39.74;3178.94;2042.57;-1136.37;0.00
0.23;12.40;35.61;2848.50;2023.06;-825.44;0.00
0.24;8.48;40.80;3264.38;1884.06;-1380.32;0.00
0.23;9.62;45.26;3620.46;1845.66;-1774.81;0.00
0.25;9.37;38.69;3095.38;1943.51;-1151.87;0.00
0.28;8.86;50.40;4032.29;2109.64;-1922.64;0.00
0.26;11.15;45.10;3607.80;2099.79;-1508.01;0.00
0.24;11.53;40.55;3243.81;2003.26;-1240.55;0.00
0.28;11.06;45.73;3658.16;2201.93;-1456.23;0.00
0.24;11.42;38.44;3074.92;2008.85;-1066.06;0.00
0.28;10.48;33.94;2715.05;2172.61;-542.43;0.00
0.26;9.31;39.17;3133.39;2003.63;-1129.76;0.00
0.24;11.47;45.97;3677.35;2040.31;-1637.04;0.00
0.30;11.01;41.65;3332.21;2350.24;-981.97;0.00
0.23;9.10;41.31;3304.99;1844.96;-1460.03;0.00
0.24;10.85;41.96;3356.56;1986.30;-1370.26;0.00
0.28;10.17;41.20;3295.68;2158.95;-1136.72;0.00
0.21;10.08;42.81;3424.63;1751.35;-1673.28;0.00
0.23;11.74;40.92;3273.74;1953.31;-1320.42;0.00
0.23;10.21;39.80;3183.68;1899.66;-1284.02;0.00
0.24;8.80;42.04;3362.87;1894.15;-1468.73;0.00
0.23;12.22;43.95;3516.30;2015.66;-1500.64;0.00
0.22;9.61;37.06;2964.90;1776.22;-1188.68;0.00
0.23;9.64;41.69;3335.25;1887.70;-1447.55;0.00
0.25;10.32;37.57;3005.27;2038.76;-966.51;0.00
0.27;9.07;41.79;3342.82;2081.28;-1261.54;0.00
0.24;11.66;33.83;2706.58;2052.94;-653.63;0.00
0.26;10.15;36.46;2916.92;2059.91;-857.02;0.00
0.26;10.23;38.70;3095.63;2091.96;-1003.67;0.00
0.26;8.93;39.98;3198.69;2008.38;-1190.31;0.00
0.23;8.08;39.47;3157.71;1777.34;-1380.38;0.00
0.20;9.37;36.99;2959.52;1645.66;-1313.85;0.00
0.25;11.32;38.91;3112.84;2057.80;-1055.04;0.00
0.27;10.16;38.53;3082.74;2127.09;-955.64;0.00
0.23;9.22;31.81;2545.19;1851.58;-693.61;0.00
0.22;10.04;43.97;3517.81;1802.61;-1715.20;0.00
0.23;9.47;33.25;2660.21;1864.46;-795.74;0.00
0.25;10.87;27.23;2178.31;2017.22;-161.09;0.00
0.27;9.60;41.02;3281.65;2072.70;-1208.94;0.00
0.24;9.56;37.66;3012.53;1927.40;-1085.13;0.00
0.28;10.23;44.24;3539.48;2199.76;-1339.72;0.00
0.22;11.34;43.86;3508.41;1916.71;-1591.71;0.00
0.22;10.17;41.86;3348.80;1855.98;-1492.81;0.00
0.29;11.64;35.58;2846.57;2345.44;-501.14;0.00
0.26;10.41;40.15;3211.76;2091.23;-1120.53;0.00
0.28;11.65;39.97;3197.79;2251.95;-945.85;0.00
0.29;11.12;37.93;3034.23;2291.16;-743.07;0.00
0.25;11.53;40.92;3273.46;2082.97;-1190.49;0.00
0.24;10.27;41.44;3315.04;1953.70;-1361.34;0.00
0.24;10.87;44.78;3582.33;2009.42;-1572.92;0.00
0.26;9.20;40.81;3264.90;1996.84;-1268.06;0.00
0.21;8.96;42.59;3407.55;1728.99;-1678.56;0.00
0.26;10.08;28.47;2277.48;2040.19;-237.30;0.00
0.25;9.28;39.39;3151.45;1982.06;-1169.40;0.00
0.26;11.50;38.75;3100.25;2119.05;-981.20;0.00
0.26;8.91;32.37;2589.81;2024.79;-565.02;0.00
0.26;9.43;47.80;3823.94;2042.44;-1781.50;0.00
0.25;9.93;37.81;3024.76;1996.50;-1028.26;0.00
0.19;9.83;42.97;3437.70;1655.64;-1782.06;0.00
0.21;9.46;35.43;2834.60;1722.10;-1112.51;0.00
0.29;11.72;37.60;3007.64;2332.49;-675.16;0.00
0.25;8.97;52.10;4167.88;1942.69;-2225.19;0.00
0.25;9.01;40.83;3266.13;1954.85;-1311.27;0.00
0.25;8.85;39.88;3190.45;1915.26;-1275.19;0.00
0.21;10.39;39.95;3196.21;1771.79;-1424.42;0.00
0.26;9.75;43.14;3451.33;2059.05;-1392.29;0.00
0.26;10.02;30.24;2418.99;2029.89;-389.10;0.00
0.25;10.29;43.97;3517.43;2029.27;-1488.16;0.00
0.24;10.81;47.40;3792.26;1964.91;-1827.35;0.00
0.22;10.61;39.44;3155.01;1844.68;-1310.33;0.00
0.24;9.92;40.41;3232.80;1960.83;-1271.98;0.00
0.26;10.40;43.36;3469.09;2102.07;-1367.02;0.00
0.24;12.95;39.33;3146.16;2096.43;-1049.73;0.00
0.28;11.40;34.69;2775.33;2243.54;-531.80;0.00
0.30;12.84;30.35;2428.09;2448.25;20.15;1.00
0.31;7.93;39.20;3136.16;2254.86;-881.31;0.00
0.21;10.22;35.91;2873.08;1787.61;-1085.47;0.00
0.25;12.41;37.89;3031.35;2136.11;-895.24;0.00
0.33;11.76;34.50;2760.31;2541.26;-219.06;0.00
0.30;10.97;37.13;2970.76;2350.50;-620.26;0.00
0.28;8.28;38.53;3082.69;2080.94;-1001.75;0.00
0.26;12.17;42.13;3370.13;2198.72;-1171.41;0.00
0.25;8.61;34.72;2777.73;1895.25;-882.48;0.00
0.21;9.04;32.64;2611.16;1731.13;-880.02;0.00
0.24;9.37;47.04;3762.82;1891.40;-1871.42;0.00
0.24;10.41;39.13;3130.33;1975.34;-1154.99;0.00
0.26;10.83;46.70;3735.85;2111.36;-1624.49;0.00
0.28;8.33;35.73;2858.41;2091.06;-767.35;0.00
0.26;9.26;37.83;3026.24;2039.22;-987.02;0.00
0.25;11.96;49.13;3930.48;2130.91;-1799.58;0.00
0.28;9.97;42.16;3373.15;2165.97;-1207.18;0.00
0.24;11.50;38.49;3079.42;2045.78;-1033.64;0.00
0.24;8.79;39.27;3141.73;1903.05;-1238.68;0.00
0.26;11.29;37.84;3027.41;2138.58;-888.83;0.00
0.28;9.31;36.50;2919.88;2138.01;-781.87;0.00
0.22;8.91;38.66;3092.98;1747.01;-1345.97;0.00
0.19;9.60;42.93;3434.57;1650.53;-1784.05;0.00
0.30;12.49;41.41;3312.99;2414.46;-898.52;0.00
0.26;8.84;34.45;2755.60;1967.44;-788.16;0.00
0.25;9.56;42.10;3368.36;1987.96;-1380.40;0.00
0.24;10.95;45.54;3643.09;2009.57;-1633.52;0.00
0.22;9.43;36.15;2892.08;1797.26;-1094.82;0.00
0.23;9.74;47.09;3767.20;1840.71;-1926.49;0.00
0.26;10.44;39.24;3139.59;2081.10;-1058.49;0.00
0.25;9.49;37.58;3006.07;1961.86;-1044.21;0.00
0.24;10.46;32.44;2595.21;1987.53;-607.69;0.00
0.22;11.77;48.76;3901.04;1929.44;-1971.61;0.00
0.26;10.80;52.07;4165.56;2125.92;-2039.64;0.00
0.20;9.50;37.24;2978.92;1691.84;-1287.08;0.00
0.22;8.99;43.38;3470.52;1759.20;-1711.32;0.00
0.25;11.24;41.81;3345.20;2090.67;-1254.52;0.00
0.24;9.72;50.09;4007.02;1919.00;-2088.03;0.00
0.19;10.91;40.45;3236.27;1713.33;-1522.94;0.00
0.27;9.36;48.32;3865.48;2063.31;-1802.17;0.00
0.26;8.70;45.07;3605.21;2000.03;-1605.18;0.00
0.23;9.18;36.72;2937.40;1848.32;-1089.07;0.00
0.28;10.42;41.76;3340.86;2174.18;-1166.68;0.00
0.24;8.57;38.61;3089.11;1872.94;-1216.16;0.00
0.26;9.95;33.11;2648.65;2073.76;-574.89;0.00
0.30;11.57;33.34;2667.23;2347.03;-320.20;0.00
0.21;9.01;41.21;3296.49;1711.11;-1585.37;0.00
0.23;12.82;47.01;3760.91;2053.93;-1706.99;0.00
0.23;10.96;40.69;3254.89;1957.92;-1296.98;0.00
0.29;10.40;34.33;2746.60;2228.95;-517.66;0.00
0.25;8.43;44.88;3590.72;1927.64;-1663.08;0.00
0.24;10.27;44.05;3524.19;1951.30;-1572.90;0.00
0.23;9.60;42.08;3366.56;1873.87;-1492.69;0.00
0.26;10.66;44.46;3557.17;2101.84;-1455.33;0.00
0.25;8.85;40.04;3203.32;1929.71;-1273.61;0.00
0.26;12.16;37.65;3012.19;2170.65;-841.54;0.00
0.23;11.03;43.59;3486.99;1959.02;-1527.96;0.00
0.26;10.40;37.93;3034.63;2059.03;-975.60;0.00
0.25;10.14;35.40;2832.38;1998.08;-834.30;0.00
0.27;9.18;41.41;3313.07;2090.02;-1223.05;0.00
0.22;10.76;28.81;2304.47;1867.49;-436.98;0.00
0.23;10.34;40.27;3221.58;1912.47;-1309.11;0.00
0.23;11.38;39.86;3188.66;1983.97;-1204.68;0.00
0.20;10.70;41.22;3297.66;1747.91;-1549.75;0.00
0.28;7.35;38.49;3079.35;2003.47;-1075.88;0.00
0.26;11.42;46.54;3723.12;2105.49;-1617.63;0.00
0.26;9.89;44.13;3530.47;2060.45;-1470.01;0.00
0.25;11.02;43.78;3502.52;2079.57;-1422.95;0.00
0.25;10.30;37.75;3020.22;2024.50;-995.72;0.00
0.27;9.84;39.97;3197.43;2085.26;-1112.17;0.00
0.28;10.25;41.77;3341.81;2192.08;-1149.73;0.00
0.23;12.06;38.95;3115.73;1999.36;-1116.37;0.00
0.23;10.75;35.94;2874.99;1894.08;-980.91;0.00
0.27;8.34;36.30;2903.81;1996.18;-907.63;0.00
0.30;9.84;40.40;3232.24;2255.31;-976.93;0.00
0.23;10.98;42.18;3374.70;1919.17;-1455.53;0.00
0.23;11.27;38.60;3087.97;1926.62;-1161.35;0.00
0.24;10.22;47.01;3760.61;1969.50;-1791.12;0.00
0.26;10.88;43.80;3504.36;2121.74;-1382.63;0.00
0.24;10.48;43.06;3444.80;1957.22;-1487.57;0.00
0.25;9.53;35.64;2851.18;1988.34;-862.85;0.00
0.27;11.34;38.48;3078.06;2193.05;-885.02;0.00
0.26;11.78;37.40;2992.17;2168.58;-823.59;0.00
0.27;9.22;35.89;2871.22;2055.77;-815.44;0.00
0.23;8.89;41.78;3342.28;1795.89;-1546.39;0.00
0.25;11.74;32.62;2609.85;2064.85;-545.00;0.00
0.27;11.66;41.64;3331.18;2176.32;-1154.86;0.00
0.23;9.41;36.15;2892.31;1858.53;-1033.78;0.00
0.26;9.93;42.68;3414.79;2032.73;-1382.05;0.00
0.24;10.28;40.72;3257.32;1979.03;-1278.28;0.00
0.24;11.64;48.62;3889.68;2014.18;-1875.50;0.00
0.27;9.74;34.86;2789.04;2129.34;-659.70;0.00
0.23;11.75;43.48;3478.19;1966.22;-1511.97;0.00
0.25;8.43;33.85;2708.33;1926.16;-782.17;0.00
0.21;8.78;37.25;2979.97;1688.34;-1291.63;0.00
0.26;9.06;40.96;3276.86;2030.99;-1245.87;0.00
0.25;10.24;35.79;2862.99;1999.76;-863.23;0.00
0.22;9.36;38.26;3060.81;1816.26;-1244.55;0.00
0.30;11.03;38.04;3042.97;2333.98;-709.00;0.00
0.25;9.31;44.54;3563.39;1957.51;-1605.88;0.00
0.24;9.37;40.47;3237.28;1915.37;-1321.91;0.00
0.24;9.94;37.79;3022.90;1932.62;-1090.28;0.00
0.26;9.51;40.53;3242.13;2043.53;-1198.60;0.00
0.24;10.77;49.96;3997.13;1961.47;-2035.66;0.00
0.25;9.36;46.54;3723.03;1934.22;-1788.81;0.00
0.26;9.75;42.07;3365.81;2051.76;-1314.05;0.00
0.21;7.96;39.99;3198.80;1656.10;-1542.70;0.00
0.23;11.13;43.35;3467.75;1916.38;-1551.38;0.00
0.25;11.70;34.24;2738.95;2082.42;-656.53;0.00
0.25;9.65;47.99;3838.97;1998.85;-1840.12;0.00
0.22;9.89;35.78;2862.36;1842.97;-1019.39;0.00
0.23;11.51;31.96;2556.59;1989.71;-566.88;0.00
0.28;9.14;41.52;3321.88;2129.14;-1192.74;0.00
0.23;9.23;39.45;3155.93;1862.73;-1293.21;0.00
0.25;12.58;32.76;2621.00;2110.26;-510.74;0.00
0.26;10.98;46.81;3744.88;2081.52;-1663.35;0.00
0.28;9.56;41.69;3335.45;2145.55;-1189.90;0.00
0.25;7.85;43.99;3519.03;1856.14;-1662.89;0.00
0.22;10.24;38.39;3071.50;1831.65;-1239.86;0.00
0.22;10.85;42.87;3429.98;1856.37;-1573.61;0.00
0.25;9.01;35.15;2811.82;1947.31;-864.50;0.00
0.22;9.76;45.46;3637.16;1815.75;-1821.40;0.00
0.23;12.00;41.64;3331.24;2005.82;-1325.42;0.00
0.25;10.07;37.43;2994.61;2018.46;-976.16;0.00
0.22;9.84;45.63;3650.33;1816.08;-1834.25;0.00
0.26;10.61;47.41;3793.09;2084.32;-1708.76;0.00
0.25;9.82;44.03;3522.33;1974.62;-1547.71;0.00
0.25;11.32;37.46;2996.66;2067.08;-929.59;0.00
0.28;10.22;38.56;3084.54;2196.69;-887.85;0.00
0.23;9.66;45.61;3649.13;1855.36;-1793.77;0.00
0.26;9.66;43.64;3491.13;2037.47;-1453.66;0.00
0.25;11.10;42.79;3422.83;2068.57;-1354.26;0.00
0.23;9.80;41.18;3294.44;1893.96;-1400.48;0.00
0.22;9.57;29.38;2350.38;1777.75;-572.64;0.00
0.25;9.13;46.09;3686.96;1946.45;-1740.51;0.00
0.23;10.28;39.58;3166.18;1921.46;-1244.72;0.00
0.27;10.51;30.78;2462.36;2130.33;-332.04;0.00
0.28;11.29;45.59;3646.94;2251.15;-1395.79;0.00
0.27;9.85;42.04;3363.35;2100.13;-1263.22;0.00
0.26;9.46;39.99;3199.58;2010.57;-1189.01;0.00
0.27;10.21;25.79;2062.82;2119.95;57.13;1.00
0.25;9.64;48.07;3845.29;1949.73;-1895.56;0.00
0.27;8.18;37.83;3026.35;1988.63;-1037.72;0.00
0.28;9.67;41.70;3335.62;2182.29;-1153.33;0.00
0.26;10.54;42.64;3411.49;2071.35;-1340.14;0.00
0.21;10.56;47.35;3788.15;1792.93;-1995.22;0.00
0.22;10.49;36.87;2949.77;1853.15;-1096.61;0.00
0.19;8.14;39.90;3192.39;1540.19;-1652.20;0.00
0.28;11.80;37.95;3036.03;2258.73;-777.30;0.00
0.27;11.49;44.20;3536.38;2215.12;-1321.25;0.00
0.31;12.62;41.42;3313.75;2503.56;-810.19;0.00
0.24;10.50;37.36;2989.15;1986.63;-1002.52;0.00
0.29;10.94;41.60;3327.63;2263.06;-1064.57;0.00
0.26;10.49;44.36;3548.44;2066.63;-1481.81;0.00
0.23;9.72;47.35;3788.33;1847.39;-1940.94;0.00
0.26;9.62;42.70;3415.73;2014.33;-1401.40;0.00
0.25;10.30;39.35;3147.61;2013.84;-1133.77;0.00
0.25;10.67;38.97;3117.99;2016.74;-1101.25;0.00
0.29;11.50;39.52;3161.99;2286.89;-875.10;0.00
0.24;8.70;42.45;3396.05;1851.30;-1544.74;0.00
0.28;9.55;42.18;3374.79;2138.25;-1236.55;0.00
0.27;10.30;42.88;3430.67;2144.09;-1286.58;0.00
0.27;9.66;45.21;3616.98;2086.17;-1530.80;0.00
0.25;8.89;46.94;3755.46;1931.88;-1823.58;0.00
0.26;10.12;45.06;3604.69;2037.55;-1567.14;0.00
0.27;10.58;39.64;3170.87;2166.70;-1004.17;0.00
0.20;8.83;41.55;3323.82;1657.99;-1665.82;0.00
0.24;11.04;30.57;2445.73;2011.82;-433.90;0.00
0.25;9.94;36.66;2932.89;1973.68;-959.21;0.00
0.27;8.33;35.97;2877.99;2012.55;-865.44;0.00
0.20;9.79;49.20;3936.02;1705.65;-2230.38;0.00
0.23;8.81;39.74;3179.38;1792.67;-1386.72;0.00
0.22;9.30;49.44;3955.57;1784.15;-2171.42;0.00
0.26;9.97;39.27;3141.35;2041.32;-1100.03;0.00
0.25;9.42;46.52;3721.91;1970.35;-1751.56;0.00
0.25;8.18;39.03;3122.48;1876.40;-1246.08;0.00
0.30;9.12;46.57;3725.38;2235.40;-1489.97;0.00
0.25;10.86;44.17;3533.45;2037.58;-1495.87;0.00
0.23;10.12;46.82;3745.93;1895.31;-1850.62;0.00
0.27;8.49;33.50;2679.67;2011.50;-668.17;0.00
0.27;11.27;35.81;2864.75;2174.98;-689.77;0.00
0.23;9.90;41.07;3285.93;1874.90;-1411.04;0.00
0.27;12.24;37.39;2991.36;2207.89;-783.46;0.00
0.23;10.93;47.54;3803.34;1918.81;-1884.53;0.00
0.29;10.23;38.03;3042.57;2224.67;-817.91;0.00
0.26;9.85;29.31;2344.64;2043.71;-300.93;0.00
0.26;10.11;40.04;3203.38;2080.24;-1123.14;0.00
0.22;8.66;40.46;3236.97;1747.00;-1489.98;0.00
0.28;9.20;43.33;3466.18;2143.22;-1322.96;0.00
0.27;10.93;47.54;3803.29;2171.47;-1631.82;0.00
0.25;10.64;37.75;3019.94;2042.71;-977.23;0.00
0.25;10.70;37.26;2980.94;2039.52;-941.42;0.00
0.22;9.57;39.34;3147.01;1824.58;-1322.43;0.00
0.24;10.61;43.08;3446.31;1994.84;-1451.46;0.00
0.25;9.26;33.99;2718.82;1942.44;-776.39;0.00
0.25;8.99;36.98;2958.07;1960.31;-997.76;0.00
0.24;9.77;42.32;3385.73;1938.61;-1447.12;0.00
0.22;10.98;38.22;3057.44;1860.65;-1196.78;0.00
0.24;10.11;38.42;3073.43;1941.52;-1131.91;0.00
0.24;8.29;53.79;4303.01;1847.34;-2455.67;0.00
0.24;10.44;36.37;2909.60;1973.87;-935.73;0.00
0.29;12.81;46.97;3757.59;2405.77;-1351.82;0.00
0.23;10.27;39.59;3167.57;1884.63;-1282.95;0.00
0.28;9.26;31.92;2553.50;2107.40;-446.09;0.00
0.25;9.84;38.11;3048.58;2013.30;-1035.28;0.00
0.31;9.94;46.46;3716.80;2329.67;-1387.14;0.00
0.27;9.51;40.47;3237.94;2101.00;-1136.94;0.00
0.26;10.09;38.80;3103.80;2050.39;-1053.41;0.00
0.24;11.26;35.98;2878.11;2017.06;-861.05;0.00
0.24;10.44;33.06;2644.69;1975.31;-669.37;0.00
0.23;9.28;34.66;2772.98;1868.96;-904.02;0.00
0.25;9.61;42.91;3432.54;1995.74;-1436.80;0.00
0.25;9.50;32.19;2575.29;1996.44;-578.85;0.00
0.25;10.85;44.46;3556.83;2042.32;-1514.51;0.00
0.26;9.98;42.36;3389.12;2052.84;-1336.28;0.00
0.24;9.66;43.20;3455.97;1914.26;-1541.71;0.00
0.29;10.10;40.85;3268.08;2238.29;-1029.79;0.00
0.26;10.75;49.87;3989.62;2102.23;-1887.38;0.00
0.26;9.10;42.50;3399.83;1983.32;-1416.51;0.00
0.24;11.57;36.85;2947.86;2052.67;-895.19;0.00
0.22;9.71;42.31;3384.89;1818.65;-1566.25;0.00
0.27;9.53;44.96;3596.40;2066.73;-1529.67;0.00
0.29;9.40;39.80;3184.39;2208.77;-975.62;0.00
0.24;8.93;40.59;3247.17;1884.97;-1362.20;0.00
0.21;8.33;42.20;3375.66;1660.99;-1714.66;0.00
0.25;11.70;38.46;3076.46;2114.48;-961.99;0.00
0.21;10.41;37.48;2998.60;1811.01;-1187.59;0.00
0.22;8.58;26.64;2130.97;1751.96;-379.02;0.00
0.20;10.46;43.79;3503.25;1735.20;-1768.05;0.00
0.21;10.95;39.84;3187.02;1841.98;-1345.04;0.00
0.24;9.98;41.18;3294.66;1955.08;-1339.59;0.00
0.22;11.34;37.97;3037.32;1918.93;-1118.39;0.00
0.21;10.97;39.21;3136.84;1817.46;-1319.38;0.00
0.22;9.53;33.07;2645.70;1797.90;-847.80;0.00
0.27;8.15;39.45;3155.93;2030.12;-1125.81;0.00
0.28;8.76;38.35;3067.73;2087.64;-980.09;0.00
0.18;9.73;42.99;3439.37;1565.76;-1873.62;0.00
0.28;12.18;30.39;2431.54;2304.21;-127.33;0.00
0.23;10.08;42.93;3434.72;1858.00;-1576.72;0.00
0.24;10.61;40.18;3214.23;1965.98;-1248.25;0.00
0.28;12.06;46.45;3715.85;2304.48;-1411.37;0.00
0.28;10.85;44.00;3520.37;2197.00;-1323.37;0.00
0.22;10.97;44.40;3551.65;1859.19;-1692.46;0.00
0.24;11.17;46.31;3705.07;2006.97;-1698.10;0.00
0.23;10.92;41.48;3318.03;1927.53;-1390.51;0.00
0.22;10.13;46.49;3718.89;1832.06;-1886.83;0.00
0.25;11.73;40.28;3222.40;2078.16;-1144.23;0.00
0.30;10.44;34.25;2740.34;2337.57;-402.77;0.00
0.23;10.72;33.60;2687.93;1921.75;-766.18;0.00
0.25;9.93;33.73;2698.56;1975.67;-722.89;0.00
0.26;11.04;38.40;3072.12;2127.16;-944.96;0.00
0.25;12.44;42.34;3387.58;2107.49;-1280.08;0.00
0.21;11.28;48.25;3859.68;1849.36;-2010.32;0.00
0.24;10.93;43.21;3456.88;1977.70;-1479.18;0.00
0.28;11.70;32.31;2584.45;2236.95;-347.50;0.00
0.23;9.18;43.27;3461.51;1854.54;-1606.97;0.00
0.23;11.82;39.31;3144.56;1971.85;-1172.71;0.00
0.26;9.83;42.66;3413.20;2019.05;-1394.15;0.00
0.28;7.82;42.70;3415.73;2047.13;-1368.60;0.00
0.27;9.22;33.78;2702.55;2083.85;-618.70;0.00
0.29;9.85;34.30;2744.07;2217.84;-526.23;0.00
0.24;10.98;41.01;3281.16;2002.57;-1278.59;0.00
0.25;10.34;39.09;3126.95;1988.36;-1138.59;0.00
0.24;11.51;47.44;3794.93;1999.96;-1794.97;0.00
0.24;9.67;38.61;3088.78;1893.94;-1194.84;0.00
0.25;9.40;38.57;3085.73;1966.87;-1118.86;0.00
0.21;9.25;37.91;3032.59;1744.49;-1288.09;0.00
0.21;8.29;34.66;2772.49;1657.91;-1114.58;0.00
0.22;9.75;39.61;3168.78;1837.52;-1331.25;0.00
0.23;10.17;34.25;2739.82;1915.60;-824.22;0.00
0.22;9.10;48.02;3841.50;1760.30;-2081.20;0.00
0.24;11.09;34.56;2765.19;1992.87;-772.32;0.00
0.23;9.78;45.72;3657.45;1841.87;-1815.58;0.00
0.23;8.87;41.02;3281.83;1810.17;-1471.66;0.00
0.28;10.67;41.05;3283.99;2181.45;-1102.55;0.00
0.25;7.55;34.98;2798.50;1857.93;-940.57;0.00
0.31;10.40;44.59;3567.18;2374.32;-1192.86;0.00
0.25;9.75;37.48;2998.03;1964.25;-1033.78;0.00
0.28;10.15;38.62;3089.81;2193.11;-896.70;0.00
0.23;10.90;33.28;2662.14;1940.93;-721.22;0.00
0.28;10.13;33.98;2718.30;2159.84;-558.45;0.00
0.23;9.64;36.75;2940.27;1845.20;-1095.07;0.00
0.22;10.54;36.73;2938.27;1831.97;-1106.31;0.00
0.26;10.76;43.80;3504.06;2110.25;-1393.81;0.00
0.27;11.13;38.59;3086.82;2190.29;-896.53;0.00
0.25;11.09;41.91;3352.49;2038.16;-1314.33;0.00
0.26;11.21;35.88;2870.31;2139.28;-731.03;0.00
0.21;9.94;42.84;3426.88;1751.86;-1675.03;0.00
0.26;11.97;40.82;3265.80;2156.15;-1109.65;0.00
0.23;11.08;32.54;2602.90;1959.57;-643.33;0.00
0.23;11.17;45.01;3601.15;1964.58;-1636.57;0.00
0.27;9.82;37.46;2996.42;2092.76;-903.67;0.00
0.24;9.08;36.86;2948.78;1866.04;-1082.74;0.00
0.27;9.85;47.60;3808.21;2131.28;-1676.93;0.00
0.24;9.90;48.09;3847.07;1935.32;-1911.75;0.00
0.22;10.39;34.04;2722.88;1816.59;-906.29;0.00
0.31;11.64;39.77;3181.31;2424.61;-756.70;0.00
0.28;8.11;38.49;3079.47;2096.08;-983.39;0.00
0.27;11.21;44.00;3519.75;2207.15;-1312.59;0.00
0.26;11.23;43.87;3509.46;2098.92;-1410.54;0.00
0.29;10.94;42.29;3383.37;2255.23;-1128.14;0.00
0.27;9.81;42.98;3438.60;2093.02;-1345.58;0.00
0.26;9.08;41.81;3344.61;2000.36;-1344.25;0.00
0.29;12.30;43.65;3492.35;2379.27;-1113.08;0.00
0.29;10.08;37.10;2967.72;2207.24;-760.48;0.00
0.26;12.07;36.10;2887.67;2162.31;-725.36;0.00
0.26;11.36;34.15;2731.74;2152.24;-579.50;0.00
0.23;10.64;35.06;2804.61;1942.92;-861.69;0.00
0.26;11.36;38.51;3080.72;2146.86;-933.86;0.00
0.28;10.24;47.40;3791.79;2195.70;-1596.09;0.00
0.26;9.27;38.67;3093.69;2032.06;-1061.63;0.00
0.20;9.23;32.69;2615.49;1679.88;-935.61;0.00
0.25;10.26;45.44;3634.91;2000.22;-1634.68;0.00
0.21;8.92;39.67;3173.68;1689.15;-1484.53;0.00
0.24;9.93;46.06;3685.11;1915.20;-1769.91;0.00
0.20;8.64;40.28;3222.02;1647.80;-1574.22;0.00
0.27;10.22;40.07;3205.47;2139.07;-1066.41;0.00
0.24;11.07;32.14;2571.54;1979.28;-592.26;0.00
0.25;10.57;41.34;3307.13;2008.47;-1298.67;0.00
0.24;11.28;36.20;2895.96;2013.97;-881.99;0.00
0.20;8.81;29.52;2361.33;1632.35;-728.98;0.00
0.25;9.22;36.34;2907.26;1955.08;-952.19;0.00
0.26;8.62;49.90;3991.96;1984.34;-2007.62;0.00
0.28;10.97;38.86;3109.13;2198.16;-910.97;0.00
0.20;9.53;41.18;3294.52;1697.68;-1596.84;0.00
0.29;10.16;41.05;3284.22;2234.06;-1050.16;0.00
0.29;9.97;39.62;3169.29;2226.45;-942.84;0.00
0.23;13.24;39.64;3171.31;2082.09;-1089.22;0.00
0.24;9.39;35.95;2876.02;1916.97;-959.04;0.00
0.26;9.43;42.54;3403.53;2009.53;-1394.00;0.00
0.27;9.76;40.12;3209.25;2108.63;-1100.61;0.00
0.30;13.50;35.16;2812.78;2453.36;-359.42;0.00
0.26;10.98;47.32;3785.34;2095.78;-1689.56;0.00
0.25;9.96;37.70;3016.10;1977.02;-1039.08;0.00
0.25;10.36;40.09;3207.11;1993.41;-1213.70;0.00
0.23;10.73;46.65;3731.94;1913.78;-1818.16;0.00
0.24;11.14;36.00;2879.88;2017.87;-862.01;0.00
0.28;10.79;40.92;3273.47;2188.96;-1084.51;0.00
0.27;10.42;45.62;3649.29;2134.57;-1514.72;0.00
0.27;9.72;35.30;2824.14;2090.43;-733.71;0.00
0.25;7.74;47.04;3763.40;1855.35;-1908.05;0.00
0.27;9.93;36.65;2932.14;2085.94;-846.20;0.00
0.26;9.37;36.74;2939.15;2027.68;-911.47;0.00
0.24;9.56;39.00;3120.07;1940.17;-1179.90;0.00
0.25;7.88;44.39;3551.33;1856.63;-1694.70;0.00
0.28;10.73;39.69;3175.12;2200.98;-974.14;0.00
0.23;10.97;40.52;3241.57;1931.52;-1310.05;0.00
0.27;11.06;39.43;3154.70;2187.16;-967.54;0.00
0.26;10.59;43.82;3505.95;2067.18;-1438.76;0.00
0.27;10.43;45.72;3657.66;2131.70;-1525.96;0.00
0.24;9.15;39.53;3162.73;1885.52;-1277.21;0.00
0.29;9.38;39.41;3152.98;2212.33;-940.65;0.00
0.26;9.68;35.36;2828.93;2034.84;-794.09;0.00
0.23;10.32;47.17;3773.40;1890.87;-1882.53;0.00
0.26;9.89;50.15;4011.82;2069.88;-1941.95;0.00
0.24;7.83;44.92;3593.23;1804.37;-1788.86;0.00
0.26;10.72;37.63;3010.14;2082.14;-928.00;0.00
0.32;10.03;36.44;2914.83;2380.90;-533.94;0.00
0.28;9.25;36.72;2937.61;2154.32;-783.29;0.00
0.29;11.68;36.22;2897.21;2304.10;-593.11;0.00
0.29;9.60;45.56;3644.41;2213.43;-1430.99;0.00
0.24;9.85;33.83;2706.69;1905.48;-801.21;0.00
0.29;10.37;45.09;3607.16;2238.60;-1368.57;0.00
0.18;13.34;42.93;3434.20;1781.76;-1652.44;0.00
0.25;10.13;43.33;3466.10;2029.96;-1436.15;0.00
0.25;9.11;33.30;2663.83;1970.91;-692.92;0.00
0.26;11.02;32.91;2632.70;2124.76;-507.94;0.00
0.31;12.17;44.29;3542.96;2452.52;-1090.44;0.00
0.24;8.80;30.64;2451.48;1884.70;-566.78;0.00
0.26;10.61;47.77;3821.62;2087.78;-1733.84;0.00
0.27;11.36;45.89;3671.31;2168.78;-1502.52;0.00
0.23;9.26;51.25;4100.37;1829.84;-2270.53;0.00
0.27;7.40;44.39;3550.84;2001.44;-1549.41;0.00
0.28;11.42;40.10;3207.66;2223.60;-984.06;0.00
0.26;10.96;37.37;2989.89;2112.69;-877.20;0.00
0.25;10.12;38.71;3096.42;1996.59;-1099.83;0.00
0.24;8.30;41.81;3344.85;1866.06;-1478.80;0.00
0.26;9.97;38.19;3055.58;2069.13;-986.45;0.00
0.26;9.45;30.96;2476.46;2041.95;-434.51;0.00
0.28;10.70;37.37;2989.35;2207.60;-781.75;0.00
0.27;11.11;36.25;2899.77;2190.83;-708.94;0.00
0.23;8.52;42.78;3422.22;1815.34;-1606.89;0.00
0.27;10.27;41.13;3290.54;2152.37;-1138.17;0.00
0.27;10.78;45.39;3631.42;2161.05;-1470.37;0.00
0.30;9.26;36.05;2884.24;2255.66;-628.58;0.00
0.28;9.73;44.03;3522.35;2173.21;-1349.14;0.00
0.26;9.77;32.38;2590.39;2026.63;-563.75;0.00
0.27;9.12;33.17;2653.72;2085.02;-568.70;0.00
0.26;12.04;41.09;3287.17;2182.27;-1104.90;0.00
0.27;8.68;39.50;3159.74;2066.92;-1092.82;0.00
0.25;9.75;34.42;2753.99;1993.11;-760.88;0.00
0.28;8.70;38.57;3085.44;2122.40;-963.04;0.00
0.23;10.92;37.42;2993.47;1955.55;-1037.92;0.00
0.25;9.21;36.39;2911.39;1955.75;-955.64;0.00
0.26;10.55;40.74;3258.92;2084.39;-1174.54;0.00
0.25;10.76;37.98;3038.77;2051.49;-987.28;0.00
0.26;10.29;43.57;3485.92;2066.34;-1419.59;0.00
0.25;10.57;41.32;3305.65;2036.44;-1269.21;0.00
0.27;11.40;41.46;3316.82;2217.73;-1099.09;0.00
0.28;8.86;43.40;3471.60;2124.19;-1347.41;0.00
0.27;10.03;44.56;3564.89;2094.56;-1470.32;0.00
0.26;11.53;42.57;3405.83;2129.41;-1276.42;0.00
0.25;10.41;37.63;3010.23;1996.24;-1013.99;0.00
0.25;8.70;41.57;3325.89;1909.94;-1415.95;0.00
0.26;8.88;41.22;3297.77;1978.00;-1319.77;0.00
0.26;9.71;34.22;2737.30;2033.04;-704.26;0.00
0.18;9.00;35.09;2807.36;1508.16;-1299.20;0.00
0.28;9.27;47.42;3793.70;2114.45;-1679.24;0.00
0.27;7.73;44.68;3574.52;1970.24;-1604.29;0.00
0.21;10.08;33.11;2649.13;1765.45;-883.68;0.00
0.24;9.98;38.47;3077.43;1922.14;-1155.29;0.00
0.25;11.34;37.35;2988.18;2042.79;-945.40;0.00
0.25;10.23;47.42;3793.75;1996.18;-1797.57;0.00
0.24;11.35;40.80;3263.93;1996.03;-1267.90;0.00
0.25;9.59;39.55;3163.84;2004.60;-1159.24;0.00
0.29;8.49;39.70;3176.02;2131.85;-1044.17;0.00
0.27;10.32;45.62;3649.81;2109.86;-1539.95;0.00
0.24;9.44;45.20;3615.78;1910.16;-1705.62;0.00
0.25;11.63;45.19;3615.57;2058.99;-1556.58;0.00
0.25;9.17;38.44;3075.50;1955.02;-1120.48;0.00
0.26;10.07;38.77;3101.86;2064.91;-1036.95;0.00
0.24;10.24;43.05;3444.18;1946.32;-1497.85;0.00
0.24;8.07;38.33;3066.12;1843.38;-1222.74;0.00
0.28;10.93;38.40;3071.94;2207.69;-864.25;0.00
0.27;8.66;37.54;3003.44;2069.63;-933.81;0.00
0.25;9.21;40.92;3273.32;1950.34;-1322.98;0.00
0.22;9.92;44.42;3553.58;1813.67;-1739.91;0.00
0.25;10.21;38.29;3063.28;2019.21;-1044.07;0.00
0.25;10.58;47.47;3797.56;2040.69;-1756.87;0.00
0.25;9.24;49.02;3921.92;1955.92;-1966.00;0.00
0.26;10.00;48.00;3840.39;2065.84;-1774.55;0.00
0.21;9.71;31.52;2521.48;1744.06;-777.41;0.00
0.23;8.27;36.99;2959.44;1808.60;-1150.84;0.00
0.28;10.49;38.70;3095.99;2198.93;-897.06;0.00
0.25;11.98;35.65;2851.73;2122.38;-729.36;0.00
0.25;8.15;40.63;3250.44;1897.40;-1353.04;0.00
0.27;10.67;38.78;3102.61;2153.85;-948.76;0.00
0.28;10.96;47.41;3792.81;2238.11;-1554.70;0.00
0.24;8.17;40.63;3250.73;1849.97;-1400.77;0.00
0.30;8.44;47.94;3835.44;2179.09;-1656.35;0.00
0.23;11.66;32.27;2581.44;1984.39;-597.05;0.00
0.25;10.82;45.06;3605.06;2054.13;-1550.93;0.00
0.24;9.97;42.70;3415.99;1925.99;-1490.00;0.00
0.26;13.15;39.02;3121.86;2206.25;-915.61;0.00
0.24;11.73;47.07;3765.67;2017.54;-1748.14;0.00
0.20;10.02;36.85;2948.35;1690.04;-1258.31;0.00
0.25;9.87;43.58;3486.08;2015.00;-1471.07;0.00
0.29;9.66;42.37;3389.33;2201.82;-1187.51;0.00
0.29;11.85;40.47;3237.21;2316.76;-920.45;0.00
0.23;9.44;31.47;2517.66;1823.15;-694.51;0.00
0.24;12.27;36.51;2920.89;2043.89;-877.00;0.00
0.25;8.41;38.78;3102.31;1923.70;-1178.60;0.00
0.22;10.73;36.84;2946.88;1883.23;-1063.65;0.00
0.28;9.86;37.06;2964.95;2170.96;-793.99;0.00
0.27;12.01;54.00;4319.92;2233.72;-2086.20;0.00
0.22;12.09;45.77;3661.51;1941.83;-1719.68;0.00
0.28;12.17;42.18;3374.12;2308.75;-1065.37;0.00
0.27;11.05;43.17;3453.38;2172.35;-1281.03;0.00
0.24;11.14;37.49;2998.96;1993.92;-1005.04;0.00
0.25;9.16;43.71;3497.07;1948.84;-1548.23;0.00
0.26;10.40;46.72;3737.57;2078.12;-1659.45;0.00
0.20;8.67;35.31;2824.52;1642.53;-1182.00;0.00
0.27;8.92;50.33;4026.24;2051.11;-1975.13;0.00
0.20;9.85;42.21;3376.43;1704.05;-1672.38;0.00
0.26;9.21;43.78;3502.05;2019.67;-1482.39;0.00
0.20;10.40;37.75;3019.87;1728.45;-1291.42;0.00
0.21;11.00;35.91;2872.80;1834.58;-1038.22;0.00
0.26;11.24;33.76;2700.85;2104.34;-596.51;0.00
0.25;9.78;44.43;3554.49;1959.30;-1595.20;0.00
0.27;11.59;37.62;3009.88;2191.52;-818.36;0.00
0.20;10.15;40.36;3229.09;1722.30;-1506.78;0.00
0.23;9.09;39.00;3120.32;1855.63;-1264.69;0.00
0.25;8.94;42.75;3420.29;1922.62;-1497.67;0.00
0.26;8.71;48.64;3891.56;1978.50;-1913.06;0.00
0.26;10.89;49.70;3975.91;2080.48;-1895.43;0.00
0.23;10.62;42.34;3387.40;1893.18;-1494.23;0.00
0.21;10.81;44.98;3598.79;1824.71;-1774.08;0.00
0.26;9.79;39.34;3147.12;2049.18;-1097.94;0.00
0.23;11.21;39.87;3189.92;1968.77;-1221.15;0.00
0.26;10.66;47.38;3790.76;2078.42;-1712.34;0.00
0.27;8.79;38.11;3048.47;2054.20;-994.27;0.00
0.25;9.83;48.26;3860.96;2003.18;-1857.78;0.00
0.27;10.57;43.60;3487.64;2161.93;-1325.71;0.00
0.18;10.31;48.49;3879.06;1602.61;-2276.45;0.00
0.26;8.70;34.86;2789.13;1974.23;-814.90;0.00
0.24;8.62;48.43;3874.65;1851.66;-2022.99;0.00
0.27;9.89;39.01;3121.01;2123.19;-997.81;0.00
0.23;10.92;45.30;3624.24;1944.82;-1679.42;0.00
0.25;10.63;38.26;3060.84;2005.49;-1055.35;0.00
0.23;9.49;33.35;2667.96;1834.07;-833.89;0.00
0.25;10.73;44.23;3538.68;2042.13;-1496.55;0.00
0.24;11.21;43.82;3505.84;2013.25;-1492.58;0.00
0.29;9.13;36.12;2889.67;2169.96;-719.71;0.00
0.26;10.54;49.47;3957.46;2065.86;-1891.60;0.00
0.26;9.74;39.61;3168.69;2034.87;-1133.82;0.00
0.28;8.79;40.24;3219.48;2127.68;-1091.80;0.00
0.22;10.07;28.40;2272.34;1809.96;-462.38;0.00
0.24;8.68;42.61;3408.79;1897.46;-1511.32;0.00
0.21;10.04;40.26;3220.85;1738.30;-1482.55;0.00
0.22;8.00;38.20;3056.02;1732.43;-1323.59;0.00
0.21;9.93;32.54;2603.29;1740.83;-862.46;0.00
0.23;9.50;39.68;3174.24;1841.96;-1332.28;0.00
0.22;9.97;42.55;3404.12;1820.61;-1583.51;0.00
0.27;10.27;48.13;3850.31;2152.58;-1697.73;0.00
0.24;9.40;40.54;3243.33;1891.47;-1351.86;0.00
0.25;8.33;41.34;3307.32;1884.96;-1422.35;0.00
0.28;10.23;33.98;2718.27;2209.17;-509.10;0.00
0.25;10.12;36.68;2934.26;1981.77;-952.49;0.00
0.28;10.60;48.75;3900.25;2228.15;-1672.09;0.00
0.24;8.11;36.63;2930.41;1817.80;-1112.61;0.00
0.28;8.54;34.25;2739.77;2084.02;-655.75;0.00
0.23;9.92;37.15;2971.98;1892.41;-1079.58;0.00
0.28;10.26;44.94;3595.33;2200.68;-1394.65;0.00
0.27;9.00;38.14;3051.29;2034.89;-1016.40;0.00
0.20;12.13;36.73;2938.48;1810.37;-1128.11;0.00
0.24;9.37;45.93;3674.48;1917.21;-1757.27;0.00
0.26;10.09;37.20;2975.83;2044.06;-931.78;0.00
0.29;12.28;36.61;2928.86;2366.50;-562.36;0.00
0.28;9.92;43.68;3494.08;2159.13;-1334.95;0.00
0.20;8.07;29.93;2394.15;1614.85;-779.30;0.00
0.25;9.87;36.40;2911.86;1994.98;-916.88;0.00
0.28;12.86;41.92;3353.78;2312.03;-1041.75;0.00
0.23;11.19;44.18;3534.31;1947.30;-1587.01;0.00
0.26;10.30;35.15;2812.06;2045.35;-766.71;0.00
0.26;9.30;41.21;3297.06;2027.86;-1269.19;0.00
0.21;8.08;43.28;3462.34;1664.09;-1798.25;0.00
0.27;11.04;41.02;3281.38;2174.44;-1106.94;0.00
0.25;9.38;46.02;3681.81;1973.62;-1708.19;0.00
0.25;11.29;35.05;2804.33;2081.61;-722.73;0.00
0.22;10.15;42.86;3428.95;1827.51;-1601.44;0.00
0.23;7.92;36.07;2885.81;1746.70;-1139.11;0.00
0.23;9.94;35.69;2855.27;1906.26;-949.01;0.00
0.26;10.31;35.96;2876.59;2064.26;-812.33;0.00
0.27;11.15;33.72;2697.86;2158.10;-539.76;0.00
0.24;8.66;36.01;2880.67;1874.91;-1005.76;0.00
0.20;13.18;47.03;3762.47;1877.57;-1884.90;0.00
0.26;12.26;36.06;2884.85;2196.56;-688.29;0.00
0.21;8.73;34.69;2775.54;1696.87;-1078.68;0.00
0.20;9.09;38.93;3114.16;1645.27;-1468.89;0.00
0.28;10.37;42.65;3411.61;2193.55;-1218.06;0.00
0.29;7.75;40.04;3202.82;2130.48;-1072.34;0.00
0.25;10.09;36.05;2884.00;2004.27;-879.73;0.00
0.27;8.58;36.35;2908.15;2065.33;-842.82;0.00
0.26;10.12;44.01;3520.97;2046.00;-1474.97;0.00
0.25;10.63;35.74;2859.02;2003.30;-855.73;0.00
0.23;9.73;35.30;2823.83;1870.60;-953.23;0.00
0.26;10.10;43.33;3466.43;2059.44;-1406.98;0.00
0.22;11.97;42.92;3433.40;1924.02;-1509.38;0.00
0.21;11.29;44.41;3552.97;1818.83;-1734.14;0.00
0.23;9.23;41.26;3301.12;1854.36;-1446.77;0.00
0.25;10.87;40.66;3252.74;2016.60;-1236.13;0.00
0.24;10.85;39.64;3170.86;2011.68;-1159.17;0.00
0.23;9.51;47.95;3835.82;1881.81;-1954.01;0.00
0.23;12.13;42.20;3375.62;2017.12;-1358.50;0.00
0.25;11.58;45.69;3655.20;2068.55;-1586.65;0.00
0.27;6.82;47.30;3784.00;1955.02;-1828.98;0.00
0.24;9.32;42.23;3378.57;1919.07;-1459.50;0.00
0.22;8.05;42.64;3411.33;1694.55;-1716.78;0.00
0.27;10.43;34.00;2719.66;2152.97;-566.69;0.00
0.23;10.34;40.51;3240.78;1915.83;-1324.94;0.00
0.24;8.74;38.07;3045.51;1861.57;-1183.94;0.00
0.24;8.50;47.19;3775.06;1879.87;-1895.20;0.00
0.25;12.37;37.00;2959.99;2147.64;-812.35;0.00
0.23;10.20;38.55;3084.10;1904.66;-1179.44;0.00
0.26;10.38;38.45;3076.37;2103.59;-972.78;0.00
0.23;10.63;40.45;3235.87;1917.19;-1318.68;0.00
0.24;10.29;38.33;3066.60;1983.41;-1083.20;0.00
0.26;11.37;40.34;3226.88;2121.25;-1105.63;0.00
0.26;10.51;47.23;3778.68;2095.51;-1683.17;0.00
0.27;10.78;41.68;3334.70;2137.19;-1197.51;0.00
0.29;10.59;48.73;3898.29;2261.15;-1637.14;0.00
0.26;10.15;48.38;3870.32;2074.30;-1796.02;0.00
0.24;12.09;40.94;3274.89;2040.40;-1234.50;0.00
0.25;11.31;32.51;2600.41;2083.62;-516.80;0.00
0.27;9.21;42.46;3396.96;2046.50;-1350.46;0.00
0.21;9.84;36.28;2902.27;1727.55;-1174.73;0.00
0.24;11.76;32.42;2593.47;2056.53;-536.94;0.00
0.29;11.88;39.84;3186.87;2310.53;-876.34;0.00
0.24;11.76;41.13;3290.33;2025.23;-1265.10;0.00
0.28;7.68;39.03;3122.49;2029.94;-1092.55;0.00
0.28;10.20;33.82;2705.81;2176.91;-528.90;0.00
0.24;10.51;41.21;3296.87;1995.88;-1300.99;0.00
0.25;8.70;33.29;2663.58;1936.35;-727.24;0.00
0.24;10.49;43.59;3486.88;1957.19;-1529.68;0.00
0.26;8.53;49.12;3929.50;2001.74;-1927.76;0.00
0.27;9.87;39.43;3154.77;2086.08;-1068.69;0.00
0.27;7.58;41.89;3351.59;1985.33;-1366.26;0.00
0.25;8.40;38.48;3078.06;1937.93;-1140.13;0.00
0.25;9.70;47.19;3775.53;2005.47;-1770.06;0.00
0.25;10.13;39.86;3189.20;2022.03;-1167.17;0.00
0.22;10.08;42.82;3425.43;1799.97;-1625.46;0.00
0.26;10.42;36.76;2941.09;2071.53;-869.55;0.00
0.24;10.77;32.44;2595.55;1999.42;-596.13;0.00
0.27;8.86;35.96;2876.93;2065.94;-810.99;0.00
0.24;12.16;46.12;3689.79;2037.89;-1651.90;0.00
0.32;11.70;32.55;2604.24;2472.45;-131.79;0.00
0.27;9.80;44.00;3520.03;2127.66;-1392.37;0.00
0.25;8.83;39.28;3142.70;1916.13;-1226.57;0.00
0.27;11.26;40.95;3276.35;2200.96;-1075.39;0.00
0.27;10.50;46.23;3698.51;2157.52;-1540.99;0.00
0.24;9.78;44.66;3572.54;1919.30;-1653.24;0.00
0.25;10.09;40.00;3199.67;1997.21;-1202.45;0.00
0.23;9.86;41.25;3300.36;1853.61;-1446.75;0.00
0.27;9.11;35.92;2873.45;2081.76;-791.69;0.00
0.23;9.35;37.33;2986.01;1854.98;-1131.03;0.00
0.26;11.70;34.75;2780.04;2136.60;-643.44;0.00
0.26;10.60;45.81;3664.94;2075.17;-1589.76;0.00
0.30;10.54;37.72;3017.84;2289.96;-727.88;0.00
0.23;9.72;37.41;2992.82;1887.13;-1105.69;0.00
0.29;11.46;42.08;3366.54;2317.89;-1048.65;0.00
0.21;9.17;44.76;3580.43;1700.76;-1879.67;0.00
0.25;9.35;42.20;3375.75;1990.28;-1385.47;0.00
0.25;9.08;45.83;3666.22;1928.16;-1738.06;0.00
0.24;10.59;44.97;3597.98;1966.13;-1631.85;0.00
0.26;7.54;26.69;2134.88;1896.07;-238.80;0.00
0.27;8.17;39.59;3167.50;1987.97;-1179.52;0.00
0.25;10.97;41.59;3327.39;2062.11;-1265.28;0.00
0.25;7.62;37.10;2968.33;1868.21;-1100.12;0.00
0.26;11.73;34.76;2780.86;2162.23;-618.63;0.00
0.25;9.87;33.72;2697.23;1977.93;-719.30;0.00
0.24;9.50;43.72;3497.27;1920.49;-1576.78;0.00
0.29;9.77;45.84;3667.15;2190.70;-1476.46;0.00
0.24;11.97;37.90;3031.81;2065.65;-966.16;0.00
0.25;10.31;43.57;3485.73;2016.00;-1469.73;0.00
0.27;11.22;35.68;2854.46;2160.16;-694.29;0.00
0.25;9.41;36.19;2895.32;1962.17;-933.15;0.00
0.23;11.20;39.82;3185.79;1924.15;-1261.64;0.00
0.29;10.00;31.43;2514.47;2257.18;-257.29;0.00
0.23;8.44;48.45;3875.87;1791.82;-2084.05;0.00
0.22;9.77;46.95;3755.74;1788.89;-1966.85;0.00
0.26;9.20;41.19;3295.22;2020.48;-1274.73;0.00
0.23;11.78;28.80;2304.10;1972.76;-331.35;0.00
0.26;10.51;45.85;3667.81;2068.12;-1599.70;0.00
0.27;10.64;42.05;3364.31;2134.48;-1229.83;0.00
0.24;10.16;39.51;3160.64;1957.10;-1203.54;0.00
0.27;11.02;37.50;2999.67;2144.96;-854.70;0.00
0.26;10.97;39.96;3197.16;2128.41;-1068.75;0.00
0.25;9.49;44.21;3536.68;1958.04;-1578.64;0.00
0.24;10.33;34.71;2776.78;1974.13;-802.65;0.00
0.26;8.86;44.66;3572.86;1993.99;-1578.87;0.00
0.26;10.11;34.79;2783.24;2077.72;-705.52;0.00
0.23;10.80;46.25;3700.33;1900.37;-1799.96;0.00
0.25;10.83;27.44;2195.52;2026.18;-169.35;0.00
0.22;9.28;45.39;3631.41;1779.12;-1852.29;0.00
0.27;10.78;38.62;3089.59;2165.64;-923.95;0.00
0.22;10.25;43.91;3512.82;1862.72;-1650.10;0.00
0.26;9.75;42.45;3395.74;2060.19;-1335.55;0.00
0.25;9.35;43.21;3456.75;1987.01;-1469.74;0.00
0.26;11.93;38.95;3116.03;2159.22;-956.82;0.00
0.25;10.04;39.87;3189.72;2017.94;-1171.78;0.00
0.27;10.92;42.48;3398.17;2172.24;-1225.93;0.00
0.28;8.74;41.12;3289.74;2088.54;-1201.20;0.00
0.27;10.15;36.56;2925.06;2102.63;-822.43;0.00
0.28;11.39;40.77;3261.42;2219.53;-1041.89;0.00
0.28;9.41;42.55;3404.21;2137.56;-1266.65;0.00
0.26;10.39;43.52;3481.55;2100.10;-1381.45;0.00
0.28;10.83;43.01;3440.63;2191.57;-1249.06;0.00
0.29;9.76;48.86;3909.17;2210.51;-1698.66;0.00
0.29;10.86;47.13;3770.14;2265.04;-1505.10;0.00
0.27;11.66;30.01;2401.17;2194.04;-207.12;0.00
0.24;8.25;47.08;3766.09;1864.33;-1901.76;0.00
0.27;10.12;40.61;3249.07;2132.34;-1116.74;0.00
0.27;9.61;37.56;3005.19;2100.06;-905.13;0.00
0.26;10.11;36.08;2886.45;2075.15;-811.30;0.00
0.24;10.17;42.56;3404.95;1938.63;-1466.32;0.00
0.24;11.41;38.59;3087.04;2021.53;-1065.52;0.00
0.25;9.64;36.62;2929.54;1956.87;-972.68;0.00
0.25;9.21;45.32;3625.84;1981.19;-1644.65;0.00
0.22;10.51;42.98;3438.62;1864.08;-1574.54;0.00
0.22;9.64;35.51;2841.07;1807.88;-1033.18;0.00
0.22;10.32;41.70;3335.83;1823.01;-1512.82;0.00
0.25;10.34;35.86;2869.20;2023.88;-845.32;0.00
0.25;8.81;40.06;3204.69;1925.50;-1279.19;0.00
0.27;10.42;44.17;3533.24;2138.99;-1394.24;0.00
0.28;10.45;40.83;3266.57;2213.79;-1052.77;0.00
0.20;10.12;55.52;4441.61;1687.50;-2754.11;0.00
0.28;10.32;40.46;3236.96;2215.56;-1021.40;0.00
0.27;8.71;39.40;3151.75;2049.37;-1102.38;0.00
0.26;10.92;44.31;3545.19;2132.67;-1412.51;0.00
0.24;10.61;47.93;3834.46;1953.59;-1880.87;0.00
0.24;10.30;39.00;3119.72;1964.12;-1155.60;0.00
0.19;10.78;39.62;3169.60;1678.94;-1490.66;0.00
0.28;8.13;44.21;3537.04;2097.79;-1439.25;0.00
0.24;10.95;42.53;3402.42;2011.33;-1391.09;0.00
0.27;10.14;44.39;3551.32;2139.81;-1411.52;0.00
0.26;10.58;38.84;3107.36;2088.30;-1019.06;0.00
0.25;9.92;38.59;3087.39;1978.29;-1109.10;0.00
0.28;11.37;36.25;2899.89;2257.13;-642.76;0.00
0.25;10.46;50.17;4013.43;2021.81;-1991.61;0.00
0.30;9.40;35.08;2806.43;2247.26;-559.18;0.00
0.29;8.82;41.28;3302.73;2188.93;-1113.80;0.00
0.24;10.62;40.25;3220.10;1945.60;-1274.49;0.00
0.23;9.23;33.83;2706.53;1866.32;-840.21;0.00
0.20;10.05;40.92;3274.00;1699.11;-1574.89;0.00
0.25;10.22;38.75;3100.38;2032.88;-1067.50;0.00
0.26;9.42;37.32;2985.44;2031.34;-954.10;0.00
0.24;10.77;44.00;3520.05;1975.26;-1544.79;0.00
0.26;9.98;45.15;3611.63;2073.34;-1538.29;0.00
0.24;10.33;31.00;2479.91;1973.77;-506.15;0.00
0.23;9.06;47.93;3834.29;1810.99;-2023.30;0.00
0.27;9.80;34.75;2780.20;2097.35;-682.85;0.00
0.27;10.46;45.09;3607.25;2141.39;-1465.86;0.00
0.23;9.26;39.39;3151.19;1849.48;-1301.71;0.00
0.21;10.79;35.42;2833.32;1783.01;-1050.31;0.00
0.23;10.69;31.18;2494.27;1932.52;-561.75;0.00
0.27;9.49;37.22;2977.93;2083.21;-894.73;0.00
0.24;11.37;40.64;3250.99;1986.67;-1264.32;0.00
0.28;9.73;44.31;3544.97;2133.11;-1411.86;0.00
0.23;11.01;32.22;2577.33;1910.54;-666.80;0.00
0.21;10.26;33.67;2693.43;1774.08;-919.35;0.00
0.26;10.64;36.79;2943.18;2068.01;-875.18;0.00
0.24;10.71;35.83;2866.76;1969.22;-897.54;0.00
0.29;12.28;39.34;3147.38;2365.80;-781.58;0.00
0.27;9.88;39.14;3131.46;2088.59;-1042.87;0.00
0.30;8.74;33.17;2653.81;2200.65;-453.16;0.00
0.20;8.68;38.24;3059.08;1634.17;-1424.91;0.00
0.23;9.07;41.92;3353.46;1858.67;-1494.79;0.00
0.28;11.40;32.72;2617.26;2245.29;-371.97;0.00
0.27;11.11;46.32;3705.47;2203.16;-1502.31;0.00
0.21;10.16;43.23;3458.47;1786.39;-1672.08;0.00
0.24;8.68;41.85;3348.03;1847.37;-1500.67;0.00
0.26;9.80;41.16;3292.79;2025.31;-1267.48;0.00
0.25;11.49;42.46;3396.58;2071.33;-1325.26;0.00
0.26;10.48;34.61;2768.98;2071.89;-697.09;0.00
0.20;13.20;41.27;3301.74;1903.34;-1398.40;0.00
0.20;10.21;44.30;3544.35;1739.19;-1805.16;0.00
0.22;9.65;43.31;3464.46;1831.29;-1633.17;0.00
0.26;10.01;34.42;2753.32;2028.87;-724.45;0.00
0.24;9.86;43.87;3509.59;1920.07;-1589.52;0.00
0.26;12.95;44.64;3571.14;2206.52;-1364.63;0.00
0.26;9.12;37.48;2998.36;1990.93;-1007.43;0.00
0.24;9.31;45.26;3620.80;1899.08;-1721.71;0.00
0.24;10.21;39.43;3154.53;1954.06;-1200.47;0.00
0.25;10.48;40.14;3211.39;2027.29;-1184.10;0.00
0.26;10.83;38.89;3111.47;2125.30;-986.17;0.00
0.24;11.82;37.72;3017.25;2056.29;-960.96;0.00
0.21;10.60;40.03;3202.02;1823.63;-1378.39;0.00
0.28;10.71;38.93;3114.41;2226.95;-887.46;0.00
0.24;12.64;39.83;3186.45;2090.11;-1096.33;0.00
0.26;12.39;42.83;3426.46;2160.79;-1265.67;0.00
0.26;11.90;39.47;3157.78;2130.28;-1027.49;0.00
0.31;9.87;44.08;3526.62;2329.92;-1196.69;0.00
0.23;9.81;38.47;3077.55;1877.08;-1200.47;0.00
0.28;10.18;33.86;2709.17;2164.89;-544.28;0.00
0.30;9.90;44.70;3576.08;2264.57;-1311.51;0.00
0.28;9.35;50.60;4047.89;2149.08;-1898.81;0.00
0.27;7.85;39.83;3186.47;2002.59;-1183.89;0.00
0.23;8.93;37.86;3028.94;1826.05;-1202.89;0.00
0.27;7.85;48.92;3913.46;2023.29;-1890.17;0.00
0.25;10.11;38.40;3071.90;2022.57;-1049.32;0.00
0.23;11.16;37.88;3030.10;1941.63;-1088.46;0.00
0.26;10.38;44.43;3554.01;2081.46;-1472.55;0.00
0.27;10.37;32.75;2619.83;2125.56;-494.28;0.00
0.21;9.47;36.62;2929.86;1711.14;-1218.71;0.00
0.27;10.98;36.31;2904.50;2155.50;-749.00;0.00
0.26;10.88;32.22;2577.50;2101.39;-476.12;0.00
0.22;10.15;39.36;3148.84;1812.33;-1336.51;0.00
0.21;10.38;42.08;3366.68;1766.79;-1599.88;0.00
0.27;8.96;38.83;3106.09;2034.65;-1071.44;0.00
0.22;9.29;46.16;3692.68;1766.77;-1925.91;0.00
0.24;10.29;37.62;3009.50;1973.08;-1036.43;0.00
0.27;9.83;39.92;3193.59;2077.92;-1115.67;0.00
0.25;10.87;39.75;3179.92;2061.22;-1118.70;0.00
0.23;10.71;48.26;3860.48;1919.55;-1940.93;0.00
0.25;9.51;42.97;3437.44;1950.34;-1487.11;0.00
0.21;9.63;39.43;3154.32;1764.76;-1389.55;0.00
0.23;8.69;37.70;3015.60;1816.10;-1199.50;0.00
0.23;7.94;40.26;3220.82;1786.68;-1434.13;0.00
0.25;9.64;38.90;3111.79;1991.25;-1120.54;0.00
0.24;10.23;36.79;2943.33;1951.23;-992.10;0.00
0.27;9.38;46.92;3753.93;2053.06;-1700.87;0.00
0.28;9.49;43.40;3471.95;2130.60;-1341.34;0.00
0.23;8.83;36.88;2950.65;1798.42;-1152.23;0.00
0.27;9.06;40.27;3221.37;2077.33;-1144.04;0.00
0.25;11.54;33.61;2689.20;2095.00;-594.20;0.00
0.28;10.93;38.53;3082.70;2242.18;-840.52;0.00
0.25;9.39;41.39;3311.46;1987.62;-1323.84;0.00
0.20;8.78;45.90;3671.72;1666.35;-2005.36;0.00
0.29;10.88;45.89;3670.99;2266.98;-1404.01;0.00
0.26;9.30;42.03;3362.21;2027.74;-1334.47;0.00
0.26;12.23;43.43;3474.21;2157.12;-1317.09;0.00
0.28;10.93;38.50;3080.02;2237.56;-842.46;0.00
0.23;12.62;52.69;4214.90;2003.65;-2211.25;0.00
0.25;9.35;33.58;2686.44;1948.74;-737.70;0.00
0.21;9.91;38.07;3045.51;1784.66;-1260.85;0.00
0.22;10.86;39.60;3168.27;1870.93;-1297.34;0.00
0.24;10.14;37.48;2998.37;1959.76;-1038.61;0.00
0.25;11.65;44.71;3576.98;2076.19;-1500.79;0.00
0.28;8.90;38.50;3079.85;2106.75;-973.10;0.00
0.19;10.02;51.25;4100.13;1669.35;-2430.78;0.00
0.22;8.05;39.02;3121.98;1738.25;-1383.74;0.00
0.24;10.08;41.13;3290.65;1932.92;-1357.73;0.00
0.24;9.81;43.20;3455.91;1914.42;-1541.49;0.00
0.23;9.43;32.38;2590.17;1825.15;-765.01;0.00
0.27;12.65;46.61;3728.55;2230.75;-1497.80;0.00
0.24;8.48;34.13;2730.17;1843.47;-886.70;0.00
0.24;8.28;38.62;3089.74;1845.97;-1243.77;0.00
0.26;9.90;40.84;3267.41;2043.74;-1223.66;0.00
0.22;9.81;41.96;3356.52;1835.71;-1520.80;0.00
0.24;9.25;38.42;3073.92;1901.58;-1172.34;0.00
0.24;10.88;40.03;3202.75;1997.50;-1205.24;0.00
0.27;10.83;45.24;3619.11;2159.92;-1459.19;0.00
0.22;10.84;41.27;3301.47;1876.60;-1424.87;0.00
0.20;10.52;46.30;3703.84;1758.63;-1945.21;0.00
0.25;11.14;47.81;3824.41;2078.07;-1746.34;0.00
0.23;10.16;43.68;3494.57;1891.26;-1603.31;0.00
0.25;10.26;42.89;3431.17;1989.79;-1441.38;0.00
0.29;10.98;38.74;3098.94;2263.00;-835.94;0.00
0.30;13.68;41.38;3310.43;2470.16;-840.27;0.00
0.25;10.61;40.48;3238.76;2035.19;-1203.57;0.00
0.25;8.73;40.48;3238.57;1922.96;-1315.61;0.00
0.26;11.32;43.48;3478.29;2124.46;-1353.83;0.00
0.25;10.05;38.80;3104.34;2028.65;-1075.69;0.00
0.24;11.30;48.37;3869.29;2026.40;-1842.89;0.00
0.23;8.18;47.68;3814.37;1810.05;-2004.31;0.00
0.26;12.44;34.18;2734.13;2211.39;-522.74;0.00
0.24;11.39;50.74;4058.85;2012.41;-2046.43;0.00
0.21;9.47;41.42;3313.82;1746.87;-1566.95;0.00
0.21;12.66;42.26;3380.86;1899.22;-1481.64;0.00
0.25;11.16;32.50;2599.95;2077.38;-522.57;0.00
0.24;12.21;34.46;2756.86;2067.44;-689.42;0.00
0.23;11.45;34.31;2744.52;1983.29;-761.23;0.00
0.26;10.57;38.62;3089.69;2071.09;-1018.59;0.00
0.31;10.11;37.05;2964.17;2377.23;-586.94;0.00
0.26;9.99;43.74;3499.44;2052.85;-1446.59;0.00
0.23;11.00;35.73;2858.39;1941.69;-916.69;0.00
0.25;8.43;41.44;3314.94;1923.82;-1391.12;0.00
0.25;9.31;44.07;3525.48;1960.46;-1565.02;0.00
0.23;9.77;44.99;3599.24;1880.02;-1719.22;0.00
0.25;8.40;29.24;2339.20;1884.03;-455.17;0.00
0.28;11.42;37.21;2976.60;2252.78;-723.82;0.00
0.26;9.18;37.19;2974.88;2027.30;-947.58;0.00
0.23;10.25;43.62;3489.21;1888.16;-1601.05;0.00
0.23;8.24;41.11;3288.77;1802.31;-1486.46;0.00
0.23;9.48;42.91;3432.47;1878.12;-1554.35;0.00
0.22;8.08;32.94;2635.23;1705.14;-930.09;0.00
0.26;11.06;48.46;3876.96;2098.66;-1778.30;0.00
0.29;9.23;35.72;2857.26;2174.34;-682.92;0.00
0.27;9.67;36.36;2908.75;2113.29;-795.46;0.00
0.26;10.90;31.39;2511.52;2129.94;-381.58;0.00
0.23;10.76;39.59;3167.07;1917.54;-1249.53;0.00
0.25;9.87;44.77;3581.79;1967.18;-1614.61;0.00
0.26;12.17;39.21;3137.05;2178.56;-958.49;0.00
0.22;11.02;47.55;3804.37;1854.47;-1949.90;0.00
0.26;9.69;37.01;2960.85;2023.87;-936.98;0.00
0.22;9.13;45.40;3632.36;1752.44;-1879.92;0.00
0.26;9.58;51.18;4094.20;2030.27;-2063.93;0.00
0.25;9.11;50.81;4065.14;1926.74;-2138.40;0.00
0.22;10.49;39.64;3171.46;1878.08;-1293.38;0.00
0.28;10.19;30.25;2419.63;2199.00;-220.64;0.00
0.27;9.73;44.18;3534.66;2081.36;-1453.30;0.00
0.24;10.26;39.69;3175.06;1953.87;-1221.19;0.00
0.30;10.56;42.45;3396.37;2300.52;-1095.84;0.00
0.25;10.08;38.40;3072.24;2012.08;-1060.16;0.00
0.18;9.75;32.45;2595.87;1551.18;-1044.69;0.00
0.25;10.68;42.08;3366.39;2045.74;-1320.65;0.00
0.21;10.86;38.64;3091.27;1820.29;-1270.98;0.00
0.30;12.10;35.89;2871.24;2374.39;-496.85;0.00
0.29;9.34;35.98;2878.44;2182.65;-695.79;0.00
0.26;11.15;37.33;2986.70;2093.74;-892.96;0.00
0.26;8.57;37.98;3038.77;1977.08;-1061.69;0.00
0.27;9.60;42.04;3363.43;2103.78;-1259.65;0.00
0.26;8.93;37.71;3016.78;1989.18;-1027.60;0.00
0.24;10.03;44.98;3598.54;1928.09;-1670.45;0.00
0.24;7.80;41.18;3294.05;1809.42;-1484.63;0.00
0.27;8.64;43.73;3498.70;2029.31;-1469.39;0.00
0.25;9.97;43.04;3443.09;2002.56;-1440.54;0.00
0.29;9.11;39.06;3125.14;2159.47;-965.66;0.00
0.22;11.28;39.70;3176.12;1883.54;-1292.59;0.00
0.24;8.68;45.55;3643.71;1858.11;-1785.60;0.00
0.24;10.81;38.76;3100.86;1979.13;-1121.73;0.00
0.24;11.61;42.59;3407.08;2014.30;-1392.78;0.00
0.23;12.06;34.21;2736.65;1970.17;-766.48;0.00
0.24;9.12;41.53;3322.29;1888.10;-1434.19;0.00
0.21;10.77;42.48;3398.15;1815.44;-1582.72;0.00
0.20;10.29;47.13;3770.42;1717.68;-2052.74;0.00
0.29;10.57;46.60;3727.78;2240.07;-1487.71;0.00
0.23;7.87;41.21;3296.52;1766.89;-1529.62;0.00
0.23;9.11;35.79;2863.36;1824.56;-1038.80;0.00
0.25;9.94;41.50;3320.25;1981.57;-1338.68;0.00
0.25;10.79;37.25;2980.16;2055.00;-925.17;0.00
0.25;9.61;40.57;3245.75;1955.18;-1290.57;0.00
0.26;9.80;35.72;2857.34;2039.93;-817.41;0.00
0.22;9.47;42.89;3430.83;1794.94;-1635.88;0.00
0.27;10.46;41.08;3286.37;2117.76;-1168.61;0.00
0.23;11.27;42.42;3393.73;1939.56;-1454.17;0.00
0.26;10.37;42.51;3400.91;2093.96;-1306.95;0.00
0.26;10.10;43.61;3488.79;2073.06;-1415.73;0.00
0.27;11.04;40.56;3244.58;2186.79;-1057.79;0.00
0.24;10.64;38.24;3059.58;1985.18;-1074.39;0.00
0.25;11.61;42.46;3396.54;2059.15;-1337.39;0.00
0.23;9.39;38.57;3085.86;1836.48;-1249.38;0.00
0.23;10.48;41.08;3286.58;1890.55;-1396.03;0.00
0.26;10.44;35.57;2845.24;2072.54;-772.71;0.00
0.22;10.09;44.18;3534.29;1856.33;-1677.96;0.00
0.24;9.34;31.02;2481.89;1907.79;-574.10;0.00
0.25;10.62;40.26;3220.70;2040.29;-1180.41;0.00
0.25;11.69;50.41;4033.16;2108.32;-1924.84;0.00
0.25;12.80;27.00;2159.66;2164.59;4.93;1.00
0.25;9.40;41.90;3352.13;1971.90;-1380.23;0.00
0.24;10.41;43.67;3493.40;1971.43;-1521.97;0.00
0.21;9.13;38.97;3117.86;1727.21;-1390.65;0.00
0.24;11.57;44.20;3536.12;1999.74;-1536.38;0.00
0.27;12.38;40.64;3251.07;2229.78;-1021.30;0.00
0.27;9.88;35.55;2843.82;2114.61;-729.21;0.00
0.27;11.84;47.21;3777.13;2222.57;-1554.56;0.00
0.20;10.84;43.47;3477.61;1750.78;-1726.83;0.00
0.20;10.26;40.14;3211.20;1741.45;-1469.75;0.00
0.25;9.77;37.80;3024.21;1968.94;-1055.27;0.00
0.23;9.74;37.34;2987.18;1854.59;-1132.59;0.00
0.21;9.31;43.45;3475.98;1756.21;-1719.77;0.00
0.27;10.21;39.31;3144.68;2137.18;-1007.50;0.00
0.29;11.15;32.14;2571.38;2275.52;-295.85;0.00
0.23;10.08;38.25;3060.06;1865.01;-1195.05;0.00
0.20;11.95;41.13;3290.43;1821.04;-1469.39;0.00
0.20;9.13;47.89;3831.19;1663.33;-2167.87;0.00
0.25;10.17;37.41;2993.04;2034.15;-958.89;0.00
0.29;7.86;37.56;3004.61;2096.46;-908.15;0.00
0.24;9.53;38.40;3071.72;1898.27;-1173.45;0.00
0.23;13.32;38.91;3112.70;2088.04;-1024.65;0.00
0.23;9.56;49.94;3995.27;1834.84;-2160.43;0.00
0.24;10.53;42.72;3417.93;1940.97;-1476.96;0.00
0.21;10.58;37.38;2990.12;1813.75;-1176.36;0.00
0.26;8.92;40.52;3241.72;2015.29;-1226.43;0.00
0.28;10.88;42.78;3422.19;2202.04;-1220.15;0.00
0.26;11.49;42.85;3428.07;2125.06;-1303.01;0.00
0.28;10.95;47.66;3812.61;2241.34;-1571.27;0.00
0.27;10.09;47.81;3824.77;2146.27;-1678.50;0.00
0.26;9.80;51.64;4131.16;2029.64;-2101.53;0.00
0.26;11.49;37.16;2972.88;2143.23;-829.66;0.00
0.25;9.12;39.84;3187.53;1929.80;-1257.73;0.00
0.26;11.51;41.13;3290.32;2154.75;-1135.57;0.00
0.26;8.90;42.32;3385.66;2013.68;-1371.97;0.00
0.28;11.47;44.96;3597.13;2279.55;-1317.57;0.00
0.25;10.02;33.66;2692.59;2020.14;-672.44;0.00
0.29;7.61;49.07;3925.33;2124.24;-1801.09;0.00
0.24;10.15;32.29;2583.55;1933.15;-650.40;0.00
0.21;10.60;40.77;3261.82;1823.93;-1437.89;0.00
0.23;11.04;38.05;3043.71;1929.97;-1113.73;0.00
0.26;10.05;34.41;2752.75;2034.72;-718.04;0.00
0.24;9.02;36.02;2881.68;1874.60;-1007.07;0.00
0.25;8.53;44.11;3528.44;1904.77;-1623.67;0.00
0.22;9.64;40.01;3201.15;1813.59;-1387.55;0.00
0.25;9.36;45.09;3607.16;1953.53;-1653.63;0.00
0.24;8.80;39.35;3147.85;1871.99;-1275.86;0.00
0.21;11.41;48.84;3907.50;1858.63;-2048.87;0.00
0.28;8.03;35.73;2858.43;2043.67;-814.76;0.00
0.25;10.12;45.48;3638.52;2033.25;-1605.27;0.00
0.19;11.58;32.08;2566.20;1739.87;-826.32;0.00
0.24;10.08;38.96;3116.91;1915.17;-1201.74;0.00
0.23;9.73;42.58;3406.46;1840.86;-1565.60;0.00
0.23;11.99;35.63;2850.68;2001.00;-849.69;0.00
0.26;10.01;41.72;3337.56;2041.89;-1295.67;0.00
0.25;9.53;35.96;2876.54;1954.21;-922.32;0.00
0.25;10.01;42.31;3385.20;2012.50;-1372.70;0.00
0.26;9.82;43.01;3441.08;2037.33;-1403.75;0.00
0.25;10.42;41.95;3356.24;2017.88;-1338.36;0.00
0.25;9.56;40.02;3201.92;1965.74;-1236.17;0.00
0.25;9.28;41.41;3313.17;1974.40;-1338.77;0.00
0.28;8.57;45.26;3621.09;2101.47;-1519.61;0.00
0.22;11.02;33.50;2679.69;1859.30;-820.39;0.00
0.22;8.51;37.03;2962.45;1738.66;-1223.79;0.00
0.18;9.59;43.03;3442.07;1593.02;-1849.05;0.00
0.27;10.60;43.69;3495.31;2149.82;-1345.49;0.00
0.21;11.91;41.91;3352.58;1861.68;-1490.90;0.00
0.22;11.03;42.13;3370.31;1887.09;-1483.22;0.00
0.21;11.73;36.20;2896.30;1859.19;-1037.11;0.00
0.27;8.83;39.80;3183.95;2076.00;-1107.95;0.00
0.25;8.81;32.36;2588.63;1913.37;-675.26;0.00
0.25;8.35;45.25;3620.21;1898.93;-1721.29;0.00
0.28;10.69;37.83;3026.48;2229.15;-797.33;0.00
0.24;9.46;38.15;3052.33;1885.60;-1166.74;0.00
0.22;10.40;44.28;3542.50;1861.76;-1680.74;0.00
0.23;10.80;31.18;2494.35;1932.27;-562.08;0.00
0.26;9.75;44.42;3553.48;2038.03;-1515.45;0.00
0.26;8.49;46.06;3685.04;1973.55;-1711.49;0.00
0.25;10.94;40.84;3267.51;2044.57;-1222.94;0.00
0.26;11.57;41.73;3338.31;2133.60;-1204.71;0.00
0.25;9.05;42.74;3419.18;1951.88;-1467.30;0.00
0.30;10.45;44.58;3566.70;2329.76;-1236.95;0.00
0.25;11.08;42.80;3424.22;2037.79;-1386.43;0.00
0.23;10.38;43.92;3513.48;1909.70;-1603.78;0.00
0.27;10.03;42.07;3365.21;2109.65;-1255.56;0.00
0.26;8.95;48.91;3912.73;2016.32;-1896.41;0.00
0.27;9.37;44.46;3556.95;2068.74;-1488.21;0.00
0.29;9.83;37.46;2997.01;2249.52;-747.49;0.00
0.25;10.51;44.33;3546.07;2023.27;-1522.80;0.00
0.25;9.89;46.68;3734.56;2019.15;-1715.41;0.00
0.26;9.77;40.51;3240.92;2055.85;-1185.08;0.00
0.26;7.73;46.80;3744.12;1958.65;-1785.47;0.00
0.24;9.07;44.32;3545.49;1903.16;-1642.33;0.00
0.24;11.12;43.13;3450.20;1985.14;-1465.05;0.00
0.29;9.86;33.57;2685.99;2235.51;-450.48;0.00
0.31;10.71;36.98;2958.21;2405.59;-552.61;0.00
0.23;11.31;43.88;3510.78;1927.40;-1583.38;0.00
0.26;8.87;32.90;2632.34;1976.51;-655.83;0.00
0.24;9.13;39.34;3147.13;1900.52;-1246.61;0.00
0.30;11.39;41.31;3304.78;2375.11;-929.67;0.00
0.23;9.65;46.21;3696.61;1864.94;-1831.67;0.00
0.24;8.36;38.45;3075.86;1823.37;-1252.49;0.00
0.25;10.65;46.41;3713.11;2043.14;-1669.97;0.00
0.28;10.04;41.67;3333.29;2149.98;-1183.31;0.00
0.22;9.28;35.06;2804.71;1807.57;-997.14;0.00
0.28;9.22;44.00;3519.85;2108.45;-1411.40;0.00
0.25;10.04;44.45;3556.27;2012.07;-1544.20;0.00
0.27;10.04;45.94;3675.25;2128.53;-1546.73;0.00
0.26;12.85;47.77;3821.81;2192.55;-1629.26;0.00
0.30;8.74;36.32;2905.24;2206.70;-698.53;0.00
0.24;9.89;38.46;3076.70;1948.70;-1128.00;0.00
0.25;7.47;44.43;3554.43;1861.33;-1693.11;0.00
0.22;11.10;49.75;3980.40;1888.46;-2091.94;0.00
0.23;10.03;42.69;3415.06;1910.21;-1504.85;0.00
0.26;8.64;34.62;2769.90;1970.31;-799.60;0.00
0.31;8.96;49.05;3923.94;2303.47;-1620.47;0.00
0.26;9.99;37.04;2963.58;2029.79;-933.78;0.00
0.29;9.10;40.82;3265.92;2210.19;-1055.73;0.00
0.25;9.88;40.00;3200.00;1983.74;-1216.26;0.00
0.22;9.17;34.93;2794.43;1784.45;-1009.98;0.00
0.27;10.16;31.24;2498.98;2094.56;-404.41;0.00
0.24;8.29;52.44;4194.86;1843.97;-2350.88;0.00
0.25;10.85;38.25;3060.02;2048.53;-1011.49;0.00
0.19;8.41;40.90;3272.15;1582.72;-1689.43;0.00
0.24;9.16;48.43;3874.69;1884.70;-1989.99;0.00
0.22;9.06;45.29;3623.34;1756.24;-1867.10;0.00
0.26;9.17;38.09;3047.44;2015.30;-1032.14;0.00
0.26;10.43;41.86;3348.69;2102.16;-1246.53;0.00
0.22;8.94;42.59;3407.44;1738.85;-1668.59;0.00
0.24;11.28;33.79;2703.14;1984.44;-718.70;0.00
0.24;10.88;41.59;3327.36;2004.68;-1322.68;0.00
0.26;9.07;45.19;3615.40;1981.26;-1634.14;0.00
0.27;9.61;46.59;3727.11;2093.95;-1633.16;0.00
0.25;10.73;44.50;3559.64;2047.83;-1511.82;0.00
0.21;9.17;33.75;2700.07;1721.25;-978.82;0.00
0.25;10.49;36.52;2921.70;2036.56;-885.14;0.00
0.24;9.02;44.42;3553.97;1906.13;-1647.84;0.00
0.21;9.50;38.21;3056.66;1722.62;-1334.04;0.00
0.23;9.99;40.38;3230.57;1899.67;-1330.90;0.00
0.28;8.93;39.01;3121.11;2115.03;-1006.08;0.00
0.27;10.82;34.17;2733.74;2142.20;-591.54;0.00
0.29;10.13;32.76;2620.81;2212.82;-407.98;0.00
0.30;9.55;40.99;3278.83;2238.40;-1040.43;0.00
0.24;9.75;39.93;3194.41;1952.05;-1242.36;0.00
0.30;9.81;34.66;2772.68;2250.19;-522.49;0.00
0.30;8.88;53.56;4284.65;2235.12;-2049.53;0.00
0.30;10.59;37.60;3007.93;2312.54;-695.39;0.00
0.22;10.63;41.00;3280.37;1835.25;-1445.11;0.00
0.28;9.60;42.78;3422.58;2174.35;-1248.23;0.00
0.25;9.72;40.41;3233.12;1974.61;-1258.51;0.00
0.23;8.44;38.87;3109.38;1792.63;-1316.75;0.00
0.26;10.26;32.10;2567.97;2067.08;-500.89;0.00
0.25;9.86;35.45;2835.99;2014.35;-821.64;0.00
0.26;10.53;49.51;3960.72;2075.01;-1885.72;0.00
0.24;9.57;33.55;2683.89;1911.65;-772.24;0.00
0.20;10.54;48.32;3865.82;1740.73;-2125.09;0.00
0.26;13.22;48.60;3887.65;2212.98;-1674.67;0.00
0.22;10.65;40.76;3260.82;1867.50;-1393.32;0.00
0.24;9.74;33.97;2717.81;1896.71;-821.10;0.00
0.32;9.90;44.46;3557.03;2386.68;-1170.35;0.00
0.26;10.05;48.35;3867.96;2063.20;-1804.76;0.00
0.22;10.55;35.69;2855.51;1857.74;-997.77;0.00
0.23;10.21;34.85;2788.34;1871.06;-917.28;0.00
0.26;9.57;37.34;2987.31;2047.86;-939.45;0.00
0.22;8.97;31.63;2530.36;1790.82;-739.53;0.00
0.24;8.67;34.13;2730.48;1896.29;-834.20;0.00
0.21;6.66;29.71;2377.18;1595.97;-781.21;0.00
0.25;9.87;41.65;3331.91;1979.50;-1352.41;0.00
0.26;9.99;47.46;3796.71;2046.47;-1750.24;0.00
0.20;8.82;42.34;3387.43;1669.88;-1717.55;0.00
0.25;8.65;47.82;3825.38;1935.66;-1889.71;0.00
0.29;10.68;36.01;2880.44;2278.40;-602.04;0.00
0.22;8.77;40.98;3278.71;1783.45;-1495.26;0.00
0.26;8.39;38.67;3093.75;1972.13;-1121.62;0.00
0.28;9.82;34.04;2723.58;2139.61;-583.97;0.00
0.27;10.24;30.44;2435.29;2121.68;-313.60;0.00
0.23;9.10;35.10;2807.86;1806.09;-1001.77;0.00
0.22;10.41;46.79;3743.60;1871.43;-1872.17;0.00
0.20;11.01;37.62;3009.50;1771.65;-1237.85;0.00
0.29;12.93;32.83;2626.08;2411.39;-214.70;0.00
0.21;9.13;45.20;3615.94;1714.31;-1901.63;0.00
0.26;11.53;35.13;2810.37;2134.21;-676.16;0.00
0.20;8.84;44.94;3594.92;1616.71;-1978.21;0.00
0.26;10.68;40.15;3212.01;2082.73;-1129.28;0.00
0.28;8.20;34.62;2769.92;2050.63;-719.30;0.00
0.22;8.87;42.14;3371.25;1777.34;-1593.92;0.00
0.23;11.05;32.15;2571.76;1923.99;-647.76;0.00
0.24;9.14;40.06;3204.86;1872.27;-1332.59;0.00
0.24;9.40;44.39;3551.52;1933.11;-1618.41;0.00
0.26;11.55;46.91;3752.68;2112.50;-1640.18;0.00
0.30;8.97;34.72;2777.54;2213.20;-564.34;0.00
0.22;8.23;43.02;3441.92;1727.23;-1714.69;0.00
0.26;12.60;32.57;2605.32;2213.35;-391.97;0.00
0.24;9.57;43.96;3517.14;1936.72;-1580.42;0.00
0.23;10.23;39.49;3159.31;1888.82;-1270.49;0.00
0.27;9.26;40.75;3260.07;2057.19;-1202.88;0.00
0.23;7.95;43.37;3469.94;1775.82;-1694.12;0.00
0.23;12.58;44.43;3554.30;2021.50;-1532.80;0.00
0.28;9.42;38.71;3096.95;2136.75;-960.20;0.00
0.22;10.73;46.92;3753.58;1861.85;-1891.74;0.00
0.25;10.32;39.46;3156.80;1994.85;-1161.95;0.00
0.24;11.41;48.46;3877.02;2011.34;-1865.68;0.00
0.26;9.67;36.33;2906.66;2038.84;-867.82;0.00
0.25;12.59;43.45;3475.85;2115.79;-1360.06;0.00
0.28;10.73;37.52;3001.36;2185.33;-816.03;0.00
0.26;7.64;45.15;3612.38;1920.26;-1692.12;0.00
0.25;10.41;37.96;3036.74;2011.63;-1025.11;0.00
0.25;11.28;41.17;3293.41;2062.16;-1231.25;0.00
0.25;9.05;32.74;2619.00;1967.84;-651.16;0.00
0.28;11.06;43.94;3515.21;2216.49;-1298.72;0.00
0.30;8.29;40.26;3220.58;2209.25;-1011.33;0.00
0.29;7.46;38.28;3062.43;2068.70;-993.73;0.00
0.25;9.39;40.60;3247.72;1939.39;-1308.34;0.00
0.21;10.76;42.16;3372.84;1806.21;-1566.63;0.00
0.22;11.14;40.93;3274.38;1861.16;-1413.21;0.00
0.21;9.57;36.68;2934.49;1754.85;-1179.64;0.00
0.28;9.20;41.09;3286.82;2131.18;-1155.64;0.00
0.25;9.61;47.48;3798.68;1973.11;-1825.57;0.00
0.21;10.79;37.46;2996.50;1800.93;-1195.57;0.00
0.19;8.94;35.15;2812.34;1609.79;-1202.55;0.00
0.24;11.07;50.65;4052.38;1994.70;-2057.68;0.00
0.27;10.16;32.69;2615.12;2136.15;-478.97;0.00
0.29;9.44;39.86;3188.94;2178.31;-1010.63;0.00
0.29;9.99;43.26;3460.87;2246.46;-1214.41;0.00
0.23;10.64;31.30;2503.86;1925.07;-578.79;0.00
0.29;8.52;48.20;3855.74;2126.56;-1729.18;0.00
0.26;9.00;32.10;2568.06;1997.39;-570.67;0.00
0.26;8.36;40.06;3204.49;1981.67;-1222.82;0.00
0.28;9.28;44.09;3527.04;2121.15;-1405.89;0.00
0.27;9.40;39.87;3189.36;2104.37;-1085.00;0.00
0.26;10.12;35.37;2829.48;2072.51;-756.97;0.00
0.29;8.69;34.13;2730.72;2175.25;-555.46;0.00
0.22;9.04;38.98;3118.25;1791.13;-1327.13;0.00
0.25;11.00;36.07;2885.22;2051.05;-834.17;0.00
0.23;9.16;38.43;3074.74;1822.58;-1252.15;0.00
0.23;10.87;44.23;3538.13;1939.00;-1599.13;0.00
0.24;10.75;35.57;2845.42;1993.37;-852.05;0.00
0.20;10.09;47.39;3790.98;1686.53;-2104.44;0.00
0.29;10.62;36.83;2946.14;2285.48;-660.66;0.00
0.23;9.85;34.53;2762.00;1855.55;-906.46;0.00
0.26;9.68;39.32;3145.86;2043.86;-1101.99;0.00
0.22;10.78;32.23;2578.59;1854.39;-724.20;0.00
0.28;10.83;47.20;3776.29;2207.43;-1568.87;0.00
0.26;10.27;38.44;3074.81;2044.48;-1030.33;0.00
0.24;10.63;33.60;2688.08;1964.27;-723.81;0.00
0.26;12.22;51.37;4109.82;2196.85;-1912.97;0.00
0.24;8.70;38.51;3081.04;1867.49;-1213.55;0.00
0.26;11.09;49.72;3977.77;2125.90;-1851.87;0.00
0.25;10.49;42.22;3377.67;2039.54;-1338.13;0.00
0.30;10.97;43.43;3474.08;2328.81;-1145.26;0.00
0.25;9.23;43.67;3493.91;1977.39;-1516.52;0.00
0.18;9.37;41.59;3327.33;1574.18;-1753.15;0.00
0.22;10.13;43.86;3509.17;1843.63;-1665.54;0.00
0.29;8.16;45.69;3655.53;2113.31;-1542.22;0.00
0.26;11.70;33.09;2647.50;2154.38;-493.12;0.00
0.23;11.53;39.65;3171.80;1943.09;-1228.71;0.00
0.24;12.76;36.27;2901.23;2092.97;-808.26;0.00
