# X_0;X_1;X_2;R_0;S_0;G_0;I_0
0;8;34;2742;1968;-774;0
0;8;40;3235;1975;-1259;0
0;9;31;2514;2063;-451;0
0;11;46;3728;2090;-1638;0
0;9;38;3065;2349;-715;0
0;10;37;3039;1979;-1059;0
0;10;53;4261;2193;-2068;0
0;11;39;3170;2149;-1021;0
0;9;47;3805;1890;-1914;0
0;10;41;3286;2092;-1194;0
0;10;44;3527;1873;-1654;0
0;10;42;3424;2115;-1308;0
0;11;42;3417;2219;-1198;0
0;9;38;3088;2030;-1058;0
0;11;40;3257;2176;-1080;0
0;11;40;3232;2099;-1132;0
0;11;43;3505;2064;-1441;0
0;9;40;3265;1969;-1295;0
0;10;39;3187;2134;-1053;0
0;9;43;3502;1930;-1571;0
0;10;40;3244;2014;-1229;0
0;8;44;3549;1894;-1654;0
0;8;42;3399;1768;-1631;0
0;7;41;3316;1875;-1440;0
0;9;42;3403;1903;-1499;0
0;10;35;2808;2083;-724;0
0;10;35;2847;2044;-803;0
0;10;39;3152;1954;-1198;0
0;10;31;2494;1887;-606;0
0;10;35;2863;1900;-962;0
0;11;42;3431;1896;-1534;0
0;9;43;3502;1844;-1657;0
0;9;40;3255;1972;-1282;0
0;10;35;2841;2165;-676;0
0;11;32;2630;2166;-464;0
0;9;39;3157;1926;-1231;0
0;9;37;3031;1903;-1127;0
0;9;37;2992;2069;-923;0
0;9;44;3554;1810;-1744;0
0;9;47;3805;1657;-2147;0
0;10;41;3310;2310;-1000;0
0;12;42;3413;2457;-955;0
0;9;42;3411;1558;-1852;0
0;9;45;3655;2018;-1636;0
0;9;40;3256;1990;-1266;0
0;10;39;3170;1999;-1170;0
0;11;35;2806;2119;-687;0
0;10;37;2992;2110;-881;0
0;10;34;2779;1900;-879;0
0;10;45;3634;1837;-1796;0
0;12;40;3238;2188;-1050;0
0;8;33;2656;1920;-735;0
0;10;38;3057;2065;-992;0
0;11;36;2932;2370;-562;0
0;9;55;4426;2054;-2372;0
0;12;40;3240;2115;-1124;0
0;11;37;3015;1765;-1249;0
0;10;36;2944;2054;-890;0
0;11;42;3386;1936;-1450;0
0;9;41;3336;2117;-1218;0
0;9;46;3718;1822;-1896;0
0;9;53;4273;2100;-2172;0
0;10;34;2788;2033;-755;0
0;8;33;2719;2215;-504;0
0;8;36;2947;1964;-982;0
0;9;42;3419;2146;-1272;0
0;8;30;2424;1910;-514;0
0;9;40;3207;2021;-1186;0
0;8;30;2475;1905;-569;0
0;10;47;3820;1993;-1826;0
0;8;48;3888;1894;-1993;0
0;10;43;3440;2118;-1321;0
0;10;38;3101;2058;-1042;0
0;11;38;3074;2188;-885;0
0;9;36;2927;2209;-717;0
0;10;37;3000;2166;-834;0
0;10;38;3108;2040;-1067;0
0;10;27;2212;2042;-170;0
0;10;38;3086;1789;-1297;0
0;12;46;3752;2075;-1676;0
0;10;44;3544;2230;-1313;0
0;10;36;2939;2147;-791;0
0;10;33;2650;2094;-556;0
0;9;38;3054;1672;-1381;0
0;10;34;2733;2173;-560;0
0;9;37;2994;1973;-1020;0
0;7;32;2601;1811;-789;0
0;9;45;3621;2066;-1554;0
0;11;36;2889;2269;-619;0
0;11;42;3385;1966;-1418;0
0;9;37;2963;2066;-896;0
0;12;34;2776;2391;-385;0
0;11;46;3701;1905;-1796;0
0;10;32;2595;2128;-466;0
0;10;41;3334;1936;-1397;0
0;11;40;3250;1815;-1434;0
0;10;37;2992;2161;-830;0
0;11;38;3069;2198;-870;0
0;10;41;3351;1823;-1527;0
0;9;40;3222;1949;-1273;0
0;9;39;3172;1785;-1386;0
0;9;44;3551;1925;-1626;0
0;9;30;2433;2106;-327;0
0;11;43;3453;2014;-1438;0
0;11;39;3177;2053;-1123;0
0;11;43;3474;2179;-1294;0
0;9;37;2984;2036;-948;0
0;10;40;3226;1946;-1279;0
0;10;41;3320;2051;-1268;0
0;12;43;3482;2016;-1465;0
0;11;42;3373;2250;-1122;0
0;9;35;2879;2054;-824;0
0;9;36;2884;2057;-826;0
0;10;34;2798;2253;-545;0
0;10;49;3986;1868;-2117;0
0;10;37;3025;2123;-902;0
0;10;35;2844;1882;-962;0
0;11;27;2238;2070;-168;0
0;10;33;2704;1993;-711;0
0;10;41;3300;1864;-1435;0
0;11;34;2735;1892;-843;0
0;8;36;2944;1933;-1010;0
0;11;41;3313;1874;-1439;0
0;11;41;3342;2092;-1250;0
0;11;43;3473;2215;-1257;0
0;10;31;2522;2108;-413;0
0;10;45;3604;1970;-1633;0
0;9;43;3450;2030;-1419;0
0;9;45;3629;1838;-1790;0
0;10;33;2650;1922;-727;0
0;9;48;3851;2100;-1751;0
0;8;46;3751;1864;-1887;0
0;10;35;2844;2063;-781;0
0;10;34;2752;2199;-552;0
0;10;34;2798;2047;-751;0
0;8;33;2715;2020;-694;0
0;9;39;3167;1914;-1253;0
0;9;48;3869;1906;-1963;0
0;8;35;2874;1909;-965;0
0;9;30;2427;1944;-483;0
0;8;46;3697;1868;-1828;0
0;9;39;3126;1924;-1202;0
0;9;37;2963;2035;-928;0
0;11;41;3333;2011;-1322;0
0;10;45;3637;1872;-1765;0
0;10;38;3062;2061;-1001;0
0;9;33;2703;1709;-993;0
0;8;47;3783;1923;-1859;0
0;11;39;3187;1857;-1330;0
0;9;44;3537;2128;-1409;0
0;8;38;3101;2137;-964;0
0;10;44;3581;1787;-1793;0
0;9;39;3174;2004;-1170;0
0;11;39;3186;1803;-1383;0
0;10;46;3715;1930;-1785;0
0;11;38;3092;2303;-789;0
0;9;39;3159;2063;-1096;0
0;9;36;2926;1847;-1078;0
0;8;44;3535;2002;-1533;0
0;10;44;3525;2349;-1175;0
0;10;41;3324;1930;-1394;0
0;9;39;3167;2173;-993;0
0;11;35;2849;2153;-695;0
0;10;40;3211;2150;-1060;0
0;9;39;3175;1719;-1455;0
0;12;43;3502;2061;-1440;0
0;11;41;3344;2072;-1271;0
0;10;45;3672;2076;-1595;0
0;8;40;3266;2154;-1111;0
0;9;45;3639;1890;-1748;0
0;10;48;3860;2102;-1757;0
0;10;39;3154;1701;-1452;0
0;8;42;3386;1901;-1484;0
0;11;49;3936;1966;-1970;0
0;10;26;2092;1896;-196;0
0;11;55;4411;2276;-2135;0
0;9;31;2495;1919;-575;0
0;11;39;3177;1794;-1383;0
0;8;36;2902;1758;-1144;0
0;9;43;3513;1933;-1579;0
0;10;40;3231;1953;-1278;0
0;11;43;3462;2078;-1384;0
0;10;37;3036;2009;-1026;0
0;9;46;3757;1602;-2155;0
0;8;38;3095;1583;-1512;0
0;9;39;3129;2032;-1097;0
0;9;41;3304;2091;-1213;0
0;11;39;3182;2002;-1180;0
0;9;34;2753;1914;-838;0
0;9;46;3733;2260;-1473;0
0;9;39;3194;2068;-1125;0
0;10;32;2596;1812;-784;0
0;9;35;2853;1825;-1028;0
0;9;40;3200;1710;-1490;0
0;11;43;3505;1935;-1569;0
0;9;33;2714;1845;-868;0
0;10;39;3191;2318;-873;0
0;8;35;2803;2119;-684;0
0;10;31;2503;2039;-464;0
0;10;46;3700;1920;-1780;0
0;8;49;3961;2092;-1868;0
0;8;36;2932;1888;-1044;0
0;8;31;2556;2031;-525;0
0;10;37;2964;1832;-1132;0
0;9;48;3872;2037;-1835;0
0;11;41;3313;2376;-937;0
0;7;42;3393;1702;-1691;0
0;11;42;3423;2171;-1251;0
0;9;41;3295;2039;-1256;0
0;10;36;2909;2025;-884;0
0;10;39;3141;2239;-902;0
0;9;39;3154;1745;-1408;0
0;10;38;3070;2013;-1057;0
0;11;36;2892;2181;-711;0
0;11;41;3328;2030;-1298;0
0;10;40;3227;1965;-1261;0
0;12;46;3690;1939;-1750;0
0;10;36;2926;1961;-965;0
0;10;38;3104;1942;-1161;0
0;10;35;2832;1843;-989;0
0;9;37;2995;2304;-690;0
0;9;33;2684;2013;-671;0
0;10;44;3567;2120;-1447;0
0;9;43;3497;1810;-1686;0
0;9;40;3207;1704;-1502;0
0;10;40;3203;2078;-1125;0
0;10;38;3111;1817;-1294;0
0;8;44;3565;2081;-1483;0
0;9;43;3462;2043;-1419;0
0;10;45;3632;1949;-1682;0
0;9;50;4023;1922;-2101;0
0;10;40;3274;2044;-1229;0
0;10;42;3411;2068;-1343;0
0;11;44;3525;1927;-1598;0
0;7;35;2877;1798;-1079;0
0;6;40;3209;1711;-1497;0
0;11;46;3688;2111;-1577;0
0;10;40;3227;2256;-970;0
0;10;35;2811;1804;-1006;0
0;9;42;3425;1745;-1680;0
0;8;33;2680;1826;-854;0
0;9;37;3008;1998;-1009;0
0;12;38;3090;2386;-704;0
0;10;36;2883;2102;-781;0
0;9;33;2682;2106;-576;0
0;12;40;3242;2205;-1037;0
0;10;35;2813;1978;-834;0
0;10;35;2850;2170;-679;0
0;8;46;3694;1995;-1698;0
0;9;33;2688;1936;-752;0
0;9;40;3227;2103;-1124;0
0;10;33;2696;2030;-666;0
0;10;39;3136;2030;-1106;0
0;8;46;3759;2241;-1518;0
0;12;36;2923;2181;-742;0
0;12;49;3933;2205;-1728;0
0;10;39;3136;1907;-1229;0
0;9;40;3226;2061;-1165;0
0;9;43;3479;1896;-1583;0
0;10;46;3729;2381;-1348;0
0;9;41;3326;1899;-1426;0
0;10;36;2938;1940;-998;0
0;9;39;3162;1888;-1274;0
0;10;42;3363;2180;-1183;0
0;10;41;3280;2138;-1141;0
0;11;37;3014;2090;-924;0
0;8;40;3271;1851;-1419;0
0;8;40;3225;1842;-1382;0
0;9;48;3891;2075;-1816;0
0;10;34;2799;2023;-775;0
0;10;38;3077;1882;-1195;0
0;10;37;3014;1968;-1045;0
0;11;33;2718;2141;-577;0
0;9;35;2851;1840;-1011;0
0;10;41;3358;2075;-1283;0
0;10;42;3374;1916;-1458;0
0;11;44;3574;2147;-1426;0
0;9;31;2549;1981;-568;0
0;10;40;3240;1998;-1241;0
0;10;46;3733;1934;-1798;0
0;9;38;3083;1838;-1244;0
0;10;46;3712;1937;-1774;0
0;10;46;3731;2146;-1584;0
0;10;35;2800;1924;-875;0
0;8;50;4005;1993;-2011;0
0;10;35;2801;1827;-973;0
0;9;33;2653;1836;-817;0
0;10;39;3184;1841;-1343;0
0;9;36;2918;2089;-829;0
0;10;47;3781;2136;-1644;0
0;9;47;3774;1992;-1782;0
0;8;46;3714;1763;-1950;0
0;11;28;2291;2178;-112;0
0;10;39;3158;1962;-1195;0
0;10;36;2945;1878;-1066;0
0;10;40;3214;2176;-1037;0
0;8;39;3148;1796;-1351;0
0;10;40;3276;1902;-1373;0
0;8;37;3027;1931;-1095;0
0;9;41;3280;1942;-1338;0
0;10;44;3520;1907;-1613;0
0;8;36;2905;1927;-978;0
0;12;40;3200;2097;-1102;0
0;10;42;3439;2084;-1355;0
0;9;41;3357;2006;-1351;0
0;9;36;2956;2096;-860;0
0;10;35;2842;1742;-1099;0
0;10;45;3632;2005;-1627;0
0;10;38;3040;2010;-1030;0
0;12;48;3871;2063;-1808;0
0;9;45;3651;1715;-1935;0
0;10;48;3917;2141;-1776;0
0;11;45;3625;1871;-1753;0
0;12;42;3392;2322;-1069;0
0;10;46;3717;1918;-1798;0
0;9;32;2575;1801;-773;0
0;12;40;3240;2200;-1039;0
0;10;45;3639;2270;-1368;0
0;8;45;3619;1946;-1673;0
0;11;44;3523;2050;-1472;0
0;9;40;3261;1932;-1329;0
0;7;37;3010;2064;-946;0
0;8;36;2889;1822;-1066;0
0;11;44;3578;1822;-1755;0
0;10;34;2742;1963;-778;0
0;8;48;3893;2173;-1720;0
0;10;44;3541;1970;-1570;0
0;11;46;3759;2046;-1713;0
0;8;45;3627;1845;-1781;0
0;10;35;2845;2053;-792;0
0;8;46;3682;1682;-2000;0
0;12;41;3327;2045;-1281;0
0;10;32;2636;1998;-638;0
0;9;41;3295;1934;-1361;0
0;8;34;2775;2081;-694;0
0;8;51;4141;2017;-2123;0
0;10;42;3387;1794;-1592;0
0;8;38;3100;1679;-1421;0
0;8;35;2805;1910;-894;0
0;11;37;3011;2059;-952;0
0;10;37;2960;1924;-1035;0
0;9;34;2785;1860;-925;0
0;10;45;3605;1966;-1639;0
0;12;37;3001;2208;-793;0
0;10;41;3311;2073;-1238;0
0;11;47;3798;2145;-1653;0
0;8;45;3654;1983;-1670;0
0;11;31;2549;2134;-414;0
0;8;39;3194;1761;-1432;0
0;8;40;3247;1934;-1313;0
0;8;36;2950;1804;-1146;0
0;10;41;3298;2021;-1277;0
0;10;45;3606;1768;-1838;0
0;9;34;2751;2103;-648;0
0;8;36;2897;1988;-909;0
0;7;36;2958;1522;-1435;0
0;10;42;3388;1896;-1491;0
0;9;42;3373;1959;-1414;0
0;10;44;3599;2103;-1496;0
0;9;22;1760;1920;160;1
0;11;37;2966;2261;-704;0
0;8;50;4052;1890;-2162;0
0;10;45;3621;2134;-1486;0
0;8;35;2839;1827;-1012;0
0;10;31;2538;1838;-700;0
0;9;44;3540;2121;-1418;0
0;11;42;3392;1967;-1424;0
0;10;32;2608;2041;-566;0
0;9;40;3271;2231;-1040;0
0;9;36;2892;1870;-1022;0
0;10;48;3864;1984;-1879;0
0;9;46;3680;1902;-1778;0
0;8;36;2950;1896;-1053;0
0;10;46;3701;2039;-1662;0
0;9;32;2591;2234;-356;0
0;8;35;2874;2014;-860;0
0;9;40;3202;2016;-1185;0
0;11;38;3095;1892;-1203;0
0;8;39;3179;1920;-1258;0
0;8;50;4047;1981;-2065;0
0;8;39;3126;2050;-1076;0
0;11;45;3672;1941;-1731;0
0;9;40;3277;1942;-1335;0
0;11;36;2930;1970;-960;0
0;9;35;2860;2121;-739;0
0;10;38;3093;2100;-993;0
0;12;36;2944;1955;-989;0
0;12;36;2895;2203;-692;0
0;8;45;3626;1830;-1796;0
0;11;43;3479;2040;-1439;0
0;10;43;3509;1714;-1795;0
0;9;41;3315;1980;-1334;0
0;9;41;3297;2120;-1177;0
0;9;44;3555;2045;-1510;0
0;10;41;3288;2054;-1234;0
0;9;40;3244;1986;-1258;0
0;10;41;3308;2078;-1229;0
0;10;41;3355;2057;-1297;0
0;10;45;3669;2022;-1647;0
0;7;39;3186;1974;-1212;0
0;9;38;3060;2183;-876;0
0;10;42;3382;2047;-1335;0
0;9;40;3245;1872;-1373;0
0;12;36;2891;1951;-940;0
0;9;41;3347;1958;-1389;0
0;10;37;2971;2188;-783;0
0;13;45;3632;2051;-1581;0
0;9;34;2742;2033;-708;0
0;11;39;3192;2305;-887;0
0;10;36;2905;1940;-964;0
0;8;40;3264;1812;-1452;0
0;10;46;3742;2071;-1671;0
0;8;33;2675;1772;-903;0
0;9;40;3263;1705;-1558;0
0;9;42;3387;2099;-1288;0
0;8;44;3578;2402;-1176;0
0;11;40;3219;1849;-1369;0
0;10;43;3503;2034;-1469;0
0;10;35;2848;2119;-728;0
0;9;41;3295;2092;-1202;0
0;9;36;2918;1916;-1001;0
0;9;41;3287;1756;-1530;0
0;12;49;3938;2237;-1701;0
0;10;45;3611;1792;-1818;0
0;9;46;3746;2120;-1626;0
0;7;45;3631;1768;-1863;0
0;8;34;2747;1930;-816;0
0;9;41;3303;1927;-1375;0
0;9;48;3850;2079;-1771;0
0;9;33;2704;1834;-870;0
0;10;37;3003;2071;-932;0
0;11;40;3216;2057;-1159;0
0;10;41;3300;1924;-1375;0
0;9;34;2765;1995;-769;0
0;10;40;3245;2018;-1226;0
0;10;37;3010;2191;-819;0
0;9;40;3251;1751;-1499;0
0;10;37;3000;2079;-921;0
0;8;36;2919;1812;-1106;0
0;12;41;3290;1967;-1322;0
0;10;47;3763;1763;-2000;0
0;11;40;3275;2023;-1252;0
0;7;31;2482;1752;-729;0
0;10;37;3007;2008;-998;0
0;8;42;3438;1940;-1498;0
0;9;37;2962;1765;-1196;0
0;10;30;2478;2147;-331;0
0;8;37;3030;2134;-895;0
0;9;41;3305;1879;-1426;0
0;11;35;2865;2109;-756;0
0;10;36;2946;2209;-737;0
0;11;40;3214;2182;-1032;0
0;10;35;2869;2109;-760;0
0;9;45;3635;2257;-1377;0
0;9;41;3337;1866;-1471;0
0;10;36;2909;2064;-845;0
0;9;35;2856;1986;-870;0
0;10;46;3699;1820;-1879;0
0;10;37;3031;1936;-1094;0
0;10;43;3496;2168;-1327;0
0;11;46;3722;1833;-1889;0
0;10;41;3282;2110;-1172;0
0;10;38;3089;1976;-1112;0
0;11;51;4130;2097;-2033;0
0;11;42;3432;2214;-1218;0
0;9;34;2728;2038;-690;0
0;10;46;3702;1837;-1864;0
0;9;43;3499;1838;-1660;0
0;8;38;3082;1846;-1236;0
0;10;36;2958;1756;-1201;0
0;10;23;1900;2051;150;1
0;12;36;2940;2000;-940;0
0;9;49;3984;1877;-2106;0
0;9;39;3186;1873;-1313;0
0;10;36;2930;2253;-676;0
0;10;37;3024;1929;-1095;0
0;11;40;3218;1968;-1250;0
0;10;36;2904;2140;-763;0
0;10;42;3389;2124;-1265;0
0;11;42;3437;2133;-1303;0
0;11;44;3555;2192;-1363;0
0;9;36;2942;1874;-1067;0
0;12;43;3440;2067;-1373;0
0;11;32;2571;2262;-308;0
0;11;41;3298;2093;-1204;0
0;10;40;3259;2215;-1043;0
0;10;48;3901;2070;-1830;0
0;11;39;3155;1910;-1244;0
0;11;43;3502;2024;-1477;0
0;7;41;3316;1939;-1376;0
0;9;44;3597;1922;-1674;0
0;9;44;3596;2066;-1530;0
0;11;36;2954;2334;-620;0
0;9;38;3042;2133;-909;0
0;10;43;3463;2059;-1404;0
0;11;39;3195;2080;-1115;0
0;8;39;3175;1786;-1388;0
0;9;41;3341;1590;-1750;0
0;9;42;3413;1822;-1591;0
0;8;38;3101;1966;-1134;0
0;12;42;3375;2293;-1081;0
0;10;41;3357;2037;-1319;0
0;10;39;3176;2044;-1132;0
0;8;42;3437;1638;-1798;0
0;10;39;3139;2107;-1031;0
0;10;38;3095;2159;-935;0
0;8;40;3235;1853;-1381;0
0;10;40;3256;2189;-1066;0
0;10;38;3074;1738;-1336;0
0;11;40;3204;2059;-1145;0
0;9;43;3469;1899;-1569;0
0;9;39;3181;1790;-1390;0
0;9;40;3261;2036;-1224;0
0;9;32;2572;1973;-598;0
0;8;39;3140;1868;-1272;0
0;9;30;2478;1991;-486;0
0;11;47;3797;2086;-1710;0
0;10;42;3387;2153;-1233;0
0;10;43;3475;2221;-1254;0
0;9;38;3077;2247;-830;0
0;10;50;4076;2024;-2052;0
0;12;35;2869;2184;-685;0
0;8;37;3002;1823;-1179;0
0;7;46;3727;1870;-1857;0
0;10;45;3634;2132;-1501;0
0;8;41;3287;1672;-1615;0
0;12;40;3204;1984;-1220;0
0;9;46;3715;2059;-1656;0
0;11;32;2562;2013;-549;0
0;10;43;3497;2022;-1475;0
0;8;43;3442;1821;-1620;0
0;8;49;3960;1915;-2044;0
0;11;36;2921;2096;-825;0
0;9;45;3636;1964;-1672;0
0;9;33;2690;1938;-752;0
0;11;40;3278;1919;-1358;0
0;9;44;3576;2051;-1524;0
0;9;38;3040;1903;-1137;0
0;10;44;3547;1966;-1581;0
0;9;47;3793;1969;-1824;0
0;10;42;3417;2129;-1288;0
0;9;46;3699;2155;-1544;0
0;11;37;2987;2200;-787;0
0;12;41;3359;2394;-964;0
0;11;38;3055;1864;-1190;0
0;9;36;2942;1909;-1032;0
0;12;39;3157;2278;-879;0
0;9;38;3091;1935;-1155;0
0;10;37;2990;2114;-876;0
0;11;37;3011;1890;-1120;0
0;8;35;2835;1917;-917;0
0;11;48;3856;2019;-1836;0
0;10;44;3572;2207;-1365;0
0;10;45;3601;2053;-1547;0
0;10;35;2856;1942;-914;0
0;9;40;3254;1872;-1382;0
0;9;34;2793;1718;-1074;0
0;10;36;2919;2366;-553;0
0;10;40;3269;2062;-1207;0
0;10;40;3211;2001;-1210;0
0;10;43;3498;1693;-1805;0
0;10;39;3126;2004;-1122;0
0;13;36;2912;2050;-861;0
0;11;42;3434;1929;-1504;0
0;12;45;3606;2097;-1509;0
0;10;39;3190;1881;-1308;0
0;9;36;2955;2193;-761;0
0;9;45;3650;1698;-1952;0
0;8;43;3513;1853;-1660;0
0;8;33;2705;1892;-813;0
0;8;34;2720;2254;-465;0
0;10;36;2953;1895;-1058;0
0;10;47;3761;1968;-1792;0
0;9;37;2975;1940;-1035;0
0;9;34;2764;1933;-831;0
0;10;33;2674;2121;-553;0
0;9;42;3368;2201;-1166;0
0;10;38;3062;2315;-746;0
0;10;39;3193;2141;-1052;0
0;10;38;3079;2047;-1032;0
0;11;28;2282;1988;-294;0
0;9;41;3329;1833;-1495;0
0;10;37;3019;2037;-981;0
0;11;37;2964;2082;-882;0
0;11;44;3564;1982;-1581;0
0;9;43;3453;2209;-1243;0
0;10;48;3895;2287;-1608;0
0;9;36;2950;1762;-1188;0
0;10;36;2956;2105;-851;0
0;10;42;3372;1888;-1484;0
0;9;38;3044;2002;-1042;0
0;7;31;2551;1767;-784;0
0;10;37;3034;2058;-975;0
0;10;28;2277;2139;-137;0
0;10;38;3064;1874;-1190;0
0;9;42;3402;1860;-1542;0
0;7;43;3482;2043;-1438;0
0;11;35;2851;1983;-868;0
0;9;43;3448;1863;-1585;0
0;10;44;3541;2046;-1494;0
0;8;33;2658;2041;-617;0
0;9;30;2464;2230;-234;0
0;9;33;2714;1811;-903;0
0;9;34;2753;1939;-814;0
0;11;39;3136;2115;-1021;0
0;10;42;3439;2032;-1407;0
0;7;39;3178;1739;-1438;0
0;10;36;2942;2006;-935;0
0;12;40;3200;2007;-1192;0
0;11;40;3225;1937;-1287;0
0;10;46;3729;2062;-1667;0
0;10;39;3132;2250;-882;0
0;10;34;2791;2067;-723;0
0;12;37;2977;2192;-784;0
0;10;42;3413;1831;-1581;0
0;10;39;3199;2061;-1138;0
0;11;44;3568;2096;-1472;0
0;9;45;3637;2017;-1619;0
0;8;40;3224;1769;-1454;0
0;9;46;3698;1936;-1761;0
0;11;40;3246;2222;-1023;0
0;10;34;2796;1900;-896;0
0;9;33;2665;1810;-855;0
0;11;39;3179;1948;-1230;0
0;9;39;3196;1861;-1334;0
0;9;49;3931;2207;-1723;0
0;9;42;3405;2003;-1402;0
0;9;31;2544;1957;-587;0
0;10;38;3057;2068;-989;0
0;10;46;3751;1892;-1859;0
0;9;36;2958;2057;-901;0
0;9;41;3354;1913;-1441;0
0;10;39;3150;2232;-917;0
0;11;42;3403;2404;-998;0
0;9;46;3752;2055;-1697;0
0;9;35;2851;1802;-1049;0
0;10;42;3431;2033;-1398;0
0;9;51;4148;1869;-2279;0
0;10;41;3326;1914;-1412;0
0;9;36;2954;2231;-722;0
0;9;34;2756;1939;-817;0
0;10;39;3192;1883;-1309;0
0;10;38;3047;2099;-948;0
0;8;43;3499;1921;-1578;0
0;9;40;3246;1981;-1265;0
0;11;34;2790;1947;-842;0
0;10;32;2604;2378;-225;0
0;10;46;3683;1892;-1790;0
0;9;47;3801;1984;-1816;0
0;11;49;3930;1983;-1947;0
0;11;46;3754;2190;-1564;0
0;11;39;3166;1981;-1184;0
0;10;41;3287;1982;-1304;0
0;9;45;3674;1750;-1924;0
0;9;34;2736;2091;-644;0
0;10;39;3172;2457;-715;0
0;8;33;2672;2018;-653;0
0;10;37;3001;2242;-759;0
0;10;35;2876;1648;-1227;0
0;10;50;4009;1793;-2215;0
0;11;44;3569;2425;-1143;0
0;9;38;3111;1969;-1141;0
0;8;35;2859;1937;-922;0
0;12;44;3531;2231;-1300;0
0;10;35;2819;2100;-718;0
0;8;41;3355;2195;-1160;0
0;10;44;3595;1817;-1778;0
0;10;34;2735;2214;-521;0
0;7;39;3128;2146;-981;0
0;9;37;2994;1995;-998;0
0;10;39;3121;1946;-1175;0
0;8;36;2942;2182;-759;0
0;10;38;3062;1776;-1285;0
0;7;34;2782;1863;-918;0
0;10;36;2880;1982;-897;0
0;7;39;3158;1876;-1281;0
0;9;44;3540;2087;-1453;0
0;12;35;2806;2064;-742;0
0;9;39;3156;1716;-1439;0
0;9;38;3063;2217;-846;0
0;8;39;3145;1952;-1193;0
0;9;49;3985;2136;-1848;0
0;9;39;3124;1945;-1178;0
0;10;41;3301;2068;-1232;0
0;10;43;3485;2035;-1450;0
0;9;33;2652;2103;-548;0
0;10;40;3206;2141;-1064;0
0;12;39;3142;2011;-1131;0
0;11;52;4205;2292;-1912;0
0;12;40;3247;2006;-1240;0
0;9;41;3316;2083;-1232;0
0;9;38;3058;2154;-903;0
0;10;41;3291;2139;-1152;0
0;10;40;3246;1963;-1282;0
0;11;44;3554;1946;-1607;0
0;10;39;3188;1908;-1280;0
0;9;39;3160;1946;-1214;0
0;10;41;3347;2148;-1198;0
0;10;35;2875;1889;-985;0
0;11;45;3612;2157;-1454;0
0;10;33;2691;1880;-811;0
0;9;42;3368;1816;-1551;0
0;10;38;3090;2071;-1018;0
0;9;35;2859;2056;-802;0
0;8;39;3137;1979;-1157;0
0;9;43;3461;2053;-1408;0
0;9;35;2806;1889;-917;0
0;8;44;3575;1965;-1609;0
0;8;37;3007;1884;-1123;0
0;11;39;3138;2042;-1095;0
0;10;41;3344;2220;-1123;0
0;9;41;3343;1952;-1390;0
0;12;38;3053;2391;-661;0
0;11;40;3249;2257;-991;0
0;9;44;3532;1905;-1626;0
0;11;34;2740;2237;-503;0
0;10;32;2597;2154;-443;0
0;10;37;2975;1955;-1019;0
0;10;31;2546;2296;-249;0
0;13;41;3304;2237;-1066;0
0;9;30;2411;2163;-247;0
0;11;40;3235;2109;-1125;0
0;10;43;3476;2020;-1456;0
0;13;42;3426;2381;-1045;0
0;11;46;3726;2229;-1496;0
0;8;39;3142;1916;-1226;0
0;8;45;3671;2056;-1615;0
0;10;36;2927;1659;-1268;0
0;8;39;3121;1848;-1272;0
0;10;41;3318;1861;-1457;0
0;9;41;3311;1815;-1495;0
0;8;51;4128;1888;-2240;0
0;8;39;3152;2045;-1106;0
0;10;42;3364;1969;-1394;0
0;10;39;3122;2104;-1017;0
0;9;33;2650;1929;-721;0
0;10;38;3041;1896;-1144;0
0;8;35;2836;1690;-1146;0
0;10;37;2977;1990;-986;0
0;9;46;3687;1773;-1913;0
0;11;33;2667;2158;-509;0
0;10;30;2419;2125;-293;0
0;9;28;2304;2188;-116;0
0;10;43;3477;2016;-1460;0
0;9;43;3499;1755;-1744;0
0;12;42;3438;1957;-1480;0
0;13;47;3822;2245;-1577;0
0;11;39;3180;2152;-1028;0
0;11;41;3354;2228;-1125;0
0;10;38;3056;2170;-886;0
0;11;49;3934;2017;-1916;0
0;9;38;3096;1838;-1258;0
0;9;53;4246;1890;-2356;0
0;10;43;3477;2132;-1344;0
0;10;46;3684;2142;-1541;0
0;11;35;2814;1985;-828;0
0;11;41;3312;2048;-1264;0
0;11;41;3289;1910;-1379;0
0;10;36;2937;2071;-866;0
0;9;42;3405;2033;-1372;0
0;10;34;2781;1906;-874;0
0;10;39;3176;2188;-987;0
0;10;41;3304;2217;-1086;0
0;8;28;2275;1913;-361;0
0;10;39;3185;2025;-1159;0
0;10;42;3411;2052;-1359;0
0;10;31;2543;2183;-360;0
0;9;28;2275;1947;-328;0
0;11;31;2538;2193;-345;0
0;11;46;3739;2187;-1551;0
0;11;36;2929;2223;-705;0
0;10;31;2499;2040;-458;0
0;9;42;3382;1834;-1547;0
0;11;41;3334;1935;-1398;0
0;8;48;3894;1856;-2037;0
0;10;40;3274;2113;-1160;0
0;9;40;3250;1709;-1540;0
0;9;45;3629;1954;-1675;0
0;9;39;3171;1839;-1332;0
0;11;34;2738;1888;-850;0
0;10;48;3918;2055;-1862;0
0;9;49;3979;1686;-2292;0
0;11;39;3152;2181;-971;0
0;10;41;3300;1959;-1341;0
0;10;39;3170;1937;-1233;0
0;10;38;3047;2258;-789;0
0;9;32;2584;1792;-792;0
0;12;38;3062;1973;-1089;0
0;11;32;2563;2043;-519;0
0;8;34;2734;1923;-810;0
0;10;42;3391;2178;-1212;0
0;10;42;3427;2155;-1271;0
0;11;39;3169;2082;-1087;0
0;8;27;2183;1944;-238;0
0;10;49;3932;1928;-2004;0
0;10;39;3145;2150;-994;0
0;11;45;3602;2053;-1548;0
0;9;42;3381;1702;-1679;0
0;11;42;3390;2159;-1231;0
0;9;40;3274;1865;-1409;0
0;10;39;3133;2059;-1074;0
0;11;32;2598;1854;-743;0
0;9;44;3522;1982;-1539;0
0;10;37;2983;1970;-1013;0
0;9;44;3533;1749;-1783;0
0;9;29;2359;2086;-272;0
0;9;38;3047;1905;-1142;0
0;9;46;3697;1765;-1932;0
0;9;47;3776;1679;-2097;0
0;11;44;3558;2071;-1486;0
0;10;46;3758;2194;-1563;0
0;9;43;3472;1708;-1763;0
0;10;41;3311;1949;-1362;0
0;8;39;3165;2121;-1043;0
0;10;37;2991;1725;-1266;0
0;12;42;3424;1994;-1429;0
0;12;39;3146;2123;-1022;0
0;8;38;3118;1977;-1141;0
0;11;47;3830;2191;-1638;0
0;9;33;2700;2014;-686;0
0;10;42;3362;1902;-1460;0
0;8;41;3320;1630;-1690;0
0;9;45;3642;1911;-1730;0
0;10;42;3407;2222;-1184;0
0;10;38;3047;1834;-1213;0
0;12;45;3652;2119;-1532;0
0;9;40;3237;2078;-1159;0
0;9;41;3324;2140;-1183;0
0;11;39;3187;2326;-860;0
0;9;42;3389;2085;-1304;0
0;8;47;3805;2074;-1730;0
0;9;44;3595;1727;-1868;0
0;10;31;2494;2197;-296;0
0;11;52;4162;2199;-1962;0
0;8;35;2823;1882;-941;0
0;10;43;3440;2195;-1244;0
0;11;46;3690;2105;-1584;0
0;11;40;3220;1897;-1323;0
0;8;44;3556;1820;-1736;0
0;10;36;2888;2039;-848;0
0;8;37;2994;2179;-814;0
0;8;47;3809;1964;-1845;0
0;10;37;2984;1969;-1014;0
0;11;51;4144;2175;-1969;0
0;10;37;2991;1909;-1081;0
0;10;39;3188;2287;-901;0
0;8;37;2991;2021;-969;0
0;10;38;3087;1893;-1193;0
0;11;47;3777;2107;-1670;0
0;11;36;2929;2071;-858;0
0;9;30;2441;2101;-340;0
0;8;42;3430;2175;-1254;0
0;10;40;3262;2166;-1096;0
0;10;44;3522;2090;-1431;0
0;10;44;3593;1830;-1763;0
0;10;42;3420;2113;-1307;0
0;9;36;2881;2108;-772;0
0;13;30;2428;2356;-72;0
0;8;48;3897;1983;-1914;0
0;10;35;2861;2166;-694;0
0;10;44;3591;1635;-1955;0
0;11;45;3647;1880;-1767;0
0;10;37;3007;2276;-730;0
0;9;35;2866;1833;-1033;0
0;8;27;2231;2093;-137;0
0;10;51;4118;2386;-1731;0
0;7;40;3244;1838;-1405;0
0;9;32;2591;2036;-555;0
0;9;36;2959;2187;-771;0
0;8;47;3827;2010;-1817;0
0;9;32;2598;2136;-461;0
0;9;46;3686;2043;-1643;0
0;9;36;2955;1986;-969;0
0;8;43;3480;1940;-1540;0
0;10;39;3129;1906;-1223;0
0;10;36;2883;2316;-566;0
0;10;41;3321;2300;-1020;0
0;10;33;2702;2243;-459;0
0;9;37;2998;1668;-1329;0
0;9;43;3448;1915;-1532;0
0;8;44;3585;1946;-1639;0
0;9;40;3257;2197;-1060;0
0;9;33;2708;2046;-661;0
0;9;42;3426;1947;-1478;0
0;8;40;3201;1892;-1308;0
0;11;47;3790;2028;-1762;0
0;10;29;2367;2031;-336;0
0;12;38;3102;2236;-866;0
0;12;42;3377;1969;-1407;0
0;10;42;3424;2028;-1395;0
0;9;40;3267;1987;-1280;0
0;10;41;3309;1923;-1386;0
0;7;39;3121;1944;-1177;0
0;10;41;3319;2164;-1154;0
0;10;37;2974;1897;-1076;0
0;9;34;2745;2145;-599;0
0;9;37;3034;2122;-911;0
0;9;36;2943;2041;-901;0
0;8;45;3655;1947;-1707;0
0;10;41;3304;2174;-1130;0
0;10;42;3417;1915;-1502;0
0;10;27;2175;2205;29;1
0;11;32;2586;1932;-654;0
0;8;25;2013;1832;-180;0
0;11;39;3197;2149;-1047;0
0;9;32;2604;2064;-540;0
0;10;42;3405;2019;-1386;0
0;11;34;2726;2264;-462;0
0;8;43;3461;2015;-1446;0
0;8;39;3141;1962;-1179;0
0;12;35;2867;1937;-929;0
0;9;42;3425;2061;-1364;0
0;10;43;3475;2398;-1076;0
0;10;39;3123;2142;-980;0
0;9;35;2845;2106;-738;0
0;10;39;3159;2339;-819;0
0;11;31;2520;1864;-656;0
0;10;38;3117;2025;-1091;0
0;11;42;3392;2267;-1125;0
0;8;40;3201;2023;-1178;0
0;11;40;3247;1919;-1328;0
0;9;42;3424;1907;-1517;0
0;8;37;2988;2051;-937;0
0;10;44;3561;2133;-1428;0
0;9;42;3369;1962;-1406;0
0;11;40;3275;2065;-1210;0
0;9;43;3510;1992;-1517;0
0;11;39;3121;2148;-973;0
0;10;36;2956;2218;-738;0
0;10;44;3557;1961;-1595;0
0;10;31;2533;2099;-434;0
0;9;40;3259;1967;-1292;0
0;11;36;2912;1976;-936;0
0;9;35;2857;1933;-923;0
0;11;37;3018;2283;-734;0
0;9;32;2560;1996;-563;0
0;9;37;3026;1954;-1071;0
0;10;36;2883;2057;-826;0
0;10;42;3428;2333;-1095;0
0;11;40;3274;1951;-1322;0
0;9;42;3436;1932;-1503;0
0;9;41;3296;1831;-1465;0
0;9;35;2835;1975;-860;0
0;12;38;3081;2061;-1020;0
0;9;43;3459;1796;-1662;0
0;9;44;3545;1850;-1695;0
0;10;44;3573;1975;-1597;0
0;14;41;3300;2410;-889;0
0;11;39;3151;1990;-1160;0
0;10;39;3169;1787;-1382;0
0;8;28;2248;1903;-345;0
0;10;39;3146;1885;-1260;0
0;10;41;3356;2187;-1169;0
0;11;37;3000;1892;-1107;0
0;9;40;3246;2104;-1141;0
0;9;42;3415;2057;-1357;0
0;10;42;3369;2075;-1293;0
0;9;47;3786;2073;-1713;0
0;9;33;2664;1982;-682;0
0;11;43;3447;1761;-1686;0
0;10;45;3654;2204;-1450;0
0;10;41;3296;2120;-1176;0
0;10;43;3508;2060;-1448;0
0;9;43;3516;1961;-1555;0
0;10;46;3693;2015;-1677;0
0;12;40;3258;2222;-1035;0
0;10;38;3062;2039;-1022;0
0;12;43;3499;2037;-1462;0
0;12;40;3278;2160;-1118;0
0;11;38;3048;2213;-834;0
0;11;47;3814;2266;-1547;0
0;11;37;3011;1908;-1102;0
0;12;44;3597;1998;-1599;0
0;10;37;2980;1883;-1097;0
0;10;32;2623;2201;-422;0
0;11;41;3281;1992;-1289;0
0;8;40;3210;2178;-1031;0
0;10;32;2609;2095;-513;0
0;10;39;3129;2059;-1069;0
0;10;44;3533;1890;-1643;0
0;10;43;3517;2131;-1386;0
0;9;48;3897;2081;-1815;0
0;11;41;3322;2126;-1196;0
0;11;43;3517;2253;-1264;0
0;7;36;2908;1731;-1177;0
0;9;38;3071;2069;-1001;0
0;11;36;2946;2068;-877;0
0;11;43;3485;2112;-1373;0
0;9;41;3322;2043;-1279;0
0;9;38;3087;1736;-1350;0
0;10;38;3106;2051;-1054;0
0;9;37;3029;2098;-930;0
0;8;35;2826;2083;-743;0
0;9;39;3176;1862;-1314;0
0;9;43;3497;2010;-1486;0
0;10;32;2624;1966;-657;0
0;11;45;3642;1975;-1666;0
0;8;41;3317;1940;-1376;0
0;10;45;3606;2264;-1342;0
0;9;35;2837;1773;-1063;0
