# X_0;X_1;X_2;R_0;S_0;G_0;I_0
0.24;10.61;43.32;3465.92;1981.73;-1484.19;0.00
0.25;11.42;46.34;3707.33;2082.96;-1624.36;0.00
0.19;11.50;44.93;3594.67;1745.64;-1849.03;0.00
0.24;10.12;41.62;3329.75;1947.60;-1382.15;0.00
0.26;9.68;43.43;3474.79;2031.57;-1443.22;0.00
0.29;11.04;36.42;2913.64;2271.90;-641.74;0.00
0.26;10.74;40.05;3204.03;2068.92;-1135.11;0.00
0.30;9.69;42.73;3418.47;2279.25;-1139.22;0.00
0.20;11.79;45.03;3602.36;1828.38;-1773.98;0.00
0.25;11.25;35.23;2818.62;2037.79;-780.83;0.00
0.29;9.57;34.35;2747.74;2215.56;-532.18;0.00
0.25;10.07;36.97;2957.76;1991.86;-965.90;0.00
0.24;13.40;44.39;3550.94;2145.28;-1405.66;0.00
0.25;10.84;38.64;3091.56;2044.20;-1047.36;0.00
0.23;9.62;36.03;2882.68;1876.27;-1006.41;0.00
0.24;12.85;44.50;3559.77;2118.35;-1441.41;0.00
0.24;9.52;32.50;2600.23;1896.00;-704.23;0.00
0.23;7.92;39.31;3145.17;1761.78;-1383.39;0.00
0.23;9.69;39.91;3193.13;1842.57;-1350.56;0.00
0.23;10.95;44.79;3583.53;1929.00;-1654.53;0.00
0.24;10.67;44.98;3598.67;1961.82;-1636.85;0.00
0.29;9.23;53.33;4266.15;2164.36;-2101.79;0.00
0.23;10.30;43.57;3485.74;1881.60;-1604.15;0.00
0.22;8.96;36.83;2946.21;1776.24;-1169.96;0.00
0.22;9.89;39.79;3183.24;1797.28;-1385.96;0.00
0.25;10.67;41.32;3305.78;2020.64;-1285.14;0.00
0.23;9.46;33.52;2681.42;1872.37;-809.06;0.00
0.26;10.56;39.28;3142.66;2088.36;-1054.30;0.00
0.25;11.27;41.06;3284.55;2087.66;-1196.89;0.00
0.22;10.94;28.79;2303.52;1872.29;-431.23;0.00
0.25;10.95;34.84;2787.11;2032.31;-754.79;0.00
0.24;11.05;34.04;2723.24;1971.97;-751.27;0.00
0.24;8.69;44.34;3547.50;1859.94;-1687.56;0.00
0.26;10.15;33.25;2659.97;2088.77;-571.21;0.00
0.25;9.52;38.44;3075.43;1975.44;-1099.99;0.00
0.21;9.83;39.60;3168.28;1745.54;-1422.74;0.00
0.26;9.18;38.12;3049.52;1995.88;-1053.64;0.00
0.20;11.14;32.92;2633.95;1777.76;-856.19;0.00
0.26;9.37;38.18;3054.44;2022.31;-1032.13;0.00
0.26;9.78;46.65;3732.00;2048.93;-1683.07;0.00
0.23;11.22;32.31;2585.13;1960.06;-625.07;0.00
0.26;8.44;46.05;3683.70;1982.94;-1700.76;0.00
0.26;10.73;40.60;3248.08;2081.37;-1166.71;0.00
0.26;10.27;40.17;3213.84;2044.00;-1169.84;0.00
0.21;10.78;44.96;3597.18;1835.89;-1761.28;0.00
0.25;11.20;37.35;2987.66;2054.38;-933.28;0.00
0.24;11.98;41.85;3347.61;2042.39;-1305.22;0.00
0.28;10.28;43.98;3518.67;2190.44;-1328.22;0.00
0.26;10.07;43.51;3480.58;2061.37;-1419.21;0.00
0.24;8.84;40.90;3271.68;1882.55;-1389.13;0.00
0.24;11.03;39.49;3159.52;2009.49;-1150.03;0.00
0.26;8.51;36.10;2887.71;1961.45;-926.25;0.00
0.26;10.29;31.12;2489.33;2044.48;-444.84;0.00
0.24;9.49;40.38;3230.21;1925.38;-1304.83;0.00
0.28;8.70;38.81;3104.94;2108.96;-995.98;0.00
0.21;10.94;38.84;3106.89;1802.77;-1304.11;0.00
0.25;12.12;36.17;2893.23;2114.54;-778.69;0.00
0.24;9.54;40.75;3259.81;1937.29;-1322.52;0.00
0.29;11.40;36.87;2949.83;2311.19;-638.64;0.00
0.21;9.91;42.54;3402.82;1775.25;-1627.57;0.00
0.28;11.88;48.02;3841.62;2297.68;-1543.94;0.00
0.28;10.74;35.99;2879.35;2185.42;-693.93;0.00
0.30;10.34;45.71;3656.99;2287.10;-1369.89;0.00
0.25;7.78;40.68;3254.41;1893.26;-1361.15;0.00
0.27;10.42;46.07;3685.97;2139.65;-1546.33;0.00
0.27;7.73;43.78;3502.64;1988.63;-1514.01;0.00
0.21;13.20;51.64;4131.30;1911.68;-2219.62;0.00
0.26;10.45;35.80;2863.83;2072.34;-791.50;0.00
0.24;8.71;38.25;3060.04;1848.40;-1211.64;0.00
0.27;10.05;36.91;2952.70;2094.09;-858.61;0.00
0.27;9.41;46.72;3737.37;2064.94;-1672.43;0.00
0.26;9.23;33.86;2709.15;2017.95;-691.20;0.00
0.26;8.34;35.06;2805.20;1963.85;-841.35;0.00
0.22;10.73;39.77;3181.99;1872.80;-1309.19;0.00
0.27;11.60;38.12;3049.69;2199.79;-849.91;0.00
0.23;12.16;42.74;3419.39;2026.61;-1392.78;0.00
0.27;10.89;39.43;3154.22;2168.64;-985.58;0.00
0.24;9.39;36.27;2901.80;1927.72;-974.08;0.00
0.21;10.52;41.30;3304.05;1813.69;-1490.36;0.00
0.27;11.08;46.30;3703.65;2183.45;-1520.20;0.00
0.24;9.65;46.71;3736.92;1917.29;-1819.63;0.00
0.24;9.71;33.38;2670.65;1949.70;-720.96;0.00
0.28;9.02;45.82;3665.20;2124.40;-1540.80;0.00
0.19;8.49;42.11;3368.41;1566.22;-1802.19;0.00
0.26;9.34;36.85;2947.91;2021.55;-926.36;0.00
0.27;7.57;37.47;2997.25;2000.91;-996.34;0.00
0.26;8.86;32.77;2621.23;1977.10;-644.13;0.00
0.28;12.89;37.30;2984.07;2353.40;-630.67;0.00
0.29;10.03;38.08;3046.41;2218.05;-828.35;0.00
0.19;9.74;37.81;3024.94;1651.16;-1373.78;0.00
0.24;9.06;40.61;3248.90;1905.58;-1343.32;0.00
0.24;11.35;38.04;3043.00;2013.60;-1029.40;0.00
0.28;10.82;47.04;3763.28;2203.67;-1559.61;0.00
0.26;10.10;41.36;3308.53;2041.24;-1267.29;0.00
0.24;11.45;41.68;3334.51;2014.85;-1319.66;0.00
0.31;10.40;52.74;4219.54;2354.66;-1864.87;0.00
0.27;8.79;38.42;3073.95;2055.15;-1018.81;0.00
0.28;11.88;38.08;3046.50;2280.22;-766.28;0.00
0.25;11.23;38.97;3117.24;2088.04;-1029.21;0.00
0.28;9.37;41.51;3320.67;2159.34;-1161.33;0.00
0.24;9.06;31.36;2509.06;1885.02;-624.03;0.00
0.25;11.04;40.36;3228.57;2046.36;-1182.21;0.00
0.22;9.82;49.61;3968.90;1794.93;-2173.97;0.00
0.23;10.48;40.21;3216.93;1897.09;-1319.85;0.00
0.24;11.28;40.69;3255.33;2013.19;-1242.14;0.00
0.22;9.14;37.76;3020.94;1778.42;-1242.51;0.00
0.25;9.67;35.49;2839.27;1994.33;-844.93;0.00
0.26;8.48;36.60;2927.85;1989.33;-938.52;0.00
0.28;11.00;44.18;3534.20;2227.66;-1306.54;0.00
0.22;8.12;40.70;3255.65;1715.98;-1539.67;0.00
0.24;9.11;47.63;3810.77;1872.88;-1937.89;0.00
0.27;10.80;36.09;2887.57;2168.09;-719.48;0.00
0.29;12.52;38.31;3065.14;2376.59;-688.54;0.00
0.27;11.40;41.04;3282.84;2212.28;-1070.56;0.00
0.25;8.12;39.59;3167.06;1917.76;-1249.30;0.00
0.26;12.01;40.13;3210.15;2141.38;-1068.77;0.00
0.28;11.66;32.78;2622.66;2284.51;-338.15;0.00
0.27;12.16;49.58;3966.03;2241.86;-1724.17;0.00
0.24;10.71;40.59;3247.08;1959.37;-1287.71;0.00
0.28;10.00;38.02;3042.00;2195.89;-846.11;0.00
0.29;8.26;47.78;3822.55;2129.91;-1692.63;0.00
0.27;9.91;38.66;3092.86;2118.31;-974.55;0.00
0.27;11.05;45.78;3662.33;2154.78;-1507.54;0.00
0.23;13.29;43.29;3463.51;2053.33;-1410.18;0.00
0.26;10.67;44.36;3549.00;2073.67;-1475.33;0.00
0.23;12.49;46.17;3693.35;2020.89;-1672.46;0.00
0.24;10.64;42.06;3364.70;1988.72;-1375.98;0.00
0.26;12.72;38.58;3086.56;2174.31;-912.25;0.00
0.22;9.69;34.21;2737.05;1834.22;-902.83;0.00
0.23;7.73;36.10;2887.72;1761.72;-1126.00;0.00
0.24;8.66;36.68;2934.47;1889.93;-1044.54;0.00
0.27;9.69;40.19;3215.59;2108.51;-1107.09;0.00
0.23;8.99;42.50;3400.18;1806.97;-1593.21;0.00
0.26;9.62;40.61;3248.74;2060.03;-1188.71;0.00
0.26;11.22;32.48;2598.46;2120.23;-478.23;0.00
0.27;11.21;38.73;3098.02;2193.24;-904.78;0.00
0.25;9.86;36.91;2952.67;2012.53;-940.14;0.00
0.24;10.37;33.61;2688.93;1948.06;-740.87;0.00
0.21;10.79;45.82;3665.79;1831.14;-1834.65;0.00
0.26;8.87;48.72;3897.90;1990.37;-1907.53;0.00
0.27;10.08;37.76;3020.81;2110.96;-909.85;0.00
0.28;10.78;36.85;2947.83;2199.81;-748.02;0.00
0.22;7.72;44.63;3570.73;1683.95;-1886.78;0.00
0.26;10.63;34.71;2777.01;2079.61;-697.40;0.00
0.22;10.55;37.04;2963.41;1867.06;-1096.35;0.00
0.27;10.58;43.82;3505.35;2117.08;-1388.27;0.00
0.27;8.16;44.43;3554.03;1998.72;-1555.31;0.00
0.29;9.64;50.16;4012.84;2204.95;-1807.90;0.00
0.28;9.48;41.43;3314.06;2135.57;-1178.49;0.00
0.24;9.71;44.45;3556.04;1911.44;-1644.60;0.00
0.24;10.26;38.34;3067.14;1952.62;-1114.52;0.00
0.26;11.71;40.76;3260.97;2176.68;-1084.30;0.00
0.25;8.84;36.81;2944.54;1944.05;-1000.50;0.00
0.27;10.46;43.01;3440.44;2149.98;-1290.46;0.00
0.28;8.88;37.10;2968.29;2094.27;-874.02;0.00
0.27;10.80;26.86;2149.05;2138.15;-10.90;0.00
0.23;10.78;41.39;3311.05;1923.24;-1387.81;0.00
0.28;9.65;39.84;3187.32;2148.75;-1038.57;0.00
0.27;11.11;43.56;3484.91;2154.52;-1330.39;0.00
0.25;11.34;36.81;2944.63;2042.38;-902.25;0.00
0.26;9.84;30.90;2472.17;2067.64;-404.54;0.00
0.27;12.40;38.17;3053.71;2245.49;-808.22;0.00
0.23;9.24;33.89;2711.41;1818.72;-892.69;0.00
0.28;10.13;43.78;3502.72;2194.41;-1308.31;0.00
0.21;8.51;39.34;3146.84;1700.03;-1446.81;0.00
0.28;10.69;41.74;3338.94;2185.63;-1153.31;0.00
0.25;9.71;33.74;2699.45;2009.33;-690.12;0.00
0.27;9.16;46.10;3688.34;2055.52;-1632.82;0.00
0.26;9.97;35.76;2861.11;2034.23;-826.88;0.00
0.26;11.31;36.33;2906.39;2107.77;-798.63;0.00
0.26;10.43;46.36;3708.63;2061.41;-1647.23;0.00
0.27;11.12;37.93;3034.42;2146.34;-888.08;0.00
0.24;10.39;36.17;2893.41;1971.95;-921.46;0.00
0.23;9.69;37.99;3039.05;1880.46;-1158.58;0.00
0.27;9.64;36.92;2953.63;2115.61;-838.02;0.00
0.27;11.29;43.47;3477.26;2170.78;-1306.48;0.00
0.24;9.81;43.93;3514.59;1905.20;-1609.40;0.00
0.24;10.64;43.08;3446.75;1956.95;-1489.80;0.00
0.27;10.75;44.78;3582.02;2180.55;-1401.46;0.00
0.26;10.59;31.25;2500.23;2104.77;-395.46;0.00
0.24;11.09;48.14;3850.96;2011.22;-1839.74;0.00
0.24;11.48;42.07;3365.76;2031.56;-1334.19;0.00
0.27;11.22;33.86;2708.89;2167.49;-541.41;0.00
0.26;9.88;31.89;2550.94;2041.13;-509.81;0.00
0.26;10.55;43.59;3486.89;2104.54;-1382.35;0.00
0.25;10.84;44.09;3527.00;2028.12;-1498.89;0.00
0.29;11.75;36.99;2959.12;2330.69;-628.42;0.00
0.21;10.81;38.16;3052.98;1780.02;-1272.96;0.00
0.20;11.64;44.08;3526.38;1772.52;-1753.86;0.00
0.19;9.98;43.56;3485.02;1660.87;-1824.15;0.00
0.26;9.94;35.96;2877.13;2027.72;-849.41;0.00
0.25;8.39;42.82;3425.31;1938.51;-1486.81;0.00
0.24;9.29;44.20;3536.18;1929.30;-1606.88;0.00
0.31;9.91;41.18;3294.05;2331.01;-963.04;0.00
0.27;10.28;50.01;4001.08;2147.62;-1853.46;0.00
0.24;9.74;36.07;2885.27;1936.12;-949.15;0.00
0.26;10.57;37.15;2972.27;2090.94;-881.33;0.00
0.23;8.55;40.85;3268.32;1811.34;-1456.98;0.00
0.24;11.47;40.65;3251.72;2004.56;-1247.16;0.00
0.23;10.97;39.76;3180.81;1948.94;-1231.87;0.00
0.27;7.56;40.26;3220.87;2001.97;-1218.89;0.00
0.24;10.07;43.17;3453.55;1957.47;-1496.09;0.00
0.21;10.12;50.06;4005.12;1753.12;-2252.00;0.00
0.21;10.47;36.02;2881.42;1787.75;-1093.68;0.00
0.23;11.01;41.59;3326.85;1924.82;-1402.03;0.00
0.26;10.23;34.60;2767.87;2089.78;-678.09;0.00
0.27;8.07;44.97;3597.52;2025.82;-1571.71;0.00
0.28;9.73;40.20;3216.18;2151.51;-1064.67;0.00
0.24;8.22;44.99;3599.58;1860.28;-1739.31;0.00
0.32;11.46;35.14;2811.52;2479.92;-331.60;0.00
0.25;9.60;36.27;2901.56;2004.88;-896.68;0.00
0.28;12.30;37.94;3035.15;2300.76;-734.38;0.00
0.24;10.52;46.82;3745.93;1939.89;-1806.04;0.00
0.31;10.69;39.99;3199.24;2366.97;-832.27;0.00
0.28;9.87;37.05;2964.10;2165.78;-798.32;0.00
0.26;7.61;44.29;3543.13;1908.23;-1634.90;0.00
0.25;9.25;36.61;2929.16;1973.92;-955.24;0.00
0.22;12.38;41.99;3359.44;1928.36;-1431.08;0.00
0.26;9.79;42.67;3413.47;2067.25;-1346.22;0.00
0.28;10.08;38.36;3068.71;2166.71;-902.00;0.00
0.24;9.60;40.10;3207.88;1930.14;-1277.74;0.00
0.32;10.12;37.77;3021.39;2439.62;-581.77;0.00
0.25;10.50;43.09;3447.19;2011.99;-1435.20;0.00
0.25;11.51;39.50;3160.03;2091.43;-1068.61;0.00
0.27;9.51;38.52;3081.53;2112.02;-969.51;0.00
0.22;9.40;35.25;2819.63;1802.56;-1017.07;0.00
0.22;11.11;40.96;3276.86;1905.03;-1371.83;0.00
0.23;10.09;46.69;3735.21;1905.37;-1829.84;0.00
0.23;8.82;46.39;3710.94;1802.99;-1907.95;0.00
0.26;9.53;45.18;3614.08;2023.65;-1590.43;0.00
0.30;11.46;37.24;2979.42;2364.28;-615.14;0.00
0.19;12.92;47.57;3805.89;1813.50;-1992.39;0.00
0.24;11.88;40.94;3275.18;2020.70;-1254.48;0.00
0.25;10.37;39.79;3183.16;2045.65;-1137.50;0.00
0.23;11.18;43.76;3500.46;1950.79;-1549.67;0.00
0.25;8.66;39.68;3174.75;1903.88;-1270.87;0.00
0.20;9.94;43.83;3506.02;1715.60;-1790.43;0.00
0.19;8.41;40.50;3240.09;1533.56;-1706.53;0.00
0.25;10.44;39.78;3182.66;2046.54;-1136.12;0.00
0.22;9.68;35.78;2862.11;1833.71;-1028.40;0.00
0.20;11.00;43.40;3471.91;1744.38;-1727.52;0.00
0.25;7.46;36.09;2887.27;1851.28;-1035.99;0.00
0.27;11.36;47.28;3782.16;2196.81;-1585.35;0.00
0.24;10.63;42.38;3390.67;1977.47;-1413.20;0.00
0.25;9.93;43.82;3505.88;1969.59;-1536.29;0.00
0.23;10.76;42.46;3396.72;1926.14;-1470.58;0.00
0.25;8.13;40.49;3238.82;1882.71;-1356.11;0.00
0.24;10.09;39.59;3167.32;1963.39;-1203.93;0.00
0.30;11.10;39.63;3170.57;2326.55;-844.01;0.00
0.26;11.73;35.02;2801.73;2136.87;-664.86;0.00
0.25;11.66;39.80;3184.12;2094.53;-1089.59;0.00
0.24;8.79;42.52;3401.81;1852.33;-1549.48;0.00
0.25;9.12;40.77;3261.88;1977.63;-1284.25;0.00
0.24;10.54;40.64;3251.33;1946.56;-1304.77;0.00
0.26;10.21;38.82;3105.74;2075.31;-1030.43;0.00
0.26;10.66;41.91;3352.75;2088.01;-1264.74;0.00
0.23;10.23;39.90;3191.98;1891.62;-1300.36;0.00
0.26;11.71;37.78;3022.46;2145.59;-876.87;0.00
0.26;11.37;44.66;3572.86;2105.91;-1466.94;0.00
0.23;10.66;47.46;3796.91;1936.13;-1860.78;0.00
0.28;8.94;41.66;3333.03;2108.19;-1224.85;0.00
0.24;12.26;40.02;3201.73;2050.33;-1151.39;0.00
0.25;9.02;42.58;3406.53;1956.76;-1449.77;0.00
0.23;9.03;35.08;2806.22;1822.92;-983.29;0.00
0.24;8.52;36.79;2942.89;1877.71;-1065.18;0.00
0.27;10.74;39.63;3170.74;2172.98;-997.76;0.00
0.26;9.53;45.26;3620.62;2002.14;-1618.47;0.00
0.23;10.73;36.41;2913.15;1934.37;-978.77;0.00
0.29;9.97;42.95;3436.15;2225.38;-1210.77;0.00
0.23;9.48;41.42;3313.91;1840.90;-1473.01;0.00
0.20;11.84;38.32;3065.75;1780.97;-1284.78;0.00
0.23;11.28;34.30;2743.77;1960.22;-783.55;0.00
0.24;10.01;30.84;2466.83;1949.42;-517.41;0.00
0.29;8.68;35.93;2874.09;2152.20;-721.89;0.00
0.27;11.38;47.36;3789.09;2211.32;-1577.77;0.00
0.24;11.15;42.55;3403.91;1996.59;-1407.32;0.00
0.22;9.72;42.50;3399.95;1804.60;-1595.34;0.00
0.25;9.78;39.78;3182.52;1996.56;-1185.96;0.00
0.26;10.40;42.31;3384.59;2068.18;-1316.41;0.00
0.21;11.15;46.78;3742.78;1803.32;-1939.46;0.00
0.24;10.28;35.47;2837.72;1939.19;-898.54;0.00
0.26;11.02;40.71;3256.72;2085.23;-1171.48;0.00
0.28;9.22;47.19;3775.20;2113.59;-1661.61;0.00
0.26;9.99;48.14;3851.19;2071.18;-1780.02;0.00
0.30;10.94;42.50;3400.00;2367.01;-1032.99;0.00
0.21;9.23;46.95;3755.87;1734.77;-2021.10;0.00
0.25;8.67;39.39;3151.26;1937.36;-1213.90;0.00
0.27;9.53;39.56;3165.13;2094.02;-1071.10;0.00
0.25;8.01;42.11;3369.19;1899.95;-1469.24;0.00
0.26;12.33;44.02;3521.25;2203.81;-1317.44;0.00
0.19;9.20;42.64;3411.35;1580.10;-1831.25;0.00
0.22;11.15;39.46;3157.20;1899.48;-1257.72;0.00
0.27;10.43;47.64;3811.18;2163.27;-1647.91;0.00
0.23;11.04;41.17;3293.41;1911.13;-1382.28;0.00
0.25;10.70;46.03;3682.77;2018.88;-1663.89;0.00
0.24;9.46;30.81;2464.58;1909.07;-555.51;0.00
0.26;12.96;45.67;3653.90;2227.37;-1426.53;0.00
0.22;10.55;39.10;3128.35;1837.47;-1290.88;0.00
0.23;10.26;40.17;3213.80;1915.04;-1298.77;0.00
0.26;10.35;32.44;2594.94;2091.80;-503.14;0.00
0.26;9.36;54.18;4334.19;2004.46;-2329.74;0.00
0.24;11.68;36.29;2903.53;2047.30;-856.23;0.00
0.21;10.42;44.08;3526.62;1806.95;-1719.66;0.00
0.25;11.07;36.72;2937.98;2067.85;-870.13;0.00
0.25;10.43;33.35;2668.00;1998.97;-669.03;0.00
0.22;8.58;37.19;2975.56;1733.45;-1242.12;0.00
0.22;10.95;41.77;3341.82;1893.22;-1448.60;0.00
0.22;11.16;39.47;3157.20;1884.81;-1272.39;0.00
0.24;10.33;38.02;3041.35;1950.46;-1090.89;0.00
0.25;10.10;34.71;2776.74;2003.27;-773.47;0.00
0.29;10.08;46.89;3751.45;2231.26;-1520.19;0.00
0.23;10.38;38.31;3064.92;1882.74;-1182.18;0.00
0.23;10.36;32.73;2618.78;1929.70;-689.08;0.00
0.20;11.10;34.43;2754.25;1781.45;-972.80;0.00
0.24;8.96;44.65;3571.77;1878.26;-1693.51;0.00
0.29;11.10;40.63;3250.27;2289.49;-960.78;0.00
0.28;12.91;41.22;3297.76;2340.01;-957.75;0.00
0.22;10.73;37.25;2980.06;1865.99;-1114.06;0.00
0.20;9.33;38.36;3068.76;1645.95;-1422.81;0.00
0.24;11.28;47.68;3814.71;2028.61;-1786.10;0.00
0.21;11.11;41.69;3335.17;1796.98;-1538.19;0.00
0.30;11.71;40.05;3203.95;2359.54;-844.41;0.00
0.24;10.71;39.37;3149.26;1977.13;-1172.13;0.00
0.23;9.56;40.17;3213.72;1873.85;-1339.87;0.00
0.27;9.74;35.88;2870.31;2098.24;-772.07;0.00
0.29;9.90;40.63;3250.16;2240.39;-1009.77;0.00
0.24;9.24;34.73;2778.32;1926.61;-851.71;0.00
0.25;12.09;51.04;4083.10;2124.86;-1958.24;0.00
0.29;9.09;28.36;2268.67;2184.94;-83.73;0.00
0.28;9.14;34.81;2784.47;2131.84;-652.64;0.00
0.26;10.39;44.76;3580.63;2102.53;-1478.10;0.00
0.27;9.10;48.16;3852.62;2050.58;-1802.05;0.00
0.29;10.33;37.62;3009.74;2253.19;-756.54;0.00
0.20;9.43;35.61;2849.00;1702.68;-1146.32;0.00
0.27;12.14;36.90;2952.09;2211.08;-741.00;0.00
0.23;12.08;36.39;2911.50;2009.40;-902.10;0.00
0.24;9.81;36.85;2947.63;1918.38;-1029.24;0.00
0.22;10.72;35.21;2816.87;1886.32;-930.55;0.00
0.28;10.30;42.06;3364.48;2209.33;-1155.15;0.00
0.29;7.84;37.37;2989.43;2138.76;-850.67;0.00
0.30;11.72;33.71;2696.90;2365.24;-331.66;0.00
0.24;11.91;41.47;3317.35;2053.11;-1264.24;0.00
0.27;10.78;40.35;3228.34;2130.32;-1098.02;0.00
0.23;12.43;40.73;3258.47;2004.82;-1253.65;0.00
0.25;8.83;37.47;2997.82;1928.47;-1069.35;0.00
0.27;9.22;41.94;3355.12;2059.58;-1295.54;0.00
0.24;9.96;38.49;3079.46;1958.58;-1120.88;0.00
0.22;9.64;40.26;3220.63;1825.44;-1395.19;0.00
0.30;11.00;39.30;3143.98;2361.47;-782.51;0.00
0.25;10.80;34.29;2743.17;2036.58;-706.59;0.00
0.23;10.43;42.94;3435.06;1891.35;-1543.72;0.00
0.24;11.73;40.39;3231.13;2034.00;-1197.12;0.00
0.20;11.15;39.65;3172.04;1795.84;-1376.20;0.00
0.26;9.22;42.05;3364.18;1995.71;-1368.47;0.00
0.24;11.46;49.49;3959.25;1996.96;-1962.29;0.00
0.24;10.01;41.46;3317.00;1925.39;-1391.61;0.00
0.26;13.10;38.85;3108.32;2250.96;-857.36;0.00
0.27;12.19;39.96;3196.94;2208.33;-988.61;0.00
0.23;10.84;42.10;3368.39;1914.99;-1453.40;0.00
0.25;11.95;39.16;3133.15;2085.06;-1048.09;0.00
0.24;9.01;42.80;3424.07;1894.20;-1529.86;0.00
0.28;11.72;38.52;3081.45;2254.92;-826.53;0.00
0.24;10.58;37.98;3038.74;1942.85;-1095.89;0.00
0.29;9.71;41.99;3359.42;2231.77;-1127.65;0.00
0.27;11.69;33.28;2662.72;2187.14;-475.57;0.00
0.22;9.93;42.02;3361.68;1827.39;-1534.28;0.00
0.24;10.23;40.78;3262.70;1944.31;-1318.39;0.00
0.27;10.22;37.05;2963.66;2154.43;-809.22;0.00
0.23;10.98;38.64;3091.56;1933.38;-1158.18;0.00
0.24;9.21;43.87;3509.87;1902.36;-1607.51;0.00
0.19;11.17;39.76;3181.10;1711.79;-1469.31;0.00
0.31;7.83;37.41;2992.90;2243.35;-749.55;0.00
0.27;9.87;50.58;4046.44;2106.87;-1939.56;0.00
0.27;11.84;40.30;3223.68;2205.80;-1017.88;0.00
0.24;11.20;43.22;3457.67;2024.51;-1433.16;0.00
0.31;11.14;43.68;3494.16;2402.97;-1091.19;0.00
0.27;10.06;46.13;3690.61;2139.48;-1551.13;0.00
0.23;11.49;46.73;3738.12;1971.01;-1767.11;0.00
0.27;8.28;38.85;3107.62;1996.76;-1110.85;0.00
0.22;9.52;41.13;3290.62;1817.70;-1472.92;0.00
0.25;9.49;42.38;3390.21;1965.01;-1425.20;0.00
0.28;9.62;38.36;3068.82;2175.30;-893.53;0.00
0.27;8.82;43.67;3493.29;2033.04;-1460.24;0.00
0.24;9.34;47.68;3814.31;1896.06;-1918.26;0.00
0.27;8.27;39.77;3181.42;2014.55;-1166.87;0.00
0.22;8.80;38.49;3079.39;1746.37;-1333.02;0.00
0.26;8.71;35.16;2812.80;1975.46;-837.34;0.00
0.23;11.99;35.64;2850.91;2011.10;-839.81;0.00
0.25;9.78;44.04;3523.00;2002.14;-1520.87;0.00
0.33;11.16;34.34;2747.20;2556.23;-190.97;0.00
0.27;9.28;42.95;3435.78;2048.80;-1386.98;0.00
0.29;11.27;44.37;3549.91;2294.56;-1255.35;0.00
0.23;10.99;34.92;2793.73;1953.49;-840.24;0.00
0.23;11.14;42.77;3421.88;1948.78;-1473.10;0.00
0.26;12.17;35.91;2872.73;2183.72;-689.01;0.00
0.26;10.57;44.40;3552.12;2084.65;-1467.47;0.00
0.25;11.88;34.09;2727.02;2114.84;-612.18;0.00
0.23;9.86;37.64;3011.41;1898.64;-1112.77;0.00
0.20;8.78;51.63;4130.28;1655.36;-2474.92;0.00
0.26;9.71;36.91;2952.52;2043.23;-909.29;0.00
0.28;10.39;52.19;4175.15;2198.23;-1976.92;0.00
0.23;9.84;44.92;3593.99;1869.67;-1724.32;0.00
0.23;9.49;34.08;2726.57;1830.47;-896.10;0.00
0.25;11.40;42.45;3396.32;2083.09;-1313.23;0.00
0.21;10.63;44.51;3560.51;1807.63;-1752.88;0.00
0.26;10.41;43.50;3480.06;2104.80;-1375.26;0.00
0.27;12.00;44.51;3560.96;2195.65;-1365.31;0.00
0.28;11.58;34.24;2739.22;2271.48;-467.74;0.00
0.29;9.92;29.56;2365.06;2205.18;-159.87;0.00
0.24;8.98;44.86;3588.44;1899.38;-1689.06;0.00
0.24;10.08;41.08;3286.62;1951.56;-1335.06;0.00
0.22;10.12;43.52;3481.65;1835.08;-1646.57;0.00
0.24;10.15;32.55;2603.66;1926.67;-676.99;0.00
0.24;10.65;42.84;3426.98;1965.28;-1461.70;0.00
0.28;12.13;39.25;3139.63;2284.74;-854.89;0.00
0.27;10.74;39.00;3119.65;2176.71;-942.94;0.00
0.26;11.77;44.02;3521.25;2123.99;-1397.27;0.00
0.25;8.85;48.28;3862.53;1933.69;-1928.84;0.00
0.27;10.84;48.00;3840.16;2186.71;-1653.46;0.00
0.27;9.87;41.89;3351.22;2080.87;-1270.35;0.00
0.26;8.53;41.26;3300.64;1955.66;-1344.98;0.00
0.25;10.10;34.59;2767.07;2026.33;-740.74;0.00
0.27;11.07;46.45;3716.04;2181.81;-1534.24;0.00
0.24;10.87;36.94;2955.56;1964.54;-991.02;0.00
0.24;9.40;43.61;3488.51;1933.87;-1554.64;0.00
0.27;9.18;42.52;3401.51;2070.69;-1330.83;0.00
0.23;9.31;36.92;2953.88;1858.62;-1095.26;0.00
0.26;9.97;36.81;2944.84;2050.08;-894.76;0.00
0.26;8.79;37.44;2995.48;1980.13;-1015.35;0.00
0.22;10.53;44.26;3540.51;1876.17;-1664.34;0.00
0.24;10.37;36.13;2890.36;1933.89;-956.46;0.00
0.26;12.52;52.39;4190.81;2213.15;-1977.66;0.00
0.24;11.13;42.09;3367.25;1993.88;-1373.38;0.00
0.23;11.36;28.03;2242.17;1926.46;-315.71;0.00
0.27;9.99;37.21;2976.50;2092.93;-883.57;0.00
0.25;9.59;35.79;2863.32;1980.67;-882.65;0.00
0.26;11.05;41.47;3317.52;2086.10;-1231.42;0.00
0.26;10.99;43.27;3461.86;2132.46;-1329.40;0.00
0.27;11.48;38.56;3085.01;2183.84;-901.17;0.00
0.26;11.65;49.69;3975.42;2129.42;-1846.00;0.00
0.29;10.40;33.39;2671.43;2253.52;-417.90;0.00
0.22;9.74;43.42;3473.62;1795.54;-1678.08;0.00
0.27;9.32;42.29;3382.97;2058.35;-1324.63;0.00
0.29;10.90;40.05;3204.11;2253.30;-950.81;0.00
0.23;12.12;43.14;3451.20;2002.52;-1448.68;0.00
0.17;10.46;36.88;2950.80;1561.14;-1389.66;0.00
0.27;12.33;39.85;3188.33;2246.91;-941.42;0.00
0.26;11.34;45.41;3633.05;2130.00;-1503.05;0.00
0.24;11.50;45.49;3639.09;2013.04;-1626.05;0.00
0.26;8.75;39.97;3197.44;1960.13;-1237.31;0.00
0.29;10.15;40.85;3268.28;2241.10;-1027.18;0.00
0.28;9.47;39.08;3126.14;2135.81;-990.33;0.00
0.24;8.77;35.11;2808.93;1859.44;-949.50;0.00
0.24;11.17;49.71;3976.75;2004.87;-1971.88;0.00
0.28;8.78;34.09;2727.39;2093.98;-633.41;0.00
0.23;11.39;40.70;3255.77;1979.05;-1276.72;0.00
0.26;10.25;40.60;3248.32;2093.70;-1154.62;0.00
0.25;12.94;32.70;2616.40;2166.08;-450.32;0.00
0.28;10.61;38.98;3118.28;2196.27;-922.01;0.00
0.22;11.19;41.60;3328.16;1888.28;-1439.87;0.00
0.24;10.78;35.26;2821.12;1979.66;-841.46;0.00
0.23;9.94;34.84;2787.15;1878.36;-908.79;0.00
0.29;10.85;39.43;3154.59;2251.45;-903.15;0.00
0.21;8.43;38.57;3085.35;1691.83;-1393.52;0.00
0.22;9.50;40.98;3278.72;1810.74;-1467.98;0.00
0.24;8.37;40.69;3255.51;1823.95;-1431.56;0.00
0.25;8.05;34.95;2796.10;1911.69;-884.42;0.00
0.31;6.95;50.63;4050.44;2172.57;-1877.87;0.00
0.17;11.35;44.54;3563.14;1613.11;-1950.03;0.00
0.25;10.51;32.47;2597.39;2033.72;-563.67;0.00
0.25;10.39;42.00;3359.98;2008.02;-1351.96;0.00
0.23;10.01;28.27;2261.20;1855.59;-405.61;0.00
0.21;9.81;37.61;3008.73;1764.44;-1244.29;0.00
0.19;11.18;36.36;2909.09;1722.35;-1186.74;0.00
0.29;8.60;35.96;2876.54;2155.08;-721.46;0.00
0.25;9.25;25.47;2037.70;1952.19;-85.51;0.00
0.26;8.94;40.96;3277.09;2027.43;-1249.66;0.00
0.25;11.53;33.07;2645.59;2101.41;-544.18;0.00
0.24;10.24;41.93;3354.27;1964.46;-1389.80;0.00
0.27;10.00;37.82;3025.53;2088.01;-937.52;0.00
0.23;10.46;38.05;3043.98;1907.87;-1136.11;0.00
0.25;11.80;39.64;3171.15;2108.95;-1062.20;0.00
0.23;10.33;53.79;4303.40;1917.20;-2386.21;0.00
0.25;11.20;38.47;3077.55;2057.16;-1020.39;0.00
0.21;10.60;29.43;2354.24;1802.49;-551.75;0.00
0.28;10.54;35.11;2808.57;2184.83;-623.74;0.00
0.24;8.43;32.41;2593.11;1831.52;-761.59;0.00
0.24;10.50;39.97;3197.53;1950.62;-1246.91;0.00
0.25;9.73;41.45;3316.39;1999.13;-1317.26;0.00
0.26;11.19;33.92;2713.50;2105.64;-607.86;0.00
0.24;10.49;39.36;3148.98;1970.42;-1178.56;0.00
0.19;10.38;38.18;3054.57;1680.90;-1373.67;0.00
0.27;11.56;36.61;2928.49;2193.50;-734.99;0.00
0.25;10.11;39.19;3134.81;2006.90;-1127.91;0.00
0.23;9.36;49.84;3987.43;1867.13;-2120.30;0.00
0.27;10.87;40.99;3279.06;2162.67;-1116.39;0.00
0.23;10.34;34.81;2784.72;1907.92;-876.80;0.00
0.22;11.59;46.15;3691.80;1931.48;-1760.33;0.00
0.27;10.22;40.96;3277.18;2134.71;-1142.47;0.00
0.24;12.05;48.97;3917.93;2077.28;-1840.65;0.00
0.24;9.49;46.52;3721.48;1921.75;-1799.73;0.00
0.26;9.64;39.53;3162.21;2061.36;-1100.85;0.00
0.22;10.07;38.09;3046.85;1855.21;-1191.64;0.00
0.28;11.12;43.06;3444.75;2207.90;-1236.85;0.00
0.27;7.71;45.75;3660.07;2019.13;-1640.94;0.00
0.22;10.87;45.48;3638.69;1868.74;-1769.95;0.00
0.21;9.87;41.62;3329.71;1758.60;-1571.11;0.00
0.30;11.35;43.67;3493.49;2371.57;-1121.91;0.00
0.26;9.64;41.86;3349.16;2036.82;-1312.34;0.00
0.27;9.45;34.76;2780.80;2108.11;-672.70;0.00
