# X_0;X_1;R_0;S_0;G_0;I_0
14440;20813;143000;144162;-1162;0
14529;17884;143000;143311;-311;0
11270;21259;143000;142211;788;1
18019;22290;143000;146981;-3981;0
9575;27084;143000;142903;96;1
15047;18746;143000;143921;-921;0
11707;20837;143000;142368;631;1
12169;19021;143000;142108;891;1
17784;20185;143000;146172;-3172;0
11611;27876;143000;144491;-1491;0
10834;22519;143000;142315;684;1
16772;12857;143000;143229;-229;0
19796;13260;143000;145348;-2348;0
14154;24601;143000;145151;-2151;0
14846;18829;143000;143814;-814;0
12592;17530;143000;141924;1075;1
19278;23976;143000;148335;-5335;0
14399;17504;143000;143108;-108;0
13831;14604;143000;141832;1167;1
13940;22860;143000;144469;-1469;0
15673;25084;143000;146302;-3302;0
15036;18599;143000;143868;-868;0
12956;17669;143000;142207;792;1
14959;19016;143000;143947;-947;0
15511;34549;143000;149135;-6135;0
14217;16628;143000;142715;284;1
12209;27505;143000;144770;-1770;0
15115;19143;143000;144089;-1089;0
13445;18805;143000;142883;116;1
15521;11830;143000;142085;914;1
12110;17541;143000;141610;1389;1
12070;26416;143000;144340;-1340;0
15650;10703;143000;141820;1179;1
14119;20581;143000;143879;-879;0
11663;20476;143000;142227;772;1
17835;19914;143000;146122;-3122;0
14022;21046;143000;143959;-959;0
13943;12351;143000;141206;1793;1
14451;20781;143000;144160;-1160;0
16125;13257;143000;142926;73;1
10427;22211;143000;141951;1048;1
7924;17222;143000;138751;4248;1
14706;21871;143000;144667;-1667;0
14282;22709;143000;144647;-1647;0
12230;21224;143000;142833;166;1
15824;25813;143000;146628;-3628;0
17611;17410;143000;145196;-2196;0
14097;24235;143000;144999;-1999;0
16556;18523;143000;144846;-1846;0
18489;24672;143000;148031;-5031;0
12403;15592;143000;141198;1801;1
16572;26858;143000;147446;-4446;0
14209;21329;143000;144170;-1170;0
14679;17661;143000;143341;-341;0
17098;26105;143000;147559;-4559;0
13483;24125;143000;144560;-1560;0
17709;22770;143000;146926;-3926;0
15597;17814;143000;143994;-994;0
15001;13136;143000;142148;851;1
16805;14181;143000;143662;-662;0
9734;16157;143000;139613;3386;1
17426;12286;143000;143483;-483;0
15814;27998;143000;147300;-4300;0
10934;19983;143000;141593;1406;1
18471;18940;143000;146239;-3239;0
13518;23744;143000;144465;-1465;0
14734;28137;143000;146631;-3631;0
17920;19182;143000;145950;-2950;0
12864;22282;143000;143580;-580;0
16488;24757;143000;146738;-3738;0
16088;17277;143000;144151;-1151;0
12156;26168;143000;144320;-1320;0
13917;20131;143000;143606;-606;0
17244;20140;143000;145802;-2802;0
11518;26913;143000;144131;-1131;0
14464;25943;143000;145772;-2772;0
12602;18589;143000;142260;739;1
18979;21633;143000;147410;-4410;0
12901;20329;143000;142997;2;1
18921;19957;143000;146851;-3851;0
16401;21656;143000;145717;-2717;0
17840;18579;143000;145710;-2710;0
14803;14506;143000;142443;556;1
11502;25589;143000;143709;-709;0
16813;27226;143000;147719;-4719;0
13485;19406;143000;143096;-96;0
15228;16500;143000;143342;-342;0
14434;18454;143000;143426;-426;0
13492;20774;143000;143525;-525;0
11737;17806;143000;141446;1553;1
18978;19824;143000;146848;-3848;0
15122;13521;143000;142347;652;1
14707;22915;143000;144991;-1991;0
14082;20298;143000;143766;-766;0
16671;30419;143000;148617;-5617;0
15333;14759;143000;142871;128;1
16729;28807;143000;148155;-5155;0
15151;17722;143000;143671;-671;0
18375;18372;143000;145999;-2999;0
15505;22002;143000;145234;-2234;0
18108;15938;143000;145067;-2067;0
14738;13382;143000;142051;948;1
11456;15151;143000;140436;2563;1
15267;15981;143000;143207;-207;0
16315;23615;143000;146269;-3269;0
17750;18942;143000;145764;-2764;0
13896;27624;143000;145919;-2919;0
12890;16485;143000;141796;1203;1
17044;23732;143000;146786;-3786;0
20119;23985;143000;148892;-5892;0
16356;16496;143000;144085;-1085;0
15953;18892;143000;144563;-1563;0
15673;17684;143000;144004;-1004;0
17411;19923;143000;145845;-2845;0
17556;13318;143000;143889;-889;0
15842;17694;143000;144118;-1118;0
13974;21387;143000;144034;-1034;0
16435;18337;143000;144709;-1709;0
11885;18846;143000;141867;1132;1
10204;17528;143000;140349;2650;1
14150;21060;143000;144048;-1048;0
13651;17958;143000;142755;244;1
15571;24839;143000;146159;-3159;0
17126;26623;143000;147738;-4738;0
15909;16608;143000;143825;-825;0
17556;24955;143000;147504;-4504;0
16341;17984;143000;144537;-1537;0
16590;13889;143000;143429;-429;0
12245;21372;143000;142889;110;1
17048;19139;143000;145362;-2362;0
16608;15136;143000;143829;-829;0
18971;16001;143000;145655;-2655;0
12014;21762;143000;142858;141;1
11969;23124;143000;143251;-251;0
15749;22768;143000;145633;-2633;0
13021;25066;143000;144548;-1548;0
12674;13929;143000;140860;2139;1
9001;14722;143000;138684;4315;1
16103;15612;143000;143643;-643;0
14361;22340;143000;144585;-1585;0
14939;19170;143000;143981;-981;0
16077;23654;143000;146124;-3124;0
17904;16980;143000;145256;-2256;0
11150;23635;143000;142870;129;1
13732;20781;143000;143686;-686;0
18667;18615;143000;146267;-3267;0
13145;24874;143000;144570;-1570;0
15443;13158;143000;142446;553;1
11765;24573;143000;143567;-567;0
17187;17203;143000;144852;-1852;0
12717;25497;143000;144481;-1481;0
17919;21621;143000;146707;-3707;0
17088;16752;143000;144647;-1647;0
15741;29878;143000;147836;-4836;0
15660;17056;143000;143800;-800;0
17721;19105;143000;145795;-2795;0
14062;26656;143000;145728;-2728;0
15626;21204;143000;145066;-2066;0
14744;18506;143000;143646;-646;0
11178;20059;143000;141777;1222;1
14905;14941;143000;142645;354;1
18232;19818;143000;146354;-3354;0
13914;19333;143000;143356;-356;0
19088;12065;143000;144510;-1510;0
17053;15222;143000;144149;-1149;0
12145;12098;143000;139942;3057;1
16121;24634;143000;146458;-3458;0
14226;19324;143000;143559;-559;0
17630;23694;143000;147161;-4161;0
14152;16748;143000;142710;289;1
15451;26198;143000;146502;-3502;0
13037;26377;143000;144966;-1966;0
14546;19135;143000;143711;-711;0
15916;21424;143000;145326;-2326;0
11959;17525;143000;141505;1494;1
15077;24753;143000;145806;-2806;0
14810;20267;143000;144237;-1237;0
14318;23223;143000;144831;-1831;0
15693;17796;143000;144052;-1052;0
18904;21954;143000;147460;-4460;0
15788;18975;143000;144480;-1480;0
16031;24256;143000;146281;-3281;0
14149;19419;143000;143538;-538;0
10874;20740;143000;141788;1211;1
17158;12148;143000;143263;-263;0
15968;15581;143000;143545;-545;0
14328;26176;143000;145755;-2755;0
12834;18508;143000;142388;611;1
17539;24010;143000;147199;-4199;0
18697;10952;143000;143906;-906;0
13274;28225;143000;145696;-2696;0
12542;23024;143000;143598;-598;0
17103;24163;143000;146959;-3959;0
16963;19405;143000;145389;-2389;0
18712;18291;143000;146196;-3196;0
18550;22332;143000;147344;-4344;0
14601;19059;143000;143724;-724;0
15223;19709;143000;144336;-1336;0
14491;19627;143000;143828;-828;0
14024;17763;143000;142941;58;1
17483;16546;143000;144844;-1844;0
15606;14929;143000;143104;-104;0
14732;22074;143000;144747;-1747;0
13493;20871;143000;143556;-556;0
12776;15102;143000;141291;1708;1
14306;13272;143000;141732;1267;1
17458;6672;143000;141760;1239;1
15856;16047;143000;143616;-616;0
10326;18988;143000;140883;2116;1
12875;21536;143000;143355;-355;0
17746;18169;143000;145521;-2521;0
16029;23329;143000;145992;-2992;0
18248;16396;143000;145301;-2301;0
13855;18557;143000;143076;-76;0
15932;21688;143000;145418;-2418;0
19728;17665;143000;146671;-3671;0
13500;16920;143000;142333;666;1
14467;20407;143000;144054;-1054;0
9222;25796;143000;142270;729;1
14321;15457;143000;142420;579;1
15994;20070;143000;144956;-1956;0
15317;20193;143000;144548;-1548;0
19386;19370;143000;146976;-3976;0
16763;22693;143000;146278;-3278;0
16888;22003;143000;146146;-3146;0
11829;28677;143000;144884;-1884;0
15174;19230;143000;144155;-1155;0
9133;20838;143000;140671;2328;1
11264;25163;143000;143420;-420;0
15117;14632;143000;142689;310;1
17230;22257;143000;146451;-3451;0
13246;16313;143000;141977;1022;1
17309;24814;143000;147297;-4297;0
13606;13363;143000;141298;1701;1
19224;18639;143000;146642;-3642;0
21349;23363;143000;149510;-6510;0
18339;15972;143000;145230;-2230;0
12251;19193;143000;142216;783;1
10864;18681;143000;141142;1857;1
15553;23896;143000;145854;-2854;0
12051;20681;143000;142546;453;1
15132;26875;143000;146502;-3502;0
13010;22586;143000;143770;-770;0
13974;22447;143000;144363;-1363;0
14786;17323;143000;143307;-307;0
19041;20350;143000;147052;-4052;0
15373;17611;143000;143783;-783;0
14994;17334;143000;143447;-447;0
13114;13830;143000;141119;1880;1
12791;25530;143000;144540;-1540;0
11893;20579;143000;142410;589;1
15810;26234;143000;146750;-3750;0
16191;29774;143000;148101;-5101;0
13827;19023;143000;143202;-202;0
17580;22255;143000;146681;-3681;0
16038;17519;143000;144193;-1193;0
19073;18863;143000;146612;-3612;0
15148;19892;143000;144343;-1343;0
14083;17412;143000;142871;128;1
15051;18923;143000;143978;-978;0
12480;21505;143000;143085;-85;0
10490;26318;143000;143268;-268;0
17362;13214;143000;143729;-729;0
19337;13931;143000;145254;-2254;0
18161;29827;143000;149416;-6416;0
15861;25945;143000;146694;-3694;0
13133;27061;143000;145241;-2241;0
15961;18974;143000;144594;-1594;0
12527;14961;143000;141083;1916;1
17136;17835;143000;145015;-2015;0
18991;20427;143000;147043;-4043;0
12390;15345;143000;141112;1887;1
12574;18732;143000;142286;713;1
17720;29494;143000;149022;-6022;0
12815;20637;143000;143036;-36;0
13258;24569;143000;144550;-1550;0
18048;25637;143000;148040;-5040;0
13602;20905;143000;143639;-639;0
16073;19910;143000;144959;-1959;0
19902;24112;143000;148789;-5789;0
16252;14430;143000;143375;-375;0
16780;29354;143000;148358;-5358;0
17755;20576;143000;146275;-3275;0
15051;9187;143000;140954;2045;1
17268;26400;143000;147763;-4763;0
15542;20766;143000;144875;-1875;0
13601;20404;143000;143482;-482;0
15713;16738;143000;143736;-736;0
17071;29621;143000;148633;-5633;0
13560;16364;143000;142200;799;1
15001;20252;143000;144358;-1358;0
12127;14735;143000;140749;2250;1
10052;18678;143000;140606;2393;1
13579;16184;143000;142157;842;1
12042;20173;143000;142383;616;1
16581;24117;143000;146601;-3601;0
16083;22919;143000;145900;-2900;0
16689;21124;143000;145742;-2742;0
9234;10929;143000;137660;5339;1
13965;24816;143000;145093;-2093;0
13381;16641;143000;142168;831;1
13365;24408;143000;144570;-1570;0
11410;24770;143000;143394;-394;0
14816;18761;143000;143773;-773;0
10671;22859;143000;142313;686;1
11474;23805;143000;143136;-136;0
18310;18259;143000;145921;-2921;0
13345;16745;143000;142177;822;1
18736;24678;143000;148196;-5196;0
15090;20430;143000;144472;-1472;0
15066;23801;143000;145503;-2503;0
17301;10985;143000;142996;3;1
16360;17803;143000;144494;-1494;0
20015;24048;143000;148843;-5843;0
17770;22013;143000;146731;-3731;0
15889;21812;143000;145428;-2428;0
12875;19292;143000;142658;341;1
16614;15514;143000;143950;-950;0
14702;19513;143000;143931;-931;0
13490;17982;143000;142657;342;1
12340;21073;143000;142859;140;1
14924;32296;143000;148049;-5049;0
15865;20532;143000;145015;-2015;0
14951;18060;143000;143644;-644;0
15511;25646;143000;146370;-3370;0
11967;15500;143000;140881;2118;1
14545;16187;143000;142795;204;1
10728;17783;143000;140774;2225;1
19793;20744;143000;147671;-4671;0
19074;22059;143000;147605;-4605;0
12635;17643;143000;141988;1011;1
16576;21009;143000;145632;-2632;0
15028;12755;143000;142047;952;1
15212;25356;143000;146083;-3083;0
17289;18232;143000;145239;-2239;0
13830;21218;143000;143886;-886;0
18663;25301;143000;148341;-5341;0
14334;26791;143000;145950;-2950;0
12721;17602;143000;142032;967;1
16892;22048;143000;146163;-3163;0
14619;19194;143000;143778;-778;0
10296;25130;143000;142771;228;1
18554;21998;143000;147243;-4243;0
14892;10728;143000;141328;1671;1
15043;12697;143000;142039;960;1
17198;17867;143000;145066;-2066;0
14879;20119;143000;144236;-1236;0
12750;25657;143000;144553;-1553;0
16499;13916;143000;143378;-378;0
12083;13420;143000;140312;2687;1
15927;20306;143000;144985;-1985;0
15454;18243;143000;144033;-1033;0
16768;20246;143000;145521;-2521;0
12536;19188;143000;142402;597;1
17832;21915;143000;146741;-3741;0
16024;21242;143000;145340;-2340;0
20484;18644;143000;147474;-4474;0
11802;17119;143000;141276;1723;1
14311;19100;143000;143545;-545;0
14803;20567;143000;144325;-1325;0
16028;31181;143000;148430;-5430;0
17367;25598;143000;147579;-4579;0
12918;21595;143000;143402;-402;0
14525;24406;143000;145335;-2335;0
16419;20775;143000;145456;-2456;0
14691;18175;143000;143509;-509;0
15380;12585;143000;142226;773;1
13058;24000;143000;144241;-1241;0
13256;15593;143000;141760;1239;1
12968;21703;143000;143468;-468;0
12170;11919;143000;139903;3096;1
15121;24557;143000;145775;-2775;0
13870;27432;143000;145843;-2843;0
13349;20166;143000;143242;-242;0
10578;24990;143000;142913;86;1
17166;18348;143000;145194;-2194;0
16224;25113;143000;146675;-3675;0
13973;23207;143000;144598;-1598;0
14697;20123;143000;144118;-1118;0
14236;27881;143000;146223;-3223;0
14024;23270;143000;144651;-1651;0
16709;17271;143000;144558;-1558;0
14873;16674;143000;143162;-162;0
17657;20243;143000;146107;-3107;0
11210;21678;143000;142301;698;1
14526;15715;143000;142636;363;1
14631;24528;143000;145442;-2442;0
13229;24384;143000;144473;-1473;0
14532;15889;143000;142694;305;1
18184;16005;143000;145138;-2138;0
14735;17019;143000;143178;-178;0
16127;10549;143000;142087;912;1
15600;21331;143000;145088;-2088;0
14821;26613;143000;146215;-3215;0
13853;24190;143000;144824;-1824;0
11744;20650;143000;142334;665;1
11531;19232;143000;141753;1246;1
19660;13992;143000;145486;-2486;0
12175;22512;143000;143197;-197;0
20269;24034;143000;149007;-6007;0
16317;20168;143000;145200;-2200;0
19576;20854;143000;147562;-4562;0
14888;22247;143000;144903;-1903;0
16841;11013;143000;142702;297;1
13903;21241;143000;143941;-941;0
19163;25967;143000;148878;-5878;0
10866;17603;143000;140809;2190;1
11692;22648;143000;142921;78;1
15513;22393;143000;145361;-2361;0
15319;24533;143000;145898;-2898;0
16579;17687;143000;144602;-1602;0
14215;19282;143000;143539;-539;0
13100;14999;143000;141473;1526;1
18146;20144;143000;146398;-3398;0
14590;22640;143000;144829;-1829;0
9489;18493;143000;140177;2822;1
11470;19942;143000;141934;1065;1
12898;19508;143000;142740;259;1
12947;23264;143000;143939;-939;0
14264;22201;143000;144478;-1478;0
15464;23093;143000;145546;-2546;0
15118;19148;143000;144092;-1092;0
11121;18108;143000;141134;1865;1
18700;9840;143000;143563;-563;0
16714;27627;143000;147779;-4779;0
18278;22787;143000;147306;-4306;0
17910;16425;143000;145087;-2087;0
20492;21756;143000;148446;-5446;0
19672;27748;143000;149767;-6767;0
13801;13316;143000;141412;1587;1
12565;15324;143000;141221;1778;1
16070;18840;143000;144624;-1624;0
10338;19999;143000;141205;1794;1
18882;16225;143000;145666;-2666;0
20637;20340;143000;148102;-5102;0
18080;17737;143000;145607;-2607;0
13876;13011;143000;141367;1632;1
18833;19024;143000;146503;-3503;0
13345;19459;143000;143020;-20;0
13383;26150;143000;145123;-2123;0
15712;19709;143000;144658;-1658;0
12270;22357;143000;143211;-211;0
12184;24425;143000;143797;-797;0
12629;12223;143000;140300;2699;1
18586;18791;143000;146268;-3268;0
17322;21269;143000;146204;-3204;0
15504;18888;143000;144266;-1266;0
12508;19566;143000;142501;498;1
17206;15269;143000;144264;-1264;0
14821;23926;143000;145381;-2381;0
13880;25550;143000;145265;-2265;0
16563;18015;143000;144693;-1693;0
12978;19134;143000;142677;322;1
18720;15590;143000;145362;-2362;0
16731;23272;143000;146437;-3437;0
19534;17105;143000;146370;-3370;0
17210;19715;143000;145648;-2648;0
16681;23065;143000;146340;-3340;0
15971;23747;143000;146083;-3083;0
19479;15852;143000;145944;-2944;0
13981;22637;143000;144426;-1426;0
11798;29819;143000;145218;-2218;0
18189;19789;143000;146316;-3316;0
16203;23368;143000;146119;-3119;0
11501;15992;143000;140727;2272;1
14186;19620;143000;143624;-624;0
15099;11634;143000;141746;1253;1
14266;28666;143000;146487;-3487;0
18342;24451;143000;147865;-4865;0
11284;20774;143000;142069;930;1
12325;18889;143000;142170;829;1
13104;14041;143000;141178;1821;1
17697;23952;143000;147285;-4285;0
12539;15338;143000;141208;1791;1
12221;21198;143000;142819;180;1
17048;22267;143000;146334;-3334;0
11617;22044;143000;142683;316;1
17841;17631;143000;145417;-2417;0
17742;30345;143000;149301;-6301;0
15241;27684;143000;146825;-3825;0
21277;17928;143000;147774;-4774;0
15257;20605;143000;144637;-1637;0
12925;26636;143000;144972;-1972;0
14991;26299;143000;146230;-3230;0
12832;27375;143000;145141;-2141;0
16811;25281;143000;147114;-4114;0
14524;20532;143000;144131;-1131;0
13058;9822;143000;139837;3162;1
14602;10527;143000;141074;1925;1
18921;18894;143000;146521;-3521;0
12301;21766;143000;143048;-48;0
18794;22201;143000;147465;-4465;0
16582;17668;143000;144598;-1598;0
14547;17456;143000;143190;-190;0
15546;19746;143000;144560;-1560;0
15176;18074;143000;143797;-797;0
14382;15825;143000;142575;424;1
12616;17776;143000;142016;983;1
11411;20141;143000;141957;1042;1
12653;9742;143000;139545;3454;1
12427;15410;143000;141157;1842;1
17428;10450;143000;142914;85;1
15232;27346;143000;146714;-3714;0
16201;15399;143000;143642;-642;0
10295;21728;143000;141714;1285;1
12505;18287;143000;142102;897;1
16233;25595;143000;146830;-3830;0
13595;23522;143000;144447;-1447;0
14606;15561;143000;142641;358;1
20336;20812;143000;148050;-5050;0
11385;18009;143000;141277;1722;1
11293;17827;143000;141160;1839;1
13206;18419;143000;142605;394;1
15390;12993;143000;142360;639;1
15440;17816;143000;143891;-891;0
15306;23571;143000;145590;-2590;0
15236;25103;143000;146020;-3020;0
16960;18511;143000;145109;-2109;0
18372;23997;143000;147744;-4744;0
14671;15871;143000;142780;219;1
11599;12523;143000;139714;3285;1
15780;19372;143000;144598;-1598;0
19378;20266;143000;147249;-4249;0
12863;24018;143000;144118;-1118;0
11472;21078;143000;142288;711;1
21631;18895;143000;148308;-5308;0
14742;22153;143000;144778;-1778;0
16422;21235;143000;145600;-2600;0
16758;17816;143000;144760;-1760;0
16321;14790;143000;143532;-532;0
13369;15970;143000;141952;1047;1
14717;24538;143000;145502;-2502;0
15193;20348;143000;144515;-1515;0
19585;19073;143000;147014;-4014;0
14259;18486;143000;143320;-320;0
11458;31435;143000;145496;-2496;0
12505;16218;143000;141459;1540;1
19103;20231;143000;147056;-4056;0
13910;25323;143000;145214;-2214;0
14472;16084;143000;142715;284;1
13313;12822;143000;140937;2062;1
15728;9745;143000;141574;1425;1
12405;21789;143000;143124;-124;0
15145;27406;143000;146675;-3675;0
14558;22217;143000;144676;-1676;0
15014;17635;143000;143554;-554;0
13966;25574;143000;145329;-2329;0
15190;26573;143000;146446;-3446;0
12164;28081;143000;144919;-1919;0
19884;21406;143000;147936;-4936;0
13109;22387;143000;143774;-774;0
20366;19181;143000;147563;-4563;0
13404;16451;143000;142124;875;1
14483;21199;143000;144311;-1311;0
15722;19156;143000;144493;-1493;0
17783;17649;143000;145384;-2384;0
17423;11713;143000;143303;-303;0
12651;17340;143000;141904;1095;1
16125;8742;143000;141524;1475;1
15595;28719;143000;147380;-4380;0
12288;26005;143000;144356;-1356;0
11504;22073;143000;142618;381;1
12799;21982;143000;143444;-444;0
10313;20703;143000;141407;1592;1
20050;19091;143000;147327;-4327;0
12349;21597;143000;143027;-27;0
16973;15382;143000;144146;-1146;0
19059;12439;143000;144607;-1607;0
12486;18766;143000;142238;761;1
15031;20109;143000;144334;-1334;0
13238;20751;143000;143351;-351;0
13989;19484;143000;143452;-452;0
16543;18293;143000;144766;-1766;0
15838;16093;143000;143618;-618;0
15533;19991;143000;144628;-1628;0
15271;18965;143000;144136;-1136;0
16926;27956;143000;148021;-5021;0
13529;12104;143000;140857;2142;1
18864;25186;143000;148438;-5438;0
13178;22738;143000;143928;-928;0
15783;19053;143000;144501;-1501;0
10988;18831;143000;141271;1728;1
14606;26227;143000;145954;-2954;0
16412;17204;143000;144342;-1342;0
16105;17746;143000;144308;-1308;0
15353;26709;143000;146596;-3596;0
14258;19733;143000;143707;-707;0
14873;20965;143000;144495;-1495;0
17913;21787;143000;146755;-3755;0
19513;22388;143000;147997;-4997;0
15419;16496;143000;143467;-467;0
14265;18638;143000;143371;-371;0
12236;18274;143000;141921;1078;1
15276;19061;143000;144170;-1170;0
12788;23963;143000;144052;-1052;0
16634;16442;143000;144251;-1251;0
17813;18758;143000;145748;-2748;0
13651;21176;143000;143755;-755;0
13985;19214;143000;143366;-366;0
17310;19867;143000;145761;-2761;0
15298;19198;143000;144227;-1227;0
15983;27281;143000;147189;-4189;0
14541;22592;143000;144782;-1782;0
12472;16417;143000;141499;1500;1
14299;21744;143000;144359;-1359;0
16778;19761;143000;145377;-2377;0
13226;19818;143000;143053;-53;0
13375;14384;143000;141463;1536;1
13975;16589;143000;142544;455;1
18909;18251;143000;146313;-3313;0
16410;25249;143000;146839;-3839;0
18448;19353;143000;146352;-3352;0
17020;17035;143000;144690;-1690;0
14768;24555;143000;145541;-2541;0
13249;17933;143000;142483;516;1
12261;14570;143000;140786;2213;1
13406;28539;143000;145881;-2881;0
11446;21706;143000;142466;533;1
9775;17188;143000;139960;3039;1
17256;16720;143000;144748;-1748;0
9139;14604;143000;138738;4261;1
18085;23254;143000;147324;-4324;0
16177;16857;143000;144079;-1079;0
15714;14295;143000;142978;21;1
14618;24679;143000;145481;-2481;0
14188;18922;143000;143409;-409;0
16903;15264;143000;144063;-1063;0
16842;25407;143000;147173;-4173;0
17779;24077;143000;147378;-4378;0
14792;16543;143000;143068;-68;0
12112;24127;143000;143657;-657;0
15505;26837;143000;146736;-3736;0
14628;21111;143000;144379;-1379;0
17152;18779;143000;145319;-2319;0
11654;20359;143000;142184;815;1
16372;23652;143000;146318;-3318;0
15301;12796;143000;142240;759;1
9972;22442;143000;141722;1277;1
15712;28122;143000;147272;-4272;0
10511;24130;143000;142602;397;1
15713;28307;143000;147330;-4330;0
15174;9688;143000;141191;1808;1
17057;22589;143000;146440;-3440;0
17166;21681;143000;146230;-3230;0
16448;22558;143000;146029;-3029;0
16538;19007;143000;144985;-1985;0
15362;21513;143000;144988;-1988;0
11599;11940;143000;139533;3466;1
14120;16097;143000;142487;512;1
18698;21848;143000;147292;-4292;0
13893;21822;143000;144115;-1115;0
19046;19458;143000;146779;-3779;0
11012;17886;143000;140993;2006;1
10924;20736;143000;141820;1179;1
12779;21544;143000;143294;-294;0
16190;20615;143000;145255;-2255;0
15896;20783;143000;145113;-2113;0
13193;18674;143000;142676;323;1
16383;23199;143000;146185;-3185;0
14220;20634;143000;143962;-962;0
12874;20563;143000;143052;-52;0
17015;14467;143000;143889;-889;0
15136;22771;143000;145230;-2230;0
18137;13704;143000;144392;-1392;0
15698;25559;143000;146466;-3466;0
10639;18748;143000;141015;1984;1
17749;18140;143000;145514;-2514;0
17257;23273;143000;146784;-3784;0
16245;15141;143000;143591;-591;0
12892;23532;143000;143986;-986;0
15336;17346;143000;143676;-676;0
15651;15089;143000;143183;-183;0
11910;16847;143000;141262;1737;1
14445;22614;143000;144725;-1725;0
17625;19793;143000;145946;-2946;0
13962;16854;143000;142618;381;1
18008;14538;143000;144566;-1566;0
13387;22734;143000;144065;-1065;0
14910;20744;143000;144451;-1451;0
16679;16405;143000;144270;-1270;0
10918;9812;143000;138423;4576;1
15862;21668;143000;145366;-2366;0
18310;18221;143000;145909;-2909;0
16193;24800;143000;146557;-3557;0
19640;24482;143000;148731;-5731;0
17556;15093;143000;144440;-1440;0
12314;14371;143000;140760;2239;1
17310;15190;143000;144308;-1308;0
17897;20776;143000;146430;-3430;0
18718;16002;143000;145489;-2489;0
17092;14017;143000;143800;-800;0
16003;25624;143000;146688;-3688;0
13926;18094;143000;142979;20;1
11819;14192;143000;140378;2621;1
14553;23459;143000;145059;-2059;0
14629;25602;143000;145775;-2775;0
14470;27721;143000;146328;-3328;0
10524;23068;143000;142281;718;1
19956;21371;143000;147973;-4973;0
15251;19487;143000;144285;-1285;0
13725;19398;143000;143252;-252;0
16018;24952;143000;146489;-3489;0
12995;30064;143000;146083;-3083;0
14248;14071;143000;141942;1057;1
16613;24090;143000;146613;-3613;0
13295;20733;143000;143383;-383;0
10435;24366;143000;142625;374;1
14699;17304;143000;143243;-243;0
16399;8406;143000;141600;1399;1
17875;10576;143000;143248;-248;0
13853;16022;143000;142287;712;1
18296;20240;143000;146527;-3527;0
12093;24914;143000;143889;-889;0
15487;20867;143000;144870;-1870;0
13990;18928;143000;143280;-280;0
13805;13001;143000;141317;1682;1
15051;21416;143000;144753;-1753;0
13098;24191;143000;144327;-1327;0
13474;22365;143000;144008;-1008;0
14276;21765;143000;144350;-1350;0
13435;13612;143000;141263;1736;1
14926;19279;143000;144006;-1006;0
15065;17302;143000;143484;-484;0
14118;22850;143000;144583;-1583;0
15642;16467;143000;143605;-605;0
15319;29015;143000;147290;-4290;0
18059;32742;143000;150254;-7254;0
13614;18309;143000;142840;159;1
16514;18358;143000;144767;-1767;0
10198;18991;143000;140799;2200;1
16762;26235;143000;147378;-4378;0
12919;15914;143000;141638;1361;1
19368;28172;143000;149698;-6698;0
17289;19311;143000;145574;-2574;0
18349;23939;143000;147711;-4711;0
13118;19088;143000;142755;244;1
15012;13412;143000;142241;758;1
17173;17639;143000;144979;-1979;0
17059;16646;143000;144595;-1595;0
13268;19929;143000;143115;-115;0
14842;24626;143000;145612;-2612;0
12961;17722;143000;142227;772;1
14420;11858;143000;141368;1631;1
12082;17857;143000;141689;1310;1
13071;24291;143000;144340;-1340;0
16134;24500;143000;146425;-3425;0
14334;13539;143000;141833;1166;1
11355;12367;143000;139505;3494;1
16105;18493;143000;144540;-1540;0
14815;22070;143000;144800;-1800;0
15008;18383;143000;143782;-782;0
13642;22648;143000;144206;-1206;0
15528;24542;143000;146038;-3038;0
15789;23165;143000;145783;-2783;0
14975;13271;143000;142173;826;1
16262;25054;143000;146681;-3681;0
18436;25529;143000;148262;-5262;0
16801;26000;143000;147330;-4330;0
16632;25140;143000;146952;-3952;0
13836;16324;143000;142370;629;1
14280;19363;143000;143607;-607;0
16104;23853;143000;146204;-3204;0
15590;18519;143000;144208;-1208;0
20325;30581;143000;151077;-8077;0
11372;20949;143000;142182;817;1
16408;28474;143000;147840;-4840;0
17524;27067;143000;148139;-5139;0
16590;19032;143000;145027;-2027;0
13594;13105;143000;141210;1789;1
14818;16592;143000;143101;-101;0
15162;18978;143000;144069;-1069;0
18557;23720;143000;147780;-4780;0
15539;19493;143000;144477;-1477;0
13982;11599;143000;140998;2001;1
15403;22007;143000;145168;-2168;0
10395;14769;143000;139618;3381;1
17639;21813;143000;146582;-3582;0
18789;17570;143000;146023;-3023;0
13794;20410;143000;143611;-611;0
15461;20665;143000;144790;-1790;0
15508;19170;143000;144356;-1356;0
14705;21922;143000;144682;-1682;0
16138;18312;143000;144505;-1505;0
13934;17142;143000;142689;310;1
10643;13006;143000;139234;3765;1
16467;18529;143000;144790;-1790;0
17575;23076;143000;146933;-3933;0
16057;14399;143000;143236;-236;0
16900;18504;143000;145067;-2067;0
18812;22217;143000;147481;-4481;0
16632;24592;143000;146782;-3782;0
14914;20381;143000;144341;-1341;0
13765;10237;143000;140432;2567;1
17422;22823;143000;146753;-3753;0
19634;12865;143000;145118;-2118;0
13866;16020;143000;142295;704;1
9909;25796;143000;142723;276;1
19062;21172;143000;147322;-4322;0
18311;23141;143000;147438;-4438;0
14110;19614;143000;143572;-572;0
14998;17739;143000;143576;-576;0
13642;26140;143000;145291;-2291;0
12657;13504;143000;140716;2283;1
17326;15799;143000;144508;-1508;0
13454;31076;143000;146700;-3700;0
11335;25080;143000;143441;-441;0
15348;14751;143000;142878;121;1
14724;17438;143000;143301;-301;0
18886;19943;143000;146824;-3824;0
18161;14220;143000;144568;-1568;0
17108;19931;143000;145648;-2648;0
19790;26608;143000;149490;-6490;0
13660;16266;143000;142236;763;1
12770;16357;143000;141677;1322;1
15721;14418;143000;143021;-21;0
14203;19180;143000;143499;-499;0
15904;21472;143000;145333;-2333;0
16199;24800;143000;146561;-3561;0
16443;16473;143000;144135;-1135;0
12751;11295;143000;140092;2907;1
12625;14062;143000;140869;2130;1
15733;19479;143000;144601;-1601;0
16070;25696;143000;146754;-3754;0
12585;22744;143000;143539;-539;0
11869;23008;143000;143149;-149;0
13154;21264;143000;143455;-455;0
17080;28081;143000;148161;-5161;0
14689;11846;143000;141541;1458;1
16305;24140;143000;146426;-3426;0
13436;18584;143000;142808;191;1
14100;19156;143000;143424;-424;0
16682;16923;143000;144432;-1432;0
14339;14636;143000;142177;822;1
14711;16360;143000;142958;41;1
18735;24824;143000;148240;-5240;0
15710;12132;143000;142303;696;1
16534;23734;143000;146451;-3451;0
17141;19875;143000;145652;-2652;0
16931;20384;143000;145672;-2672;0
12043;14829;143000;140723;2276;1
16739;15599;143000;144059;-1059;0
13745;25086;143000;145032;-2032;0
13330;14657;143000;141518;1481;1
19132;24042;143000;148259;-5259;0
14372;15240;143000;142387;612;1
18207;19327;143000;146185;-3185;0
9828;20354;143000;140979;2020;1
18142;20495;143000;146505;-3505;0
14712;12554;143000;141776;1223;1
12079;14427;143000;140622;2377;1
17590;18171;143000;145419;-2419;0
15465;21675;143000;145106;-2106;0
17155;18662;143000;145285;-2285;0
12645;21199;143000;143099;-99;0
15704;22118;143000;145401;-2401;0
14556;19772;143000;143916;-916;0
12124;20222;143000;142452;547;1
15071;23233;143000;145330;-2330;0
15814;17316;143000;143982;-982;0
15558;22770;143000;145508;-2508;0
11731;19744;143000;142044;955;1
15112;21401;143000;144788;-1788;0
17224;24544;143000;147157;-4157;0
15141;17440;143000;143577;-577;0
13100;22731;143000;143875;-875;0
16128;19589;143000;144895;-1895;0
12988;20166;143000;143004;-4;0
12014;15669;143000;140965;2034;1
16860;19641;143000;145394;-2394;0
17893;20627;143000;146382;-3382;0
15368;20463;143000;144666;-1666;0
14933;30117;143000;147378;-4378;0
15605;22402;143000;145424;-2424;0
15504;20073;143000;144634;-1634;0
13766;24993;143000;145016;-2016;0
16559;10078;143000;142225;774;1
16554;14003;143000;143441;-441;0
16445;28266;143000;147800;-4800;0
13495;16993;143000;142353;646;1
13365;14560;143000;141511;1488;1
13183;20436;143000;143217;-217;0
14649;15693;143000;142710;289;1
15182;14715;143000;142758;241;1
11660;21368;143000;142502;497;1
11874;18458;143000;141739;1260;1
16061;31893;143000;148673;-5673;0
14294;26858;143000;145944;-2944;0
12201;18643;143000;142012;987;1
14260;24692;143000;145249;-2249;0
16667;17096;143000;144476;-1476;0
13013;24055;143000;144229;-1229;0
16683;18193;143000;144828;-1828;0
21030;26175;143000;150173;-7173;0
15839;18015;143000;144216;-1216;0
16409;22423;143000;145961;-2961;0
17576;19331;143000;145770;-2770;0
17107;19072;143000;145380;-2380;0
14141;22261;143000;144415;-1415;0
16755;19435;143000;145261;-2261;0
15338;15063;143000;142969;30;1
14050;20923;143000;143940;-940;0
10608;18904;143000;141043;1956;1
17375;20631;143000;146041;-3041;0
13489;24432;143000;144660;-1660;0
16053;20264;143000;145056;-2056;0
14995;6772;143000;140167;2832;1
12225;18359;143000;141940;1059;1
14722;21996;143000;144716;-1716;0
15362;12931;143000;142322;677;1
10265;21420;143000;141598;1401;1
16842;23999;143000;146736;-3736;0
14540;17122;143000;143082;-82;0
13895;27949;143000;146020;-3020;0
14562;22464;143000;144756;-1756;0
16704;24649;143000;146847;-3847;0
16956;15636;143000;144213;-1213;0
11331;15101;143000;140338;2661;1
14267;12039;143000;141323;1676;1
14552;16710;143000;142962;37;1
13430;24896;143000;144765;-1765;0
10582;21860;143000;141944;1055;1
14882;17288;143000;143359;-359;0
13177;21496;143000;143542;-542;0
14239;19077;143000;143491;-491;0
11384;17346;143000;141071;1928;1
16196;23763;143000;146237;-3237;0
13296;22841;143000;144038;-1038;0
14888;19894;143000;144172;-1172;0
15604;23904;143000;145890;-2890;0
13481;8885;143000;139825;3174;1
17326;20351;143000;145922;-2922;0
14868;21035;143000;144514;-1514;0
12518;23122;143000;143612;-612;0
13947;29248;143000;146458;-3458;0
18370;18720;143000;146104;-3104;0
18474;16438;143000;145463;-2463;0
19239;25675;143000;148837;-5837;0
13190;26435;143000;145085;-2085;0
17089;20762;143000;145893;-2893;0
14108;17159;143000;142809;190;1
17690;20816;143000;146306;-3306;0
17244;17110;143000;144861;-1861;0
14095;23749;143000;144847;-1847;0
19635;19189;143000;147083;-4083;0
10745;15926;143000;140208;2791;1
15916;20634;143000;145080;-2080;0
13766;22997;143000;144396;-1396;0
17559;17535;143000;145201;-2201;0
14445;21957;143000;144521;-1521;0
14726;21743;143000;144640;-1640;0
12817;18781;143000;142461;538;1
14688;21464;143000;144528;-1528;0
15628;19222;143000;144452;-1452;0
14438;20536;143000;144075;-1075;0
18756;20142;143000;146800;-3800;0
17388;21878;143000;146437;-3437;0
15789;18186;143000;144236;-1236;0
16077;12602;143000;142691;308;1
14149;13441;143000;141681;1318;1
14956;10315;143000;141242;1757;1
14790;29254;143000;147015;-4015;0
13694;21063;143000;143748;-748;0
15212;20783;143000;144662;-1662;0
13568;18983;143000;143019;-19;0
16697;21941;143000;146001;-3001;0
14038;20351;143000;143754;-754;0
13844;24352;143000;144869;-1869;0
14334;19935;143000;143820;-820;0
13962;18069;143000;142995;4;1
13570;31320;143000;146853;-3853;0
12355;19234;143000;142297;702;1
14620;23350;143000;145069;-2069;0
16709;21799;143000;145965;-2965;0
15372;18402;143000;144028;-1028;0
16418;20275;143000;145300;-2300;0
17477;20121;143000;145950;-2950;0
12267;27537;143000;144818;-1818;0
16563;26075;143000;147197;-4197;0
16090;16361;143000;143868;-868;0
15547;17636;143000;143906;-906;0
10994;20851;143000;141902;1097;1
11683;29118;143000;144924;-1924;0
11867;20726;143000;142439;560;1
9809;22694;143000;141693;1306;1
15694;21249;143000;145125;-2125;0
12464;23731;143000;143766;-766;0
18053;24489;143000;147687;-4687;0
19107;21829;143000;147555;-4555;0
8363;14881;143000;138313;4686;1
15490;15776;143000;143290;-290;0
12543;21736;143000;143198;-198;0
16892;16976;143000;144587;-1587;0
19056;21719;143000;147488;-4488;0
16325;18786;143000;144776;-1776;0
9363;16614;143000;139511;3488;1
12012;20869;143000;142579;420;1
15122;18116;143000;143774;-774;0
11370;15320;143000;140432;2567;1
17273;15259;143000;144305;-1305;0
16157;18986;143000;144727;-1727;0
