# X_0;X_1;X_2;R_0;S_0;G_0;I_0
0.23;9.93;42.03;3362.04;1898.89;-1463.15;0.00
0.25;9.06;41.93;3354.61;1973.48;-1381.13;0.00
0.27;11.44;33.87;2709.70;2209.16;-500.54;0.00
0.24;8.97;43.05;3444.17;1881.51;-1562.66;0.00
0.23;10.11;46.83;3746.22;1892.78;-1853.45;0.00
0.27;9.51;39.61;3169.06;2106.50;-1062.56;0.00
0.26;13.29;42.76;3420.90;2232.90;-1188.00;0.00
0.25;10.42;37.07;2965.79;2015.19;-950.60;0.00
0.28;10.32;37.63;3010.50;2171.12;-839.38;0.00
0.26;8.08;41.86;3348.48;1974.06;-1374.42;0.00
0.27;10.21;41.93;3354.54;2108.25;-1246.30;0.00
0.24;12.23;40.03;3202.46;2056.63;-1145.83;0.00
0.25;10.72;46.18;3694.66;2016.75;-1677.91;0.00
0.26;9.38;39.81;3184.70;1993.83;-1190.87;0.00
0.24;11.51;37.08;2966.38;1998.87;-967.51;0.00
0.27;10.69;45.30;3623.73;2149.06;-1474.67;0.00
0.26;9.88;42.23;3378.21;2071.18;-1307.03;0.00
0.25;11.99;45.37;3629.46;2114.20;-1515.26;0.00
0.25;11.04;38.40;3072.32;2031.20;-1041.12;0.00
0.28;11.06;34.76;2780.72;2220.12;-560.60;0.00
0.24;9.31;43.77;3501.62;1875.19;-1626.43;0.00
0.29;11.82;44.13;3530.76;2354.78;-1175.98;0.00
0.23;8.90;36.04;2883.38;1836.12;-1047.26;0.00
0.27;8.25;40.91;3273.03;2003.11;-1269.93;0.00
0.26;11.03;40.03;3202.19;2118.11;-1084.08;0.00
0.27;11.22;46.09;3687.00;2203.87;-1483.13;0.00
0.28;9.55;35.97;2877.78;2161.07;-716.71;0.00
0.24;11.19;43.19;3455.48;2019.49;-1435.99;0.00
0.24;10.06;36.16;2892.79;1947.49;-945.30;0.00
0.26;10.07;42.35;3387.92;2067.89;-1320.03;0.00
0.25;8.81;40.97;3277.64;1921.10;-1356.55;0.00
0.30;9.53;44.85;3587.83;2288.17;-1299.66;0.00
0.24;11.13;49.31;3944.67;1981.87;-1962.80;0.00
0.26;10.12;42.29;3382.82;2063.95;-1318.88;0.00
0.27;11.13;40.10;3207.68;2180.40;-1027.28;0.00
0.26;9.60;40.49;3239.50;2056.92;-1182.59;0.00
0.27;10.08;36.50;2919.81;2104.71;-815.10;0.00
0.24;9.53;35.70;2856.09;1937.41;-918.67;0.00
0.23;10.55;40.17;3213.85;1933.10;-1280.76;0.00
0.23;11.35;42.25;3379.95;1936.31;-1443.64;0.00
0.26;8.80;39.94;3195.51;2009.70;-1185.81;0.00
0.30;8.92;34.50;2760.19;2235.46;-524.72;0.00
0.24;10.80;34.84;2787.01;1976.59;-810.42;0.00
0.25;8.63;36.45;2915.72;1923.97;-991.75;0.00
0.26;11.16;39.72;3177.59;2092.71;-1084.87;0.00
0.25;10.31;53.11;4248.97;1996.95;-2252.02;0.00
0.24;9.02;36.01;2880.70;1862.29;-1018.41;0.00
0.23;11.50;33.81;2704.50;1978.21;-726.29;0.00
0.22;8.76;43.17;3453.45;1761.71;-1691.74;0.00
0.23;12.90;40.90;3271.85;2036.86;-1234.99;0.00
0.25;10.26;34.86;2788.75;2031.13;-757.62;0.00
0.22;8.54;34.01;2721.07;1750.18;-970.89;0.00
0.22;11.28;39.42;3153.39;1909.29;-1244.10;0.00
0.21;11.62;38.82;3105.90;1869.77;-1236.13;0.00
0.26;10.29;44.97;3597.21;2058.19;-1539.03;0.00
0.26;11.17;41.23;3298.08;2110.78;-1187.30;0.00
0.20;9.98;38.36;3069.06;1706.66;-1362.40;0.00
0.26;10.69;31.69;2535.47;2092.48;-442.99;0.00
0.24;8.38;39.39;3151.23;1847.15;-1304.07;0.00
0.24;12.60;37.67;3013.36;2062.15;-951.21;0.00
0.25;10.07;37.69;3014.80;2010.40;-1004.40;0.00
0.27;10.98;35.89;2871.01;2170.64;-700.38;0.00
0.27;8.88;42.29;3382.86;2076.52;-1306.34;0.00
0.30;10.23;44.44;3555.23;2319.73;-1235.51;0.00
0.24;11.11;44.64;3570.81;2016.97;-1553.84;0.00
0.24;10.22;46.84;3747.34;1955.06;-1792.28;0.00
0.23;11.18;44.46;3556.68;1923.20;-1633.48;0.00
0.26;9.13;46.11;3688.42;2036.16;-1652.26;0.00
0.24;7.64;35.82;2865.25;1827.22;-1038.03;0.00
0.28;11.87;40.93;3274.37;2293.93;-980.44;0.00
0.24;9.51;35.68;2854.61;1927.99;-926.63;0.00
0.24;11.58;42.84;3427.48;2033.81;-1393.67;0.00
0.25;11.40;39.52;3161.69;2100.74;-1060.95;0.00
0.25;10.33;41.55;3324.14;2033.09;-1291.04;0.00
0.25;10.93;49.80;3983.95;2072.82;-1911.13;0.00
0.25;11.98;42.62;3409.82;2110.60;-1299.22;0.00
0.27;12.03;51.07;4085.37;2253.16;-1832.21;0.00
0.24;8.70;47.68;3814.23;1881.91;-1932.32;0.00
0.28;8.90;33.98;2718.46;2088.65;-629.81;0.00
0.24;10.80;40.57;3245.53;1960.47;-1285.06;0.00
0.32;8.93;42.64;3411.60;2341.51;-1070.09;0.00
0.27;9.92;43.20;3456.35;2113.34;-1343.00;0.00
0.22;10.19;38.52;3081.79;1844.72;-1237.06;0.00
0.25;9.12;38.52;3081.86;1944.63;-1137.23;0.00
0.24;9.62;32.75;2619.94;1947.00;-672.95;0.00
0.23;8.82;42.74;3419.22;1846.21;-1573.00;0.00
0.28;11.21;42.18;3374.62;2261.49;-1113.12;0.00
0.28;8.39;39.83;3186.04;2087.26;-1098.78;0.00
0.30;9.62;48.15;3852.34;2255.98;-1596.37;0.00
0.25;10.53;38.69;3094.97;2000.56;-1094.42;0.00
0.22;12.19;33.64;2690.81;1955.61;-735.20;0.00
0.27;11.30;42.29;3383.25;2172.56;-1210.68;0.00
0.26;10.96;38.95;3115.76;2117.18;-998.58;0.00
0.22;10.63;40.16;3212.66;1838.90;-1373.76;0.00
0.28;10.91;42.77;3421.51;2218.75;-1202.76;0.00
0.23;11.35;39.88;3190.19;1928.98;-1261.20;0.00
0.28;9.95;45.66;3652.77;2155.30;-1497.47;0.00
0.28;9.31;38.30;3064.01;2151.43;-912.58;0.00
0.21;10.19;41.08;3286.34;1766.96;-1519.38;0.00
0.24;10.23;36.91;2952.80;1955.79;-997.01;0.00
0.19;10.75;50.41;4033.01;1681.28;-2351.73;0.00
0.25;10.51;46.23;3698.23;2030.64;-1667.58;0.00
0.28;9.81;41.51;3320.97;2157.65;-1163.32;0.00
0.26;8.87;43.74;3499.50;1987.67;-1511.83;0.00
0.25;10.71;39.06;3124.67;2035.00;-1089.67;0.00
0.25;8.41;40.26;3220.66;1920.12;-1300.54;0.00
0.21;12.78;46.17;3693.90;1932.91;-1760.99;0.00
0.26;11.01;44.47;3557.48;2096.12;-1461.36;0.00
0.27;9.90;46.68;3734.41;2133.82;-1600.59;0.00
0.28;11.05;42.52;3401.23;2238.80;-1162.43;0.00
0.24;9.24;46.18;3694.45;1884.80;-1809.65;0.00
0.22;10.83;48.42;3873.42;1892.89;-1980.52;0.00
0.25;10.77;42.82;3425.49;2030.27;-1395.22;0.00
0.25;11.00;44.29;3543.57;2041.20;-1502.37;0.00
0.20;11.58;34.43;2754.44;1782.31;-972.13;0.00
0.27;9.18;42.45;3396.06;2082.69;-1313.37;0.00
0.22;9.17;38.86;3108.75;1792.57;-1316.18;0.00
0.24;10.76;39.39;3150.96;2000.11;-1150.85;0.00
0.21;9.10;35.20;2815.66;1703.00;-1112.66;0.00
0.28;10.47;35.35;2828.27;2195.70;-632.57;0.00
0.30;10.18;35.69;2855.40;2325.18;-530.22;0.00
0.24;9.85;38.33;3066.24;1902.76;-1163.49;0.00
0.22;10.52;47.91;3833.01;1837.92;-1995.10;0.00
0.27;9.03;45.68;3654.18;2061.59;-1592.59;0.00
0.32;9.63;42.43;3394.29;2368.08;-1026.21;0.00
0.28;9.29;35.73;2858.36;2149.65;-708.71;0.00
0.23;11.03;36.69;2935.12;1942.12;-993.00;0.00
0.26;10.12;41.61;3328.47;2086.12;-1242.35;0.00
0.22;9.97;47.55;3803.72;1810.59;-1993.13;0.00
0.26;11.08;42.10;3368.36;2138.55;-1229.81;0.00
0.23;11.30;44.32;3545.34;1939.93;-1605.41;0.00
0.24;11.45;37.36;2988.89;2000.15;-988.75;0.00
0.26;10.56;32.68;2614.49;2113.17;-501.31;0.00
0.22;9.36;48.44;3874.97;1777.84;-2097.13;0.00
0.23;8.63;39.61;3168.55;1830.51;-1338.04;0.00
0.28;9.97;31.92;2553.68;2171.41;-382.27;0.00
0.28;9.51;35.71;2856.95;2136.25;-720.70;0.00
0.28;9.75;42.50;3400.21;2168.49;-1231.72;0.00
0.25;8.64;43.95;3515.91;1931.64;-1584.27;0.00
0.24;10.02;39.00;3120.19;1913.00;-1207.20;0.00
0.28;9.90;51.00;4080.30;2152.69;-1927.61;0.00
0.26;7.90;42.55;3404.06;1920.20;-1483.86;0.00
0.19;9.59;45.29;3623.03;1616.26;-2006.77;0.00
0.19;10.95;35.58;2846.80;1678.11;-1168.69;0.00
0.23;10.92;39.23;3138.34;1956.00;-1182.34;0.00
0.30;9.02;41.52;3321.57;2254.30;-1067.27;0.00
0.26;7.42;40.16;3213.10;1939.32;-1273.78;0.00
0.25;12.80;30.88;2470.72;2128.83;-341.89;0.00
0.27;11.12;47.01;3760.50;2161.31;-1599.19;0.00
0.28;10.08;41.36;3308.56;2151.48;-1157.08;0.00
0.24;10.65;41.63;3330.07;1963.43;-1366.64;0.00
0.25;11.41;38.87;3109.88;2077.17;-1032.71;0.00
0.30;10.36;42.19;3375.16;2314.45;-1060.71;0.00
0.22;8.34;33.83;2706.69;1737.87;-968.82;0.00
0.20;9.66;29.86;2388.55;1700.05;-688.51;0.00
0.22;9.83;36.18;2894.21;1822.43;-1071.78;0.00
0.22;8.18;40.65;3251.73;1717.44;-1534.28;0.00
0.22;10.32;46.64;3730.92;1868.94;-1861.97;0.00
0.19;9.43;41.85;3348.20;1599.83;-1748.37;0.00
0.27;10.92;40.36;3229.15;2163.21;-1065.94;0.00
0.25;10.37;43.82;3505.34;2022.70;-1482.64;0.00
0.27;10.38;41.20;3296.19;2137.46;-1158.73;0.00
0.26;9.88;40.69;3254.99;2051.50;-1203.49;0.00
0.25;11.50;45.65;3651.90;2052.59;-1599.31;0.00
0.23;9.37;28.91;2312.75;1858.47;-454.28;0.00
0.25;10.50;38.17;3053.48;2024.40;-1029.08;0.00
0.24;9.01;46.18;3694.65;1889.65;-1805.00;0.00
0.22;9.61;35.41;2833.03;1811.20;-1021.83;0.00
0.24;8.93;39.21;3136.98;1880.66;-1256.32;0.00
0.20;9.47;41.91;3352.88;1662.39;-1690.49;0.00
0.25;9.44;42.47;3397.78;1994.02;-1403.76;0.00
0.26;9.16;40.22;3217.73;1995.63;-1222.10;0.00
0.22;10.12;39.42;3153.67;1836.20;-1317.48;0.00
0.25;12.87;39.56;3164.59;2125.40;-1039.19;0.00
0.27;10.26;36.66;2932.47;2149.35;-783.12;0.00
0.22;10.06;46.11;3689.02;1836.58;-1852.44;0.00
0.28;10.32;35.76;2860.73;2184.64;-676.09;0.00
0.28;10.88;38.56;3084.92;2246.09;-838.83;0.00
0.23;12.61;36.76;2940.61;2050.81;-889.80;0.00
0.27;10.42;44.18;3534.29;2129.95;-1404.34;0.00
0.23;11.47;42.42;3393.20;1988.39;-1404.81;0.00
0.24;9.02;49.34;3947.47;1903.41;-2044.05;0.00
0.25;10.14;39.92;3193.42;2026.00;-1167.41;0.00
0.25;8.73;43.03;3442.35;1914.31;-1528.05;0.00
0.24;10.09;38.90;3112.12;1965.36;-1146.77;0.00
0.24;9.91;37.54;3002.97;1961.06;-1041.90;0.00
0.27;10.62;31.56;2524.78;2151.16;-373.62;0.00
0.28;8.22;36.40;2911.88;2072.57;-839.30;0.00
0.27;12.30;44.37;3549.99;2249.14;-1300.85;0.00
0.24;9.62;37.97;3037.72;1902.40;-1135.32;0.00
0.25;10.54;35.37;2829.39;2017.42;-811.97;0.00
0.28;9.72;41.75;3340.18;2142.82;-1197.36;0.00
0.30;10.28;40.73;3258.76;2276.83;-981.93;0.00
0.23;10.73;36.52;2921.62;1894.22;-1027.40;0.00
0.25;10.96;42.68;3414.16;2022.32;-1391.84;0.00
0.28;10.63;40.00;3200.35;2217.38;-982.97;0.00
0.23;11.04;42.44;3395.12;1924.88;-1470.25;0.00
0.25;9.67;42.22;3377.64;2004.08;-1373.56;0.00
0.30;8.67;29.43;2354.27;2201.68;-152.59;0.00
0.26;10.77;41.29;3303.19;2111.85;-1191.34;0.00
0.25;9.83;43.39;3471.19;1962.61;-1508.58;0.00
0.24;10.38;38.74;3099.12;1945.62;-1153.51;0.00
0.21;11.48;40.21;3216.68;1842.24;-1374.44;0.00
0.26;10.86;37.87;3029.29;2089.02;-940.28;0.00
0.26;9.11;35.76;2860.87;2024.96;-835.90;0.00
0.24;10.72;43.91;3512.53;1984.18;-1528.35;0.00
0.27;10.67;38.20;3056.15;2173.33;-882.82;0.00
0.24;8.77;43.30;3463.65;1896.79;-1566.86;0.00
0.26;9.95;51.76;4140.54;2040.58;-2099.96;0.00
0.24;10.16;37.28;2982.14;1939.61;-1042.52;0.00
0.26;9.90;33.93;2714.35;2060.36;-653.99;0.00
0.26;11.66;36.77;2941.28;2118.31;-822.97;0.00
0.23;10.86;49.41;3952.57;1938.55;-2014.02;0.00
0.25;8.69;37.54;3003.33;1950.26;-1053.07;0.00
0.28;11.60;40.45;3235.66;2265.67;-970.00;0.00
0.24;12.05;44.07;3525.95;2059.37;-1466.58;0.00
0.26;9.29;43.74;3499.04;2039.41;-1459.63;0.00
0.25;8.73;40.03;3202.23;1948.12;-1254.11;0.00
0.27;11.07;41.73;3338.56;2192.75;-1145.81;0.00
0.28;10.17;41.87;3349.77;2199.32;-1150.44;0.00
0.23;9.63;35.79;2863.57;1888.48;-975.08;0.00
0.24;11.34;41.88;3350.40;2008.66;-1341.75;0.00
0.26;11.03;38.43;3074.71;2099.63;-975.08;0.00
0.24;11.95;42.60;3408.08;2028.08;-1380.00;0.00
0.26;9.13;40.75;3259.93;2005.77;-1254.16;0.00
0.25;8.93;39.83;3186.14;1928.06;-1258.08;0.00
0.29;8.72;33.91;2712.47;2145.86;-566.61;0.00
0.26;8.28;40.00;3199.83;1988.95;-1210.88;0.00
0.29;8.82;41.16;3293.07;2166.21;-1126.86;0.00
0.22;10.39;42.95;3435.72;1855.48;-1580.24;0.00
0.29;10.85;36.07;2885.52;2264.64;-620.88;0.00
0.20;11.16;44.70;3576.09;1767.84;-1808.25;0.00
0.27;10.21;39.62;3169.51;2113.07;-1056.44;0.00
0.27;9.93;43.90;3511.97;2090.76;-1421.21;0.00
0.29;11.25;39.09;3127.38;2272.97;-854.41;0.00
0.23;8.53;40.68;3254.31;1829.31;-1425.00;0.00
0.24;9.70;43.36;3468.42;1906.26;-1562.16;0.00
0.18;10.60;50.63;4050.42;1600.20;-2450.22;0.00
0.24;9.51;37.69;3014.86;1911.67;-1103.19;0.00
0.28;10.63;38.34;3067.08;2234.65;-832.43;0.00
0.30;7.82;38.78;3102.02;2177.82;-924.20;0.00
0.25;9.86;45.56;3644.62;1999.01;-1645.61;0.00
0.24;11.89;35.82;2865.55;2039.92;-825.63;0.00
0.23;8.06;40.58;3246.12;1770.96;-1475.17;0.00
0.26;11.90;42.78;3422.00;2141.91;-1280.09;0.00
0.28;10.71;45.23;3618.73;2195.99;-1422.74;0.00
0.23;11.19;39.43;3154.41;1923.75;-1230.65;0.00
0.25;10.16;44.99;3598.91;2010.71;-1588.19;0.00
0.25;9.18;35.58;2846.18;1962.91;-883.27;0.00
0.25;10.18;43.38;3470.32;1980.88;-1489.45;0.00
0.23;9.72;33.04;2643.24;1878.90;-764.34;0.00
0.24;11.15;32.51;2600.79;1999.32;-601.47;0.00
0.27;11.19;34.71;2776.62;2152.50;-624.12;0.00
0.27;9.03;37.90;3032.30;2040.10;-992.21;0.00
0.19;10.31;34.03;2722.05;1678.13;-1043.93;0.00
0.19;11.30;43.33;3466.78;1742.54;-1724.24;0.00
0.28;10.57;38.87;3109.93;2221.28;-888.64;0.00
0.25;8.61;40.69;3255.59;1896.37;-1359.22;0.00
0.20;8.94;37.10;2967.95;1638.64;-1329.31;0.00
0.25;9.07;38.22;3057.71;1931.03;-1126.69;0.00
0.26;11.02;42.51;3400.85;2120.11;-1280.74;0.00
0.26;11.26;47.38;3790.39;2124.47;-1665.91;0.00
0.27;10.55;43.41;3472.69;2169.09;-1303.60;0.00
0.23;9.45;37.40;2992.20;1858.23;-1133.97;0.00
0.22;10.95;40.85;3268.29;1879.90;-1388.39;0.00
0.25;11.47;40.93;3274.51;2101.21;-1173.30;0.00
0.24;9.70;35.84;2867.32;1904.23;-963.09;0.00
0.27;9.77;39.01;3120.69;2088.92;-1031.76;0.00
0.24;9.57;46.17;3693.95;1906.87;-1787.09;0.00
0.23;7.81;38.69;3095.59;1758.61;-1336.99;0.00
0.30;9.94;39.77;3181.60;2277.12;-904.48;0.00
0.29;10.83;42.61;3408.59;2257.07;-1151.52;0.00
0.25;11.60;35.29;2823.55;2103.88;-719.68;0.00
0.26;10.02;34.95;2795.84;2057.17;-738.67;0.00
0.29;10.40;36.69;2935.27;2238.88;-696.39;0.00
0.27;9.07;39.04;3123.33;2075.09;-1048.25;0.00
0.30;11.11;33.77;2701.72;2340.89;-360.83;0.00
0.21;11.85;49.26;3940.46;1866.86;-2073.60;0.00
0.27;9.95;44.32;3545.45;2102.03;-1443.42;0.00
0.23;9.55;48.87;3909.89;1879.63;-2030.26;0.00
0.29;9.72;40.02;3201.60;2211.51;-990.09;0.00
0.25;10.21;36.57;2925.96;2005.22;-920.74;0.00
0.22;10.21;42.81;3424.96;1844.13;-1580.82;0.00
0.25;8.57;39.50;3160.36;1931.92;-1228.44;0.00
0.27;9.48;38.87;3109.43;2090.25;-1019.18;0.00
0.29;11.30;30.36;2428.41;2308.85;-119.57;0.00
0.22;12.33;36.63;2930.01;1974.46;-955.55;0.00
0.29;8.39;36.88;2950.33;2155.36;-794.97;0.00
0.23;10.48;34.98;2798.71;1885.56;-913.15;0.00
0.27;8.98;46.87;3749.21;2033.40;-1715.81;0.00
0.27;10.88;40.10;3207.64;2154.46;-1053.18;0.00
0.25;9.74;42.44;3395.00;1969.13;-1425.87;0.00
0.24;9.58;43.23;3458.43;1900.51;-1557.92;0.00
0.27;9.08;35.70;2856.32;2042.35;-813.96;0.00
0.32;10.39;50.31;4024.61;2399.26;-1625.35;0.00
0.25;8.71;35.60;2848.39;1935.79;-912.60;0.00
0.20;10.47;39.27;3141.87;1705.32;-1436.55;0.00
0.25;9.96;47.58;3806.22;1985.85;-1820.37;0.00
0.24;9.09;47.88;3830.52;1911.09;-1919.43;0.00
0.26;9.86;43.77;3501.62;2062.31;-1439.31;0.00
0.29;10.23;39.13;3130.67;2217.26;-913.41;0.00
0.29;10.80;37.42;2993.80;2298.23;-695.57;0.00
0.28;10.02;43.33;3466.41;2174.30;-1292.11;0.00
0.31;9.94;41.78;3342.05;2319.74;-1022.30;0.00
0.26;6.66;40.43;3234.15;1854.30;-1379.84;0.00
0.26;10.03;46.43;3714.19;2057.72;-1656.47;0.00
0.24;8.48;33.72;2697.83;1837.56;-860.27;0.00
0.24;8.79;39.26;3140.74;1890.04;-1250.71;0.00
0.23;11.64;43.73;3498.67;1980.12;-1518.56;0.00
0.23;8.89;39.03;3122.14;1829.11;-1293.03;0.00
0.23;11.35;41.30;3303.95;1971.10;-1332.86;0.00
0.24;9.14;43.12;3449.81;1916.80;-1533.01;0.00
0.28;10.85;51.72;4137.59;2221.69;-1915.90;0.00
0.23;11.29;38.43;3074.44;1965.66;-1108.78;0.00
0.26;9.73;39.83;3186.18;2052.24;-1133.94;0.00
0.22;11.55;46.07;3685.36;1884.78;-1800.58;0.00
0.23;10.89;41.90;3351.73;1937.47;-1414.26;0.00
0.23;9.06;42.77;3421.92;1815.84;-1606.08;0.00
0.25;10.03;35.07;2805.32;1981.91;-823.41;0.00
0.30;10.54;34.57;2765.55;2305.09;-460.45;0.00
0.24;8.85;38.37;3069.53;1866.50;-1203.03;0.00
0.24;11.47;35.03;2802.60;1995.92;-806.68;0.00
0.21;10.72;35.72;2857.39;1793.12;-1064.27;0.00
0.25;11.64;39.39;3150.94;2103.52;-1047.42;0.00
0.25;9.61;36.49;2919.06;1974.59;-944.48;0.00
0.23;9.35;36.08;2886.69;1820.10;-1066.58;0.00
0.25;8.98;34.11;2728.71;1960.63;-768.08;0.00
0.22;11.06;31.82;2545.42;1895.94;-649.48;0.00
0.26;11.73;38.77;3101.80;2150.33;-951.47;0.00
0.26;9.90;38.61;3088.65;2048.11;-1040.54;0.00
0.23;7.69;37.89;3031.47;1779.15;-1252.32;0.00
0.24;11.44;42.51;3401.13;2042.04;-1359.10;0.00
0.23;10.78;41.47;3317.25;1943.71;-1373.53;0.00
0.26;8.49;40.04;3203.32;1954.78;-1248.54;0.00
0.25;8.58;40.80;3263.80;1897.53;-1366.27;0.00
0.25;12.74;36.27;2901.46;2138.01;-763.46;0.00
0.27;9.56;39.68;3174.01;2062.14;-1111.87;0.00
0.27;11.02;37.66;3013.14;2154.78;-858.36;0.00
0.25;9.59;39.68;3174.56;1985.56;-1189.00;0.00
0.27;11.12;35.97;2877.76;2197.22;-680.55;0.00
0.26;10.82;35.45;2836.36;2127.82;-708.54;0.00
0.25;11.24;37.26;2981.01;2090.64;-890.37;0.00
0.28;11.11;40.09;3207.59;2224.56;-983.03;0.00
0.26;10.74;32.50;2599.76;2082.01;-517.75;0.00
0.24;8.31;40.06;3204.58;1843.17;-1361.41;0.00
0.31;9.80;45.84;3667.30;2335.17;-1332.13;0.00
0.23;11.01;38.10;3048.17;1931.38;-1116.80;0.00
0.26;10.03;42.48;3398.26;2062.16;-1336.10;0.00
0.22;7.99;37.87;3029.97;1701.65;-1328.32;0.00
0.21;11.04;52.09;4166.91;1842.03;-2324.88;0.00
0.26;12.02;32.76;2620.55;2168.35;-452.20;0.00
0.28;11.20;38.39;3071.36;2240.44;-830.92;0.00
0.23;10.82;44.90;3591.92;1936.37;-1655.55;0.00
0.20;9.69;47.87;3829.82;1702.84;-2126.97;0.00
0.25;8.09;36.49;2919.10;1910.20;-1008.91;0.00
0.29;11.18;41.85;3348.36;2299.23;-1049.13;0.00
0.23;9.48;45.07;3605.90;1880.79;-1725.11;0.00
0.26;7.75;36.97;2957.38;1943.12;-1014.26;0.00
0.21;10.91;43.12;3449.83;1820.48;-1629.34;0.00
0.24;10.15;40.20;3216.34;1944.32;-1272.02;0.00
0.24;13.09;42.13;3370.62;2094.39;-1276.24;0.00
0.20;7.55;37.29;2983.25;1581.78;-1401.47;0.00
0.21;10.83;47.56;3805.14;1836.18;-1968.96;0.00
0.27;9.14;33.81;2704.62;2095.22;-609.41;0.00
0.22;9.57;47.15;3772.16;1808.64;-1963.52;0.00
0.25;10.56;35.63;2850.06;2045.54;-804.52;0.00
0.23;9.74;43.87;3509.40;1840.58;-1668.82;0.00
0.26;9.86;32.97;2637.50;2026.39;-611.11;0.00
0.22;10.24;41.34;3307.31;1858.69;-1448.61;0.00
0.19;10.71;36.76;2940.66;1663.59;-1277.07;0.00
0.25;12.40;41.05;3283.69;2132.06;-1151.63;0.00
0.29;10.99;38.69;3094.93;2274.44;-820.49;0.00
0.26;11.56;34.31;2745.11;2143.67;-601.44;0.00
0.25;10.01;45.77;3661.66;2000.34;-1661.32;0.00
0.21;11.18;34.70;2775.78;1805.96;-969.82;0.00
0.25;9.86;44.24;3539.01;2001.21;-1537.80;0.00
0.24;10.68;50.94;4075.48;1953.14;-2122.34;0.00
0.25;10.51;35.55;2844.36;2048.36;-796.00;0.00
0.24;9.31;37.56;3004.88;1921.40;-1083.49;0.00
0.23;9.04;43.93;3514.49;1826.21;-1688.28;0.00
0.25;7.87;43.58;3486.02;1911.91;-1574.11;0.00
0.25;10.87;45.77;3661.21;2021.95;-1639.26;0.00
0.25;10.17;34.50;2760.08;2021.75;-738.33;0.00
0.26;9.26;38.92;3113.63;2006.47;-1107.16;0.00
0.28;10.76;37.23;2978.15;2221.17;-756.98;0.00
0.23;11.31;40.59;3247.16;1963.19;-1283.97;0.00
0.26;10.55;47.87;3829.96;2073.42;-1756.55;0.00
0.22;8.84;40.70;3255.63;1733.20;-1522.44;0.00
0.32;9.80;41.00;3279.73;2378.38;-901.36;0.00
0.21;8.22;33.48;2678.16;1686.64;-991.52;0.00
0.28;10.55;35.98;2878.15;2229.59;-648.55;0.00
0.25;10.37;42.99;3438.98;2014.79;-1424.19;0.00
0.26;11.68;43.19;3454.93;2129.16;-1325.76;0.00
0.24;11.69;31.90;2551.92;2020.05;-531.87;0.00
0.25;10.39;38.83;3106.47;2005.88;-1100.59;0.00
0.18;10.70;40.46;3236.62;1647.55;-1589.07;0.00
0.19;9.81;48.02;3841.79;1643.32;-2198.47;0.00
0.24;9.87;43.93;3514.76;1920.98;-1593.78;0.00
0.27;10.26;40.90;3271.85;2100.51;-1171.34;0.00
0.27;8.98;35.67;2853.69;2072.08;-781.60;0.00
0.26;11.75;43.12;3449.45;2127.83;-1321.62;0.00
0.23;9.50;27.64;2211.03;1830.26;-380.77;0.00
0.22;10.04;39.13;3130.30;1813.15;-1317.16;0.00
0.25;12.33;36.11;2888.72;2118.73;-770.00;0.00
0.24;11.44;40.67;3253.56;2015.61;-1237.94;0.00
0.26;11.63;44.16;3532.83;2142.95;-1389.88;0.00
0.26;10.98;36.95;2955.98;2080.59;-875.39;0.00
0.23;9.64;42.47;3397.98;1873.51;-1524.48;0.00
0.27;11.09;39.68;3174.06;2169.92;-1004.15;0.00
0.26;8.97;43.77;3501.72;1984.78;-1516.94;0.00
0.23;8.64;33.44;2675.33;1806.88;-868.45;0.00
0.26;11.72;48.67;3893.42;2133.40;-1760.03;0.00
0.28;10.33;30.25;2419.98;2192.87;-227.11;0.00
0.25;10.67;29.98;2398.17;2012.18;-385.99;0.00
0.26;9.60;34.27;2741.26;2014.87;-726.40;0.00
0.27;9.67;42.13;3370.17;2071.91;-1298.26;0.00
0.25;8.44;41.80;3344.19;1940.02;-1404.17;0.00
0.24;10.97;45.34;3627.48;1988.66;-1638.82;0.00
0.27;9.85;38.04;3042.98;2110.28;-932.69;0.00
0.27;11.31;36.12;2889.24;2179.54;-709.69;0.00
0.26;10.82;36.68;2934.67;2126.57;-808.10;0.00
0.23;11.19;45.10;3608.20;1946.44;-1661.76;0.00
0.23;11.42;38.56;3084.88;1941.66;-1143.23;0.00
0.28;10.28;48.21;3857.17;2160.71;-1696.46;0.00
0.25;9.10;36.73;2938.02;1943.18;-994.84;0.00
0.27;8.85;41.81;3344.46;2028.56;-1315.90;0.00
0.28;10.64;41.04;3283.02;2197.36;-1085.65;0.00
0.27;10.42;34.58;2766.56;2121.42;-645.15;0.00
0.26;8.33;30.93;2474.71;1950.12;-524.58;0.00
0.24;10.23;44.74;3579.05;1930.99;-1648.07;0.00
0.25;10.45;42.84;3427.37;2009.39;-1417.98;0.00
0.22;10.55;40.46;3236.87;1824.94;-1411.94;0.00
0.25;8.87;38.93;3114.41;1943.14;-1171.27;0.00
0.24;11.67;43.69;3495.13;2053.64;-1441.50;0.00
0.30;10.53;32.81;2624.87;2341.93;-282.94;0.00
0.23;9.76;38.66;3092.48;1857.00;-1235.48;0.00
0.27;11.12;42.15;3372.30;2180.59;-1191.71;0.00
0.26;10.14;33.14;2651.21;2055.82;-595.39;0.00
0.25;11.96;38.09;3046.99;2077.72;-969.28;0.00
0.28;10.59;34.28;2742.13;2179.32;-562.82;0.00
0.30;10.71;39.81;3184.52;2312.12;-872.40;0.00
0.24;13.02;41.75;3340.01;2102.75;-1237.26;0.00
0.23;10.46;44.99;3599.21;1880.96;-1718.24;0.00
0.18;10.92;26.74;2139.33;1611.42;-527.92;0.00
0.25;10.23;39.41;3152.47;2024.02;-1128.45;0.00
0.26;10.66;47.44;3795.55;2088.96;-1706.60;0.00
0.27;9.51;34.28;2742.07;2071.51;-670.56;0.00
0.25;11.75;43.21;3456.57;2106.95;-1349.62;0.00
0.25;11.65;36.99;2958.91;2069.41;-889.50;0.00
0.21;10.40;38.02;3041.41;1814.41;-1227.00;0.00
0.22;12.29;39.59;3167.47;1962.36;-1205.11;0.00
0.22;10.52;44.27;3541.72;1839.89;-1701.83;0.00
0.24;10.20;44.87;3590.00;1944.99;-1645.00;0.00
0.25;8.97;35.85;2867.61;1948.76;-918.85;0.00
0.26;11.91;43.17;3453.71;2144.88;-1308.83;0.00
0.22;9.10;42.78;3422.29;1759.79;-1662.50;0.00
0.21;9.08;39.56;3164.70;1739.52;-1425.17;0.00
0.26;10.64;39.20;3135.79;2112.12;-1023.68;0.00
0.25;11.66;41.15;3291.91;2070.07;-1221.84;0.00
0.28;9.11;43.32;3465.92;2101.10;-1364.81;0.00
0.25;8.60;36.89;2950.90;1901.60;-1049.30;0.00
0.26;10.92;42.90;3431.71;2105.43;-1326.28;0.00
0.23;10.79;50.42;4033.60;1948.75;-2084.85;0.00
0.29;9.68;36.57;2925.99;2211.87;-714.12;0.00
0.26;9.30;40.16;3212.70;2022.21;-1190.49;0.00
0.28;11.50;41.55;3324.01;2279.63;-1044.38;0.00
0.28;10.03;36.22;2897.85;2175.39;-722.46;0.00
0.26;10.82;42.46;3397.05;2073.61;-1323.44;0.00
0.26;11.24;35.34;2827.26;2116.72;-710.53;0.00
0.23;12.34;46.39;3711.57;2025.05;-1686.52;0.00
0.27;10.04;41.70;3336.35;2114.47;-1221.88;0.00
0.30;10.40;42.06;3364.53;2316.57;-1047.96;0.00
0.30;11.25;38.36;3068.98;2371.03;-697.95;0.00
0.21;9.59;44.30;3543.62;1723.86;-1819.77;0.00
0.29;10.74;39.36;3148.50;2245.86;-902.64;0.00
0.26;9.49;34.60;2767.66;2041.52;-726.14;0.00
0.21;9.77;38.81;3104.94;1722.99;-1381.95;0.00
0.24;9.58;38.68;3094.50;1922.75;-1171.75;0.00
0.26;10.37;37.26;2980.57;2069.05;-911.52;0.00
0.23;9.23;44.74;3578.80;1846.96;-1731.84;0.00
0.22;9.41;39.62;3169.54;1787.65;-1381.89;0.00
0.24;11.29;41.78;3342.58;2017.37;-1325.21;0.00
0.25;8.53;40.60;3248.22;1897.67;-1350.55;0.00
0.23;10.57;51.35;4107.74;1887.28;-2220.46;0.00
0.26;11.70;34.95;2796.27;2138.94;-657.33;0.00
0.23;9.27;40.81;3264.63;1845.47;-1419.17;0.00
0.24;11.09;36.30;2903.80;2026.56;-877.24;0.00
0.24;9.98;34.39;2751.50;1924.94;-826.56;0.00
0.27;9.34;48.42;3873.42;2060.21;-1813.22;0.00
0.28;11.10;33.05;2643.62;2212.17;-431.46;0.00
0.26;11.40;38.98;3118.57;2144.32;-974.24;0.00
0.27;9.68;38.51;3080.88;2112.77;-968.12;0.00
0.26;9.41;35.57;2845.21;2040.52;-804.69;0.00
0.23;8.93;45.54;3642.86;1836.02;-1806.83;0.00
0.25;9.44;45.03;3602.80;1963.39;-1639.41;0.00
0.25;10.37;37.10;2968.04;1991.09;-976.95;0.00
0.25;10.71;41.38;3310.07;2056.87;-1253.19;0.00
0.26;8.63;44.72;3577.86;1995.00;-1582.86;0.00
0.24;10.06;36.98;2958.25;1915.92;-1042.33;0.00
0.27;9.62;44.22;3537.47;2097.75;-1439.73;0.00
0.27;11.66;39.16;3132.74;2190.46;-942.29;0.00
0.24;11.44;39.46;3156.66;2009.10;-1147.56;0.00
0.25;11.01;42.10;3368.11;2061.20;-1306.91;0.00
0.27;9.92;40.11;3208.79;2134.32;-1074.47;0.00
0.23;11.76;41.31;3305.12;1986.90;-1318.21;0.00
0.25;11.23;39.20;3136.01;2056.47;-1079.54;0.00
0.25;8.10;35.22;2817.48;1913.90;-903.58;0.00
0.29;8.09;43.24;3459.50;2106.56;-1352.94;0.00
0.25;8.90;40.89;3271.03;1923.56;-1347.47;0.00
0.26;10.66;40.30;3224.02;2111.35;-1112.67;0.00
0.26;9.85;37.64;3011.34;2023.48;-987.85;0.00
0.26;10.01;42.72;3417.45;2078.74;-1338.71;0.00
0.25;9.81;43.09;3447.10;1998.18;-1448.92;0.00
0.26;10.87;37.59;3007.10;2099.68;-907.42;0.00
0.27;11.21;40.50;3239.96;2177.38;-1062.58;0.00
0.26;10.73;40.14;3211.16;2119.44;-1091.72;0.00
0.25;10.73;43.48;3478.53;2064.55;-1413.98;0.00
0.29;11.12;32.37;2589.48;2303.46;-286.02;0.00
0.24;10.09;35.70;2856.09;1961.36;-894.73;0.00
0.23;9.84;35.14;2811.02;1888.10;-922.92;0.00
0.29;10.45;30.17;2413.36;2256.64;-156.73;0.00
0.27;10.90;41.97;3357.65;2162.91;-1194.73;0.00
0.26;10.03;50.45;4035.97;2059.86;-1976.11;0.00
0.28;10.28;36.91;2953.02;2191.59;-761.43;0.00
0.28;9.59;33.82;2705.56;2173.09;-532.46;0.00
0.28;10.08;42.22;3377.61;2170.60;-1207.01;0.00
0.22;9.38;36.47;2917.84;1801.42;-1116.42;0.00
0.20;11.32;47.24;3779.57;1804.06;-1975.51;0.00
0.25;9.42;40.80;3264.37;1992.10;-1272.27;0.00
0.25;9.51;41.70;3335.96;1993.55;-1342.42;0.00
0.23;10.02;39.56;3165.07;1911.26;-1253.81;0.00
0.24;10.12;42.40;3392.21;1951.64;-1440.57;0.00
0.23;10.43;36.50;2920.37;1916.52;-1003.85;0.00
0.24;8.25;42.30;3383.63;1817.02;-1566.62;0.00
0.25;10.13;31.42;2513.58;1977.11;-536.47;0.00
0.26;10.75;40.98;3278.63;2125.66;-1152.98;0.00
0.26;11.23;37.02;2961.90;2131.77;-830.12;0.00
0.27;10.43;37.28;2982.75;2155.75;-827.00;0.00
0.28;10.04;43.58;3486.35;2193.41;-1292.94;0.00
0.25;11.37;40.13;3210.08;2082.21;-1127.87;0.00
0.23;9.16;34.54;2763.21;1842.24;-920.97;0.00
0.25;9.04;38.16;3053.08;1943.29;-1109.80;0.00
0.27;10.43;36.91;2953.12;2119.52;-833.60;0.00
0.21;10.70;37.96;3036.59;1793.50;-1243.09;0.00
0.23;10.64;44.56;3564.65;1939.01;-1625.65;0.00
0.19;10.79;36.12;2889.95;1685.48;-1204.47;0.00
0.23;10.12;40.75;3259.60;1905.25;-1354.35;0.00
0.26;10.61;44.06;3524.76;2076.64;-1448.12;0.00
0.28;9.88;45.50;3640.13;2168.29;-1471.84;0.00
0.27;9.61;38.77;3101.50;2077.68;-1023.82;0.00
0.25;9.81;36.32;2905.66;1994.65;-911.01;0.00
0.24;10.29;45.73;3658.15;1959.52;-1698.62;0.00
0.24;10.68;50.01;4000.98;2004.47;-1996.51;0.00
0.25;9.52;40.21;3217.11;1980.35;-1236.76;0.00
0.23;10.89;38.62;3089.64;1954.66;-1134.98;0.00
0.29;10.92;36.19;2895.21;2263.03;-632.18;0.00
0.28;10.10;38.25;3060.33;2156.92;-903.40;0.00
0.25;10.23;33.43;2674.46;2012.33;-662.13;0.00
0.25;10.46;44.58;3566.54;2037.92;-1528.62;0.00
0.24;8.41;44.37;3549.59;1852.46;-1697.13;0.00
0.22;10.37;40.66;3252.78;1864.20;-1388.57;0.00
0.29;10.12;37.16;2972.81;2256.31;-716.50;0.00
0.24;10.55;35.34;2827.12;1988.21;-838.90;0.00
0.32;10.72;39.85;3187.60;2452.13;-735.48;0.00
0.21;10.68;35.10;2807.77;1815.44;-992.33;0.00
0.25;8.88;41.02;3281.30;1909.52;-1371.78;0.00
0.23;11.11;40.34;3227.39;1945.53;-1281.86;0.00
0.26;12.60;40.86;3268.43;2218.89;-1049.54;0.00
0.24;8.50;29.23;2338.72;1832.74;-505.98;0.00
0.24;10.51;40.50;3239.86;1959.17;-1280.70;0.00
0.23;11.53;40.81;3264.41;1977.01;-1287.40;0.00
0.26;9.70;43.06;3444.52;2041.07;-1403.45;0.00
0.27;10.33;39.23;3138.65;2143.29;-995.36;0.00
0.29;9.30;39.05;3123.92;2164.98;-958.95;0.00
0.24;10.53;48.02;3841.96;1961.82;-1880.14;0.00
0.20;9.74;38.98;3118.34;1720.55;-1397.78;0.00
0.32;10.04;35.04;2803.34;2406.77;-396.57;0.00
0.28;11.74;46.39;3711.12;2280.81;-1430.31;0.00
0.26;9.92;50.16;4013.06;2047.58;-1965.47;0.00
0.26;10.13;37.10;2967.61;2092.03;-875.58;0.00
0.24;12.27;34.07;2725.52;2056.97;-668.55;0.00
0.32;10.49;41.25;3300.09;2416.75;-883.34;0.00
0.25;10.17;32.65;2611.61;1988.26;-623.35;0.00
0.24;11.49;48.92;3913.29;2047.17;-1866.12;0.00
0.26;8.70;34.57;2765.71;1990.54;-775.18;0.00
0.26;10.35;41.94;3355.28;2092.02;-1263.26;0.00
0.24;9.51;43.97;3517.89;1939.56;-1578.33;0.00
0.27;10.24;29.45;2355.92;2120.54;-235.38;0.00
0.27;10.20;41.66;3332.90;2146.12;-1186.78;0.00
0.26;10.69;43.01;3441.05;2100.79;-1340.25;0.00
0.26;11.27;43.36;3469.11;2100.65;-1368.46;0.00
0.22;12.62;46.53;3722.72;1950.18;-1772.53;0.00
0.26;8.81;37.83;3026.33;2013.59;-1012.74;0.00
0.23;10.07;38.66;3092.71;1906.27;-1186.44;0.00
0.26;8.91;40.26;3220.65;1969.09;-1251.56;0.00
0.21;10.84;42.18;3374.28;1834.90;-1539.39;0.00
0.26;9.88;33.59;2687.00;2056.10;-630.90;0.00
0.23;9.80;47.17;3773.77;1875.03;-1898.74;0.00
0.26;11.40;41.10;3287.92;2142.51;-1145.40;0.00
0.24;9.92;40.17;3213.57;1943.94;-1269.63;0.00
0.23;11.25;31.18;2494.70;1973.87;-520.83;0.00
0.25;9.82;33.89;2711.22;2006.23;-704.98;0.00
0.21;9.70;39.44;3154.93;1734.76;-1420.17;0.00
0.23;9.85;31.27;2501.33;1847.70;-653.62;0.00
0.20;10.23;36.98;2958.38;1744.58;-1213.79;0.00
0.26;9.89;37.23;2978.59;2023.16;-955.44;0.00
0.24;10.07;36.02;2881.35;1925.75;-955.60;0.00
0.26;9.64;47.85;3828.24;2045.37;-1782.87;0.00
0.26;9.46;47.47;3797.41;2028.96;-1768.44;0.00
0.23;10.88;39.25;3140.12;1934.35;-1205.77;0.00
0.24;8.98;47.38;3790.52;1856.73;-1933.79;0.00
0.23;11.97;49.23;3938.61;1989.48;-1949.13;0.00
0.22;10.37;36.91;2952.56;1831.77;-1120.79;0.00
0.27;8.85;42.72;3417.91;2061.25;-1356.66;0.00
0.25;11.40;50.63;4050.26;2084.97;-1965.29;0.00
0.22;11.52;45.71;3656.98;1926.12;-1730.86;0.00
0.25;9.02;42.93;3434.27;1942.30;-1491.97;0.00
0.26;10.03;42.51;3400.88;2065.35;-1335.53;0.00
0.22;11.60;40.11;3209.16;1897.43;-1311.73;0.00
0.25;10.37;39.31;3144.90;1995.67;-1149.23;0.00
0.28;9.19;43.27;3461.47;2144.70;-1316.77;0.00
0.22;10.52;37.68;3014.79;1843.77;-1171.02;0.00
0.26;11.43;34.85;2788.33;2160.47;-627.86;0.00
0.27;9.94;36.98;2958.10;2092.75;-865.35;0.00
0.24;9.13;33.71;2696.46;1867.57;-828.89;0.00
0.27;11.09;43.93;3514.53;2164.73;-1349.80;0.00
0.25;9.77;37.11;2968.47;1968.86;-999.60;0.00
0.28;10.44;36.20;2895.98;2188.44;-707.54;0.00
0.30;9.72;43.63;3490.04;2278.20;-1211.84;0.00
0.21;10.30;45.96;3676.45;1804.53;-1871.91;0.00
0.23;10.29;45.43;3634.59;1891.33;-1743.26;0.00
0.28;11.33;35.94;2875.41;2253.35;-622.06;0.00
0.23;9.89;42.56;3404.43;1889.46;-1514.97;0.00
0.22;10.57;40.54;3243.24;1848.93;-1394.31;0.00
0.25;10.75;36.72;2937.24;2013.67;-923.57;0.00
0.24;9.99;46.09;3687.30;1948.71;-1738.59;0.00
0.23;9.81;36.76;2940.53;1859.20;-1081.33;0.00
0.22;9.77;41.81;3344.71;1800.23;-1544.48;0.00
0.26;9.93;38.39;3071.40;2044.00;-1027.41;0.00
0.21;11.99;38.73;3098.46;1892.26;-1206.21;0.00
0.22;10.20;37.17;2973.91;1837.67;-1136.24;0.00
0.29;10.40;43.05;3444.12;2256.50;-1187.62;0.00
0.26;9.97;40.88;3270.32;2045.17;-1225.15;0.00
0.25;11.75;45.15;3611.84;2072.90;-1538.95;0.00
0.28;8.74;47.73;3818.68;2105.54;-1713.14;0.00
0.19;10.86;44.17;3533.94;1702.00;-1831.95;0.00
0.27;8.98;40.53;3242.35;2041.54;-1200.81;0.00
0.23;9.84;37.69;3015.17;1887.00;-1128.17;0.00
0.26;10.33;44.99;3599.53;2083.94;-1515.60;0.00
0.26;8.76;35.74;2859.09;1967.38;-891.72;0.00
0.23;9.69;42.78;3422.09;1875.31;-1546.78;0.00
0.24;10.94;41.41;3313.11;2009.37;-1303.74;0.00
0.28;11.23;37.61;3008.58;2218.10;-790.47;0.00
0.29;9.98;48.37;3869.58;2226.78;-1642.80;0.00
0.25;9.45;36.81;2944.79;1972.72;-972.07;0.00
0.24;11.89;43.39;3471.07;2050.79;-1420.29;0.00
0.28;11.89;28.20;2255.89;2265.02;9.13;1.00
0.24;10.66;42.55;3403.86;1953.47;-1450.38;0.00
0.22;10.67;37.96;3036.68;1866.36;-1170.32;0.00
0.25;12.22;37.40;2992.18;2124.52;-867.66;0.00
0.22;9.19;46.10;3688.04;1808.26;-1879.77;0.00
0.24;9.31;37.96;3036.41;1882.88;-1153.53;0.00
0.27;9.33;28.68;2294.36;2092.98;-201.38;0.00
0.24;9.23;39.37;3149.23;1909.92;-1239.30;0.00
0.23;11.79;43.54;3483.52;1954.54;-1528.99;0.00
0.28;10.84;36.58;2926.10;2203.70;-722.40;0.00
0.23;8.91;42.73;3418.59;1831.79;-1586.80;0.00
0.29;11.38;36.25;2900.19;2279.82;-620.37;0.00
0.28;9.35;35.55;2844.06;2143.33;-700.73;0.00
0.25;13.17;35.39;2831.52;2153.64;-677.88;0.00
0.24;11.67;34.78;2782.00;2052.79;-729.21;0.00
0.26;9.61;45.17;3613.77;2022.25;-1591.52;0.00
0.25;9.49;43.24;3459.58;1989.10;-1470.48;0.00
0.26;11.79;37.43;2994.65;2138.25;-856.40;0.00
0.30;11.72;41.65;3332.15;2354.00;-978.15;0.00
0.26;10.85;45.42;3633.58;2094.20;-1539.38;0.00
0.28;9.82;41.31;3304.77;2148.82;-1155.95;0.00
0.24;11.26;37.28;2982.23;2026.76;-955.47;0.00
0.24;9.70;37.51;3001.10;1941.19;-1059.91;0.00
0.29;9.37;45.80;3664.06;2216.74;-1447.32;0.00
0.23;9.87;35.93;2874.57;1901.02;-973.55;0.00
0.24;10.51;36.14;2890.93;1972.65;-918.28;0.00
0.25;8.93;36.76;2940.47;1929.80;-1010.67;0.00
0.19;10.59;42.38;3390.25;1670.34;-1719.91;0.00
0.28;12.81;47.52;3801.63;2316.24;-1485.39;0.00
0.26;11.08;53.65;4292.30;2109.30;-2183.01;0.00
0.25;8.12;39.75;3179.91;1883.77;-1296.14;0.00
0.23;11.06;32.22;2577.72;1937.71;-640.01;0.00
0.27;11.10;37.87;3029.92;2160.13;-869.79;0.00
0.29;11.44;33.51;2680.84;2280.21;-400.63;0.00
0.28;10.80;30.73;2458.29;2189.48;-268.81;0.00
0.26;10.47;43.08;3446.77;2054.18;-1392.60;0.00
0.24;9.59;38.21;3056.77;1908.59;-1148.18;0.00
0.27;9.89;39.34;3146.89;2129.06;-1017.84;0.00
0.23;12.11;39.07;3125.46;2009.41;-1116.05;0.00
0.26;10.89;37.81;3024.94;2092.39;-932.55;0.00
0.23;9.33;45.39;3631.03;1831.96;-1799.07;0.00
0.28;10.66;43.52;3481.94;2197.48;-1284.46;0.00
0.19;10.57;43.99;3519.39;1699.26;-1820.13;0.00
0.26;10.26;41.13;3290.56;2048.64;-1241.92;0.00
0.27;10.23;39.27;3141.79;2104.78;-1037.01;0.00
0.28;11.29;41.83;3346.54;2217.36;-1129.18;0.00
0.28;10.95;34.56;2764.83;2232.62;-532.21;0.00
0.23;7.57;46.94;3754.96;1753.55;-2001.40;0.00
0.24;9.30;41.66;3333.20;1906.58;-1426.62;0.00
0.25;11.34;38.69;3095.03;2065.29;-1029.74;0.00
0.27;10.62;43.16;3453.01;2132.72;-1320.29;0.00
0.26;9.36;34.62;2769.41;2005.58;-763.83;0.00
0.32;10.04;43.62;3489.52;2407.87;-1081.65;0.00
0.26;12.32;39.57;3165.40;2190.67;-974.73;0.00
