# X_0;X_1;X_2;R_0;S_0;G_0;I_0
0.24;9.30;46.08;3686.32;1879.72;-1806.60;0.00
0.25;10.86;38.94;3115.51;2038.36;-1077.15;0.00
0.23;9.36;38.48;3078.77;1820.05;-1258.71;0.00
0.25;8.86;40.21;3216.81;1959.57;-1257.24;0.00
0.28;10.58;41.12;3289.28;2208.31;-1080.97;0.00
0.27;10.49;39.86;3188.56;2131.53;-1057.02;0.00
0.24;9.19;40.41;3232.64;1889.22;-1343.41;0.00
0.23;10.78;43.55;3484.34;1941.64;-1542.70;0.00
0.28;11.99;40.13;3210.33;2290.37;-919.96;0.00
0.22;10.62;35.63;2850.45;1857.58;-992.87;0.00
0.26;9.63;41.95;3355.95;2047.70;-1308.25;0.00
0.21;11.02;51.37;4109.55;1812.90;-2296.65;0.00
0.26;9.86;39.72;3177.36;2047.29;-1130.07;0.00
0.27;11.35;39.11;3129.17;2194.52;-934.65;0.00
0.23;12.05;39.65;3172.04;1994.99;-1177.05;0.00
0.24;10.63;37.25;2980.16;1975.58;-1004.57;0.00
0.27;9.91;39.63;3170.04;2090.50;-1079.54;0.00
0.24;11.05;41.96;3356.74;1969.96;-1386.78;0.00
0.26;8.57;34.59;2767.29;1972.01;-795.28;0.00
0.27;11.14;38.82;3105.41;2160.29;-945.12;0.00
0.27;9.76;39.50;3159.87;2078.60;-1081.27;0.00
0.30;8.96;36.76;2941.09;2233.44;-707.65;0.00
0.24;11.16;42.54;3403.44;2001.69;-1401.74;0.00
0.21;10.48;33.27;2661.51;1818.13;-843.38;0.00
0.22;9.88;35.79;2862.86;1826.20;-1036.65;0.00
0.23;11.04;41.96;3356.69;1926.74;-1429.95;0.00
0.27;11.26;49.81;3984.69;2168.22;-1816.47;0.00
0.31;9.82;36.18;2894.24;2350.58;-543.67;0.00
0.27;12.04;41.49;3319.17;2208.40;-1110.77;0.00
0.26;12.65;35.52;2841.61;2223.95;-617.66;0.00
0.32;9.83;37.71;3016.72;2368.61;-648.10;0.00
0.23;10.53;45.32;3625.25;1891.64;-1733.61;0.00
0.23;9.97;44.64;3571.09;1888.70;-1682.39;0.00
0.27;12.52;44.96;3596.64;2255.21;-1341.43;0.00
0.29;9.10;39.04;3123.08;2193.57;-929.51;0.00
0.21;8.08;44.72;3577.76;1643.54;-1934.22;0.00
0.23;9.65;31.17;2493.42;1849.46;-643.96;0.00
0.20;8.90;39.17;3133.71;1632.97;-1500.74;0.00
0.26;10.44;45.94;3675.58;2103.67;-1571.91;0.00
0.24;11.04;41.33;3306.11;1983.31;-1322.80;0.00
0.25;9.99;41.11;3288.49;1999.51;-1288.98;0.00
0.24;12.58;40.82;3265.61;2084.89;-1180.72;0.00
0.22;9.23;39.62;3169.72;1790.00;-1379.72;0.00
0.24;10.67;38.85;3108.16;1982.30;-1125.86;0.00
0.27;9.29;40.17;3213.86;2084.99;-1128.87;0.00
0.27;11.42;39.55;3164.28;2162.99;-1001.29;0.00
0.24;11.53;36.73;2938.57;2016.37;-922.20;0.00
0.27;10.75;47.21;3776.96;2175.23;-1601.73;0.00
0.28;9.88;35.39;2831.28;2176.09;-655.19;0.00
0.26;7.51;46.19;3695.07;1944.91;-1750.16;0.00
0.27;11.41;41.68;3334.76;2207.34;-1127.43;0.00
0.24;9.88;37.97;3037.31;1953.87;-1083.45;0.00
0.25;10.09;39.81;3184.50;1990.97;-1193.53;0.00
0.23;10.92;36.51;2921.20;1916.83;-1004.37;0.00
0.27;9.57;38.37;3069.55;2094.25;-975.30;0.00
0.26;11.77;37.81;3024.65;2173.70;-850.95;0.00
0.25;8.07;45.97;3677.84;1888.64;-1789.20;0.00
0.26;10.28;34.71;2776.87;2098.80;-678.07;0.00
0.23;10.12;44.36;3549.01;1885.61;-1663.40;0.00
0.26;8.75;34.00;2720.12;2016.64;-703.48;0.00
0.21;9.18;45.01;3601.10;1723.09;-1878.01;0.00
0.23;9.33;36.83;2946.15;1821.10;-1125.04;0.00
0.23;12.05;41.30;3303.68;1986.52;-1317.16;0.00
0.26;8.79;43.95;3516.37;1966.97;-1549.39;0.00
0.19;12.89;41.84;3347.23;1828.03;-1519.20;0.00
0.25;11.14;46.33;3706.39;2036.97;-1669.42;0.00
0.25;9.93;42.63;3410.51;1987.96;-1422.55;0.00
0.26;10.50;42.86;3428.96;2110.60;-1318.36;0.00
0.24;10.72;37.88;3030.67;1961.05;-1069.63;0.00
0.29;9.73;39.15;3132.36;2210.50;-921.86;0.00
0.23;12.16;48.98;3918.10;2007.30;-1910.80;0.00
0.22;10.96;44.04;3523.46;1883.86;-1639.60;0.00
0.27;9.39;31.19;2495.50;2075.40;-420.10;0.00
0.27;11.21;40.22;3217.31;2166.10;-1051.21;0.00
0.30;9.38;40.29;3223.22;2239.60;-983.61;0.00
0.25;8.25;40.13;3210.15;1918.92;-1291.23;0.00
0.23;9.72;38.12;3049.49;1883.32;-1166.17;0.00
0.29;9.10;37.93;3034.31;2202.23;-832.08;0.00
0.26;9.91;37.53;3002.40;2041.11;-961.30;0.00
0.22;10.95;35.30;2824.22;1867.77;-956.45;0.00
0.24;10.72;37.83;3026.65;1995.73;-1030.92;0.00
0.28;11.77;37.44;2995.42;2280.20;-715.22;0.00
0.23;10.98;46.20;3696.30;1960.79;-1735.51;0.00
0.26;9.71;48.00;3840.14;2037.77;-1802.38;0.00
0.24;8.59;39.02;3121.74;1875.09;-1246.66;0.00
0.29;9.24;43.59;3487.22;2172.16;-1315.06;0.00
0.25;9.94;40.17;3213.50;1979.22;-1234.28;0.00
0.29;11.03;47.61;3809.18;2293.35;-1515.83;0.00
0.24;8.57;43.30;3464.18;1850.65;-1613.53;0.00
0.22;11.36;37.13;2970.03;1887.28;-1082.75;0.00
0.25;11.39;41.51;3320.45;2064.72;-1255.73;0.00
0.25;10.44;31.72;2537.87;2027.92;-509.96;0.00
0.29;8.27;35.19;2815.28;2122.39;-692.89;0.00
0.21;11.09;39.11;3128.77;1805.06;-1323.71;0.00
0.24;10.80;40.27;3221.78;1999.78;-1222.00;0.00
0.24;7.16;42.89;3431.10;1779.12;-1651.98;0.00
0.25;9.00;42.91;3432.92;1916.12;-1516.80;0.00
0.24;10.59;37.78;3022.53;1980.15;-1042.38;0.00
0.27;11.70;46.52;3721.46;2209.38;-1512.08;0.00
0.28;9.57;32.17;2573.53;2163.34;-410.19;0.00
0.25;10.20;46.70;3735.78;2007.69;-1728.09;0.00
0.23;11.55;35.47;2837.72;1961.48;-876.24;0.00
0.23;11.92;35.79;2862.90;1984.46;-878.43;0.00
0.24;10.99;44.85;3587.95;1981.66;-1606.28;0.00
0.29;10.19;35.65;2852.40;2239.43;-612.96;0.00
0.24;13.55;36.29;2903.20;2128.75;-774.45;0.00
0.23;10.80;35.89;2871.34;1942.41;-928.93;0.00
0.25;10.35;46.42;3713.61;2001.91;-1711.69;0.00
0.24;12.47;43.22;3457.52;2084.27;-1373.25;0.00
0.26;9.98;34.81;2785.13;2038.28;-746.85;0.00
0.24;10.11;33.54;2683.47;1956.01;-727.46;0.00
0.21;9.70;35.61;2848.51;1745.43;-1103.08;0.00
0.26;8.76;41.55;3323.94;1962.93;-1361.02;0.00
0.22;10.60;40.02;3201.35;1875.40;-1325.95;0.00
0.27;8.57;39.47;3157.57;2034.00;-1123.57;0.00
0.26;11.42;39.05;3123.66;2108.23;-1015.43;0.00
0.28;10.19;47.29;3783.55;2209.26;-1574.30;0.00
0.26;7.59;44.01;3520.95;1907.13;-1613.82;0.00
0.24;9.96;48.47;3877.23;1923.09;-1954.14;0.00
0.24;8.53;32.52;2601.52;1837.46;-764.06;0.00
0.27;8.03;38.60;3087.90;1998.00;-1089.90;0.00
0.27;11.90;34.79;2783.26;2214.32;-568.94;0.00
0.24;9.24;38.48;3078.57;1915.73;-1162.84;0.00
0.24;10.62;41.39;3310.85;1959.64;-1351.21;0.00
0.27;8.84;40.33;3226.21;2041.47;-1184.74;0.00
0.23;8.32;40.30;3224.36;1796.96;-1427.41;0.00
0.27;11.13;45.62;3649.90;2204.23;-1445.67;0.00
0.22;10.69;38.31;3065.03;1878.95;-1186.08;0.00
0.28;11.39;40.83;3266.51;2224.56;-1041.96;0.00
0.24;11.39;42.84;3426.91;2035.60;-1391.31;0.00
0.28;10.14;32.29;2583.27;2174.82;-408.46;0.00
0.25;10.50;40.64;3251.33;2042.19;-1209.14;0.00
0.23;9.90;44.82;3585.36;1875.73;-1709.63;0.00
0.22;11.52;43.02;3441.60;1916.63;-1524.97;0.00
0.23;9.29;45.35;3627.60;1836.02;-1791.58;0.00
0.27;10.65;39.88;3190.28;2175.54;-1014.74;0.00
0.30;9.43;30.61;2448.76;2234.59;-214.16;0.00
0.27;10.30;42.39;3391.13;2155.15;-1235.98;0.00
0.27;10.33;38.41;3072.66;2134.00;-938.66;0.00
0.24;11.26;48.38;3870.01;2028.33;-1841.68;0.00
0.28;11.57;41.79;3343.41;2275.59;-1067.82;0.00
0.29;9.19;41.52;3321.46;2187.41;-1134.05;0.00
0.30;11.23;49.79;3982.89;2354.73;-1628.16;0.00
0.25;10.02;36.06;2884.88;1995.63;-889.25;0.00
0.24;10.08;35.40;2831.82;1955.52;-876.30;0.00
0.23;11.47;45.83;3666.74;1971.56;-1695.17;0.00
0.23;7.79;39.86;3189.00;1788.05;-1400.95;0.00
0.27;11.72;38.38;3070.13;2218.18;-851.95;0.00
0.27;9.09;38.27;3061.64;2064.98;-996.66;0.00
0.24;8.44;40.64;3251.04;1833.99;-1417.05;0.00
0.25;9.23;40.25;3220.25;1946.78;-1273.47;0.00
0.25;12.27;39.74;3178.85;2111.86;-1066.99;0.00
0.24;10.75;39.69;3175.28;1988.14;-1187.14;0.00
0.23;8.50;43.98;3518.28;1809.07;-1709.21;0.00
0.23;10.58;45.44;3635.13;1928.34;-1706.79;0.00
0.26;9.52;30.96;2477.04;2042.01;-435.03;0.00
0.23;9.97;38.31;3064.75;1875.88;-1188.87;0.00
0.28;10.34;46.55;3724.26;2194.85;-1529.40;0.00
0.25;10.34;38.78;3102.68;1995.95;-1106.72;0.00
0.28;9.08;44.91;3592.52;2143.11;-1449.41;0.00
0.23;8.62;33.16;2652.49;1834.41;-818.08;0.00
0.28;11.76;42.96;3436.64;2276.64;-1160.00;0.00
0.23;10.63;49.73;3978.08;1901.81;-2076.27;0.00
0.27;9.09;42.69;3415.31;2073.60;-1341.70;0.00
0.23;12.96;31.64;2530.85;2021.69;-509.16;0.00
0.26;10.30;41.21;3296.97;2058.90;-1238.06;0.00
0.25;10.15;45.78;3662.44;2004.31;-1658.13;0.00
0.26;10.16;31.25;2499.88;2075.51;-424.37;0.00
0.24;12.50;44.41;3552.87;2073.86;-1479.01;0.00
0.23;10.04;28.63;2290.59;1871.93;-418.67;0.00
0.25;9.85;42.83;3426.19;2017.58;-1408.60;0.00
0.25;10.08;41.61;3328.51;2028.31;-1300.20;0.00
0.23;10.14;45.12;3609.94;1874.76;-1735.18;0.00
0.22;9.53;41.95;3356.05;1770.17;-1585.88;0.00
0.23;11.54;43.92;3513.57;1986.34;-1527.23;0.00
0.27;10.09;46.47;3717.25;2096.34;-1620.92;0.00
0.28;10.08;41.63;3330.47;2180.99;-1149.48;0.00
0.24;11.81;31.22;2497.48;2058.08;-439.41;0.00
0.26;10.46;43.06;3444.71;2087.68;-1357.03;0.00
0.25;11.81;33.46;2677.09;2074.94;-602.16;0.00
0.20;10.99;40.16;3213.06;1749.74;-1463.32;0.00
0.27;12.46;44.74;3579.19;2270.94;-1308.25;0.00
0.26;10.09;29.67;2373.97;2060.64;-313.34;0.00
0.28;10.21;44.06;3524.57;2184.02;-1340.56;0.00
0.27;8.48;40.66;3252.47;2059.46;-1193.01;0.00
0.30;12.34;48.45;3875.99;2388.82;-1487.16;0.00
0.25;9.43;42.05;3364.12;1956.15;-1407.97;0.00
0.20;10.57;43.38;3470.29;1759.20;-1711.09;0.00
0.23;9.29;45.43;3634.78;1829.98;-1804.79;0.00
0.22;11.20;37.55;3003.91;1872.94;-1130.97;0.00
0.25;10.64;44.81;3584.87;2028.58;-1556.30;0.00
0.29;8.89;44.57;3565.94;2193.14;-1372.80;0.00
0.25;10.98;43.39;3471.24;2044.69;-1426.55;0.00
0.25;10.43;36.51;2920.85;2027.73;-893.13;0.00
0.20;8.98;39.86;3188.46;1651.60;-1536.87;0.00
0.24;10.00;41.66;3332.72;1959.80;-1372.93;0.00
0.24;9.32;36.30;2903.67;1903.60;-1000.08;0.00
0.28;9.20;34.17;2733.20;2112.31;-620.89;0.00
0.26;11.28;42.28;3382.68;2153.69;-1228.99;0.00
0.24;10.38;42.47;3397.66;1962.84;-1434.83;0.00
0.24;11.31;38.51;3081.11;1988.92;-1092.19;0.00
0.29;10.06;42.45;3395.61;2238.75;-1156.87;0.00
0.27;9.68;37.22;2977.31;2070.48;-906.83;0.00
0.26;11.17;43.95;3516.15;2100.76;-1415.39;0.00
0.26;10.65;40.80;3264.32;2068.89;-1195.43;0.00
0.25;9.31;44.52;3561.72;1987.91;-1573.81;0.00
0.27;9.78;43.76;3500.89;2105.59;-1395.31;0.00
0.27;11.37;45.58;3646.24;2169.72;-1476.52;0.00
0.21;9.90;34.35;2748.25;1747.71;-1000.54;0.00
0.26;9.49;44.18;3534.65;2036.93;-1497.72;0.00
0.24;10.20;41.22;3297.27;1944.79;-1352.48;0.00
0.21;9.87;44.37;3549.25;1729.48;-1819.77;0.00
0.23;11.41;35.95;2875.90;1941.26;-934.64;0.00
0.25;11.34;46.46;3716.41;2075.59;-1640.82;0.00
0.26;11.62;35.36;2828.58;2133.49;-695.08;0.00
0.25;8.77;44.27;3541.24;1909.85;-1631.39;0.00
0.20;10.24;49.84;3987.00;1726.77;-2260.22;0.00
0.25;10.11;29.36;2348.42;1986.37;-362.05;0.00
0.27;10.65;36.61;2929.08;2158.25;-770.83;0.00
0.23;11.17;38.60;3088.26;1919.76;-1168.50;0.00
0.25;10.46;38.91;3112.86;1994.31;-1118.55;0.00
0.24;11.44;43.30;3464.36;1996.05;-1468.31;0.00
0.22;11.33;38.48;3078.02;1915.72;-1162.30;0.00
0.26;10.58;38.77;3101.38;2101.84;-999.54;0.00
0.20;11.21;45.88;3670.61;1795.20;-1875.41;0.00
0.25;10.01;37.21;2976.45;1974.57;-1001.88;0.00
0.28;10.17;43.65;3491.61;2178.19;-1313.43;0.00
0.27;10.98;45.98;3678.02;2142.45;-1535.57;0.00
0.25;11.52;30.52;2441.20;2086.29;-354.91;0.00
0.25;9.39;32.66;2612.56;1970.47;-642.09;0.00
0.23;10.77;37.61;3008.65;1943.15;-1065.49;0.00
0.23;10.90;38.55;3083.99;1953.73;-1130.26;0.00
0.25;9.90;43.11;3448.80;1993.93;-1454.86;0.00
0.23;10.10;39.17;3133.93;1889.00;-1244.93;0.00
0.28;10.58;36.35;2907.71;2197.63;-710.08;0.00
0.26;9.61;36.89;2951.49;2035.46;-916.02;0.00
0.26;10.68;38.35;3067.79;2073.75;-994.04;0.00
0.28;10.14;38.26;3061.20;2154.70;-906.50;0.00
0.21;9.57;34.32;2745.39;1723.54;-1021.85;0.00
0.28;8.73;46.74;3739.38;2088.75;-1650.63;0.00
0.26;10.72;50.76;4060.65;2078.94;-1981.71;0.00
0.26;11.37;39.13;3130.43;2145.88;-984.55;0.00
0.25;10.09;40.28;3222.53;2008.14;-1214.39;0.00
0.24;12.09;45.61;3648.51;2035.55;-1612.96;0.00
0.24;9.75;35.90;2871.77;1906.50;-965.27;0.00
0.27;8.02;38.93;3114.58;1988.45;-1126.13;0.00
0.27;10.24;43.09;3446.82;2102.81;-1344.02;0.00
0.28;8.33;32.19;2575.23;2095.39;-479.84;0.00
0.28;9.63;41.55;3323.96;2124.91;-1199.05;0.00
0.27;10.19;46.33;3706.28;2129.24;-1577.04;0.00
0.29;10.24;43.35;3468.25;2220.82;-1247.43;0.00
0.25;10.83;43.32;3465.82;2031.78;-1434.03;0.00
0.27;11.71;38.33;3066.47;2190.84;-875.63;0.00
0.25;11.25;40.15;3211.99;2087.02;-1124.97;0.00
0.27;10.11;45.23;3618.58;2148.83;-1469.74;0.00
0.28;9.25;37.49;2999.16;2123.00;-876.17;0.00
0.26;10.27;41.39;3311.18;2054.58;-1256.60;0.00
0.27;9.14;42.78;3422.00;2061.52;-1360.48;0.00
0.20;8.90;38.19;3055.20;1626.59;-1428.61;0.00
0.28;8.85;37.36;2988.62;2087.72;-900.90;0.00
0.26;9.80;41.22;3297.79;2061.09;-1236.71;0.00
0.27;11.04;41.97;3357.75;2143.05;-1214.70;0.00
0.29;12.41;37.08;2966.42;2351.15;-615.27;0.00
0.29;11.55;36.50;2920.00;2329.98;-590.02;0.00
0.25;11.21;41.96;3356.49;2042.37;-1314.12;0.00
0.25;10.10;29.97;2397.94;1981.49;-416.45;0.00
0.21;13.21;37.09;2967.03;1964.04;-1002.99;0.00
0.28;12.34;39.12;3129.87;2273.59;-856.28;0.00
0.25;10.97;36.74;2939.40;2044.83;-894.57;0.00
0.26;11.01;38.15;3051.90;2104.36;-947.54;0.00
0.25;9.50;28.68;2294.19;1989.62;-304.57;0.00
0.21;9.88;35.04;2803.20;1762.93;-1040.27;0.00
0.27;9.42;49.02;3921.76;2066.72;-1855.04;0.00
0.29;10.04;41.30;3303.82;2207.16;-1096.66;0.00
0.25;9.84;37.01;2960.85;1988.99;-971.86;0.00
0.25;10.99;37.54;3002.83;2067.40;-935.43;0.00
0.24;11.67;40.06;3204.94;2039.13;-1165.81;0.00
0.20;9.63;40.60;3247.60;1705.90;-1541.70;0.00
0.22;10.19;38.66;3092.83;1805.66;-1287.17;0.00
0.27;9.26;30.37;2429.88;2093.85;-336.03;0.00
0.25;11.19;40.03;3202.44;2071.39;-1131.05;0.00
0.26;10.92;39.70;3175.80;2114.13;-1061.67;0.00
0.26;11.55;39.94;3194.83;2168.32;-1026.51;0.00
0.29;10.10;43.46;3476.92;2226.07;-1250.85;0.00
0.22;11.22;38.57;3085.72;1887.94;-1197.78;0.00
0.21;12.63;39.99;3199.03;1890.22;-1308.81;0.00
0.27;10.27;44.38;3550.21;2142.79;-1407.42;0.00
0.20;11.61;39.95;3196.17;1797.60;-1398.57;0.00
0.23;10.51;43.00;3439.76;1904.14;-1535.62;0.00
0.23;10.23;48.27;3861.35;1877.79;-1983.55;0.00
0.30;11.55;43.11;3449.07;2361.38;-1087.69;0.00
0.24;8.36;45.69;3655.37;1871.22;-1784.14;0.00
0.27;8.39;42.39;3391.60;2044.37;-1347.23;0.00
0.22;11.79;42.53;3402.69;1928.60;-1474.10;0.00
0.28;11.00;45.62;3649.26;2220.02;-1429.24;0.00
0.28;10.11;45.35;3628.02;2163.27;-1464.75;0.00
0.28;10.02;30.62;2449.31;2147.19;-302.13;0.00
0.21;11.32;44.60;3568.02;1839.50;-1728.52;0.00
0.30;9.39;45.45;3636.30;2227.67;-1408.64;0.00
0.24;12.29;40.40;3231.72;2074.17;-1157.56;0.00
0.23;10.56;44.38;3550.23;1888.08;-1662.15;0.00
0.27;10.63;42.17;3373.45;2143.73;-1229.72;0.00
0.24;9.94;50.50;4040.32;1952.64;-2087.68;0.00
0.21;8.55;36.47;2917.43;1677.79;-1239.64;0.00
0.25;9.23;43.08;3446.80;1980.87;-1465.92;0.00
0.24;11.23;37.97;3037.55;2014.60;-1022.95;0.00
0.26;9.78;35.19;2814.89;2058.87;-756.02;0.00
0.27;10.02;41.43;3314.05;2120.68;-1193.38;0.00
0.27;10.13;37.84;3027.41;2100.47;-926.94;0.00
0.24;13.37;38.96;3117.15;2135.79;-981.36;0.00
0.25;10.59;42.65;3411.78;2055.00;-1356.78;0.00
0.22;9.67;42.17;3373.90;1830.17;-1543.73;0.00
0.25;9.85;40.16;3212.94;2012.80;-1200.14;0.00
0.22;11.81;37.17;2973.93;1905.68;-1068.24;0.00
0.25;11.10;31.80;2544.06;2051.10;-492.95;0.00
0.24;11.74;40.97;3277.48;2005.36;-1272.12;0.00
0.19;9.66;39.06;3125.08;1640.01;-1485.06;0.00
0.24;10.95;45.57;3645.50;1972.54;-1672.96;0.00
0.27;9.42;50.95;4076.24;2087.38;-1988.86;0.00
0.28;10.36;46.28;3702.79;2178.54;-1524.25;0.00
0.21;10.26;46.40;3712.25;1777.10;-1935.15;0.00
0.23;11.29;41.01;3280.88;1951.61;-1329.27;0.00
0.26;10.43;34.28;2742.48;2090.63;-651.85;0.00
0.25;10.95;41.96;3357.00;2021.21;-1335.79;0.00
0.21;11.30;37.57;3005.24;1859.03;-1146.21;0.00
0.25;10.06;38.97;3117.20;2026.25;-1090.96;0.00
0.26;12.87;37.23;2978.36;2237.40;-740.96;0.00
0.23;10.87;41.01;3280.77;1950.76;-1330.01;0.00
0.27;10.49;44.33;3546.49;2123.02;-1423.48;0.00
0.25;13.50;45.63;3650.73;2203.12;-1447.61;0.00
0.29;9.01;37.54;3002.88;2152.68;-850.20;0.00
0.24;9.65;42.45;3395.75;1947.34;-1448.41;0.00
0.23;10.99;43.89;3511.33;1962.62;-1548.70;0.00
0.20;10.97;31.74;2538.98;1764.27;-774.71;0.00
0.24;11.57;44.60;3567.68;2024.38;-1543.30;0.00
0.24;8.47;40.79;3263.10;1870.27;-1392.83;0.00
0.25;9.09;40.78;3262.61;1957.15;-1305.46;0.00
0.24;8.68;38.30;3063.75;1855.28;-1208.47;0.00
0.26;9.83;39.29;3142.94;2043.74;-1099.20;0.00
0.29;10.08;44.67;3573.35;2237.37;-1335.98;0.00
0.25;10.09;40.43;3234.55;1976.80;-1257.74;0.00
0.23;11.15;42.90;3431.78;1932.18;-1499.59;0.00
0.25;11.58;41.12;3289.65;2104.08;-1185.57;0.00
0.26;9.59;32.34;2587.18;2030.05;-557.13;0.00
0.27;8.74;36.04;2883.00;2026.63;-856.37;0.00
0.28;10.59;35.64;2851.23;2206.12;-645.10;0.00
0.27;10.77;32.97;2637.48;2143.95;-493.53;0.00
0.25;11.24;36.67;2933.80;2079.72;-854.08;0.00
0.23;10.74;46.78;3742.79;1895.77;-1847.02;0.00
0.25;10.19;43.53;3482.28;1996.05;-1486.23;0.00
0.21;9.27;38.40;3071.63;1724.33;-1347.30;0.00
0.20;11.06;42.57;3405.37;1756.74;-1648.63;0.00
0.25;11.08;39.33;3146.23;2034.93;-1111.30;0.00
0.28;9.85;39.46;3157.09;2139.36;-1017.73;0.00
0.27;8.59;37.29;2983.18;2015.06;-968.12;0.00
0.22;10.78;37.16;2973.03;1854.98;-1118.05;0.00
0.30;9.54;38.59;3087.20;2284.80;-802.39;0.00
0.23;11.68;41.06;3284.90;2000.57;-1284.33;0.00
0.24;9.36;36.05;2884.16;1931.70;-952.46;0.00
0.25;9.90;35.63;2850.75;1970.43;-880.31;0.00
0.30;11.36;45.36;3628.96;2336.66;-1292.30;0.00
0.24;10.50;34.30;2743.60;1993.94;-749.66;0.00
0.23;10.78;38.00;3040.14;1918.97;-1121.18;0.00
0.23;12.37;40.93;3274.27;2031.08;-1243.19;0.00
0.26;12.93;37.68;3014.30;2231.05;-783.24;0.00
0.27;10.10;48.25;3859.67;2122.03;-1737.64;0.00
0.24;10.67;36.86;2948.70;1948.83;-999.87;0.00
0.22;12.00;45.03;3602.68;1902.75;-1699.94;0.00
0.24;11.76;35.65;2852.29;2053.10;-799.19;0.00
0.24;7.69;39.79;3183.27;1830.41;-1352.86;0.00
0.30;11.12;40.16;3212.82;2323.72;-889.10;0.00
0.24;9.50;33.02;2641.36;1891.79;-749.57;0.00
0.25;9.17;42.46;3397.07;1962.95;-1434.12;0.00
0.27;10.24;50.36;4028.95;2102.74;-1926.21;0.00
0.23;8.40;31.68;2534.69;1811.82;-722.87;0.00
0.24;8.63;34.66;2773.14;1858.40;-914.74;0.00
0.25;11.53;39.47;3157.43;2105.93;-1051.50;0.00
0.25;11.08;43.23;3458.31;2068.05;-1390.26;0.00
0.24;11.63;37.44;2994.87;2022.80;-972.07;0.00
0.20;10.68;37.22;2977.97;1755.72;-1222.26;0.00
0.26;11.59;42.27;3381.61;2168.42;-1213.19;0.00
0.28;10.63;45.57;3645.94;2205.19;-1440.75;0.00
0.26;11.46;48.31;3865.12;2156.46;-1708.66;0.00
0.28;9.34;40.06;3204.70;2151.66;-1053.04;0.00
0.25;12.68;46.82;3745.20;2146.23;-1598.97;0.00
0.31;10.11;40.12;3209.96;2337.64;-872.32;0.00
0.23;10.44;37.70;3016.35;1923.18;-1093.17;0.00
0.19;11.22;46.58;3726.70;1742.69;-1984.02;0.00
0.24;8.58;39.13;3130.60;1877.23;-1253.37;0.00
0.26;9.73;38.03;3042.47;2064.33;-978.14;0.00
0.27;8.34;44.36;3548.93;2012.83;-1536.09;0.00
0.26;10.61;40.51;3240.83;2091.11;-1149.72;0.00
0.24;10.29;44.22;3537.94;1954.35;-1583.60;0.00
0.24;9.27;35.29;2823.32;1880.21;-943.11;0.00
0.28;10.64;38.51;3080.56;2209.98;-870.58;0.00
0.23;11.50;49.38;3950.01;1938.18;-2011.83;0.00
0.28;9.87;47.80;3824.01;2143.37;-1680.64;0.00
0.27;10.23;40.47;3237.67;2099.24;-1138.43;0.00
0.26;10.41;37.77;3021.58;2086.97;-934.60;0.00
0.25;8.97;35.78;2862.31;1941.01;-921.30;0.00
0.26;10.11;43.52;3481.62;2067.30;-1414.32;0.00
0.28;9.48;39.77;3181.47;2142.00;-1039.47;0.00
0.24;8.92;37.26;2980.45;1894.19;-1086.26;0.00
0.25;9.03;37.40;2991.72;1950.35;-1041.37;0.00
0.25;10.99;38.82;3105.41;2034.22;-1071.19;0.00
0.28;10.48;43.85;3508.35;2221.31;-1287.04;0.00
0.27;10.84;32.59;2607.27;2136.27;-471.00;0.00
0.26;12.09;41.82;3346.00;2156.42;-1189.58;0.00
0.23;10.29;44.24;3538.96;1904.29;-1634.67;0.00
0.24;9.18;40.18;3214.49;1902.50;-1311.99;0.00
0.20;11.19;47.47;3797.32;1790.72;-2006.59;0.00
0.26;10.71;43.26;3460.66;2083.78;-1376.88;0.00
0.24;11.44;42.19;3374.84;1996.40;-1378.44;0.00
0.27;10.05;38.67;3093.95;2134.77;-959.18;0.00
0.26;11.57;32.19;2575.31;2114.26;-461.05;0.00
0.25;8.78;34.93;2794.10;1942.10;-852.00;0.00
0.29;9.52;45.22;3617.94;2189.79;-1428.15;0.00
0.23;10.96;48.10;3848.11;1957.94;-1890.17;0.00
0.24;9.87;39.96;3197.10;1932.74;-1264.36;0.00
0.24;8.75;37.68;3014.22;1869.77;-1144.45;0.00
0.27;9.23;41.92;3353.96;2055.43;-1298.53;0.00
0.24;9.29;32.61;2608.73;1882.28;-726.45;0.00
0.28;8.78;45.80;3663.85;2124.94;-1538.91;0.00
0.25;11.77;48.31;3865.08;2068.91;-1796.17;0.00
0.26;10.08;34.70;2775.79;2077.48;-698.31;0.00
0.25;10.33;32.12;2569.32;2026.80;-542.52;0.00
0.32;10.43;44.78;3582.34;2402.38;-1179.96;0.00
0.29;12.08;41.47;3317.87;2325.25;-992.62;0.00
0.22;13.22;26.37;2109.56;1987.16;-122.40;0.00
0.23;10.31;46.53;3722.57;1887.55;-1835.02;0.00
0.20;10.51;34.87;2789.41;1753.41;-1036.00;0.00
0.23;10.85;38.55;3084.06;1931.44;-1152.62;0.00
0.27;8.97;43.49;3479.28;2074.57;-1404.71;0.00
0.22;11.00;36.72;2937.20;1896.68;-1040.53;0.00
0.25;9.22;31.68;2534.31;1962.18;-572.13;0.00
0.26;10.81;41.70;3336.13;2126.43;-1209.70;0.00
0.28;11.96;41.46;3316.73;2272.67;-1044.06;0.00
0.23;11.14;40.25;3220.28;1941.48;-1278.80;0.00
0.24;9.41;43.56;3484.88;1925.76;-1559.11;0.00
0.30;10.55;48.93;3914.53;2300.45;-1614.08;0.00
0.26;9.58;36.64;2931.42;2056.62;-874.80;0.00
0.28;10.64;33.03;2642.03;2194.05;-447.99;0.00
0.27;8.99;37.84;3026.91;2059.41;-967.50;0.00
0.28;11.73;35.76;2861.07;2249.65;-611.42;0.00
0.28;7.96;41.60;3327.89;2073.27;-1254.63;0.00
0.28;10.51;46.25;3699.61;2178.86;-1520.74;0.00
0.27;10.86;41.82;3345.55;2160.95;-1184.60;0.00
0.25;9.34;39.47;3157.75;1988.81;-1168.94;0.00
0.24;11.22;47.10;3768.08;1997.18;-1770.90;0.00
0.27;10.79;42.68;3414.68;2135.01;-1279.67;0.00
0.24;9.61;44.18;3534.64;1917.34;-1617.31;0.00
0.25;9.74;38.74;3099.60;1981.35;-1118.25;0.00
0.25;11.43;46.57;3725.52;2091.59;-1633.93;0.00
0.24;9.54;36.55;2924.36;1912.32;-1012.04;0.00
0.25;9.57;42.63;3410.29;2003.20;-1407.09;0.00
0.28;9.94;50.56;4044.53;2196.56;-1847.97;0.00
0.21;9.51;42.27;3381.99;1762.59;-1619.40;0.00
0.23;11.13;34.68;2774.64;1925.83;-848.81;0.00
0.25;9.94;45.25;3619.64;2005.70;-1613.95;0.00
0.24;9.22;38.85;3107.67;1868.68;-1238.99;0.00
0.28;9.77;35.16;2812.66;2166.01;-646.65;0.00
0.26;10.73;33.21;2656.69;2109.02;-547.67;0.00
0.27;8.70;46.35;3708.02;2055.23;-1652.79;0.00
0.22;9.39;41.91;3352.50;1815.70;-1536.80;0.00
0.20;11.16;36.00;2879.73;1783.85;-1095.88;0.00
0.20;9.70;39.00;3119.64;1707.27;-1412.37;0.00
0.30;9.59;47.89;3831.39;2273.97;-1557.42;0.00
0.27;8.58;35.51;2840.74;2037.67;-803.07;0.00
0.28;10.28;41.37;3309.70;2173.73;-1135.97;0.00
0.23;9.42;43.16;3452.93;1878.84;-1574.08;0.00
0.28;10.94;36.31;2904.51;2214.08;-690.43;0.00
0.27;9.92;46.01;3680.72;2097.47;-1583.25;0.00
0.26;8.70;38.88;3110.79;1996.71;-1114.07;0.00
0.25;10.26;34.18;2734.52;1983.28;-751.23;0.00
0.28;10.46;39.44;3154.85;2186.04;-968.80;0.00
0.23;8.74;43.86;3508.80;1799.83;-1708.97;0.00
0.28;11.22;53.48;4278.50;2212.18;-2066.32;0.00
0.27;10.92;41.66;3332.70;2179.33;-1153.36;0.00
0.21;11.24;44.91;3592.84;1855.85;-1736.99;0.00
0.25;10.89;37.31;2985.16;2017.94;-967.22;0.00
0.22;11.17;44.27;3541.75;1859.09;-1682.66;0.00
0.25;9.80;37.56;3005.16;1970.72;-1034.44;0.00
0.23;12.06;33.50;2679.80;2017.49;-662.32;0.00
0.29;11.49;37.10;2967.75;2304.41;-663.35;0.00
0.24;11.94;39.94;3195.15;2066.06;-1129.09;0.00
0.22;8.99;40.33;3226.71;1762.94;-1463.78;0.00
0.23;9.59;39.08;3126.09;1883.06;-1243.03;0.00
0.26;10.23;42.50;3399.70;2062.79;-1336.91;0.00
0.28;12.40;43.36;3468.66;2296.39;-1172.27;0.00
0.31;9.32;36.78;2942.08;2308.89;-633.19;0.00
0.24;8.91;43.17;3453.27;1876.08;-1577.19;0.00
0.24;9.88;37.78;3022.17;1949.80;-1072.38;0.00
0.21;13.21;43.73;3498.76;1944.22;-1554.54;0.00
0.23;12.02;42.65;3411.83;1974.55;-1437.28;0.00
0.26;11.72;41.12;3289.57;2130.97;-1158.61;0.00
0.24;10.45;49.16;3932.89;1951.77;-1981.11;0.00
0.28;8.61;34.11;2728.99;2087.52;-641.46;0.00
0.23;11.62;40.51;3240.83;1970.10;-1270.72;0.00
0.34;10.09;40.49;3239.43;2521.59;-717.84;0.00
0.25;9.93;36.18;2894.67;1995.43;-899.24;0.00
0.27;9.20;36.57;2925.49;2044.06;-881.43;0.00
0.26;8.63;37.35;2988.23;1967.64;-1020.60;0.00
0.27;9.56;38.06;3044.78;2118.67;-926.11;0.00
0.21;9.29;35.86;2868.53;1711.84;-1156.69;0.00
0.21;9.12;40.75;3259.66;1723.77;-1535.89;0.00
0.28;11.45;42.14;3371.27;2231.75;-1139.52;0.00
0.25;8.69;36.84;2947.20;1946.05;-1001.15;0.00
0.26;10.59;42.22;3377.72;2060.47;-1317.25;0.00
0.26;11.68;38.64;3091.18;2145.02;-946.16;0.00
0.27;11.60;47.04;3763.42;2215.16;-1548.26;0.00
0.23;10.11;41.00;3280.12;1877.83;-1402.29;0.00
0.25;9.06;47.99;3839.01;1937.20;-1901.80;0.00
0.25;9.52;44.10;3528.37;1983.05;-1545.32;0.00
0.24;12.02;40.46;3236.46;2042.02;-1194.43;0.00
0.27;11.50;37.25;2979.79;2174.01;-805.78;0.00
0.26;10.86;39.75;3180.15;2077.88;-1102.28;0.00
0.27;10.20;43.81;3504.83;2132.45;-1372.39;0.00
0.24;12.06;32.38;2590.55;2065.17;-525.38;0.00
0.27;10.58;48.17;3853.47;2132.40;-1721.07;0.00
0.26;9.87;34.21;2736.77;2066.03;-670.74;0.00
0.28;9.01;36.46;2916.68;2116.90;-799.79;0.00
0.26;12.18;45.58;3646.24;2198.78;-1447.47;0.00
0.27;8.67;38.30;3063.82;2043.05;-1020.77;0.00
0.27;9.85;39.00;3119.63;2083.19;-1036.43;0.00
0.23;8.45;41.17;3293.31;1795.71;-1497.61;0.00
0.23;10.62;44.86;3588.91;1911.13;-1677.77;0.00
0.22;10.21;39.23;3138.00;1817.72;-1320.28;0.00
0.28;8.58;45.64;3650.88;2104.38;-1546.49;0.00
0.24;11.57;46.85;3747.90;2042.16;-1705.74;0.00
0.25;12.21;30.36;2428.89;2111.15;-317.74;0.00
0.23;8.67;43.29;3462.96;1785.11;-1677.85;0.00
0.23;9.79;43.26;3460.51;1875.11;-1585.39;0.00
0.26;10.59;41.99;3358.93;2099.54;-1259.39;0.00
0.25;9.80;35.97;2877.67;1974.13;-903.54;0.00
0.27;10.16;40.68;3254.49;2150.16;-1104.34;0.00
0.26;10.21;39.22;3137.96;2058.21;-1079.75;0.00
0.24;10.99;45.35;3627.88;2011.15;-1616.73;0.00
0.27;10.20;39.69;3175.33;2110.60;-1064.73;0.00
0.26;9.91;38.73;3098.33;2024.14;-1074.19;0.00
0.30;9.89;39.58;3166.77;2275.98;-890.79;0.00
0.24;10.85;32.26;2580.81;2013.02;-567.79;0.00
0.27;9.44;45.17;3613.46;2065.67;-1547.79;0.00
0.27;11.40;45.09;3606.96;2218.16;-1388.80;0.00
0.25;8.84;39.31;3144.43;1958.53;-1185.90;0.00
0.26;11.88;39.37;3149.56;2178.00;-971.57;0.00
0.23;10.44;37.54;3002.98;1933.32;-1069.66;0.00
0.28;7.04;37.03;2962.22;1994.69;-967.54;0.00
0.21;9.64;37.19;2975.14;1769.13;-1206.02;0.00
0.24;11.64;36.53;2922.58;2015.81;-906.77;0.00
0.27;11.51;31.85;2547.80;2205.10;-342.69;0.00
0.24;7.71;40.16;3212.90;1815.47;-1397.42;0.00
0.26;10.88;37.18;2974.56;2078.16;-896.40;0.00
0.28;9.86;37.65;3012.17;2181.13;-831.04;0.00
0.25;9.64;39.67;3173.27;1991.84;-1181.44;0.00
0.25;9.75;34.15;2731.73;1992.08;-739.65;0.00
0.25;10.43;36.34;2907.48;2024.27;-883.21;0.00
0.24;9.53;41.31;3305.16;1930.02;-1375.15;0.00
0.28;9.21;41.38;3310.61;2129.93;-1180.68;0.00
0.23;12.85;43.67;3493.28;2034.58;-1458.70;0.00
0.19;6.86;37.86;3028.95;1459.78;-1569.17;0.00
0.23;8.68;41.84;3346.93;1789.42;-1557.51;0.00
0.23;12.20;42.10;3367.72;1986.08;-1381.63;0.00
0.25;9.65;40.73;3258.78;1988.81;-1269.97;0.00
0.26;9.91;35.17;2813.57;2047.18;-766.40;0.00
0.28;10.00;53.85;4307.69;2158.02;-2149.67;0.00
0.22;11.31;40.45;3235.86;1920.60;-1315.26;0.00
0.25;10.22;50.27;4021.47;2034.42;-1987.05;0.00
0.25;11.09;43.54;3483.25;2045.73;-1437.52;0.00
0.25;10.49;34.77;2781.22;2050.30;-730.92;0.00
0.27;8.46;43.99;3519.03;2045.74;-1473.29;0.00
0.25;8.01;44.84;3587.13;1891.77;-1695.36;0.00
0.24;10.25;42.17;3373.95;1957.69;-1416.25;0.00
0.29;10.66;44.60;3568.10;2254.66;-1313.44;0.00
0.26;10.15;43.07;3445.95;2043.86;-1402.09;0.00
0.28;10.78;38.32;3065.61;2201.66;-863.95;0.00
0.27;10.02;39.63;3170.73;2092.09;-1078.64;0.00
0.25;9.20;38.88;3110.47;1945.92;-1164.55;0.00
0.23;7.61;36.16;2892.45;1775.42;-1117.03;0.00
0.26;11.50;46.87;3749.29;2136.28;-1613.01;0.00
0.24;11.39;41.87;3349.73;2036.86;-1312.86;0.00
0.29;10.16;37.37;2989.99;2214.49;-775.50;0.00
0.24;11.13;40.34;3226.86;2012.72;-1214.14;0.00
0.25;10.31;42.78;3422.30;2017.45;-1404.85;0.00
0.23;9.53;39.48;3158.59;1843.50;-1315.09;0.00
0.24;10.69;39.28;3142.06;1993.16;-1148.90;0.00
0.25;11.66;39.85;3187.81;2076.33;-1111.48;0.00
0.24;10.51;43.14;3451.30;1989.34;-1461.96;0.00
0.27;11.14;42.08;3366.67;2193.69;-1172.98;0.00
0.24;9.10;37.48;2998.48;1912.49;-1085.99;0.00
0.28;9.40;44.86;3588.57;2157.41;-1431.15;0.00
0.22;10.33;32.00;2559.66;1835.12;-724.54;0.00
0.26;11.06;32.48;2598.28;2108.42;-489.86;0.00
0.27;10.67;51.49;4119.47;2166.64;-1952.83;0.00
0.23;11.30;36.33;2906.41;1962.52;-943.89;0.00
0.26;9.61;36.74;2939.12;2025.21;-913.91;0.00
0.26;9.51;37.04;2963.45;2002.13;-961.31;0.00
0.29;9.39;38.66;3093.08;2170.98;-922.10;0.00
0.26;9.17;39.79;3182.87;1992.68;-1190.20;0.00
0.25;10.07;35.86;2868.96;2023.45;-845.51;0.00
0.24;10.74;44.26;3541.06;2003.27;-1537.80;0.00
0.24;11.38;42.19;3375.02;2011.52;-1363.50;0.00
0.27;10.42;34.82;2785.73;2158.21;-627.53;0.00
0.26;11.39;44.65;3572.18;2103.79;-1468.39;0.00
0.25;10.10;39.84;3186.82;1997.57;-1189.24;0.00
0.22;9.41;44.52;3561.35;1818.05;-1743.30;0.00
0.23;8.16;41.37;3309.25;1781.71;-1527.54;0.00
0.24;8.71;41.81;3345.00;1876.74;-1468.26;0.00
0.28;12.28;40.76;3261.20;2300.38;-960.82;0.00
0.27;11.31;39.75;3179.93;2193.10;-986.83;0.00
0.29;10.16;43.59;3486.83;2251.66;-1235.17;0.00
0.22;10.61;49.86;3988.63;1876.63;-2111.99;0.00
0.27;9.13;41.01;3280.61;2071.29;-1209.32;0.00
0.24;12.44;39.75;3180.08;2064.77;-1115.31;0.00
0.25;9.36;44.35;3547.61;1956.73;-1590.88;0.00
0.28;9.95;42.43;3394.23;2157.41;-1236.83;0.00
0.27;9.87;39.19;3135.16;2094.39;-1040.77;0.00
0.28;9.54;37.15;2971.95;2151.72;-820.23;0.00
0.19;9.68;41.76;3340.64;1624.38;-1716.27;0.00
0.30;9.90;38.18;3054.18;2281.43;-772.76;0.00
0.24;10.33;38.26;3060.60;1972.21;-1088.39;0.00
0.24;11.38;49.52;3961.47;2025.50;-1935.97;0.00
0.26;11.90;32.12;2569.97;2137.77;-432.20;0.00
0.31;9.23;40.20;3216.36;2298.51;-917.85;0.00
0.24;11.50;45.74;3658.94;2005.01;-1653.94;0.00
0.20;9.24;49.63;3970.66;1645.39;-2325.27;0.00
0.27;10.54;39.41;3152.96;2129.38;-1023.57;0.00
0.24;9.82;47.07;3765.95;1935.56;-1830.39;0.00
0.24;10.24;46.64;3731.49;1969.12;-1762.37;0.00
0.27;10.22;36.33;2906.36;2139.84;-766.52;0.00
0.25;10.07;36.12;2889.81;2008.40;-881.41;0.00
0.29;11.00;40.71;3257.00;2281.73;-975.27;0.00
0.25;10.39;43.96;3517.14;2045.31;-1471.83;0.00
0.29;9.84;44.82;3585.49;2198.08;-1387.41;0.00
0.28;10.60;41.92;3353.82;2201.77;-1152.05;0.00
0.25;10.39;44.40;3551.74;1991.53;-1560.21;0.00
0.21;10.72;35.57;2845.43;1821.45;-1023.98;0.00
0.23;11.48;38.26;3061.10;1964.45;-1096.65;0.00
0.28;11.20;39.29;3143.10;2228.71;-914.39;0.00
0.25;10.84;37.51;3000.67;2070.06;-930.61;0.00
0.23;10.72;36.05;2884.02;1895.93;-988.09;0.00
0.21;9.42;43.04;3443.22;1752.41;-1690.81;0.00
0.24;9.00;31.96;2557.02;1875.73;-681.30;0.00
0.29;11.03;42.79;3423.41;2261.96;-1161.45;0.00
0.29;9.70;37.46;2996.64;2193.40;-803.24;0.00
0.28;10.11;40.94;3274.93;2158.37;-1116.56;0.00
0.23;11.23;35.50;2840.32;1930.12;-910.20;0.00
0.23;11.22;51.30;4103.92;1967.89;-2136.02;0.00
0.21;9.99;36.61;2929.00;1776.76;-1152.23;0.00
0.24;11.73;49.31;3944.95;2033.75;-1911.21;0.00
0.26;11.95;40.70;3256.21;2138.49;-1117.72;0.00
0.25;8.62;36.56;2924.50;1923.53;-1000.97;0.00
0.21;11.25;28.87;2309.77;1838.64;-471.13;0.00
0.30;9.16;40.80;3263.71;2223.04;-1040.67;0.00
0.22;10.90;35.04;2802.82;1876.13;-926.69;0.00
0.29;8.55;39.90;3192.16;2129.58;-1062.58;0.00
0.27;8.62;33.10;2647.81;2022.62;-625.19;0.00
0.24;10.59;46.91;3752.73;1989.04;-1763.69;0.00
0.22;10.57;37.15;2971.92;1876.39;-1095.53;0.00
0.23;12.41;39.99;3199.42;2000.19;-1199.23;0.00
0.26;8.13;36.07;2885.44;1973.62;-911.82;0.00
0.23;9.94;46.16;3692.60;1897.95;-1794.65;0.00
0.23;10.44;52.78;4222.40;1882.80;-2339.60;0.00
0.25;10.42;43.03;3442.28;2007.10;-1435.19;0.00
0.29;12.03;40.86;3268.41;2352.13;-916.28;0.00
0.25;11.90;43.37;3469.41;2095.16;-1374.25;0.00
0.24;9.37;37.69;3015.13;1920.39;-1094.74;0.00
0.22;11.69;47.71;3816.91;1888.85;-1928.06;0.00
0.26;11.54;41.88;3350.05;2148.16;-1201.90;0.00
0.27;8.37;42.19;3375.12;2009.03;-1366.09;0.00
0.24;10.41;38.93;3114.56;1938.09;-1176.47;0.00
0.21;9.28;46.31;3704.69;1699.73;-2004.96;0.00
0.27;11.01;47.48;3798.48;2187.87;-1610.60;0.00
0.22;12.69;41.19;3295.41;1953.89;-1341.52;0.00
0.27;10.54;42.76;3420.78;2121.67;-1299.12;0.00
0.25;10.73;30.97;2477.21;2064.87;-412.34;0.00
0.28;10.16;39.17;3133.52;2199.43;-934.09;0.00
0.23;9.39;45.86;3669.05;1876.40;-1792.66;0.00
0.26;11.58;43.36;3469.01;2131.21;-1337.80;0.00
0.26;9.11;39.08;3126.71;2010.56;-1116.15;0.00
0.23;10.82;41.56;3324.95;1919.82;-1405.13;0.00
0.22;8.68;41.83;3346.76;1760.54;-1586.22;0.00
0.25;9.29;46.55;3724.35;1985.72;-1738.63;0.00
0.25;8.28;39.29;3143.60;1908.55;-1235.05;0.00
0.28;10.24;45.24;3619.12;2209.91;-1409.21;0.00
0.24;8.82;27.12;2169.33;1888.89;-280.44;0.00
0.25;10.31;39.46;3156.74;1998.97;-1157.77;0.00
0.29;10.28;34.85;2787.95;2233.96;-553.99;0.00
0.25;12.60;39.33;3146.23;2158.27;-987.97;0.00
0.23;10.24;46.30;3704.24;1879.66;-1824.58;0.00
0.23;8.75;35.25;2820.16;1805.30;-1014.86;0.00
0.22;7.13;38.85;3107.60;1691.77;-1415.83;0.00
0.24;9.42;38.29;3063.56;1917.06;-1146.50;0.00
0.23;11.53;43.33;3466.37;1988.61;-1477.76;0.00
0.26;10.35;38.19;3055.40;2094.16;-961.25;0.00
0.23;11.03;45.81;3664.54;1921.84;-1742.70;0.00
0.19;11.18;44.61;3569.08;1706.93;-1862.16;0.00
0.26;11.54;37.68;3014.58;2110.68;-903.91;0.00
0.24;12.20;42.62;3409.59;2063.94;-1345.65;0.00
0.26;9.99;30.38;2430.25;2076.46;-353.79;0.00
0.28;9.98;36.28;2902.46;2161.88;-740.59;0.00
0.21;10.28;37.62;3009.79;1781.10;-1228.69;0.00
0.25;11.29;32.47;2597.42;2066.28;-531.15;0.00
0.30;11.87;38.81;3104.49;2375.44;-729.05;0.00
0.23;10.43;40.55;3243.77;1893.78;-1349.99;0.00
0.27;9.68;42.38;3390.72;2105.44;-1285.28;0.00
0.27;10.13;34.69;2774.89;2111.06;-663.83;0.00
0.24;10.51;36.48;2918.42;1943.05;-975.37;0.00
0.25;8.06;38.93;3114.21;1902.24;-1211.96;0.00
0.25;8.83;38.61;3088.62;1938.96;-1149.66;0.00
0.22;9.70;46.39;3711.00;1796.19;-1914.82;0.00
0.25;11.16;40.10;3208.18;2068.24;-1139.94;0.00
0.25;9.39;40.74;3259.16;1963.49;-1295.68;0.00
0.21;8.31;41.66;3332.87;1677.39;-1655.49;0.00
0.23;10.15;37.31;2984.76;1863.16;-1121.60;0.00
0.27;9.03;36.52;2921.60;2049.54;-872.06;0.00
0.26;10.13;43.98;3518.62;2037.96;-1480.66;0.00
0.23;8.64;36.22;2897.77;1829.30;-1068.47;0.00
0.24;10.76;47.07;3765.48;1967.09;-1798.39;0.00
0.25;10.59;43.37;3469.62;2022.71;-1446.90;0.00
0.29;8.81;32.43;2594.20;2193.32;-400.87;0.00
0.24;8.90;33.45;2675.95;1901.94;-774.01;0.00
0.25;11.69;50.02;4001.30;2104.22;-1897.08;0.00
0.24;10.59;46.74;3739.46;1954.66;-1784.80;0.00
0.28;11.12;35.57;2845.82;2246.55;-599.27;0.00
0.25;9.94;38.15;3052.11;2008.71;-1043.40;0.00
0.29;8.06;37.44;2995.09;2151.47;-843.62;0.00
0.23;11.23;45.73;3658.13;1927.30;-1730.84;0.00
0.22;9.27;37.54;3003.56;1796.40;-1207.16;0.00
0.20;9.61;41.86;3348.74;1688.65;-1660.09;0.00
0.27;11.42;43.26;3460.50;2176.91;-1283.59;0.00
0.24;9.91;34.18;2734.69;1963.41;-771.29;0.00
0.25;11.18;43.20;3456.13;2078.76;-1377.37;0.00
0.26;8.85;36.25;2900.38;1989.58;-910.80;0.00
0.21;10.43;36.18;2894.28;1780.81;-1113.47;0.00
0.29;11.22;46.42;3713.53;2307.86;-1405.66;0.00
0.26;8.34;37.38;2990.42;1965.24;-1025.18;0.00
0.24;9.41;36.94;2955.11;1882.36;-1072.75;0.00
0.23;11.34;35.52;2841.85;1931.62;-910.23;0.00
0.26;9.29;32.29;2583.14;2041.82;-541.32;0.00
0.24;11.63;43.44;3475.51;2000.87;-1474.64;0.00
0.27;10.15;45.42;3633.54;2098.64;-1534.90;0.00
0.21;11.01;45.82;3665.31;1813.95;-1851.36;0.00
0.23;10.07;35.29;2823.39;1906.83;-916.56;0.00
0.25;8.43;42.88;3430.08;1930.75;-1499.33;0.00
0.24;8.61;39.99;3198.84;1865.11;-1333.73;0.00
0.25;9.39;44.61;3568.65;1988.80;-1579.85;0.00
0.24;8.70;42.63;3410.76;1844.68;-1566.08;0.00
0.25;10.30;44.24;3538.86;2013.38;-1525.48;0.00
0.26;10.57;46.92;3753.31;2086.95;-1666.36;0.00
0.26;11.54;43.87;3509.78;2113.50;-1396.27;0.00
0.23;10.62;43.89;3510.97;1885.70;-1625.27;0.00
0.20;10.91;40.40;3231.64;1726.74;-1504.91;0.00
0.28;9.19;40.52;3241.62;2116.31;-1125.32;0.00
0.26;9.33;47.14;3771.33;2015.67;-1755.66;0.00
0.23;11.76;42.14;3371.54;2005.11;-1366.42;0.00
0.26;10.96;34.12;2729.62;2120.08;-609.54;0.00
0.25;10.99;44.38;3550.46;2027.07;-1523.39;0.00
0.26;12.40;40.91;3272.78;2169.77;-1103.01;0.00
0.25;10.35;44.06;3524.67;2009.26;-1515.40;0.00
0.29;9.77;37.05;2964.22;2201.51;-762.71;0.00
0.23;8.74;39.44;3154.97;1796.56;-1358.41;0.00
0.24;10.35;45.72;3657.37;1934.27;-1723.10;0.00
0.27;11.45;46.62;3729.31;2177.89;-1551.42;0.00
0.25;10.73;43.00;3440.33;2044.40;-1395.93;0.00
0.25;11.06;44.98;3598.01;2042.64;-1555.37;0.00
0.30;9.47;34.72;2777.44;2279.02;-498.43;0.00
0.24;10.05;44.95;3596.29;1942.27;-1654.02;0.00
0.29;10.10;37.80;3023.71;2229.62;-794.09;0.00
0.24;10.95;44.17;3533.39;2015.26;-1518.14;0.00
0.27;11.46;44.04;3523.58;2178.09;-1345.49;0.00
0.26;9.59;42.90;3431.64;2018.46;-1413.18;0.00
0.25;11.15;33.32;2665.92;2067.09;-598.83;0.00
0.26;9.78;39.97;3197.44;2034.11;-1163.33;0.00
0.24;9.47;39.12;3129.85;1886.41;-1243.44;0.00
0.22;10.48;40.72;3257.46;1865.36;-1392.10;0.00
0.19;11.43;37.49;2999.21;1714.43;-1284.79;0.00
0.24;9.68;36.79;2942.98;1915.10;-1027.88;0.00
0.26;8.29;42.92;3434.00;1946.15;-1487.85;0.00
0.25;11.22;38.26;3061.07;2059.57;-1001.50;0.00
0.24;10.32;37.29;2983.17;1965.98;-1017.19;0.00
0.20;9.84;38.89;3111.40;1676.84;-1434.56;0.00
0.29;10.78;38.98;3118.17;2245.39;-872.79;0.00
0.29;9.49;41.64;3331.02;2230.39;-1100.63;0.00
0.23;9.29;45.70;3655.90;1869.75;-1786.15;0.00
0.27;11.04;40.20;3216.24;2169.68;-1046.56;0.00
0.28;11.11;40.89;3271.28;2239.42;-1031.86;0.00
0.22;10.86;37.88;3030.15;1844.92;-1185.22;0.00
0.23;10.40;46.43;3714.24;1886.66;-1827.58;0.00
0.25;9.61;37.96;3036.95;1969.46;-1067.49;0.00
0.27;9.93;43.30;3464.16;2083.41;-1380.75;0.00
0.25;8.35;35.73;2858.74;1911.75;-946.99;0.00
0.24;9.56;46.47;3717.63;1939.18;-1778.45;0.00
0.27;9.57;33.98;2718.16;2064.76;-653.41;0.00
0.29;9.44;42.29;3383.55;2195.87;-1187.68;0.00
0.23;9.79;35.28;2822.36;1863.31;-959.04;0.00
0.29;8.57;33.16;2652.96;2177.89;-475.07;0.00
0.28;9.74;35.46;2836.54;2148.78;-687.76;0.00
0.26;9.88;40.91;3273.01;2039.95;-1233.06;0.00
0.28;10.89;33.92;2713.44;2207.33;-506.11;0.00
0.28;10.47;42.00;3360.31;2192.70;-1167.61;0.00
0.23;10.65;45.60;3648.15;1940.98;-1707.18;0.00
0.23;6.94;38.96;3116.92;1718.89;-1398.03;0.00
0.23;12.48;43.89;3511.24;2002.19;-1509.05;0.00
0.21;10.02;38.77;3101.56;1752.16;-1349.40;0.00
0.22;9.59;40.29;3223.14;1786.92;-1436.22;0.00
0.25;11.11;32.59;2607.34;2047.40;-559.94;0.00
0.27;10.02;46.70;3736.36;2104.33;-1632.03;0.00
0.24;9.39;37.61;3009.09;1921.22;-1087.88;0.00
0.21;10.09;43.08;3446.72;1744.62;-1702.10;0.00
0.22;8.19;38.83;3106.50;1735.71;-1370.78;0.00
0.32;10.15;45.45;3635.78;2424.84;-1210.94;0.00
0.23;9.62;42.70;3415.69;1867.44;-1548.25;0.00
0.24;12.31;33.98;2718.23;2063.04;-655.19;0.00
0.24;9.99;41.72;3337.93;1940.93;-1397.00;0.00
0.26;9.96;39.87;3189.43;2058.86;-1130.57;0.00
0.28;10.62;51.09;4087.14;2180.78;-1906.36;0.00
0.25;9.89;44.76;3580.67;1977.38;-1603.28;0.00
0.20;10.80;36.62;2929.26;1776.36;-1152.90;0.00
0.24;10.41;44.85;3587.96;1979.51;-1608.45;0.00
0.27;12.36;40.08;3206.54;2269.89;-936.65;0.00
0.28;11.33;38.28;3062.24;2259.26;-802.99;0.00
0.26;10.56;47.17;3773.92;2092.95;-1680.96;0.00
0.26;10.75;40.63;3250.40;2104.93;-1145.46;0.00
0.32;10.33;43.71;3496.82;2416.42;-1080.40;0.00
0.27;8.75;43.02;3441.82;2047.38;-1394.44;0.00
0.27;10.39;43.71;3496.84;2160.30;-1336.53;0.00
0.24;11.21;51.61;4128.55;1983.00;-2145.54;0.00
0.23;11.86;39.61;3168.66;1978.93;-1189.73;0.00
0.24;10.39;39.77;3181.51;1954.86;-1226.65;0.00
0.28;11.04;37.54;3003.40;2224.84;-778.56;0.00
0.25;10.45;43.02;3441.40;2041.92;-1399.47;0.00
0.31;9.49;40.15;3211.77;2316.22;-895.55;0.00
0.21;11.73;37.17;2973.57;1835.69;-1137.87;0.00
0.25;9.07;32.66;2613.13;1919.71;-693.42;0.00
0.24;10.50;37.27;2981.73;1990.49;-991.24;0.00
0.22;11.74;40.29;3223.41;1893.27;-1330.14;0.00
0.28;9.56;38.68;3094.13;2162.85;-931.28;0.00
0.26;10.91;45.61;3648.57;2133.77;-1514.80;0.00
0.28;9.88;34.38;2750.08;2145.37;-604.71;0.00
0.24;10.31;39.42;3153.47;1968.56;-1184.91;0.00
0.24;10.28;38.90;3111.86;1967.41;-1144.45;0.00
0.22;9.81;42.23;3378.04;1820.05;-1557.99;0.00
0.27;10.54;43.55;3483.89;2158.17;-1325.71;0.00
0.25;11.88;35.43;2834.09;2108.38;-725.71;0.00
0.24;8.12;35.58;2846.49;1820.89;-1025.60;0.00
0.28;10.57;31.29;2503.37;2182.78;-320.59;0.00
0.23;9.82;44.10;3527.75;1868.15;-1659.60;0.00
0.21;9.12;38.96;3116.42;1744.53;-1371.89;0.00
0.23;10.90;45.93;3674.18;1923.05;-1751.14;0.00
0.23;10.34;36.21;2897.08;1897.64;-999.44;0.00
0.26;11.21;43.43;3474.15;2092.60;-1381.55;0.00
0.25;10.13;43.38;3470.14;2028.83;-1441.32;0.00
0.23;7.93;43.96;3517.05;1774.65;-1742.40;0.00
0.25;10.39;37.97;3037.88;1994.47;-1043.41;0.00
0.24;10.43;38.60;3087.76;1958.10;-1129.67;0.00
0.26;8.92;43.91;3512.64;1979.03;-1533.61;0.00
0.21;8.30;36.85;2948.21;1669.87;-1278.35;0.00
0.24;11.81;38.17;3053.22;2016.98;-1036.25;0.00
0.28;8.22;45.13;3610.73;2083.11;-1527.62;0.00
0.26;11.39;40.63;3250.42;2118.36;-1132.06;0.00
0.20;10.06;41.29;3303.01;1738.26;-1564.75;0.00
0.25;11.38;39.57;3165.77;2046.69;-1119.08;0.00
0.28;10.32;37.47;2997.89;2167.02;-830.88;0.00
0.33;9.14;42.31;3384.71;2413.99;-970.72;0.00
0.26;11.08;33.49;2679.44;2096.76;-582.68;0.00
0.30;9.68;46.36;3708.73;2260.75;-1447.98;0.00
0.26;10.71;37.51;3000.91;2082.00;-918.91;0.00
0.26;10.86;50.19;4015.57;2103.69;-1911.88;0.00
0.26;9.97;42.00;3360.10;2062.80;-1297.31;0.00
0.23;10.29;37.53;3002.25;1920.01;-1082.23;0.00
0.25;10.56;40.97;3277.48;2003.38;-1274.10;0.00
0.23;9.40;35.80;2864.16;1867.47;-996.69;0.00
0.23;9.30;32.47;2597.34;1816.33;-781.01;0.00
0.24;9.74;40.95;3276.07;1898.40;-1377.67;0.00
0.24;10.41;41.03;3282.33;1940.46;-1341.88;0.00
0.25;7.80;47.72;3817.46;1874.38;-1943.08;0.00
0.27;9.28;33.91;2713.15;2055.49;-657.65;0.00
0.24;9.50;36.78;2942.03;1897.88;-1044.15;0.00
0.24;9.91;42.08;3366.11;1915.37;-1450.73;0.00
0.25;9.95;41.67;3333.73;1973.97;-1359.77;0.00
0.27;9.45;35.46;2837.10;2097.72;-739.38;0.00
0.22;10.84;45.93;3674.61;1885.78;-1788.83;0.00
0.27;10.72;31.91;2552.68;2151.29;-401.38;0.00
0.24;10.54;37.82;3025.47;1979.36;-1046.11;0.00
0.25;8.15;32.26;2581.18;1871.03;-710.16;0.00
0.24;11.41;43.76;3500.87;2034.27;-1466.60;0.00
0.22;10.56;39.59;3167.29;1856.34;-1310.96;0.00
0.24;10.85;42.72;3417.82;2009.62;-1408.21;0.00
0.24;10.47;35.67;2853.57;1993.22;-860.34;0.00
0.31;9.44;49.05;3924.33;2310.33;-1614.00;0.00
0.20;11.70;37.95;3035.65;1798.76;-1236.89;0.00
0.24;11.35;45.16;3613.12;2041.81;-1571.32;0.00
0.22;9.80;43.08;3446.48;1816.07;-1630.41;0.00
0.28;10.82;42.93;3434.72;2240.33;-1194.38;0.00
0.23;9.78;47.93;3834.49;1881.73;-1952.76;0.00
0.25;11.31;25.90;2071.73;2061.53;-10.20;0.00
0.28;9.93;35.41;2833.03;2163.91;-669.12;0.00
0.19;8.68;40.17;3213.82;1561.62;-1652.19;0.00
0.23;9.72;45.96;3676.73;1884.36;-1792.37;0.00
0.25;9.60;43.18;3454.37;1997.81;-1456.57;0.00
0.27;11.04;47.60;3808.32;2149.62;-1658.70;0.00
0.23;10.09;37.64;3010.87;1883.11;-1127.76;0.00
0.20;10.92;33.53;2682.73;1731.27;-951.46;0.00
0.23;11.86;47.57;3805.67;1988.58;-1817.09;0.00
0.22;10.62;41.85;3347.83;1866.47;-1481.36;0.00
0.27;10.85;29.42;2353.82;2168.31;-185.50;0.00
0.28;7.51;44.57;3565.53;2047.46;-1518.07;0.00
0.25;9.41;41.72;3337.82;1956.94;-1380.88;0.00
0.24;11.34;34.85;2787.92;2012.69;-775.23;0.00
0.23;8.97;40.93;3274.49;1815.89;-1458.60;0.00
0.22;11.26;41.84;3346.93;1866.86;-1480.06;0.00
0.28;9.80;32.22;2577.56;2148.67;-428.89;0.00
0.22;8.71;47.96;3836.63;1726.64;-2109.99;0.00
0.25;11.39;46.38;3710.56;2054.01;-1656.55;0.00
0.25;9.75;32.81;2624.99;2009.93;-615.05;0.00
0.26;9.82;39.01;3120.85;2035.87;-1084.98;0.00
0.26;10.88;46.04;3683.06;2127.58;-1555.48;0.00
0.29;10.70;30.32;2425.47;2271.62;-153.85;0.00
0.27;9.71;31.91;2552.69;2086.96;-465.73;0.00
0.27;11.68;31.81;2544.82;2204.57;-340.25;0.00
0.23;10.03;42.74;3419.08;1881.29;-1537.79;0.00
0.31;11.30;44.21;3536.93;2397.10;-1139.83;0.00
0.27;10.07;35.56;2844.95;2108.83;-736.12;0.00
0.27;10.68;39.70;3175.70;2143.29;-1032.41;0.00
0.24;9.22;39.45;3155.73;1887.71;-1268.02;0.00
0.28;10.72;33.88;2710.25;2215.90;-494.35;0.00
0.26;10.13;39.29;3143.34;2090.28;-1053.06;0.00
0.24;11.41;40.19;3215.30;2028.33;-1186.97;0.00
0.23;8.19;39.55;3164.10;1804.87;-1359.23;0.00
0.25;10.62;43.00;3439.85;2053.61;-1386.24;0.00
0.22;10.32;36.75;2939.95;1856.47;-1083.48;0.00
0.28;12.12;39.76;3180.93;2304.29;-876.64;0.00
0.29;8.64;44.49;3558.81;2175.08;-1383.73;0.00
0.31;9.86;34.08;2726.58;2339.58;-387.00;0.00
0.28;9.48;40.36;3229.07;2159.18;-1069.89;0.00
0.25;10.63;41.78;3342.18;2050.45;-1291.73;0.00
0.24;10.26;37.23;2978.51;1927.08;-1051.43;0.00
0.18;8.27;37.64;3011.24;1510.16;-1501.08;0.00
0.25;11.52;40.95;3275.91;2093.74;-1182.17;0.00
0.31;10.18;42.80;3423.77;2341.14;-1082.62;0.00
0.25;11.82;48.19;3855.44;2075.00;-1780.44;0.00
0.25;9.14;42.21;3376.98;1931.48;-1445.50;0.00
0.25;8.45;34.52;2761.28;1922.93;-838.35;0.00
0.27;11.97;39.09;3126.98;2243.32;-883.66;0.00
0.22;10.39;34.66;2772.49;1867.20;-905.29;0.00
0.23;10.53;38.86;3109.17;1915.64;-1193.53;0.00
0.29;11.10;40.47;3237.30;2266.35;-970.94;0.00
0.28;8.78;53.24;4259.44;2108.97;-2150.47;0.00
0.21;10.29;41.78;3342.02;1789.59;-1552.44;0.00
0.25;9.88;36.99;2958.94;1997.38;-961.56;0.00
0.23;10.72;35.38;2830.71;1898.22;-932.49;0.00
0.26;11.89;43.49;3479.04;2134.53;-1344.50;0.00
0.21;11.82;28.08;2246.26;1846.89;-399.38;0.00
0.26;11.18;42.68;3414.20;2134.91;-1279.29;0.00
0.26;9.76;41.00;3279.79;2039.34;-1240.45;0.00
0.23;11.19;42.27;3381.66;1958.31;-1423.35;0.00
0.27;9.84;39.58;3166.53;2098.14;-1068.39;0.00
0.29;10.90;35.42;2833.89;2261.29;-572.60;0.00
0.26;10.58;40.04;3203.29;2068.61;-1134.68;0.00
0.27;11.63;48.17;3853.85;2201.87;-1651.98;0.00
0.25;9.87;35.82;2865.34;1968.52;-896.83;0.00
0.21;12.51;47.43;3794.72;1899.22;-1895.50;0.00
0.27;11.84;38.14;3051.31;2220.46;-830.85;0.00
0.27;11.26;41.13;3290.43;2211.56;-1078.87;0.00
0.24;11.48;42.08;3366.46;2009.71;-1356.75;0.00
0.28;8.47;34.69;2775.13;2093.90;-681.23;0.00
0.24;8.78;41.98;3358.42;1886.66;-1471.76;0.00
0.26;10.07;35.57;2845.67;2045.64;-800.03;0.00
0.25;8.90;40.82;3265.23;1956.15;-1309.08;0.00
0.26;8.25;39.84;3187.56;1934.39;-1253.17;0.00
0.24;11.79;30.95;2475.63;2064.47;-411.15;0.00
0.25;9.85;26.28;2102.22;2004.48;-97.73;0.00
0.25;10.19;41.90;3351.98;2016.22;-1335.76;0.00
0.28;9.78;44.69;3575.02;2152.71;-1422.31;0.00
0.19;9.04;42.30;3383.70;1598.98;-1784.72;0.00
0.26;11.86;42.46;3396.48;2139.83;-1256.65;0.00
0.25;10.59;40.82;3265.83;2046.92;-1218.90;0.00
0.24;10.51;37.50;2999.78;1980.70;-1019.09;0.00
0.26;10.72;44.83;3586.07;2121.29;-1464.77;0.00
0.23;7.41;39.47;3157.80;1756.08;-1401.72;0.00
0.19;10.22;40.66;3253.14;1686.64;-1566.50;0.00
0.28;10.48;35.31;2824.62;2190.03;-634.59;0.00
0.29;10.36;50.49;4038.96;2221.97;-1816.99;0.00
0.29;8.37;37.75;3019.68;2131.88;-887.80;0.00
0.28;10.08;39.57;3165.84;2152.92;-1012.92;0.00
0.28;11.10;38.89;3111.09;2220.53;-890.56;0.00
0.22;9.21;46.75;3740.38;1757.58;-1982.79;0.00
0.24;9.68;41.14;3291.57;1920.11;-1371.46;0.00
0.25;11.21;36.98;2958.21;2036.56;-921.65;0.00
0.23;11.48;47.36;3788.79;1946.96;-1841.83;0.00
0.24;9.89;30.43;2434.35;1905.08;-529.27;0.00
0.23;10.22;42.31;3384.93;1887.21;-1497.72;0.00
0.27;10.83;46.10;3688.22;2187.33;-1500.89;0.00
0.23;8.99;38.00;3040.20;1844.68;-1195.53;0.00
0.24;9.10;42.11;3369.02;1895.52;-1473.50;0.00
0.27;10.06;38.69;3095.05;2108.31;-986.74;0.00
0.25;10.47;44.31;3545.04;2049.24;-1495.79;0.00
0.28;9.89;42.82;3425.66;2184.14;-1241.52;0.00
0.20;11.43;46.89;3751.37;1760.94;-1990.43;0.00
0.24;8.72;40.43;3234.02;1851.63;-1382.39;0.00
0.27;11.00;42.45;3395.63;2139.66;-1255.96;0.00
0.23;9.44;40.53;3242.06;1878.66;-1363.40;0.00
0.27;9.88;38.34;3067.06;2101.90;-965.16;0.00
0.29;10.46;39.23;3138.10;2275.92;-862.18;0.00
0.21;9.05;33.59;2687.39;1735.36;-952.03;0.00
0.22;11.92;39.53;3162.15;1898.74;-1263.41;0.00
0.26;9.55;39.84;3187.22;2015.02;-1172.20;0.00
0.21;9.99;39.80;3184.05;1740.53;-1443.53;0.00
0.24;8.98;43.37;3469.53;1912.54;-1556.99;0.00
0.26;9.94;37.27;2981.24;2034.16;-947.08;0.00
0.25;10.87;34.95;2795.75;2072.77;-722.98;0.00
0.23;9.37;44.93;3594.38;1855.77;-1738.61;0.00
0.30;11.76;49.00;3919.65;2378.76;-1540.88;0.00
0.26;10.13;35.89;2870.90;2079.34;-791.56;0.00
0.25;8.72;35.69;2855.46;1954.50;-900.97;0.00
0.23;10.31;36.68;2934.12;1896.76;-1037.36;0.00
0.24;9.77;35.99;2879.36;1916.24;-963.13;0.00
0.23;11.67;41.72;3337.38;1966.02;-1371.35;0.00
0.28;10.25;46.70;3735.62;2161.57;-1574.04;0.00
0.25;11.11;37.03;2962.24;2063.56;-898.69;0.00
0.18;9.64;45.14;3611.52;1574.83;-2036.69;0.00
0.24;10.22;51.73;4138.51;1961.50;-2177.02;0.00
0.25;9.65;31.27;2501.78;1954.56;-547.23;0.00
0.27;9.90;43.81;3504.77;2108.34;-1396.42;0.00
0.28;10.97;39.65;3172.25;2209.59;-962.66;0.00
0.27;9.59;47.12;3769.97;2091.16;-1678.81;0.00
0.24;11.50;41.57;3325.62;2017.72;-1307.90;0.00
0.25;9.66;39.90;3191.72;1990.28;-1201.44;0.00
0.28;9.49;28.17;2253.93;2146.83;-107.09;0.00
0.29;10.83;42.53;3402.55;2250.81;-1151.74;0.00
0.25;9.60;40.96;3277.09;1999.82;-1277.27;0.00
0.23;11.25;35.41;2833.08;1932.39;-900.69;0.00
0.24;10.66;38.33;3066.47;1998.87;-1067.61;0.00
0.21;10.87;37.89;3031.13;1839.97;-1191.16;0.00
0.27;12.04;39.56;3164.96;2199.98;-964.98;0.00
0.24;11.48;40.10;3208.21;2014.58;-1193.62;0.00
0.24;10.22;37.06;2964.47;1927.03;-1037.44;0.00
0.25;9.91;40.17;3213.42;1984.42;-1229.00;0.00
0.25;11.54;42.45;3396.35;2073.58;-1322.77;0.00
0.22;10.95;45.15;3611.90;1886.69;-1725.21;0.00
0.21;9.43;42.35;3388.00;1755.35;-1632.65;0.00
0.19;8.18;42.54;3403.52;1558.66;-1844.86;0.00
0.25;11.77;41.27;3301.35;2076.20;-1225.15;0.00
0.27;10.72;39.79;3183.05;2160.70;-1022.35;0.00
0.26;10.38;38.54;3083.44;2050.94;-1032.50;0.00
0.29;11.06;40.92;3273.52;2308.52;-965.00;0.00
0.28;10.65;44.10;3527.72;2208.55;-1319.17;0.00
0.26;9.15;45.79;3663.13;2006.82;-1656.31;0.00
0.24;9.49;40.05;3203.87;1921.03;-1282.84;0.00
0.24;9.82;37.20;2975.78;1901.52;-1074.26;0.00
0.23;8.11;43.21;3456.81;1757.37;-1699.44;0.00
0.27;10.87;40.33;3226.24;2186.75;-1039.49;0.00
0.27;10.18;46.74;3739.53;2102.33;-1637.21;0.00
0.25;8.13;45.55;3643.79;1883.99;-1759.80;0.00
0.28;10.05;35.17;2813.70;2153.15;-660.55;0.00
0.30;9.86;38.64;3091.59;2271.99;-819.60;0.00
0.19;9.90;44.53;3562.20;1616.14;-1946.06;0.00
0.22;9.95;41.29;3303.48;1827.54;-1475.94;0.00
0.24;9.56;49.94;3995.26;1910.56;-2084.70;0.00
0.26;11.16;30.18;2414.23;2105.11;-309.12;0.00
0.25;9.83;47.99;3839.06;2010.80;-1828.26;0.00
0.23;9.11;40.81;3264.58;1811.10;-1453.48;0.00
0.24;10.30;38.62;3089.92;1939.71;-1150.21;0.00
0.27;10.86;40.73;3258.62;2178.89;-1079.73;0.00
0.22;10.01;33.26;2660.94;1834.39;-826.55;0.00
0.27;12.17;46.37;3709.70;2240.12;-1469.58;0.00
0.22;8.40;43.57;3485.53;1757.88;-1727.66;0.00
0.27;8.76;31.05;2484.09;2064.72;-419.37;0.00
0.22;9.56;37.55;3003.90;1806.80;-1197.10;0.00
0.27;11.52;35.33;2826.64;2221.43;-605.21;0.00
0.23;10.21;34.13;2730.55;1915.13;-815.41;0.00
0.28;8.62;43.34;3467.51;2124.08;-1343.44;0.00
0.26;8.09;47.42;3793.63;1952.35;-1841.28;0.00
0.23;10.76;35.50;2840.38;1917.51;-922.87;0.00
0.28;9.82;41.07;3285.65;2173.28;-1112.37;0.00
0.32;9.63;44.51;3560.44;2399.65;-1160.78;0.00
0.26;11.75;46.35;3707.64;2135.49;-1572.15;0.00
0.27;10.96;34.54;2763.46;2142.55;-620.92;0.00
0.29;8.70;41.62;3329.26;2176.51;-1152.74;0.00
0.25;10.37;35.23;2818.25;1992.41;-825.84;0.00
0.25;8.79;34.11;2728.91;1910.02;-818.89;0.00
0.24;8.83;41.19;3295.46;1856.37;-1439.09;0.00
0.23;10.88;34.40;2752.24;1950.73;-801.51;0.00
0.25;10.02;41.65;3332.00;1979.66;-1352.34;0.00
0.27;10.29;37.83;3026.75;2145.28;-881.47;0.00
0.27;9.52;34.13;2730.54;2113.51;-617.04;0.00
0.29;7.97;48.45;3876.21;2092.97;-1783.23;0.00
0.25;11.02;33.38;2670.50;2078.83;-591.67;0.00
0.21;9.19;41.07;3285.85;1731.45;-1554.40;0.00
0.28;11.74;31.44;2515.48;2268.87;-246.61;0.00
0.29;11.26;44.24;3539.43;2308.49;-1230.94;0.00
0.28;8.36;41.36;3308.92;2073.43;-1235.49;0.00
0.27;11.27;36.39;2911.02;2204.62;-706.40;0.00
0.23;10.46;38.97;3117.91;1879.94;-1237.97;0.00
0.27;9.22;39.08;3126.67;2047.40;-1079.28;0.00
0.22;10.30;38.77;3101.21;1840.48;-1260.73;0.00
0.24;8.51;44.33;3546.51;1844.36;-1702.15;0.00
0.21;11.48;38.13;3050.59;1831.35;-1219.24;0.00
0.28;10.95;36.70;2935.98;2199.68;-736.30;0.00
0.26;11.98;32.18;2574.39;2164.81;-409.58;0.00
0.25;10.94;41.66;3333.08;2075.48;-1257.60;0.00
0.29;9.50;39.95;3195.96;2185.42;-1010.54;0.00
0.28;11.21;38.44;3075.13;2219.98;-855.15;0.00
0.28;10.29;38.71;3097.20;2165.25;-931.95;0.00
0.26;10.68;39.46;3156.61;2102.79;-1053.82;0.00
0.21;10.53;33.84;2707.36;1819.95;-887.41;0.00
0.28;9.43;38.06;3044.80;2116.41;-928.39;0.00
0.22;9.60;40.54;3243.30;1825.10;-1418.20;0.00
0.24;13.10;40.24;3218.89;2122.34;-1096.55;0.00
0.21;9.52;40.18;3214.34;1722.80;-1491.54;0.00
0.23;9.41;36.15;2892.22;1842.10;-1050.12;0.00
0.26;10.94;39.41;3153.06;2100.50;-1052.56;0.00
0.26;11.08;47.97;3837.57;2132.07;-1705.49;0.00
0.21;8.76;45.26;3621.06;1696.41;-1924.65;0.00
0.26;9.45;40.76;3260.48;2017.93;-1242.56;0.00
0.28;11.13;44.03;3522.24;2231.74;-1290.50;0.00
0.30;8.79;39.27;3141.73;2197.94;-943.79;0.00
0.19;10.30;47.96;3836.99;1664.30;-2172.69;0.00
0.26;8.92;40.55;3243.79;2026.11;-1217.68;0.00
0.24;9.81;42.19;3375.57;1913.02;-1462.55;0.00
0.25;10.42;43.64;3491.22;2046.47;-1444.75;0.00
0.27;10.22;40.48;3238.05;2121.12;-1116.93;0.00
0.25;9.85;44.90;3591.90;2017.06;-1574.84;0.00
0.24;9.21;38.24;3059.29;1922.17;-1137.12;0.00
0.24;9.74;44.66;3572.79;1932.17;-1640.62;0.00
0.24;10.06;37.85;3028.36;1968.86;-1059.50;0.00
0.27;9.95;37.62;3009.68;2118.79;-890.89;0.00
0.23;8.30;36.95;2956.27;1784.64;-1171.62;0.00
0.25;10.27;42.45;3396.38;2033.78;-1362.60;0.00
0.28;10.23;36.50;2919.85;2179.26;-740.59;0.00
0.30;11.46;38.80;3104.07;2378.33;-725.74;0.00
0.24;10.43;37.14;2971.48;1982.44;-989.04;0.00
0.26;11.19;38.27;3061.80;2101.37;-960.43;0.00
0.27;9.43;34.29;2743.25;2070.32;-672.93;0.00
0.24;8.50;43.07;3445.69;1830.15;-1615.54;0.00
0.25;10.73;40.30;3224.09;2046.50;-1177.60;0.00
0.24;10.34;42.54;3402.93;1930.32;-1472.61;0.00
0.27;9.43;29.14;2330.84;2097.42;-233.42;0.00
0.19;9.57;43.54;3483.17;1635.73;-1847.44;0.00
0.25;11.57;35.40;2832.39;2086.69;-745.70;0.00
0.23;9.95;36.18;2894.39;1853.26;-1041.13;0.00
0.28;9.14;34.12;2729.23;2097.87;-631.37;0.00
0.23;8.91;35.26;2820.72;1798.91;-1021.81;0.00
0.26;7.78;42.97;3437.95;1943.46;-1494.50;0.00
0.27;10.71;31.55;2524.27;2133.29;-390.98;0.00
0.28;8.40;39.63;3170.68;2083.99;-1086.69;0.00
0.24;9.59;38.66;3093.14;1904.56;-1188.58;0.00
0.23;10.08;43.99;3518.85;1905.62;-1613.24;0.00
0.25;11.10;38.74;3099.25;2066.74;-1032.51;0.00
0.26;8.82;34.20;2736.06;2007.45;-728.61;0.00
0.22;9.57;41.38;3310.18;1797.26;-1512.92;0.00
0.24;9.66;45.42;3633.54;1895.61;-1737.92;0.00
0.26;9.51;36.99;2959.38;2040.62;-918.76;0.00
0.27;8.35;39.60;3167.63;2013.93;-1153.70;0.00
0.24;9.70;42.43;3394.04;1938.39;-1455.65;0.00
0.23;9.62;39.71;3176.72;1889.72;-1287.00;0.00
0.26;10.40;43.79;3502.98;2099.39;-1403.59;0.00
0.22;10.35;44.01;3520.41;1858.87;-1661.53;0.00
0.24;10.95;36.77;2941.74;2007.77;-933.96;0.00
0.27;10.36;37.09;2966.97;2162.48;-804.49;0.00
0.25;10.69;36.77;2941.64;2031.38;-910.26;0.00
0.26;9.19;44.68;3574.65;2017.65;-1556.99;0.00
0.23;9.18;38.68;3094.47;1864.41;-1230.07;0.00
0.29;10.44;46.63;3730.38;2240.88;-1489.50;0.00
0.31;11.26;32.00;2559.87;2388.85;-171.01;0.00
0.28;11.67;40.49;3239.07;2256.40;-982.66;0.00
0.28;8.20;45.87;3669.28;2081.99;-1587.29;0.00
0.23;9.71;40.45;3235.64;1861.07;-1374.57;0.00
0.26;9.11;46.86;3749.06;2025.31;-1723.75;0.00
0.24;9.16;42.62;3409.49;1900.21;-1509.28;0.00
0.23;10.21;30.89;2471.54;1882.52;-589.01;0.00
0.29;10.03;34.60;2768.10;2213.50;-554.61;0.00
0.24;9.75;45.18;3614.71;1934.14;-1680.57;0.00
0.25;11.26;45.35;3627.79;2062.34;-1565.45;0.00
0.26;10.45;40.69;3255.54;2104.49;-1151.05;0.00
0.25;9.68;46.00;3680.30;1987.42;-1692.88;0.00
0.27;7.33;31.70;2536.10;1969.44;-566.67;0.00
0.23;10.94;38.90;3111.80;1910.72;-1201.08;0.00
0.26;10.00;43.69;3495.20;2030.97;-1464.23;0.00
0.23;10.13;33.79;2703.39;1882.11;-821.28;0.00
0.23;12.05;35.34;2827.29;2006.76;-820.53;0.00
0.25;9.51;50.75;4060.25;1945.86;-2114.39;0.00
0.22;10.55;35.46;2836.62;1855.30;-981.33;0.00
0.28;11.11;36.06;2885.05;2214.24;-670.82;0.00
0.25;9.78;45.35;3628.35;1974.02;-1654.33;0.00
0.23;9.50;50.12;4009.34;1865.17;-2144.17;0.00
0.25;9.89;42.58;3406.79;2004.80;-1401.99;0.00
0.24;10.35;39.79;3183.21;1972.52;-1210.69;0.00
0.25;11.88;40.06;3205.19;2114.80;-1090.39;0.00
0.27;8.57;43.44;3475.21;2054.72;-1420.50;0.00
0.24;9.06;38.91;3112.50;1868.15;-1244.35;0.00
0.22;10.76;41.41;3312.94;1845.02;-1467.91;0.00
0.24;11.25;38.54;3082.91;2004.91;-1078.00;0.00
0.23;10.89;37.73;3018.56;1902.25;-1116.31;0.00
0.27;8.84;32.47;2597.28;2049.18;-548.10;0.00
0.25;10.35;36.32;2905.47;1992.12;-913.35;0.00
0.26;9.69;37.87;3029.82;2014.70;-1015.11;0.00
0.25;10.10;42.15;3372.22;1987.66;-1384.56;0.00
0.25;11.53;40.95;3275.96;2080.57;-1195.39;0.00
0.22;9.74;36.08;2886.58;1822.15;-1064.43;0.00
0.26;9.31;43.57;3485.25;1990.02;-1495.23;0.00
0.28;9.95;40.21;3216.41;2154.22;-1062.19;0.00
0.23;9.23;50.45;4036.08;1861.54;-2174.55;0.00
0.25;8.86;41.16;3292.77;1949.18;-1343.58;0.00
0.26;11.21;38.41;3072.84;2128.11;-944.74;0.00
0.28;8.97;47.05;3764.35;2134.32;-1630.02;0.00
0.25;11.38;41.37;3309.87;2071.56;-1238.31;0.00
0.28;10.50;35.37;2829.48;2184.16;-645.31;0.00
0.25;11.73;35.36;2828.91;2066.03;-762.88;0.00
0.22;11.15;33.47;2677.79;1862.57;-815.22;0.00
0.25;10.71;40.01;3200.56;2022.50;-1178.07;0.00
0.24;10.01;32.91;2633.05;1949.75;-683.31;0.00
0.24;12.24;37.70;3016.09;2053.85;-962.24;0.00
0.31;9.55;39.65;3171.86;2308.50;-863.35;0.00
0.24;9.29;40.69;3254.88;1886.57;-1368.31;0.00
0.24;9.30;36.59;2926.94;1930.29;-996.65;0.00
0.27;10.32;39.97;3197.60;2154.63;-1042.97;0.00
0.25;11.52;39.68;3174.26;2095.51;-1078.75;0.00
0.22;11.06;35.41;2832.67;1884.07;-948.61;0.00
0.20;9.57;37.18;2974.79;1698.59;-1276.20;0.00
0.24;10.53;39.47;3157.64;1989.71;-1167.93;0.00
0.28;10.26;40.82;3265.87;2160.87;-1104.99;0.00
0.26;10.70;37.63;3010.33;2087.23;-923.10;0.00
0.25;9.10;41.04;3283.25;1927.95;-1355.29;0.00
0.26;10.04;46.92;3753.70;2060.46;-1693.24;0.00
0.19;9.57;30.16;2413.09;1621.94;-791.16;0.00
0.31;11.58;36.46;2917.04;2441.02;-476.03;0.00
0.27;10.93;34.39;2750.97;2138.89;-612.08;0.00
0.25;12.02;35.51;2840.92;2081.24;-759.68;0.00
0.28;9.51;40.17;3213.90;2164.72;-1049.18;0.00
0.26;8.38;45.39;3631.02;1953.77;-1677.25;0.00
0.26;9.66;36.90;2952.34;2018.20;-934.14;0.00
0.23;9.79;31.01;2480.97;1893.47;-587.49;0.00
0.24;10.87;28.48;2278.13;1990.71;-287.43;0.00
0.21;10.31;31.55;2523.79;1763.96;-759.84;0.00
0.21;10.02;39.07;3125.31;1757.65;-1367.66;0.00
0.28;9.42;40.32;3225.99;2149.11;-1076.88;0.00
0.23;10.65;47.24;3778.81;1913.90;-1864.92;0.00
0.23;11.65;38.64;3091.51;1965.41;-1126.10;0.00
0.26;10.61;37.84;3026.90;2060.41;-966.49;0.00
0.24;10.97;39.39;3151.52;1995.77;-1155.75;0.00
0.26;11.65;43.85;3508.34;2172.11;-1336.23;0.00
0.22;9.27;45.87;3669.95;1759.79;-1910.16;0.00
0.23;9.62;44.32;3545.30;1850.43;-1694.87;0.00
0.22;10.84;43.55;3484.34;1843.17;-1641.17;0.00
0.23;9.67;35.44;2835.34;1886.55;-948.79;0.00
0.23;9.39;42.72;3417.54;1845.50;-1572.04;0.00
0.25;8.64;41.68;3334.76;1949.27;-1385.49;0.00
0.20;9.79;38.04;3043.23;1692.59;-1350.64;0.00
0.24;12.41;43.02;3441.53;2083.57;-1357.96;0.00
0.19;10.74;52.94;4235.02;1679.55;-2555.47;0.00
0.27;11.75;44.07;3525.43;2185.59;-1339.84;0.00
0.26;10.48;41.16;3292.87;2053.35;-1239.52;0.00
0.22;9.24;45.15;3612.31;1754.16;-1858.15;0.00
0.28;11.54;40.78;3262.20;2232.24;-1029.96;0.00
0.28;9.93;44.83;3586.29;2142.00;-1444.29;0.00
0.30;9.90;38.57;3085.48;2280.67;-804.81;0.00
0.27;10.26;41.49;3319.14;2106.44;-1212.70;0.00
0.23;9.91;44.61;3568.70;1886.49;-1682.21;0.00
0.27;10.90;43.11;3448.83;2163.96;-1284.87;0.00
0.29;8.92;35.33;2826.32;2172.79;-653.54;0.00
0.26;11.85;39.86;3188.67;2146.94;-1041.74;0.00
0.25;9.82;34.95;2795.96;1971.07;-824.89;0.00
0.19;11.93;41.84;3347.52;1760.23;-1587.29;0.00
0.24;9.25;40.75;3260.03;1903.68;-1356.35;0.00
0.20;9.06;43.90;3512.31;1671.79;-1840.52;0.00
0.27;11.22;45.29;3623.10;2171.06;-1452.03;0.00
0.25;11.61;35.72;2857.56;2060.96;-796.59;0.00
0.25;10.87;42.59;3407.36;2047.06;-1360.30;0.00
0.26;10.18;43.22;3457.81;2088.56;-1369.25;0.00
0.26;9.90;36.74;2939.31;2071.78;-867.53;0.00
0.22;10.26;39.22;3137.74;1817.19;-1320.54;0.00
0.25;9.60;44.15;3532.38;1952.47;-1579.91;0.00
0.23;10.72;49.05;3923.87;1903.62;-2020.25;0.00
0.25;10.70;39.56;3164.91;2044.35;-1120.55;0.00
0.22;9.52;45.45;3636.14;1818.20;-1817.94;0.00
0.21;11.60;37.31;2984.61;1826.09;-1158.52;0.00
0.22;10.28;37.90;3032.06;1851.80;-1180.26;0.00
0.26;10.41;53.14;4251.32;2096.17;-2155.15;0.00
0.25;10.05;37.35;2987.78;2016.17;-971.61;0.00
0.29;10.62;33.68;2694.63;2237.55;-457.08;0.00
0.24;7.66;43.97;3517.95;1842.17;-1675.78;0.00
0.21;10.24;47.79;3823.33;1797.03;-2026.31;0.00
0.26;10.15;41.59;3327.48;2080.16;-1247.32;0.00
0.22;8.46;41.08;3286.75;1765.12;-1521.63;0.00
0.21;10.28;37.68;3014.21;1798.60;-1215.61;0.00
0.30;11.26;46.65;3732.33;2340.13;-1392.20;0.00
0.29;9.63;36.53;2922.35;2225.91;-696.44;0.00
0.27;11.83;45.62;3649.40;2204.74;-1444.66;0.00
0.28;10.01;37.64;3011.05;2166.74;-844.30;0.00
0.27;10.76;39.83;3186.66;2177.14;-1009.52;0.00
0.20;11.01;33.45;2675.89;1777.41;-898.48;0.00
0.26;9.67;41.85;3348.02;2050.07;-1297.95;0.00
0.27;10.02;39.84;3187.21;2105.57;-1081.64;0.00
0.28;9.71;31.28;2502.26;2140.80;-361.46;0.00
0.26;10.30;40.15;3212.38;2059.45;-1152.93;0.00
0.24;11.06;41.91;3352.47;2025.61;-1326.86;0.00
0.20;10.78;46.54;3723.23;1754.40;-1968.83;0.00
0.23;11.39;45.83;3666.58;1977.56;-1689.02;0.00
0.27;10.22;51.04;4083.22;2144.93;-1938.30;0.00
0.24;11.22;37.05;2963.95;2020.93;-943.02;0.00
0.24;11.64;34.91;2792.54;2006.53;-786.02;0.00
0.23;11.91;42.11;3368.72;1956.06;-1412.66;0.00
0.18;9.76;39.14;3131.22;1572.42;-1558.80;0.00
0.23;6.82;35.02;2801.56;1723.01;-1078.56;0.00
0.28;10.02;41.06;3285.18;2183.62;-1101.56;0.00
0.28;9.79;40.01;3200.93;2147.93;-1052.99;0.00
0.27;10.34;39.06;3124.77;2123.47;-1001.30;0.00
0.27;10.68;42.91;3432.58;2123.60;-1308.98;0.00
0.26;10.37;37.97;3037.59;2074.16;-963.44;0.00
0.29;10.18;49.03;3922.23;2246.24;-1675.99;0.00
0.25;11.04;43.08;3446.32;2044.55;-1401.77;0.00
0.25;9.21;43.48;3478.01;1934.97;-1543.03;0.00
0.28;11.31;32.12;2569.49;2243.88;-325.60;0.00
0.26;10.19;39.27;3141.41;2049.93;-1091.48;0.00
0.25;10.30;42.72;3417.37;1986.63;-1430.74;0.00
0.22;10.14;42.89;3430.88;1831.20;-1599.68;0.00
0.30;9.24;38.54;3082.90;2223.58;-859.33;0.00
0.27;9.35;42.58;3406.60;2087.95;-1318.65;0.00
0.27;10.27;42.37;3389.71;2101.31;-1288.40;0.00
0.22;8.13;39.06;3124.45;1712.11;-1412.34;0.00
0.23;8.22;32.53;2602.46;1795.26;-807.20;0.00
0.25;9.15;35.78;2862.46;1947.84;-914.62;0.00
0.28;10.02;36.29;2903.20;2196.18;-707.02;0.00
0.24;10.25;37.70;3016.35;1964.12;-1052.23;0.00
0.28;9.20;46.21;3696.78;2105.20;-1591.58;0.00
0.21;9.79;39.72;3177.96;1728.81;-1449.15;0.00
0.28;9.26;34.80;2783.79;2141.77;-642.03;0.00
0.25;9.75;36.87;2949.98;1993.76;-956.22;0.00
0.23;7.55;43.20;3456.30;1731.90;-1724.40;0.00
0.24;8.48;42.67;3413.73;1851.00;-1562.73;0.00
0.26;10.31;46.80;3744.20;2045.24;-1698.96;0.00
0.25;8.22;38.56;3085.00;1875.38;-1209.62;0.00
0.26;10.52;41.33;3306.09;2081.05;-1225.05;0.00
0.22;10.17;36.68;2934.45;1809.59;-1124.86;0.00
0.24;10.26;43.43;3474.10;1972.90;-1501.20;0.00
0.26;11.08;42.00;3359.71;2120.43;-1239.28;0.00
0.29;9.00;41.13;3290.73;2183.24;-1107.48;0.00
0.26;9.02;39.17;3133.37;2021.21;-1112.16;0.00
0.23;8.72;29.20;2336.40;1831.03;-505.37;0.00
0.24;10.49;39.46;3156.88;1950.94;-1205.94;0.00
0.20;11.96;52.83;4226.47;1812.51;-2413.96;0.00
0.27;8.63;40.98;3278.68;2065.65;-1213.03;0.00
0.26;10.76;47.57;3805.35;2112.86;-1692.49;0.00
0.24;11.47;38.78;3102.62;2033.73;-1068.89;0.00
0.27;10.16;38.78;3102.27;2112.69;-989.59;0.00
0.28;10.06;40.35;3228.10;2160.12;-1067.99;0.00
0.24;9.95;38.62;3089.64;1965.84;-1123.80;0.00
0.24;10.01;44.77;3581.54;1920.94;-1660.60;0.00
0.22;11.30;36.72;2937.35;1865.49;-1071.86;0.00
0.21;10.50;41.27;3301.96;1785.09;-1516.87;0.00
0.25;9.78;33.40;2672.20;1959.96;-712.24;0.00
0.26;9.95;39.13;3130.50;2056.12;-1074.38;0.00
0.22;9.59;46.01;3681.16;1791.53;-1889.63;0.00
0.25;12.06;44.41;3552.40;2081.50;-1470.90;0.00
0.23;11.61;36.43;2914.09;1980.53;-933.56;0.00
0.24;10.55;40.61;3249.05;1995.06;-1253.99;0.00
0.23;9.25;43.14;3450.99;1860.15;-1590.84;0.00
0.27;9.59;40.03;3202.51;2100.53;-1101.98;0.00
0.24;11.75;40.06;3204.51;2016.42;-1188.09;0.00
0.21;10.51;33.60;2688.32;1805.16;-883.16;0.00
0.25;9.91;35.65;2852.19;1985.78;-866.41;0.00
0.22;8.35;42.28;3382.46;1711.75;-1670.71;0.00
0.27;10.38;38.46;3077.05;2117.26;-959.79;0.00
0.27;10.42;39.34;3147.01;2115.21;-1031.80;0.00
0.26;10.73;50.24;4018.82;2107.16;-1911.65;0.00
0.29;10.12;39.74;3179.13;2208.79;-970.34;0.00
0.24;11.33;42.46;3396.46;1990.88;-1405.59;0.00
0.25;9.14;39.17;3133.73;1964.00;-1169.73;0.00
0.25;9.43;45.28;3622.78;1960.85;-1661.93;0.00
0.21;10.38;42.01;3360.45;1766.58;-1593.87;0.00
0.25;10.08;37.04;2963.51;1983.40;-980.12;0.00
0.28;10.73;34.16;2732.47;2212.93;-519.55;0.00
0.23;8.49;36.49;2919.39;1784.23;-1135.16;0.00
0.21;7.91;44.62;3569.21;1680.56;-1888.65;0.00
0.24;10.95;41.16;3292.67;2007.77;-1284.90;0.00
0.23;10.84;47.10;3767.70;1941.57;-1826.13;0.00
0.25;9.58;44.72;3577.76;2003.57;-1574.19;0.00
0.25;9.17;41.17;3293.45;1938.80;-1354.65;0.00
0.28;9.42;42.82;3425.81;2140.56;-1285.25;0.00
0.24;7.47;36.78;2942.27;1814.24;-1128.03;0.00
0.24;10.42;42.53;3402.17;1988.86;-1413.31;0.00
0.24;9.45;42.91;3433.01;1937.51;-1495.50;0.00
0.25;10.56;39.73;3178.01;2002.69;-1175.32;0.00
0.23;10.93;41.32;3305.80;1960.73;-1345.08;0.00
0.26;10.13;45.96;3676.90;2042.11;-1634.79;0.00
0.23;12.16;42.63;3410.78;1969.57;-1441.22;0.00
0.22;10.82;33.14;2651.45;1854.09;-797.36;0.00
0.22;10.96;45.97;3677.62;1889.59;-1788.02;0.00
0.24;11.39;44.57;3565.27;2002.13;-1563.14;0.00
0.23;10.42;33.45;2675.69;1925.26;-750.44;0.00
0.22;9.71;35.47;2837.33;1795.89;-1041.45;0.00
0.21;10.17;36.25;2900.03;1751.59;-1148.44;0.00
0.23;8.65;43.77;3501.47;1828.58;-1672.89;0.00
0.31;9.95;42.28;3382.02;2367.31;-1014.71;0.00
0.27;10.10;34.73;2778.26;2092.27;-685.99;0.00
0.25;10.52;34.32;2745.63;2020.28;-725.36;0.00
0.29;8.45;38.08;3046.26;2128.22;-918.04;0.00
0.24;8.48;40.38;3230.74;1880.86;-1349.88;0.00
0.20;10.03;43.00;3440.22;1730.30;-1709.92;0.00
0.24;10.51;37.19;2974.81;1968.90;-1005.91;0.00
0.27;12.65;38.79;3103.30;2250.73;-852.57;0.00
0.25;8.55;39.81;3184.99;1922.11;-1262.88;0.00
0.25;10.63;43.80;3504.26;2052.47;-1451.79;0.00
0.26;11.71;42.24;3379.37;2126.24;-1253.13;0.00
0.22;8.93;36.04;2883.35;1791.09;-1092.26;0.00
0.25;9.98;47.20;3776.13;2019.61;-1756.52;0.00
0.28;9.57;45.76;3660.75;2137.61;-1523.14;0.00
0.26;8.70;40.66;3252.77;2011.46;-1241.30;0.00
0.29;8.99;42.17;3373.28;2165.94;-1207.34;0.00
0.26;10.22;35.36;2829.10;2091.00;-738.10;0.00
0.24;11.64;38.90;3111.61;2018.22;-1093.39;0.00
0.29;11.42;33.09;2647.25;2329.22;-318.03;0.00
0.28;10.66;45.32;3625.65;2231.87;-1393.77;0.00
0.27;9.29;34.65;2772.32;2091.93;-680.39;0.00
0.23;9.85;46.05;3684.06;1880.87;-1803.20;0.00
0.19;9.36;35.27;2821.44;1612.65;-1208.78;0.00
0.26;9.45;37.12;2969.97;2042.61;-927.36;0.00
0.24;10.99;37.72;3017.85;1989.25;-1028.60;0.00
0.25;10.28;31.50;2519.77;2020.37;-499.40;0.00
0.27;11.12;50.10;4008.36;2175.76;-1832.60;0.00
0.24;9.68;33.21;2657.04;1901.57;-755.47;0.00
0.24;10.16;41.34;3307.41;1933.86;-1373.55;0.00
0.26;9.81;34.30;2743.62;2068.30;-675.32;0.00
0.27;10.86;40.29;3222.85;2152.99;-1069.86;0.00
0.25;11.41;41.66;3332.57;2070.68;-1261.89;0.00
0.28;9.82;45.71;3657.11;2150.13;-1506.98;0.00
0.28;10.90;40.14;3211.52;2221.20;-990.32;0.00
0.24;10.29;39.12;3129.36;1959.17;-1170.19;0.00
0.27;9.80;46.40;3711.74;2113.66;-1598.08;0.00
0.27;10.80;39.22;3138.00;2162.52;-975.48;0.00
0.23;12.46;43.80;3503.70;2039.02;-1464.68;0.00
0.22;10.86;45.11;3608.98;1883.52;-1725.46;0.00
0.27;9.09;43.48;3478.63;2049.31;-1429.32;0.00
0.25;10.34;37.29;2982.89;2029.76;-953.14;0.00
0.24;10.66;36.63;2930.71;1953.54;-977.17;0.00
0.31;8.21;37.95;3035.67;2250.83;-784.84;0.00
0.30;8.24;39.22;3137.40;2177.11;-960.28;0.00
0.23;10.79;43.99;3519.42;1926.22;-1593.20;0.00
0.28;10.75;44.58;3566.02;2198.85;-1367.17;0.00
0.30;11.85;36.73;2938.04;2376.51;-561.53;0.00
0.26;11.08;43.59;3487.36;2126.60;-1360.75;0.00
0.23;9.19;46.88;3750.32;1853.77;-1896.55;0.00
0.26;11.53;43.04;3443.38;2126.04;-1317.34;0.00
0.24;9.92;35.97;2877.95;1933.84;-944.10;0.00
0.27;9.66;42.75;3420.32;2117.88;-1302.44;0.00
0.25;12.31;38.85;3107.90;2137.17;-970.73;0.00
0.23;11.20;41.59;3327.13;1927.28;-1399.86;0.00
0.25;8.63;49.41;3952.85;1901.33;-2051.52;0.00
0.29;10.46;36.25;2899.61;2260.22;-639.39;0.00
0.27;11.44;42.90;3431.76;2216.22;-1215.54;0.00
0.25;9.76;49.85;3987.72;1957.98;-2029.73;0.00
0.23;11.41;37.61;3008.89;1975.63;-1033.26;0.00
0.23;9.93;40.34;3227.40;1880.45;-1346.95;0.00
0.28;9.90;38.07;3045.96;2164.13;-881.83;0.00
0.22;11.28;42.97;3437.92;1874.03;-1563.89;0.00
0.29;11.41;31.78;2542.32;2282.27;-260.05;0.00
0.23;10.19;41.72;3337.68;1865.39;-1472.28;0.00
0.21;9.23;40.23;3218.29;1719.72;-1498.56;0.00
0.30;9.18;38.42;3073.35;2242.66;-830.69;0.00
0.24;9.49;41.61;3328.80;1930.08;-1398.72;0.00
0.22;8.42;44.40;3552.37;1724.52;-1827.85;0.00
0.27;11.22;39.46;3156.55;2163.06;-993.49;0.00
0.26;10.60;41.66;3333.19;2089.06;-1244.13;0.00
0.26;11.32;43.47;3477.62;2110.10;-1367.52;0.00
0.27;10.89;39.41;3152.69;2143.13;-1009.56;0.00
0.23;11.28;43.28;3462.57;1938.25;-1524.32;0.00
0.23;10.49;41.62;3329.96;1913.04;-1416.92;0.00
0.23;10.06;47.83;3826.60;1897.41;-1929.19;0.00
0.20;10.94;39.14;3130.99;1732.26;-1398.73;0.00
0.30;11.52;35.18;2814.53;2362.53;-452.00;0.00
0.25;9.50;39.30;3143.96;1960.13;-1183.83;0.00
0.24;10.29;33.67;2693.91;1958.59;-735.31;0.00
0.27;8.87;38.15;3052.11;2031.46;-1020.65;0.00
0.29;10.93;39.82;3185.27;2266.18;-919.08;0.00
0.25;11.23;47.12;3769.58;2061.83;-1707.75;0.00
0.27;12.41;40.09;3206.92;2249.58;-957.34;0.00
0.24;9.49;42.77;3421.26;1914.85;-1506.41;0.00
0.19;10.01;45.97;3677.92;1641.61;-2036.31;0.00
0.23;9.82;30.58;2446.63;1865.60;-581.03;0.00
0.22;10.33;41.35;3307.65;1826.30;-1481.35;0.00
0.29;9.60;39.98;3198.46;2223.44;-975.02;0.00
0.27;10.78;45.19;3615.26;2140.55;-1474.71;0.00
0.26;10.02;37.79;3022.82;2035.59;-987.23;0.00
0.24;11.73;35.40;2832.24;2060.33;-771.91;0.00
0.25;10.19;40.62;3249.28;1994.92;-1254.37;0.00
0.24;10.53;39.57;3165.91;1962.26;-1203.65;0.00
0.25;11.71;44.13;3530.14;2078.84;-1451.30;0.00
0.23;12.55;39.31;3144.73;2008.70;-1136.03;0.00
0.28;11.16;29.66;2372.56;2249.38;-123.18;0.00
0.25;9.64;34.65;2771.74;1966.88;-804.86;0.00
0.24;9.43;38.34;3067.05;1896.09;-1170.96;0.00
0.24;8.79;48.87;3909.79;1855.91;-2053.88;0.00
0.26;11.93;44.26;3540.84;2174.82;-1366.02;0.00
0.24;10.37;28.70;2296.35;1958.72;-337.63;0.00
0.25;10.15;35.47;2837.84;2032.95;-804.90;0.00
0.24;10.84;37.07;2965.33;2000.69;-964.64;0.00
0.24;9.10;43.33;3466.51;1870.87;-1595.64;0.00
0.22;10.00;47.08;3766.45;1809.69;-1956.77;0.00
0.23;10.50;27.06;2164.65;1932.92;-231.73;0.00
0.22;10.14;42.86;3428.91;1840.57;-1588.34;0.00
0.29;10.45;34.97;2797.51;2263.77;-533.73;0.00
0.29;9.41;39.59;3166.83;2184.15;-982.68;0.00
0.21;10.35;34.45;2755.67;1766.57;-989.10;0.00
0.26;10.97;38.00;3039.66;2115.98;-923.68;0.00
0.26;9.30;36.07;2885.93;2001.59;-884.33;0.00
0.26;10.73;41.29;3303.15;2120.20;-1182.95;0.00
0.23;8.39;45.36;3628.49;1768.43;-1860.06;0.00
0.24;10.95;34.45;2756.12;1983.42;-772.69;0.00
0.25;9.53;41.66;3332.85;1949.06;-1383.79;0.00
0.25;10.68;42.01;3360.80;2046.17;-1314.64;0.00
0.25;8.86;42.37;3389.47;1939.68;-1449.78;0.00
0.23;7.93;34.03;2722.77;1750.76;-972.01;0.00
0.24;10.70;41.29;3303.49;1989.08;-1314.40;0.00
0.25;9.84;41.18;3294.46;2007.31;-1287.15;0.00
0.27;8.51;38.33;3066.45;2006.35;-1060.09;0.00
0.28;8.93;40.93;3274.07;2142.82;-1131.25;0.00
0.23;9.02;35.15;2812.40;1805.89;-1006.51;0.00
0.21;10.66;41.55;3324.26;1814.34;-1509.92;0.00
0.27;10.54;44.02;3521.86;2120.00;-1401.86;0.00
0.21;10.68;32.26;2581.17;1816.58;-764.59;0.00
0.22;10.25;47.53;3802.72;1833.97;-1968.75;0.00
0.25;8.85;37.92;3033.25;1919.97;-1113.28;0.00
0.23;10.87;39.77;3181.62;1902.54;-1279.07;0.00
0.25;9.76;38.19;3055.41;2008.32;-1047.09;0.00
0.26;9.28;38.63;3090.36;2004.61;-1085.75;0.00
0.26;11.60;35.97;2877.63;2125.69;-751.94;0.00
0.22;8.82;37.81;3024.43;1768.33;-1256.10;0.00
0.27;9.12;39.56;3165.07;2069.69;-1095.38;0.00
0.23;8.61;39.12;3129.84;1833.20;-1296.64;0.00
0.20;9.85;39.74;3179.50;1709.35;-1470.15;0.00
0.25;7.75;43.97;3517.98;1902.78;-1615.20;0.00
0.25;9.19;36.29;2903.19;1962.86;-940.33;0.00
0.28;10.55;44.28;3542.14;2177.05;-1365.09;0.00
0.26;8.68;41.59;3327.53;1965.11;-1362.42;0.00
0.25;9.05;38.77;3101.26;1974.78;-1126.48;0.00
0.24;10.19;40.00;3199.95;1928.03;-1271.92;0.00
0.24;8.79;44.91;3592.73;1846.79;-1745.94;0.00
0.23;11.37;40.14;3211.30;1935.51;-1275.79;0.00
0.23;11.10;41.34;3306.89;1965.78;-1341.11;0.00
0.26;9.41;40.80;3264.22;2046.14;-1218.08;0.00
0.22;10.87;33.58;2686.55;1842.16;-844.39;0.00
0.27;11.60;40.88;3270.36;2199.62;-1070.74;0.00
0.24;10.27;36.88;2950.36;1929.80;-1020.56;0.00
0.21;11.34;37.22;2977.84;1854.45;-1123.39;0.00
0.26;12.20;32.43;2594.73;2161.86;-432.87;0.00
0.30;8.13;45.58;3646.13;2193.33;-1452.80;0.00
0.30;9.03;52.67;4213.79;2235.14;-1978.65;0.00
0.21;11.47;39.82;3185.90;1871.34;-1314.56;0.00
0.29;10.38;50.40;4031.90;2235.74;-1796.16;0.00
0.22;9.79;35.18;2814.76;1822.03;-992.73;0.00
0.21;9.85;44.27;3541.90;1767.84;-1774.06;0.00
0.25;8.59;33.34;2666.81;1931.81;-735.00;0.00
0.26;10.15;45.08;3606.62;2070.73;-1535.89;0.00
0.29;10.47;41.79;3343.50;2255.34;-1088.17;0.00
0.27;11.43;28.13;2250.70;2201.23;-49.47;0.00
0.22;12.10;41.09;3287.19;1916.22;-1370.97;0.00
0.27;11.09;36.16;2892.63;2177.65;-714.99;0.00
0.21;9.88;38.15;3052.39;1744.75;-1307.63;0.00
0.24;9.37;30.46;2437.13;1919.98;-517.15;0.00
0.24;9.65;47.61;3809.02;1949.74;-1859.27;0.00
0.25;8.08;45.61;3648.95;1872.43;-1776.52;0.00
0.30;10.51;40.96;3276.66;2346.04;-930.62;0.00
0.22;9.42;43.76;3501.06;1797.12;-1703.93;0.00
0.24;10.74;43.28;3462.51;1994.56;-1467.95;0.00
0.24;9.78;43.68;3494.33;1947.52;-1546.80;0.00
0.20;11.97;50.69;4055.55;1822.86;-2232.69;0.00
0.28;12.55;38.07;3045.42;2335.46;-709.97;0.00
0.22;11.40;38.24;3059.58;1876.32;-1183.27;0.00
0.24;9.70;42.38;3390.63;1945.89;-1444.74;0.00
0.29;11.68;38.08;3046.68;2302.36;-744.32;0.00
0.25;10.69;37.85;3028.04;2040.26;-987.78;0.00
0.26;10.68;35.28;2822.40;2079.01;-743.39;0.00
0.23;9.62;44.70;3576.39;1861.14;-1715.25;0.00
0.25;10.43;43.17;3453.59;2015.27;-1438.33;0.00
0.22;9.19;47.18;3774.32;1754.51;-2019.81;0.00
0.25;11.08;43.03;3442.47;2038.09;-1404.38;0.00
0.24;9.69;40.01;3200.64;1900.25;-1300.39;0.00
0.25;9.34;38.08;3046.35;1988.50;-1057.85;0.00
0.25;10.20;35.51;2840.98;2034.39;-806.59;0.00
0.24;13.04;36.95;2956.15;2106.70;-849.45;0.00
0.25;10.01;46.19;3694.81;2008.27;-1686.55;0.00
0.30;7.71;46.13;3690.07;2144.55;-1545.52;0.00
0.23;9.59;35.10;2807.94;1853.14;-954.80;0.00
0.21;8.84;41.30;3304.23;1705.34;-1598.90;0.00
0.25;11.34;43.89;3511.53;2096.48;-1415.05;0.00
0.28;11.46;34.82;2785.28;2231.50;-553.78;0.00
0.21;11.51;37.64;3011.18;1843.22;-1167.96;0.00
0.26;12.25;39.29;3143.29;2174.39;-968.90;0.00
0.24;11.29;39.74;3179.44;2034.20;-1145.24;0.00
0.24;10.28;41.69;3335.57;1969.91;-1365.66;0.00
0.25;11.09;43.58;3486.67;2078.05;-1408.62;0.00
0.26;10.33;43.88;3510.51;2085.68;-1424.84;0.00
0.23;8.75;40.86;3268.44;1826.99;-1441.45;0.00
0.25;11.70;35.04;2802.85;2105.42;-697.43;0.00
0.25;10.88;39.21;3136.62;2068.08;-1068.54;0.00
0.23;11.32;34.96;2796.93;1955.00;-841.93;0.00
0.27;10.10;40.70;3256.36;2135.17;-1121.19;0.00
0.23;10.06;43.19;3454.80;1901.17;-1553.64;0.00
0.22;9.43;37.93;3034.10;1768.13;-1265.97;0.00
0.21;9.88;42.94;3434.90;1750.53;-1684.37;0.00
0.28;11.69;34.53;2762.19;2282.39;-479.80;0.00
0.24;11.31;44.49;3559.09;2007.36;-1551.73;0.00
0.27;8.99;40.83;3266.09;2034.78;-1231.31;0.00
0.24;10.86;36.18;2894.50;1983.40;-911.10;0.00
0.28;11.24;29.32;2345.71;2217.70;-128.01;0.00
0.22;10.36;45.34;3626.82;1868.14;-1758.68;0.00
0.22;9.69;38.24;3059.56;1826.97;-1232.59;0.00
0.25;10.40;37.22;2977.24;2000.74;-976.51;0.00
0.24;8.22;39.15;3131.67;1857.25;-1274.42;0.00
0.26;9.84;44.00;3519.75;2067.15;-1452.60;0.00
0.22;7.39;37.59;3007.11;1679.60;-1327.51;0.00
0.26;11.77;47.59;3807.53;2163.81;-1643.72;0.00
0.22;9.67;37.05;2964.13;1799.51;-1164.62;0.00
0.25;10.82;50.89;4071.01;2033.07;-2037.94;0.00
0.29;10.04;39.22;3137.82;2252.33;-885.49;0.00
0.28;12.03;44.31;3544.78;2258.87;-1285.91;0.00
0.28;9.66;39.38;3150.33;2154.82;-995.51;0.00
0.22;9.59;43.10;3447.93;1774.76;-1673.17;0.00
0.22;9.55;42.97;3437.63;1805.54;-1632.09;0.00
0.20;10.62;40.95;3275.76;1722.78;-1552.98;0.00
0.25;9.86;39.83;3186.02;2002.57;-1183.45;0.00
0.26;10.71;42.21;3376.80;2099.03;-1277.77;0.00
0.21;10.77;38.78;3102.03;1804.12;-1297.91;0.00
0.30;9.82;29.75;2380.37;2261.80;-118.56;0.00
0.22;8.12;44.00;3519.78;1746.21;-1773.57;0.00
0.22;9.31;38.91;3112.60;1805.42;-1307.18;0.00
0.23;9.66;36.90;2951.69;1886.42;-1065.28;0.00
0.29;9.95;42.98;3438.22;2239.02;-1199.20;0.00
0.26;10.40;40.27;3221.39;2106.66;-1114.73;0.00
0.25;11.05;27.78;2222.34;2047.28;-175.07;0.00
0.26;8.45;48.20;3855.99;1974.53;-1881.46;0.00
0.25;9.88;34.84;2787.51;1965.59;-821.91;0.00
0.26;9.41;37.89;3030.95;2004.97;-1025.98;0.00
0.24;11.20;36.49;2918.86;1982.67;-936.19;0.00
0.31;11.36;38.78;3102.77;2440.64;-662.14;0.00
0.26;9.29;46.95;3755.83;2038.12;-1717.71;0.00
0.23;9.64;41.09;3287.42;1846.25;-1441.17;0.00
0.22;10.22;42.44;3395.07;1851.13;-1543.94;0.00
0.22;9.17;36.42;2913.67;1772.15;-1141.52;0.00
0.29;8.81;36.80;2944.27;2171.93;-772.34;0.00
0.24;11.71;39.43;3154.05;2060.65;-1093.40;0.00
0.23;12.80;32.25;2579.79;2032.08;-547.71;0.00
0.24;11.13;44.12;3529.42;1991.46;-1537.96;0.00
0.26;12.10;31.97;2557.45;2176.94;-380.52;0.00
0.24;9.17;35.95;2876.08;1894.92;-981.16;0.00
0.26;10.70;36.55;2923.71;2100.88;-822.83;0.00
0.29;8.83;49.33;3946.65;2139.04;-1807.61;0.00
0.24;9.25;39.29;3143.59;1909.63;-1233.95;0.00
0.26;11.09;37.20;2975.75;2142.43;-833.32;0.00
0.24;11.63;43.92;3513.35;2038.81;-1474.54;0.00
0.25;10.96;41.71;3336.72;2038.66;-1298.06;0.00
0.22;9.32;42.86;3428.72;1784.04;-1644.68;0.00
0.28;9.03;32.86;2628.73;2123.75;-504.98;0.00
0.22;11.96;42.05;3363.97;1910.38;-1453.58;0.00
0.22;11.42;35.80;2864.13;1892.05;-972.08;0.00
0.24;9.04;37.68;3014.15;1908.96;-1105.19;0.00
0.26;9.77;47.71;3816.71;2066.84;-1749.87;0.00
0.29;10.18;38.05;3044.34;2259.85;-784.49;0.00
0.27;11.11;36.55;2923.91;2186.95;-736.96;0.00
0.24;11.18;41.29;3303.05;2016.08;-1286.96;0.00
0.24;8.70;39.98;3198.15;1887.71;-1310.44;0.00
0.30;9.61;37.85;3027.90;2290.82;-737.08;0.00
0.20;13.09;41.65;3331.70;1891.65;-1440.05;0.00
0.23;8.39;39.24;3138.92;1793.29;-1345.63;0.00
0.23;11.24;42.41;3392.76;1970.72;-1422.04;0.00
0.24;8.96;35.53;2842.79;1857.74;-985.05;0.00
0.23;9.22;37.51;3000.88;1817.32;-1183.56;0.00
0.26;8.38;41.89;3351.24;1951.52;-1399.72;0.00
0.25;10.92;46.45;3715.62;2033.46;-1682.16;0.00
0.22;9.91;36.37;2909.78;1793.97;-1115.81;0.00
0.23;10.82;39.90;3191.66;1948.44;-1243.23;0.00
0.23;9.86;41.26;3301.11;1868.14;-1432.97;0.00
0.27;8.20;43.68;3494.48;2006.06;-1488.42;0.00
0.24;9.97;33.22;2657.80;1933.25;-724.55;0.00
0.25;9.90;42.93;3434.31;2003.21;-1431.10;0.00
0.25;8.06;37.03;2962.67;1889.53;-1073.14;0.00
0.25;11.88;49.17;3933.47;2124.11;-1809.36;0.00
0.28;11.44;47.43;3794.04;2237.55;-1556.49;0.00
0.28;11.41;38.51;3080.74;2267.34;-813.40;0.00
0.26;10.86;37.57;3005.45;2116.88;-888.57;0.00
0.25;9.20;36.65;2932.20;1970.00;-962.20;0.00
0.24;10.71;37.64;3011.45;1961.21;-1050.24;0.00
0.28;9.03;40.63;3250.26;2111.52;-1138.74;0.00
0.20;10.83;38.26;3060.42;1780.57;-1279.85;0.00
0.27;12.05;42.71;3417.02;2248.07;-1168.95;0.00
0.25;10.35;44.34;3546.87;2028.89;-1517.98;0.00
0.23;9.88;43.68;3494.21;1846.27;-1647.94;0.00
0.25;11.64;42.20;3376.03;2077.35;-1298.68;0.00
0.23;10.54;55.14;4410.96;1885.83;-2525.13;0.00
0.22;11.04;31.99;2559.12;1908.35;-650.76;0.00
0.30;8.25;48.55;3884.06;2187.60;-1696.45;0.00
0.27;9.44;40.16;3213.16;2103.57;-1109.58;0.00
0.25;9.57;35.31;2825.02;1983.27;-841.75;0.00
0.31;10.75;37.00;2959.71;2412.29;-547.42;0.00
0.24;9.45;36.73;2938.05;1923.95;-1014.09;0.00
0.25;10.09;42.95;3436.37;2029.57;-1406.80;0.00
0.27;10.81;35.22;2817.31;2139.71;-677.61;0.00
0.23;11.81;34.84;2787.00;1982.37;-804.63;0.00
0.26;11.50;42.38;3390.71;2125.61;-1265.10;0.00
0.26;9.81;42.07;3365.74;2026.68;-1339.06;0.00
0.25;8.39;41.12;3289.63;1909.41;-1380.21;0.00
0.25;10.83;37.75;3020.10;2037.26;-982.85;0.00
0.25;11.48;40.78;3262.64;2049.67;-1212.97;0.00
0.24;10.30;39.08;3126.37;1950.72;-1175.66;0.00
0.24;8.87;37.05;2964.09;1860.54;-1103.55;0.00
0.23;9.18;43.33;3466.64;1853.60;-1613.04;0.00
0.25;10.49;42.52;3401.90;2039.49;-1362.41;0.00
0.27;9.34;45.56;3644.47;2058.34;-1586.13;0.00
0.24;11.17;33.66;2692.87;1982.73;-710.14;0.00
0.29;11.13;40.96;3276.57;2266.57;-1010.00;0.00
0.21;10.00;39.66;3173.17;1779.89;-1393.28;0.00
0.24;8.77;41.35;3307.96;1864.82;-1443.14;0.00
0.26;10.42;41.25;3300.15;2070.15;-1230.00;0.00
0.24;10.37;38.05;3044.26;1952.52;-1091.73;0.00
0.26;9.18;39.27;3141.29;2021.49;-1119.80;0.00
0.28;9.67;36.26;2900.64;2155.00;-745.64;0.00
0.25;11.72;40.74;3259.18;2118.74;-1140.44;0.00
0.25;9.12;38.94;3115.57;1960.22;-1155.35;0.00
0.28;9.03;44.94;3595.13;2136.14;-1458.99;0.00
0.21;10.10;40.83;3266.32;1761.36;-1504.96;0.00
0.26;11.99;41.75;3339.89;2165.34;-1174.54;0.00
0.28;8.67;46.86;3749.10;2076.62;-1672.48;0.00
0.23;9.91;38.45;3076.12;1896.85;-1179.27;0.00
0.28;10.56;40.89;3271.12;2207.94;-1063.18;0.00
0.25;11.59;32.95;2636.26;2080.20;-556.07;0.00
0.26;11.32;34.38;2750.17;2098.50;-651.67;0.00
0.22;10.51;36.98;2958.14;1855.97;-1102.17;0.00
0.30;8.27;52.05;4164.23;2207.38;-1956.85;0.00
0.28;11.45;41.25;3300.32;2240.74;-1059.58;0.00
0.22;9.45;36.25;2899.66;1795.06;-1104.60;0.00
0.26;7.30;36.04;2883.53;1924.30;-959.23;0.00
0.28;10.58;43.86;3508.59;2182.34;-1326.24;0.00
0.25;9.53;38.17;3053.66;1945.15;-1108.51;0.00
0.22;9.88;45.98;3678.37;1824.12;-1854.25;0.00
0.27;9.78;35.94;2875.52;2104.48;-771.04;0.00
0.25;9.10;39.67;3173.22;1962.45;-1210.77;0.00
0.26;8.89;37.15;2971.75;1990.67;-981.08;0.00
0.19;11.93;45.98;3678.68;1773.87;-1904.82;0.00
0.26;9.47;37.62;3009.97;2051.60;-958.37;0.00
0.29;11.16;42.82;3425.45;2288.25;-1137.20;0.00
0.21;8.26;38.87;3109.99;1700.01;-1409.98;0.00
0.22;8.27;47.88;3830.43;1734.19;-2096.24;0.00
0.26;8.28;41.91;3352.56;1957.66;-1394.90;0.00
0.25;10.60;41.60;3327.65;2045.74;-1281.92;0.00
0.29;10.59;42.28;3382.46;2266.04;-1116.42;0.00
0.25;9.18;41.38;3310.42;1954.98;-1355.45;0.00
0.26;10.89;36.65;2931.83;2080.32;-851.52;0.00
0.26;12.01;41.43;3314.56;2183.27;-1131.29;0.00
0.24;9.39;38.81;3104.75;1920.89;-1183.86;0.00
0.28;9.93;46.65;3732.10;2180.44;-1551.66;0.00
0.22;9.20;30.55;2443.71;1779.42;-664.30;0.00
0.20;9.15;39.38;3150.61;1680.63;-1469.98;0.00
0.26;9.09;45.33;3626.04;2031.40;-1594.64;0.00
0.29;9.69;39.22;3137.38;2208.38;-929.00;0.00
0.28;13.11;29.11;2329.15;2330.88;1.72;1.00
0.20;8.95;40.98;3278.28;1637.77;-1640.52;0.00
0.20;11.71;33.84;2707.50;1799.61;-907.89;0.00
0.23;9.43;43.01;3440.60;1847.83;-1592.77;0.00
0.23;9.38;45.09;3606.89;1862.14;-1744.75;0.00
0.28;11.19;32.14;2570.95;2225.49;-345.45;0.00
0.26;9.87;43.38;3470.50;2042.01;-1428.49;0.00
0.29;7.52;37.95;3035.94;2074.03;-961.91;0.00
0.24;8.95;41.93;3354.25;1886.51;-1467.74;0.00
0.25;9.12;42.82;3425.25;1970.71;-1454.54;0.00
0.27;11.53;46.65;3731.82;2185.58;-1546.23;0.00
0.26;11.12;45.01;3601.18;2128.24;-1472.94;0.00
0.26;9.44;37.36;2988.74;2046.86;-941.88;0.00
0.24;11.22;40.42;3233.53;2022.86;-1210.67;0.00
0.23;7.91;38.53;3082.71;1795.20;-1287.50;0.00
0.23;10.14;39.43;3154.01;1914.54;-1239.47;0.00
0.28;8.78;49.69;3974.81;2120.26;-1854.55;0.00
0.26;10.54;40.00;3200.17;2058.66;-1141.51;0.00
0.24;9.79;38.30;3064.34;1953.57;-1110.77;0.00
0.23;8.12;48.02;3841.42;1754.83;-2086.59;0.00
0.28;9.07;44.08;3526.68;2131.39;-1395.29;0.00
0.26;10.06;39.56;3164.55;2051.44;-1113.10;0.00
0.26;8.26;42.24;3379.27;1936.85;-1442.43;0.00
0.23;10.10;41.32;3305.67;1858.88;-1446.79;0.00
0.27;9.25;40.18;3214.54;2059.79;-1154.74;0.00
0.20;10.96;44.88;3590.09;1766.69;-1823.40;0.00
0.28;10.99;31.97;2557.28;2216.80;-340.48;0.00
0.27;9.84;39.27;3141.89;2115.50;-1026.39;0.00
0.28;11.31;42.37;3389.50;2229.03;-1160.47;0.00
0.26;9.83;38.18;3054.54;2042.18;-1012.36;0.00
0.21;6.98;34.90;2791.96;1584.01;-1207.95;0.00
0.25;10.15;34.47;2757.98;2026.06;-731.93;0.00
0.28;10.18;38.73;3098.22;2206.70;-891.52;0.00
0.21;10.73;37.02;2961.74;1783.04;-1178.71;0.00
0.23;9.97;35.41;2832.60;1893.01;-939.59;0.00
0.24;9.31;38.66;3092.77;1873.30;-1219.47;0.00
0.25;11.25;42.11;3368.83;2089.40;-1279.43;0.00
0.24;10.43;41.76;3341.09;1964.38;-1376.71;0.00
0.25;10.48;44.51;3560.75;2035.66;-1525.09;0.00
0.26;10.46;42.34;3387.02;2063.49;-1323.52;0.00
0.32;11.74;41.05;3283.82;2477.20;-806.62;0.00
0.23;9.79;36.66;2932.67;1860.68;-1071.99;0.00
0.26;10.39;45.35;3628.05;2088.03;-1540.02;0.00
0.24;10.81;40.30;3223.67;1978.79;-1244.88;0.00
0.22;10.84;45.61;3648.91;1872.94;-1775.96;0.00
0.23;9.89;41.41;3313.14;1897.06;-1416.07;0.00
0.27;11.65;39.88;3190.46;2191.40;-999.07;0.00
0.29;9.36;40.02;3201.25;2169.37;-1031.88;0.00
0.23;9.14;39.75;3179.77;1856.16;-1323.61;0.00
0.29;10.57;46.85;3748.10;2251.85;-1496.25;0.00
0.25;9.87;42.17;3373.41;2014.74;-1358.67;0.00
0.26;8.89;46.13;3690.47;1968.85;-1721.62;0.00
0.21;10.45;37.24;2979.37;1761.54;-1217.84;0.00
0.25;11.06;39.14;3130.98;2026.90;-1104.08;0.00
0.21;9.89;31.85;2547.70;1787.36;-760.34;0.00
0.27;10.38;41.80;3343.92;2137.40;-1206.52;0.00
0.25;9.32;43.41;3472.71;1958.87;-1513.85;0.00
0.24;11.21;33.76;2701.17;1990.44;-710.74;0.00
0.24;8.81;36.92;2954.00;1882.49;-1071.51;0.00
0.24;10.53;50.20;4015.91;1990.22;-2025.69;0.00
0.25;11.19;43.19;3455.06;2088.39;-1366.67;0.00
0.24;10.53;34.68;2774.45;1968.15;-806.30;0.00
0.31;11.19;43.53;3482.46;2419.57;-1062.89;0.00
0.26;10.50;38.97;3117.66;2061.49;-1056.17;0.00
0.29;9.42;42.11;3368.61;2221.48;-1147.14;0.00
0.26;7.21;40.76;3261.14;1916.89;-1344.25;0.00
0.20;9.97;45.32;3625.92;1726.73;-1899.19;0.00
0.28;10.46;33.62;2689.90;2184.29;-505.62;0.00
0.26;8.75;39.75;3179.69;1993.21;-1186.49;0.00
0.24;10.17;44.78;3582.72;1925.83;-1656.90;0.00
0.26;11.12;37.12;2969.70;2111.23;-858.47;0.00
0.31;12.57;34.32;2745.64;2469.15;-276.49;0.00
0.21;11.01;38.86;3108.91;1800.93;-1307.98;0.00
0.24;10.05;43.28;3462.10;1934.96;-1527.13;0.00
0.27;10.74;38.83;3106.44;2138.09;-968.35;0.00
0.32;12.06;39.30;3143.92;2517.51;-626.41;0.00
0.25;10.26;47.28;3782.34;2033.46;-1748.87;0.00
0.23;10.14;34.58;2766.16;1868.51;-897.65;0.00
0.28;10.64;39.65;3172.03;2231.35;-940.69;0.00
0.25;11.00;43.34;3467.38;2037.36;-1430.02;0.00
0.24;8.96;37.31;2984.81;1878.69;-1106.12;0.00
0.31;8.92;46.60;3727.61;2271.99;-1455.62;0.00
0.25;9.15;47.51;3800.68;1955.10;-1845.58;0.00
0.23;11.66;40.53;3242.05;1959.26;-1282.79;0.00
0.22;8.87;40.04;3203.36;1783.74;-1419.62;0.00
0.24;10.17;43.16;3452.57;1938.20;-1514.36;0.00
0.23;12.34;40.17;3213.81;2017.99;-1195.81;0.00
0.27;8.99;50.13;4010.55;2079.84;-1930.71;0.00
0.26;11.93;38.79;3103.41;2161.57;-941.84;0.00
0.29;10.40;37.88;3030.73;2256.14;-774.59;0.00
0.26;11.86;36.95;2956.35;2166.21;-790.13;0.00
0.20;11.04;37.19;2975.45;1780.03;-1195.41;0.00
0.25;10.65;45.59;3647.49;2005.22;-1642.28;0.00
0.23;10.33;33.23;2658.52;1918.46;-740.06;0.00
0.26;12.66;40.08;3206.27;2198.39;-1007.88;0.00
0.27;9.18;40.44;3235.38;2076.98;-1158.40;0.00
0.24;10.62;48.89;3911.55;1954.26;-1957.30;0.00
0.23;10.22;43.45;3475.76;1894.38;-1581.37;0.00
0.24;10.39;43.85;3508.38;1986.73;-1521.65;0.00
0.24;9.59;38.18;3054.50;1940.36;-1114.14;0.00
0.23;12.30;39.67;3173.49;2019.51;-1153.98;0.00
0.23;10.76;32.59;2606.99;1936.36;-670.63;0.00
0.26;10.09;35.62;2849.56;2066.27;-783.29;0.00
0.25;9.91;39.56;3164.45;1986.71;-1177.74;0.00
0.28;7.93;37.18;2974.56;2037.05;-937.51;0.00
0.21;12.24;45.75;3660.10;1906.94;-1753.16;0.00
0.26;8.92;43.26;3460.47;1992.87;-1467.61;0.00
0.26;10.33;40.58;3246.29;2088.43;-1157.86;0.00
0.21;11.30;41.24;3299.30;1857.22;-1442.08;0.00
0.20;10.76;36.29;2903.25;1772.34;-1130.92;0.00
0.24;10.33;37.76;3020.93;1931.62;-1089.30;0.00
0.26;8.67;41.24;3299.56;1958.27;-1341.30;0.00
0.21;8.50;50.54;4043.29;1703.58;-2339.71;0.00
0.26;9.17;40.45;3236.07;2033.35;-1202.72;0.00
0.22;10.21;40.94;3275.19;1824.96;-1450.23;0.00
0.21;8.82;40.72;3257.62;1695.82;-1561.80;0.00
0.26;10.14;40.39;3230.95;2063.14;-1167.81;0.00
0.24;10.61;48.97;3917.66;1947.96;-1969.69;0.00
0.24;10.20;42.60;3408.08;1952.70;-1455.39;0.00
0.29;10.45;45.95;3676.32;2243.01;-1433.31;0.00
0.25;10.51;37.51;3000.52;2042.10;-958.42;0.00
0.21;11.05;36.55;2924.35;1806.47;-1117.87;0.00
0.29;10.07;34.69;2774.85;2234.50;-540.35;0.00
0.23;11.74;40.36;3229.00;1968.24;-1260.76;0.00
0.26;10.83;39.66;3173.16;2080.10;-1093.07;0.00
0.25;9.81;46.82;3745.52;1987.54;-1757.99;0.00
0.23;10.79;35.79;2862.83;1951.31;-911.52;0.00
0.24;14.31;38.69;3095.42;2170.29;-925.13;0.00
0.26;9.28;31.44;2515.46;1993.59;-521.87;0.00
0.22;10.57;36.36;2908.84;1867.82;-1041.03;0.00
0.27;9.07;44.61;3568.71;2088.82;-1479.89;0.00
0.22;8.39;36.55;2924.02;1732.68;-1191.35;0.00
0.25;12.05;46.72;3737.35;2094.01;-1643.35;0.00
0.22;10.51;40.96;3277.20;1827.67;-1449.53;0.00
0.21;9.16;39.01;3120.96;1713.10;-1407.86;0.00
0.28;11.88;54.48;4358.68;2300.96;-2057.72;0.00
0.21;10.83;44.14;3531.42;1786.19;-1745.24;0.00
0.23;9.49;38.51;3081.12;1830.17;-1250.96;0.00
0.23;10.01;36.97;2957.36;1897.60;-1059.76;0.00
0.26;11.67;40.63;3250.59;2126.55;-1124.04;0.00
0.22;11.31;40.01;3200.77;1907.25;-1293.52;0.00
0.26;8.15;39.68;3174.36;1928.97;-1245.39;0.00
0.22;10.65;37.16;2972.54;1869.08;-1103.45;0.00
0.21;11.49;49.40;3952.02;1854.52;-2097.50;0.00
0.22;10.42;37.23;2978.38;1833.78;-1144.60;0.00
0.24;10.10;34.58;2766.18;1919.93;-846.25;0.00
0.27;10.34;30.65;2452.36;2157.91;-294.45;0.00
0.22;8.84;37.18;2974.32;1771.54;-1202.78;0.00
0.26;11.35;42.92;3433.40;2115.61;-1317.78;0.00
0.23;10.34;40.67;3253.21;1902.95;-1350.27;0.00
0.27;10.66;38.61;3088.79;2155.40;-933.39;0.00
0.25;10.59;41.24;3299.11;2039.21;-1259.90;0.00
0.23;9.46;41.38;3310.46;1831.97;-1478.49;0.00
0.24;10.94;27.87;2229.34;1990.77;-238.57;0.00
0.23;10.09;39.11;3128.53;1864.54;-1263.99;0.00
0.28;10.89;40.67;3253.28;2198.72;-1054.55;0.00
0.23;9.28;48.65;3891.75;1854.10;-2037.65;0.00
0.25;12.30;39.22;3137.73;2117.13;-1020.60;0.00
0.27;10.37;48.93;3914.50;2160.65;-1753.85;0.00
0.29;9.82;42.95;3435.96;2198.26;-1237.70;0.00
0.24;9.78;40.59;3247.08;1937.83;-1309.24;0.00
0.22;10.54;35.75;2860.31;1849.01;-1011.31;0.00
0.25;9.38;40.93;3274.77;1938.36;-1336.42;0.00
0.26;9.64;39.83;3186.60;2052.25;-1134.35;0.00
0.28;9.93;39.25;3140.33;2161.87;-978.46;0.00
0.28;10.94;40.84;3267.58;2216.15;-1051.44;0.00
0.28;9.82;41.39;3311.25;2146.63;-1164.62;0.00
0.27;7.50;35.43;2834.07;1987.04;-847.04;0.00
0.24;11.38;36.04;2882.96;1986.34;-896.63;0.00
0.26;9.99;39.88;3190.69;2047.78;-1142.91;0.00
0.27;10.81;39.84;3187.37;2133.62;-1053.75;0.00
0.23;10.59;41.04;3282.98;1890.79;-1392.19;0.00
0.25;9.38;43.43;3474.66;1951.41;-1523.25;0.00
0.25;10.25;48.29;3863.55;2020.82;-1842.74;0.00
0.25;9.46;39.10;3127.98;1993.24;-1134.74;0.00
0.22;10.00;38.19;3055.46;1815.52;-1239.94;0.00
0.23;9.91;40.89;3270.85;1894.18;-1376.67;0.00
0.21;7.73;33.33;2666.14;1614.61;-1051.52;0.00
0.24;12.06;41.51;3320.63;2024.14;-1296.50;0.00
0.26;9.93;41.91;3352.51;2040.66;-1311.86;0.00
0.22;11.87;37.21;2977.18;1897.54;-1079.64;0.00
0.23;8.72;47.34;3787.07;1805.84;-1981.22;0.00
0.27;8.93;38.39;3070.93;2076.05;-994.88;0.00
0.22;10.10;36.44;2915.25;1843.29;-1071.96;0.00
0.22;8.99;32.36;2589.09;1768.17;-820.91;0.00
0.23;10.63;45.25;3620.24;1927.22;-1693.02;0.00
0.25;11.33;39.71;3176.99;2084.54;-1092.45;0.00
0.24;11.31;39.46;3156.73;2013.28;-1143.45;0.00
0.22;9.20;35.24;2819.50;1782.11;-1037.39;0.00
0.24;10.26;42.32;3385.67;1944.31;-1441.36;0.00
0.29;12.76;41.91;3352.64;2390.20;-962.43;0.00
0.23;11.48;42.42;3393.93;1939.64;-1454.29;0.00
0.28;13.94;38.20;3056.23;2383.46;-672.78;0.00
0.25;8.63;41.85;3348.00;1926.96;-1421.04;0.00
0.29;10.91;38.41;3073.09;2296.73;-776.37;0.00
0.24;10.74;36.29;2903.44;1961.80;-941.63;0.00
0.24;9.26;34.78;2782.73;1888.59;-894.14;0.00
0.22;11.99;28.76;2300.96;1951.03;-349.93;0.00
0.29;11.55;43.28;3462.66;2333.40;-1129.26;0.00
0.27;8.29;48.13;3850.67;2017.96;-1832.71;0.00
0.23;9.56;50.44;4035.51;1884.96;-2150.55;0.00
0.25;12.80;37.11;2969.01;2124.14;-844.86;0.00
0.28;9.50;35.18;2814.53;2171.88;-642.65;0.00
0.27;10.82;48.69;3895.09;2134.52;-1760.56;0.00
0.25;10.29;39.51;3160.90;1989.52;-1171.38;0.00
0.25;8.34;43.46;3476.65;1916.66;-1559.99;0.00
0.26;11.07;46.51;3720.96;2135.69;-1585.27;0.00
0.25;9.85;42.49;3398.83;1970.48;-1428.35;0.00
0.26;12.47;45.59;3647.33;2170.37;-1476.96;0.00
0.25;8.74;39.88;3190.55;1958.27;-1232.27;0.00
0.24;13.23;41.44;3314.92;2102.40;-1212.52;0.00
0.22;10.24;43.49;3479.35;1824.35;-1654.99;0.00
0.26;11.10;43.19;3454.89;2090.56;-1364.33;0.00
0.27;8.52;45.44;3635.30;2019.46;-1615.84;0.00
0.23;10.00;46.08;3686.54;1874.35;-1812.20;0.00
0.28;9.45;44.46;3556.99;2153.74;-1403.25;0.00
0.24;9.44;42.62;3409.78;1903.68;-1506.10;0.00
0.25;9.07;39.64;3171.58;1933.57;-1238.01;0.00
0.26;10.99;48.28;3862.75;2135.20;-1727.55;0.00
0.28;8.54;40.48;3238.06;2114.57;-1123.49;0.00
0.23;9.97;45.69;3655.39;1886.24;-1769.15;0.00
0.20;9.20;45.37;3629.82;1653.32;-1976.50;0.00
0.26;11.07;42.62;3409.26;2086.14;-1323.12;0.00
0.22;11.57;31.63;2530.23;1907.50;-622.73;0.00
0.24;10.25;36.72;2937.97;1975.58;-962.39;0.00
0.25;10.16;37.21;2977.02;1982.19;-994.83;0.00
0.31;11.08;37.28;2982.25;2386.78;-595.47;0.00
0.26;10.07;42.90;3431.62;2045.33;-1386.29;0.00
0.26;8.96;43.39;3471.46;1986.35;-1485.11;0.00
0.25;9.95;46.52;3721.50;2010.56;-1710.94;0.00
0.23;7.20;44.65;3571.72;1735.70;-1836.02;0.00
0.26;10.55;37.63;3010.73;2114.22;-896.50;0.00
0.24;8.86;40.88;3270.29;1889.02;-1381.27;0.00
0.31;11.31;45.03;3602.57;2420.40;-1182.17;0.00
0.26;8.78;40.97;3277.20;2010.76;-1266.44;0.00
0.26;10.83;45.97;3677.96;2097.63;-1580.32;0.00
0.25;11.24;34.94;2794.92;2049.16;-745.76;0.00
0.27;11.64;49.95;3995.64;2189.87;-1805.77;0.00
0.27;10.07;39.10;3127.79;2142.67;-985.12;0.00
0.29;9.18;34.24;2739.23;2183.04;-556.19;0.00
0.22;10.81;43.95;3516.13;1840.55;-1675.58;0.00
0.25;8.90;50.32;4025.96;1913.76;-2112.19;0.00
0.26;10.08;41.85;3348.17;2068.58;-1279.59;0.00
0.27;11.45;33.04;2643.12;2213.57;-429.55;0.00
0.29;10.79;49.81;3984.57;2294.46;-1690.10;0.00
