# X_0;X_1;X_2;R_0;S_0;G_0;I_0
0.25;9.97;47.77;3821.23;1991.73;-1829.50;0.00
0.23;10.43;35.68;2854.35;1899.28;-955.07;0.00
0.22;9.66;49.06;3924.83;1827.35;-2097.48;0.00
0.28;10.13;45.83;3666.64;2163.66;-1502.98;0.00
0.24;9.41;43.01;3440.90;1924.31;-1516.60;0.00
0.22;8.95;32.03;2562.06;1748.07;-814.00;0.00
0.29;10.72;43.14;3450.99;2299.06;-1151.93;0.00
0.23;9.89;40.01;3201.08;1877.63;-1323.45;0.00
0.24;10.20;46.15;3692.01;1978.25;-1713.76;0.00
0.27;11.55;40.28;3222.27;2182.15;-1040.12;0.00
0.26;9.14;43.59;3487.19;2004.91;-1482.28;0.00
0.24;11.80;42.91;3432.61;2008.74;-1423.87;0.00
0.24;8.42;40.99;3278.97;1840.62;-1438.34;0.00
0.30;11.75;41.57;3325.72;2407.03;-918.69;0.00
0.28;10.22;36.54;2923.22;2185.01;-738.21;0.00
0.24;10.36;35.72;2857.31;1968.36;-888.95;0.00
0.22;9.43;38.07;3045.67;1784.55;-1261.13;0.00
0.26;10.35;44.52;3561.50;2047.34;-1514.16;0.00
0.22;10.10;42.90;3431.72;1834.95;-1596.77;0.00
0.17;11.29;44.80;3584.35;1620.90;-1963.46;0.00
0.26;10.48;36.08;2886.44;2066.41;-820.02;0.00
0.21;11.36;38.96;3116.41;1841.14;-1275.27;0.00
0.29;12.42;45.43;3634.03;2345.04;-1288.98;0.00
0.28;9.96;41.46;3316.90;2171.01;-1145.89;0.00
0.23;9.75;43.91;3512.58;1883.15;-1629.43;0.00
0.26;9.44;39.46;3156.87;2008.87;-1148.00;0.00
0.26;8.95;46.47;3717.80;1995.17;-1722.63;0.00
0.23;10.94;35.86;2868.86;1947.84;-921.01;0.00
0.24;10.13;37.31;2984.78;1965.80;-1018.98;0.00
0.24;9.65;35.86;2868.63;1932.45;-936.19;0.00
0.26;8.17;41.08;3286.16;1953.29;-1332.87;0.00
0.25;11.52;41.20;3296.26;2079.60;-1216.67;0.00
0.26;9.81;40.83;3266.12;2058.85;-1207.27;0.00
0.25;9.66;37.93;3034.04;1982.40;-1051.64;0.00
0.28;10.45;48.14;3850.81;2194.90;-1655.90;0.00
0.28;10.56;41.11;3288.46;2228.52;-1059.94;0.00
0.19;10.21;48.96;3916.99;1643.97;-2273.02;0.00
0.26;11.35;43.92;3513.56;2104.56;-1409.00;0.00
0.26;9.65;43.26;3460.92;2034.09;-1426.82;0.00
0.27;9.96;46.06;3684.84;2108.41;-1576.42;0.00
0.26;9.63;42.09;3366.99;2060.44;-1306.54;0.00
0.21;9.70;36.85;2947.60;1734.16;-1213.45;0.00
0.22;9.98;51.03;4082.01;1834.37;-2247.64;0.00
0.24;9.66;45.51;3640.47;1902.93;-1737.54;0.00
0.20;10.98;47.69;3815.41;1737.70;-2077.71;0.00
0.22;11.84;46.85;3747.62;1936.00;-1811.62;0.00
0.23;9.22;43.72;3497.45;1830.39;-1667.06;0.00
0.26;9.90;33.89;2711.53;2027.02;-684.51;0.00
0.26;9.81;46.09;3687.21;2029.31;-1657.90;0.00
0.30;9.58;36.65;2931.88;2278.18;-653.71;0.00
0.25;10.17;34.95;2795.94;2029.30;-766.65;0.00
0.32;10.76;34.62;2769.35;2429.61;-339.73;0.00
0.26;10.66;29.54;2363.39;2101.86;-261.53;0.00
0.26;9.96;39.04;3123.02;2035.49;-1087.54;0.00
0.27;9.16;42.90;3431.96;2094.28;-1337.68;0.00
0.25;11.96;41.33;3306.07;2085.20;-1220.86;0.00
0.21;14.46;35.34;2827.24;2027.86;-799.39;0.00
0.28;9.88;32.86;2628.51;2147.55;-480.96;0.00
0.28;12.59;43.03;3442.40;2294.05;-1148.34;0.00
0.23;8.77;43.12;3449.29;1833.73;-1615.56;0.00
0.26;10.52;42.49;3398.83;2093.08;-1305.75;0.00
0.25;9.78;31.48;2518.50;2004.71;-513.79;0.00
0.26;11.10;48.11;3848.71;2139.20;-1709.51;0.00
0.24;11.56;35.66;2852.70;2019.66;-833.04;0.00
0.28;11.49;38.30;3064.39;2257.46;-806.93;0.00
0.25;10.23;42.19;3375.30;2023.39;-1351.90;0.00
0.28;10.96;40.24;3219.42;2198.37;-1021.04;0.00
0.27;12.18;43.00;3439.98;2252.02;-1187.96;0.00
0.29;10.69;38.90;3111.62;2283.44;-828.18;0.00
0.21;10.85;45.17;3613.48;1832.71;-1780.77;0.00
0.26;9.78;41.70;3335.85;2066.65;-1269.20;0.00
0.26;9.42;49.18;3934.25;2029.63;-1904.63;0.00
0.27;10.75;38.39;3070.98;2171.73;-899.24;0.00
0.22;12.51;44.34;3547.19;1979.85;-1567.34;0.00
0.25;8.65;32.40;2592.18;1935.83;-656.36;0.00
0.22;10.65;31.47;2517.20;1839.55;-677.65;0.00
0.25;10.96;35.96;2876.58;2049.14;-827.44;0.00
0.28;9.36;35.92;2873.22;2152.03;-721.18;0.00
0.25;10.03;39.97;3197.25;2011.27;-1185.99;0.00
0.20;11.76;45.86;3668.40;1809.23;-1859.17;0.00
0.30;11.06;36.44;2915.20;2336.42;-578.78;0.00
0.27;10.27;31.82;2545.59;2146.88;-398.70;0.00
0.21;12.33;44.71;3577.13;1905.38;-1671.75;0.00
0.21;10.65;36.56;2924.87;1825.69;-1099.18;0.00
0.25;9.46;39.69;3175.02;1990.34;-1184.68;0.00
0.27;10.63;44.41;3552.45;2165.35;-1387.11;0.00
0.27;9.70;34.60;2767.82;2073.74;-694.08;0.00
0.27;10.74;35.76;2861.09;2153.56;-707.53;0.00
0.26;11.85;44.68;3574.76;2154.78;-1419.98;0.00
0.24;8.68;43.58;3486.09;1869.91;-1616.18;0.00
0.28;12.36;39.73;3178.06;2279.50;-898.55;0.00
0.24;11.53;42.16;3372.73;2050.40;-1322.33;0.00
0.29;10.87;39.15;3132.19;2267.26;-864.93;0.00
0.24;8.79;43.97;3517.43;1878.80;-1638.63;0.00
0.28;11.08;39.59;3167.32;2213.62;-953.70;0.00
0.20;9.15;45.63;3650.18;1667.01;-1983.16;0.00
0.28;11.19;42.21;3377.00;2210.74;-1166.26;0.00
0.25;10.83;42.98;3438.77;2046.34;-1392.43;0.00
0.24;9.80;38.26;3060.45;1907.30;-1153.14;0.00
0.27;9.92;46.76;3740.91;2097.09;-1643.82;0.00
0.26;8.63;38.24;3059.36;2005.62;-1053.74;0.00
0.26;7.98;43.95;3515.97;1954.02;-1561.95;0.00
0.25;10.88;41.40;3312.13;2054.24;-1257.90;0.00
0.27;10.91;42.16;3372.74;2191.71;-1181.02;0.00
0.26;11.07;40.54;3242.93;2097.77;-1145.16;0.00
0.27;9.95;34.98;2798.29;2100.80;-697.48;0.00
0.26;7.85;36.24;2899.46;1935.47;-963.99;0.00
0.21;10.31;44.37;3549.70;1765.13;-1784.58;0.00
0.25;8.43;35.28;2822.28;1912.94;-909.34;0.00
0.22;9.65;39.31;3144.41;1829.49;-1314.92;0.00
0.27;9.68;45.29;3622.82;2112.18;-1510.64;0.00
0.27;10.56;36.13;2890.24;2138.72;-751.52;0.00
0.18;8.95;40.98;3278.39;1515.10;-1763.29;0.00
0.25;10.95;35.21;2816.59;2075.29;-741.30;0.00
0.25;11.10;46.82;3745.43;2028.22;-1717.21;0.00
0.24;13.10;36.03;2882.14;2095.37;-786.77;0.00
0.26;8.95;40.12;3209.95;1974.79;-1235.17;0.00
0.23;11.23;42.11;3369.07;1931.45;-1437.61;0.00
0.25;10.94;37.24;2979.37;2051.56;-927.81;0.00
0.27;11.05;46.48;3718.00;2196.27;-1521.73;0.00
0.24;8.61;40.43;3234.46;1891.35;-1343.11;0.00
0.31;11.12;46.26;3700.93;2389.51;-1311.43;0.00
0.22;9.04;41.90;3352.38;1766.47;-1585.92;0.00
0.27;10.52;42.40;3391.98;2121.20;-1270.79;0.00
0.21;10.04;42.26;3380.58;1787.23;-1593.35;0.00
0.22;10.18;42.25;3379.91;1827.29;-1552.62;0.00
0.27;10.69;44.57;3565.23;2123.96;-1441.27;0.00
0.23;11.09;39.11;3129.11;1965.55;-1163.56;0.00
0.27;8.54;42.69;3415.17;2042.25;-1372.91;0.00
0.26;12.83;39.66;3173.11;2232.16;-940.95;0.00
0.22;9.07;45.51;3640.70;1766.57;-1874.14;0.00
0.28;9.81;37.65;3012.13;2171.41;-840.72;0.00
0.23;9.37;39.40;3151.77;1867.95;-1283.82;0.00
0.31;11.63;39.11;3128.55;2423.61;-704.94;0.00
0.26;12.62;42.53;3402.37;2208.60;-1193.76;0.00
0.26;10.86;36.15;2891.66;2099.61;-792.05;0.00
0.25;12.54;43.07;3445.26;2114.23;-1331.04;0.00
0.23;7.60;48.82;3905.72;1740.08;-2165.64;0.00
0.26;11.47;37.41;2992.58;2163.89;-828.68;0.00
0.28;10.85;40.51;3240.88;2214.81;-1026.08;0.00
0.25;9.00;34.94;2795.20;1937.90;-857.31;0.00
0.28;8.73;43.98;3518.19;2105.23;-1412.96;0.00
0.24;10.32;35.93;2874.74;1946.05;-928.69;0.00
0.26;9.69;45.14;3611.28;2023.93;-1587.34;0.00
0.26;9.73;52.59;4206.84;2023.85;-2182.99;0.00
0.28;9.08;35.21;2816.82;2114.46;-702.36;0.00
0.30;9.17;40.60;3248.17;2239.54;-1008.63;0.00
0.24;11.80;43.85;3507.89;2032.38;-1475.51;0.00
0.24;12.40;35.22;2817.77;2090.94;-726.83;0.00
0.24;10.32;33.81;2704.90;1929.83;-775.08;0.00
0.25;8.60;38.97;3117.82;1911.16;-1206.66;0.00
0.25;9.89;41.81;3345.14;1964.92;-1380.22;0.00
0.26;10.24;39.32;3145.36;2040.99;-1104.37;0.00
0.25;10.10;40.33;3226.38;2009.13;-1217.25;0.00
0.29;9.88;44.80;3583.91;2196.78;-1387.13;0.00
0.25;10.03;38.46;3076.47;1976.08;-1100.39;0.00
0.29;11.57;41.14;3291.12;2306.12;-985.00;0.00
0.26;8.37;43.81;3505.00;1996.45;-1508.55;0.00
0.28;10.07;36.49;2919.00;2195.34;-723.66;0.00
0.22;9.37;39.20;3135.83;1785.93;-1349.90;0.00
0.29;10.57;42.03;3362.18;2287.19;-1074.99;0.00
0.25;10.13;38.21;3056.87;2023.95;-1032.92;0.00
0.22;12.75;34.66;2772.93;1979.35;-793.58;0.00
0.23;7.98;42.92;3433.93;1778.53;-1655.40;0.00
0.24;10.29;38.77;3101.92;1971.81;-1130.11;0.00
0.24;8.91;47.99;3838.84;1854.50;-1984.34;0.00
0.23;11.00;37.34;2987.36;1942.10;-1045.27;0.00
0.26;9.41;40.18;3214.44;2020.56;-1193.87;0.00
0.25;11.57;42.92;3433.72;2092.42;-1341.29;0.00
0.26;11.65;37.21;2976.51;2155.48;-821.02;0.00
0.28;11.04;40.76;3260.62;2225.59;-1035.04;0.00
0.21;9.74;37.92;3033.24;1774.80;-1258.44;0.00
0.26;9.47;35.38;2830.36;2023.44;-806.91;0.00
0.21;11.34;35.23;2818.76;1857.29;-961.46;0.00
0.26;10.55;41.51;3321.17;2097.15;-1224.03;0.00
0.29;10.41;41.97;3357.72;2260.44;-1097.29;0.00
0.26;9.72;52.67;4213.50;2026.57;-2186.93;0.00
0.25;9.90;36.36;2909.18;1991.24;-917.94;0.00
0.26;10.96;41.67;3333.41;2125.81;-1207.59;0.00
0.29;10.78;41.52;3321.51;2298.38;-1023.13;0.00
0.28;9.10;35.36;2828.93;2101.39;-727.55;0.00
0.19;8.15;42.79;3422.83;1559.84;-1862.99;0.00
0.26;10.96;40.48;3238.56;2082.64;-1155.92;0.00
0.27;9.59;44.87;3589.38;2095.48;-1493.90;0.00
0.30;10.09;42.71;3416.75;2294.91;-1121.84;0.00
0.26;11.38;37.52;3001.40;2121.47;-879.93;0.00
0.25;9.20;40.55;3244.11;1963.97;-1280.13;0.00
0.23;9.79;36.61;2928.43;1842.01;-1086.42;0.00
0.23;9.95;34.95;2796.08;1890.26;-905.81;0.00
0.28;8.37;37.76;3020.50;2083.61;-936.89;0.00
0.27;8.80;38.67;3093.65;2056.55;-1037.10;0.00
0.28;10.71;39.98;3198.38;2229.59;-968.79;0.00
0.28;10.28;37.63;3010.21;2169.99;-840.21;0.00
0.21;9.34;38.40;3072.20;1726.24;-1345.95;0.00
0.23;11.29;41.84;3347.08;1951.51;-1395.57;0.00
0.26;10.53;38.31;3064.42;2082.52;-981.89;0.00
0.26;10.85;34.26;2740.99;2100.88;-640.11;0.00
0.28;7.86;34.29;2743.21;2047.05;-696.16;0.00
0.22;12.30;43.70;3496.31;1932.50;-1563.81;0.00
0.23;10.64;40.78;3262.24;1905.43;-1356.81;0.00
0.23;9.90;38.23;3058.51;1899.09;-1159.42;0.00
0.24;11.86;35.29;2822.81;2028.69;-794.12;0.00
0.25;11.74;42.99;3439.29;2113.36;-1325.92;0.00
0.19;12.24;38.52;3081.97;1783.84;-1298.14;0.00
0.26;10.69;43.50;3479.60;2083.07;-1396.53;0.00
0.19;9.24;42.84;3427.46;1585.58;-1841.88;0.00
0.25;10.60;36.68;2934.42;2044.37;-890.05;0.00
0.23;9.83;50.35;4028.08;1882.21;-2145.87;0.00
0.24;9.45;36.97;2957.74;1905.85;-1051.89;0.00
0.22;10.45;43.29;3462.91;1841.56;-1621.35;0.00
0.26;12.27;39.30;3143.84;2198.25;-945.59;0.00
0.26;8.72;36.26;2901.09;2010.25;-890.84;0.00
0.22;10.32;39.32;3145.70;1864.44;-1281.26;0.00
0.28;10.81;42.44;3395.28;2196.20;-1199.08;0.00
0.27;8.83;43.18;3454.43;2038.38;-1416.06;0.00
0.30;9.51;34.64;2771.58;2239.39;-532.19;0.00
0.22;10.23;39.13;3130.63;1844.14;-1286.48;0.00
0.25;9.93;37.90;3031.66;2018.25;-1013.40;0.00
0.24;10.93;42.53;3402.68;1986.87;-1415.81;0.00
0.30;10.94;38.81;3105.13;2311.18;-793.94;0.00
0.23;9.65;41.52;3321.24;1834.02;-1487.22;0.00
0.26;10.53;34.20;2736.15;2077.11;-659.03;0.00
0.24;10.63;38.53;3082.06;2000.05;-1082.01;0.00
0.23;10.96;42.85;3428.12;1941.15;-1486.97;0.00
0.23;9.36;41.63;3330.22;1849.55;-1480.67;0.00
0.24;8.58;49.88;3990.57;1853.37;-2137.19;0.00
0.26;13.64;42.74;3419.34;2246.60;-1172.74;0.00
0.24;9.95;37.19;2975.02;1950.86;-1024.16;0.00
0.24;9.75;45.18;3614.50;1934.81;-1679.70;0.00
0.22;10.73;38.99;3119.42;1850.50;-1268.93;0.00
0.25;9.45;41.65;3332.04;1971.03;-1361.01;0.00
0.26;11.54;40.39;3231.10;2145.67;-1085.43;0.00
0.24;8.17;40.11;3208.52;1838.16;-1370.36;0.00
0.22;9.25;39.46;3156.49;1779.32;-1377.17;0.00
0.24;8.88;31.49;2519.06;1876.21;-642.85;0.00
0.25;10.94;39.91;3192.98;2048.93;-1144.05;0.00
0.24;9.44;46.74;3739.54;1928.24;-1811.29;0.00
0.25;10.66;38.84;3106.82;2054.26;-1052.57;0.00
0.21;12.29;40.27;3221.94;1863.29;-1358.65;0.00
0.26;11.44;42.91;3432.51;2151.99;-1280.52;0.00
0.27;9.13;42.00;3359.80;2076.61;-1283.19;0.00
0.25;10.71;30.99;2479.30;2014.86;-464.44;0.00
0.24;9.00;38.44;3075.46;1875.27;-1200.19;0.00
0.25;9.59;30.46;2436.72;1988.73;-447.99;0.00
0.24;9.87;35.13;2810.43;1927.43;-883.00;0.00
0.24;12.06;37.69;3015.25;2079.54;-935.71;0.00
0.26;9.42;37.27;2981.83;2026.65;-955.18;0.00
0.22;10.04;52.69;4215.26;1828.13;-2387.13;0.00
0.29;10.46;44.34;3547.32;2239.23;-1308.08;0.00
0.23;11.95;44.84;3586.92;1963.76;-1623.16;0.00
0.27;11.42;36.53;2922.02;2186.77;-735.25;0.00
0.28;10.26;42.49;3399.02;2187.31;-1211.71;0.00
0.26;9.10;41.05;3284.00;2029.08;-1254.93;0.00
0.23;11.56;36.57;2925.32;1988.65;-936.68;0.00
0.29;9.32;36.58;2926.31;2187.08;-739.23;0.00
0.30;10.82;36.96;2956.73;2360.36;-596.37;0.00
0.24;11.41;35.71;2856.79;2008.23;-848.56;0.00
0.28;11.14;41.94;3355.17;2226.52;-1128.66;0.00
0.26;11.87;35.82;2865.64;2130.80;-734.84;0.00
0.28;11.93;49.12;3929.35;2305.26;-1624.09;0.00
0.24;11.08;35.96;2877.05;2009.58;-867.47;0.00
0.25;11.00;40.98;3278.43;2075.10;-1203.33;0.00
0.29;9.82;47.01;3760.40;2194.96;-1565.44;0.00
0.28;8.15;32.59;2607.44;2063.09;-544.35;0.00
0.22;9.89;37.41;2993.12;1809.65;-1183.47;0.00
0.30;13.52;35.78;2862.49;2459.31;-403.19;0.00
0.19;12.75;45.42;3633.77;1805.93;-1827.84;0.00
0.26;9.51;50.53;4042.44;2009.31;-2033.13;0.00
0.31;9.23;43.66;3492.92;2320.18;-1172.74;0.00
0.23;10.52;38.45;3076.26;1902.94;-1173.31;0.00
0.26;9.23;50.61;4048.96;2037.38;-2011.58;0.00
0.20;9.85;39.20;3136.24;1699.90;-1436.33;0.00
0.27;10.35;54.10;4327.75;2130.78;-2196.96;0.00
0.24;9.35;41.68;3334.40;1901.75;-1432.65;0.00
0.28;10.37;34.02;2721.89;2205.07;-516.83;0.00
0.23;8.93;33.93;2714.16;1844.73;-869.44;0.00
0.28;11.40;38.81;3104.86;2222.40;-882.46;0.00
0.24;8.14;31.46;2517.04;1841.30;-675.74;0.00
0.21;12.10;43.48;3478.51;1891.47;-1587.04;0.00
0.28;11.26;41.32;3305.33;2227.78;-1077.55;0.00
0.21;9.16;36.45;2915.78;1740.35;-1175.43;0.00
0.24;10.78;37.27;2981.93;2007.19;-974.74;0.00
0.25;10.44;31.06;2484.90;2035.91;-448.98;0.00
0.28;9.11;38.27;3062.00;2117.73;-944.27;0.00
0.26;7.63;37.63;3010.77;1905.88;-1104.90;0.00
0.29;9.67;37.95;3035.84;2238.28;-797.56;0.00
0.20;8.75;42.93;3434.19;1639.00;-1795.20;0.00
0.29;8.07;44.30;3543.87;2121.18;-1422.69;0.00
0.26;10.09;35.67;2853.36;2066.06;-787.30;0.00
0.27;8.66;31.55;2523.83;2063.52;-460.31;0.00
0.24;8.97;37.06;2964.45;1898.93;-1065.53;0.00
0.24;11.46;41.17;3293.38;2006.43;-1286.95;0.00
0.24;8.88;34.29;2743.26;1866.37;-876.89;0.00
0.26;9.50;43.19;3455.30;2053.52;-1401.79;0.00
0.22;9.29;41.20;3296.34;1774.00;-1522.34;0.00
0.26;9.18;36.94;2955.31;2008.08;-947.23;0.00
0.26;11.10;40.19;3214.92;2094.57;-1120.35;0.00
0.23;9.94;35.89;2871.45;1849.51;-1021.94;0.00
0.23;10.35;38.86;3108.41;1908.88;-1199.53;0.00
0.26;10.41;42.89;3431.17;2065.95;-1365.23;0.00
0.27;10.42;38.71;3096.61;2144.33;-952.28;0.00
0.28;8.71;41.34;3307.29;2078.45;-1228.83;0.00
0.27;11.42;34.96;2796.72;2203.47;-593.25;0.00
0.25;10.07;37.66;3013.11;1975.52;-1037.59;0.00
0.32;9.60;44.86;3589.05;2393.01;-1196.05;0.00
0.23;12.25;36.21;2896.47;2025.73;-870.74;0.00
0.21;12.45;44.03;3522.23;1910.45;-1611.78;0.00
0.21;9.25;42.41;3393.15;1701.73;-1691.42;0.00
0.26;11.07;46.57;3725.64;2116.45;-1609.20;0.00
0.23;10.46;36.49;2919.15;1926.63;-992.51;0.00
0.26;7.75;35.89;2870.86;1946.29;-924.57;0.00
0.31;10.27;32.65;2611.79;2360.09;-251.70;0.00
0.30;9.73;42.19;3374.94;2279.85;-1095.09;0.00
0.25;8.73;42.58;3406.13;1912.43;-1493.69;0.00
0.27;9.61;40.88;3270.48;2111.18;-1159.30;0.00
0.24;9.92;35.89;2871.11;1936.23;-934.88;0.00
0.25;10.61;42.77;3421.66;2014.08;-1407.58;0.00
0.28;8.79;45.24;3619.38;2111.99;-1507.39;0.00
0.23;10.60;36.04;2883.57;1899.01;-984.56;0.00
0.29;9.95;36.01;2881.18;2242.08;-639.09;0.00
0.24;9.96;41.06;3285.09;1941.92;-1343.17;0.00
0.26;11.13;41.22;3297.81;2099.39;-1198.41;0.00
0.24;11.72;43.46;3476.88;2056.65;-1420.23;0.00
0.25;9.32;45.88;3670.01;1969.82;-1700.19;0.00
0.28;8.00;32.34;2587.32;2044.95;-542.38;0.00
0.27;7.20;38.95;3116.08;1956.61;-1159.47;0.00
0.27;8.69;40.08;3206.78;2036.63;-1170.15;0.00
0.23;10.69;47.72;3817.31;1902.68;-1914.62;0.00
0.27;9.88;41.21;3296.57;2106.94;-1189.64;0.00
0.24;12.56;42.33;3386.28;2083.49;-1302.79;0.00
0.29;9.87;46.03;3682.56;2234.92;-1447.63;0.00
0.26;8.84;38.71;3097.01;2006.69;-1090.32;0.00
0.19;9.43;36.97;2957.28;1614.54;-1342.74;0.00
0.23;10.04;40.16;3213.13;1889.69;-1323.44;0.00
0.21;10.24;43.06;3444.47;1789.66;-1654.82;0.00
0.27;10.87;40.15;3211.67;2188.80;-1022.87;0.00
0.27;10.48;43.10;3448.04;2135.57;-1312.46;0.00
0.23;11.94;45.70;3655.76;2013.56;-1642.20;0.00
0.26;12.19;37.21;2976.90;2200.93;-775.97;0.00
0.21;10.41;37.22;2977.62;1815.03;-1162.59;0.00
0.24;8.95;32.91;2632.65;1909.78;-722.88;0.00
0.26;8.87;40.30;3224.21;2017.42;-1206.79;0.00
0.29;9.17;40.63;3250.31;2187.21;-1063.10;0.00
0.23;12.00;35.38;2830.55;2005.48;-825.07;0.00
0.32;10.81;40.00;3199.61;2422.24;-777.37;0.00
0.22;10.08;34.89;2791.35;1844.51;-946.84;0.00
0.26;11.08;43.58;3486.03;2096.80;-1389.24;0.00
0.25;11.07;42.72;3417.73;2054.35;-1363.38;0.00
0.26;8.57;43.34;3467.49;1977.78;-1489.71;0.00
0.24;8.96;41.06;3285.15;1858.03;-1427.11;0.00
0.25;8.54;47.59;3807.12;1893.91;-1913.21;0.00
0.25;9.00;43.01;3440.90;1915.14;-1525.76;0.00
0.26;9.83;36.50;2920.18;2063.48;-856.71;0.00
0.23;9.96;41.86;3348.83;1889.99;-1458.84;0.00
0.26;10.19;43.52;3481.40;2093.86;-1387.54;0.00
0.22;9.96;46.79;3743.04;1836.55;-1906.49;0.00
0.26;9.06;38.08;3046.18;2000.67;-1045.51;0.00
0.28;9.13;48.17;3853.52;2147.83;-1705.69;0.00
0.27;11.77;38.46;3076.60;2207.63;-868.98;0.00
0.26;10.94;42.54;3402.94;2118.58;-1284.35;0.00
0.30;10.39;36.55;2924.20;2284.23;-639.97;0.00
0.27;11.33;41.99;3359.34;2168.08;-1191.27;0.00
0.25;11.49;34.97;2797.51;2059.24;-738.27;0.00
0.26;12.89;45.56;3645.09;2190.35;-1454.74;0.00
0.28;13.07;39.62;3169.60;2311.35;-858.25;0.00
0.28;10.94;35.51;2840.54;2218.06;-622.48;0.00
0.25;11.42;39.56;3165.01;2058.54;-1106.47;0.00
0.22;9.59;41.04;3283.47;1811.44;-1472.03;0.00
0.26;11.66;30.83;2466.54;2164.57;-301.97;0.00
0.27;8.28;38.27;3061.70;1993.07;-1068.64;0.00
0.27;10.41;40.88;3270.69;2135.91;-1134.78;0.00
0.22;11.37;45.83;3666.63;1921.75;-1744.88;0.00
0.26;12.30;43.38;3470.32;2191.19;-1279.14;0.00
0.23;11.50;38.83;3106.58;1933.20;-1173.38;0.00
0.24;11.17;46.21;3696.81;1997.54;-1699.27;0.00
0.24;10.78;41.30;3304.11;1992.34;-1311.77;0.00
0.27;11.41;32.30;2583.75;2219.08;-364.66;0.00
0.27;7.92;38.55;3083.94;2016.18;-1067.76;0.00
0.26;9.98;41.25;3300.20;2060.42;-1239.78;0.00
0.25;9.96;43.00;3440.28;2024.45;-1415.83;0.00
0.31;9.86;33.99;2719.16;2339.96;-379.20;0.00
0.22;10.58;47.79;3823.02;1864.27;-1958.75;0.00
0.25;11.23;32.80;2623.70;2060.90;-562.80;0.00
0.25;10.45;35.59;2847.25;2016.98;-830.27;0.00
0.25;10.80;41.36;3309.07;2044.40;-1264.67;0.00
0.23;9.29;37.67;3013.84;1827.17;-1186.68;0.00
0.24;11.45;35.03;2802.56;1995.11;-807.45;0.00
0.23;9.99;43.94;3514.95;1895.21;-1619.74;0.00
0.20;11.15;44.06;3524.92;1765.28;-1759.64;0.00
0.26;10.49;42.73;3418.27;2057.03;-1361.24;0.00
0.29;9.64;46.45;3715.98;2211.98;-1503.99;0.00
0.25;9.89;42.40;3391.99;1989.57;-1402.43;0.00
0.24;10.95;39.27;3141.54;1978.31;-1163.23;0.00
0.25;11.09;36.48;2918.76;2040.53;-878.24;0.00
0.27;9.26;42.11;3369.20;2067.81;-1301.39;0.00
0.27;11.84;29.62;2369.30;2204.39;-164.91;0.00
0.25;9.25;39.93;3194.48;1947.71;-1246.77;0.00
0.26;9.25;46.87;3749.30;2003.74;-1745.57;0.00
0.25;11.51;35.72;2857.76;2093.75;-764.02;0.00
0.24;9.49;47.98;3838.19;1920.27;-1917.92;0.00
0.28;10.51;41.36;3308.77;2226.02;-1082.75;0.00
0.28;10.74;45.39;3631.50;2202.28;-1429.22;0.00
0.28;10.21;33.46;2677.12;2199.37;-477.75;0.00
0.23;9.49;49.64;3970.89;1880.50;-2090.39;0.00
0.30;9.12;43.34;3467.38;2238.01;-1229.36;0.00
0.27;10.10;43.81;3504.41;2146.20;-1358.21;0.00
0.26;12.33;36.27;2901.97;2179.81;-722.16;0.00
0.20;8.75;40.83;3266.12;1665.66;-1600.45;0.00
0.23;11.27;42.34;3387.18;1958.60;-1428.59;0.00
0.22;9.66;37.26;2980.42;1794.95;-1185.47;0.00
0.25;12.92;37.55;3004.30;2171.71;-832.59;0.00
0.24;9.61;47.77;3821.98;1946.73;-1875.25;0.00
0.18;10.18;36.75;2940.06;1613.74;-1326.31;0.00
0.23;10.08;39.88;3190.52;1867.42;-1323.10;0.00
0.22;10.26;27.63;2210.61;1828.04;-382.57;0.00
0.24;12.04;28.07;2245.29;2042.18;-203.11;0.00
0.25;8.82;38.62;3089.42;1952.61;-1136.81;0.00
0.25;10.53;41.54;3322.94;1997.48;-1325.45;0.00
0.25;10.04;41.21;3297.11;1976.14;-1320.97;0.00
0.26;10.71;34.62;2769.69;2068.79;-700.90;0.00
0.26;10.23;38.77;3101.79;2065.99;-1035.81;0.00
0.22;11.44;36.68;2934.22;1921.15;-1013.06;0.00
0.20;10.63;47.20;3776.20;1742.85;-2033.35;0.00
0.26;10.74;34.20;2736.11;2118.43;-617.69;0.00
0.21;7.90;43.20;3456.35;1632.40;-1823.95;0.00
0.25;10.66;26.67;2133.54;2033.93;-99.60;0.00
0.24;9.84;48.82;3905.91;1928.97;-1976.95;0.00
0.24;9.27;32.86;2628.47;1900.81;-727.66;0.00
0.26;11.88;33.50;2679.95;2166.72;-513.23;0.00
0.23;9.17;40.27;3221.79;1862.04;-1359.75;0.00
0.22;9.25;36.67;2933.23;1791.00;-1142.23;0.00
0.31;12.76;38.14;3050.88;2499.48;-551.40;0.00
0.23;12.69;44.54;3563.15;2036.43;-1526.73;0.00
0.26;9.36;43.57;3485.48;2036.61;-1448.87;0.00
0.28;9.63;40.13;3210.20;2171.47;-1038.72;0.00
0.26;11.84;41.56;3324.70;2127.83;-1196.87;0.00
0.26;9.81;34.79;2783.42;2050.39;-733.03;0.00
0.24;7.37;39.24;3139.09;1792.55;-1346.55;0.00
0.25;9.95;40.92;3273.48;1978.84;-1294.64;0.00
0.24;9.03;37.66;3012.84;1858.66;-1154.18;0.00
0.29;10.17;42.70;3415.73;2216.05;-1199.69;0.00
0.25;12.13;42.33;3386.57;2097.78;-1288.79;0.00
0.22;8.66;36.38;2910.42;1744.52;-1165.90;0.00
0.23;10.82;40.39;3231.01;1909.28;-1321.73;0.00
0.26;9.94;42.91;3432.72;2039.42;-1393.29;0.00
0.22;7.67;43.88;3510.07;1722.85;-1787.22;0.00
0.28;10.99;38.91;3112.96;2254.87;-858.09;0.00
0.25;9.86;40.64;3250.88;1974.60;-1276.28;0.00
0.23;10.74;39.55;3163.88;1920.61;-1243.27;0.00
0.23;10.93;40.85;3268.39;1925.70;-1342.69;0.00
0.27;9.39;42.75;3420.38;2054.19;-1366.20;0.00
0.28;7.47;39.01;3121.13;2053.76;-1067.37;0.00
0.26;10.53;41.50;3320.12;2100.57;-1219.55;0.00
0.24;9.15;45.91;3672.52;1884.73;-1787.79;0.00
0.26;12.41;40.87;3269.83;2190.87;-1078.96;0.00
0.21;9.46;41.02;3281.80;1709.07;-1572.73;0.00
0.24;8.67;41.63;3330.65;1840.39;-1490.27;0.00
0.22;9.36;43.18;3454.59;1783.30;-1671.29;0.00
0.25;10.92;41.51;3320.84;2025.95;-1294.89;0.00
0.27;10.77;55.44;4435.31;2141.32;-2293.99;0.00
0.24;9.93;45.93;3674.47;1954.49;-1719.98;0.00
0.27;9.97;38.68;3094.33;2083.84;-1010.50;0.00
0.24;11.80;44.67;3573.64;2033.39;-1540.25;0.00
0.24;9.88;47.25;3779.69;1953.71;-1825.98;0.00
0.22;11.67;45.68;3654.43;1897.52;-1756.92;0.00
0.24;11.18;33.43;2674.64;2000.66;-673.98;0.00
0.22;10.63;34.74;2779.11;1884.71;-894.40;0.00
0.24;9.87;34.09;2727.37;1929.95;-797.42;0.00
0.25;11.71;37.09;2967.57;2074.72;-892.86;0.00
0.24;10.10;40.75;3260.22;1919.64;-1340.58;0.00
0.26;9.65;39.46;3156.90;2017.84;-1139.06;0.00
0.28;9.84;44.12;3529.30;2150.02;-1379.28;0.00
0.24;10.68;45.45;3635.69;1955.07;-1680.62;0.00
0.32;9.59;38.31;3064.77;2396.32;-668.45;0.00
0.28;9.90;31.64;2531.58;2143.45;-388.12;0.00
0.28;10.36;38.78;3102.19;2181.34;-920.85;0.00
0.28;9.07;40.12;3209.33;2147.74;-1061.59;0.00
0.20;9.82;40.63;3250.35;1689.34;-1561.01;0.00
0.25;9.54;39.81;3185.09;1962.44;-1222.66;0.00
0.26;11.06;35.53;2842.53;2108.75;-733.78;0.00
0.25;9.29;32.16;2572.77;1948.27;-624.50;0.00
0.26;8.91;45.24;3618.85;1994.65;-1624.19;0.00
0.29;9.76;40.24;3219.35;2191.81;-1027.54;0.00
0.28;12.27;42.03;3362.53;2290.98;-1071.55;0.00
0.23;8.61;39.40;3152.14;1830.37;-1321.77;0.00
0.26;10.98;42.61;3409.04;2091.47;-1317.57;0.00
0.22;9.27;41.41;3312.85;1765.10;-1547.74;0.00
0.24;11.62;44.14;3531.40;2001.28;-1530.12;0.00
0.19;9.37;39.80;3184.23;1636.76;-1547.47;0.00
0.29;10.66;49.52;3961.39;2244.50;-1716.88;0.00
0.24;8.43;44.66;3572.85;1868.46;-1704.39;0.00
0.25;12.24;43.13;3450.50;2099.17;-1351.33;0.00
0.24;11.62;37.67;3013.70;1999.66;-1014.04;0.00
0.30;11.58;33.29;2663.01;2364.51;-298.50;0.00
0.25;10.00;41.79;3342.88;2006.54;-1336.34;0.00
0.23;9.90;41.31;3304.96;1854.76;-1450.19;0.00
0.23;11.05;35.02;2801.86;1918.01;-883.85;0.00
0.31;11.61;41.96;3356.98;2413.13;-943.85;0.00
0.30;10.95;41.12;3289.20;2341.13;-948.07;0.00
0.28;12.09;45.43;3634.68;2280.86;-1353.82;0.00
0.24;8.54;39.01;3120.50;1861.22;-1259.28;0.00
0.24;8.53;48.40;3871.83;1889.44;-1982.39;0.00
0.30;9.15;41.74;3339.12;2232.45;-1106.67;0.00
0.23;11.96;45.73;3658.17;2015.83;-1642.34;0.00
0.25;9.99;35.79;2863.54;2011.65;-851.89;0.00
0.22;10.54;38.05;3043.65;1858.74;-1184.91;0.00
0.25;11.38;37.93;3034.06;2089.01;-945.05;0.00
0.30;10.22;37.23;2978.32;2328.20;-650.12;0.00
0.26;9.07;44.92;3593.82;2017.21;-1576.61;0.00
0.25;10.14;30.65;2452.31;1991.93;-460.37;0.00
0.25;10.53;35.39;2831.59;2037.06;-794.53;0.00
0.25;9.11;42.62;3409.46;1944.47;-1464.99;0.00
0.27;8.62;48.50;3879.76;2023.35;-1856.41;0.00
0.26;9.49;40.10;3208.26;2018.75;-1189.51;0.00
0.24;9.69;37.68;3014.52;1912.15;-1102.37;0.00
0.31;10.34;36.32;2905.57;2377.69;-527.88;0.00
0.26;8.20;41.43;3314.17;1971.65;-1342.52;0.00
0.24;12.24;41.81;3344.66;2041.05;-1303.61;0.00
0.24;12.18;42.87;3429.68;2057.97;-1371.70;0.00
0.23;9.46;43.74;3498.80;1828.02;-1670.78;0.00
0.26;11.22;40.58;3246.79;2121.41;-1125.38;0.00
0.22;8.60;48.60;3888.09;1761.74;-2126.34;0.00
0.28;9.64;34.23;2738.23;2163.40;-574.84;0.00
0.26;10.11;40.86;3269.19;2082.88;-1186.31;0.00
0.27;10.66;47.93;3834.78;2138.88;-1695.90;0.00
0.26;10.41;46.90;3752.02;2078.17;-1673.86;0.00
0.26;10.53;37.10;2968.17;2076.71;-891.46;0.00
0.25;11.92;36.18;2894.19;2079.46;-814.73;0.00
0.27;8.02;45.02;3601.42;2023.16;-1578.25;0.00
0.27;9.88;36.05;2884.40;2081.90;-802.49;0.00
0.23;9.22;42.61;3409.14;1810.26;-1598.88;0.00
0.25;10.23;45.43;3634.16;2025.96;-1608.20;0.00
0.22;10.71;44.82;3585.24;1839.33;-1745.91;0.00
0.24;11.95;40.04;3203.35;2019.31;-1184.04;0.00
0.24;12.14;44.29;3542.81;2063.42;-1479.39;0.00
0.24;8.79;36.07;2885.66;1857.71;-1027.95;0.00
0.27;11.03;34.19;2735.58;2178.71;-556.87;0.00
0.21;10.80;41.41;3312.86;1815.74;-1497.12;0.00
0.23;10.56;47.04;3763.29;1903.74;-1859.55;0.00
0.26;8.06;43.24;3459.26;1937.17;-1522.09;0.00
0.24;10.47;28.07;2245.91;1947.87;-298.04;0.00
0.29;10.29;41.28;3302.30;2274.67;-1027.63;0.00
0.27;10.04;37.57;3005.75;2108.89;-896.86;0.00
0.28;10.03;41.17;3293.71;2175.84;-1117.87;0.00
0.22;9.25;46.84;3747.10;1756.28;-1990.83;0.00
0.26;10.87;41.65;3332.37;2096.87;-1235.49;0.00
0.26;10.86;35.25;2820.33;2075.08;-745.25;0.00
0.23;10.06;36.33;2906.68;1855.45;-1051.23;0.00
0.23;11.42;46.89;3751.14;1936.73;-1814.41;0.00
0.24;8.02;36.44;2915.40;1821.87;-1093.53;0.00
0.22;9.67;41.35;3308.06;1802.50;-1505.56;0.00
0.25;9.95;35.40;2831.81;1971.67;-860.14;0.00
0.29;9.49;40.83;3266.64;2181.37;-1085.27;0.00
0.29;10.97;39.02;3121.39;2288.25;-833.14;0.00
0.26;10.62;42.35;3388.06;2085.18;-1302.88;0.00
0.28;9.05;40.56;3244.53;2113.20;-1131.33;0.00
0.18;10.05;42.39;3390.86;1613.59;-1777.27;0.00
0.28;10.95;44.09;3527.43;2247.54;-1279.89;0.00
0.26;8.92;38.22;3057.24;1987.49;-1069.75;0.00
0.21;13.11;44.35;3548.05;1948.08;-1599.97;0.00
0.21;10.22;41.08;3286.36;1799.12;-1487.24;0.00
0.29;9.88;44.94;3595.40;2203.93;-1391.46;0.00
0.23;9.89;44.17;3533.70;1903.54;-1630.15;0.00
0.24;10.12;36.35;2908.33;1939.64;-968.69;0.00
0.25;9.82;50.51;4040.96;1961.95;-2079.02;0.00
0.24;9.72;47.93;3834.46;1948.64;-1885.82;0.00
0.22;10.18;38.10;3047.77;1825.85;-1221.92;0.00
0.24;10.53;39.89;3191.49;1984.09;-1207.40;0.00
0.27;10.78;43.94;3515.15;2152.05;-1363.10;0.00
0.27;9.89;45.24;3619.58;2115.17;-1504.41;0.00
0.23;11.72;41.75;3340.28;1967.28;-1373.01;0.00
0.23;10.53;36.35;2908.27;1922.82;-985.45;0.00
0.27;9.58;39.59;3167.14;2101.58;-1065.56;0.00
0.24;8.68;33.83;2706.03;1896.07;-809.96;0.00
0.22;12.61;44.40;3552.05;1945.30;-1606.76;0.00
0.24;10.52;40.89;3271.54;1986.03;-1285.51;0.00
0.24;7.56;38.27;3061.81;1832.83;-1228.97;0.00
0.26;11.72;35.81;2864.66;2153.97;-710.69;0.00
0.27;8.35;38.32;3065.26;2004.13;-1061.13;0.00
0.24;10.69;29.63;2370.73;1990.79;-379.94;0.00
0.24;9.52;33.06;2644.44;1916.68;-727.76;0.00
0.25;11.46;35.13;2810.07;2081.68;-728.38;0.00
0.27;10.54;34.77;2781.82;2128.13;-653.69;0.00
0.26;9.78;37.02;2961.65;2049.23;-912.42;0.00
0.24;10.76;36.58;2926.62;1997.99;-928.63;0.00
0.27;10.56;38.31;3065.01;2161.06;-903.95;0.00
0.24;10.98;41.54;3323.42;2020.34;-1303.09;0.00
0.26;11.33;39.68;3174.10;2127.24;-1046.86;0.00
0.25;11.72;45.99;3679.57;2105.87;-1573.70;0.00
0.25;10.23;36.65;2932.02;1984.67;-947.34;0.00
0.29;9.18;39.34;3147.26;2178.97;-968.30;0.00
0.25;10.37;37.85;3028.04;2021.09;-1006.95;0.00
0.23;11.37;46.39;3710.96;1984.22;-1726.74;0.00
0.29;10.49;44.63;3570.22;2234.24;-1335.98;0.00
0.23;9.21;37.77;3021.28;1812.10;-1209.18;0.00
0.30;8.71;46.20;3696.23;2232.79;-1463.44;0.00
0.24;10.26;41.79;3343.60;1977.66;-1365.93;0.00
0.24;8.60;43.94;3514.82;1851.48;-1663.34;0.00
0.26;8.47;42.26;3380.95;1952.23;-1428.73;0.00
0.26;9.87;37.47;2997.65;2050.50;-947.15;0.00
0.23;12.83;41.87;3349.21;2054.78;-1294.43;0.00
0.27;8.38;44.01;3520.84;1998.27;-1522.57;0.00
0.19;12.16;39.12;3129.94;1783.89;-1346.06;0.00
0.27;9.17;36.94;2955.41;2081.33;-874.09;0.00
0.30;11.72;38.46;3076.99;2383.19;-693.79;0.00
0.24;8.08;31.95;2556.03;1811.31;-744.72;0.00
0.25;9.99;40.00;3199.74;1975.16;-1224.58;0.00
0.25;10.75;35.59;2847.02;2066.58;-780.44;0.00
0.24;8.81;41.96;3356.60;1898.91;-1457.69;0.00
0.26;11.00;38.39;3071.27;2104.98;-966.28;0.00
0.22;9.50;34.47;2757.56;1781.96;-975.60;0.00
0.27;9.47;45.69;3655.19;2111.95;-1543.25;0.00
0.21;11.36;45.56;3644.79;1863.99;-1780.79;0.00
0.24;9.33;40.96;3276.76;1927.78;-1348.98;0.00
0.24;11.18;41.42;3313.86;1992.66;-1321.20;0.00
0.23;11.34;33.45;2676.24;1926.72;-749.52;0.00
0.21;8.95;52.84;4226.94;1688.12;-2538.82;0.00
0.28;11.67;38.66;3092.61;2286.44;-806.17;0.00
0.25;10.21;36.21;2896.41;1987.57;-908.84;0.00
0.26;11.04;38.09;3047.50;2138.57;-908.93;0.00
0.25;8.78;43.77;3501.40;1932.04;-1569.36;0.00
0.23;9.84;33.54;2683.09;1883.14;-799.95;0.00
0.25;9.97;44.86;3589.13;1975.47;-1613.66;0.00
0.22;9.18;42.26;3380.83;1786.98;-1593.85;0.00
0.27;9.24;41.64;3331.42;2095.54;-1235.88;0.00
0.23;9.92;33.01;2640.78;1878.63;-762.15;0.00
0.27;10.72;35.07;2805.34;2174.09;-631.25;0.00
0.21;12.96;34.37;2749.41;1917.06;-832.35;0.00
0.29;9.43;42.01;3360.69;2215.65;-1145.04;0.00
0.26;9.97;46.81;3744.49;2068.78;-1675.71;0.00
0.28;10.09;47.84;3827.30;2174.57;-1652.73;0.00
0.23;9.95;43.07;3445.41;1904.87;-1540.54;0.00
0.28;8.90;31.98;2558.77;2125.51;-433.26;0.00
0.25;10.13;42.19;3375.02;2026.06;-1348.96;0.00
0.23;8.56;44.43;3554.76;1792.59;-1762.17;0.00
0.26;9.43;40.17;3213.82;2041.26;-1172.56;0.00
0.25;11.10;39.25;3140.20;2082.57;-1057.64;0.00
0.24;10.01;39.96;3196.98;1934.69;-1262.29;0.00
0.27;9.70;36.49;2918.95;2074.78;-844.18;0.00
0.26;10.22;38.48;3078.68;2063.23;-1015.45;0.00
0.24;10.89;40.17;3213.45;1992.16;-1221.29;0.00
0.23;9.97;40.88;3270.79;1897.37;-1373.42;0.00
0.26;8.75;51.66;4132.74;2012.22;-2120.52;0.00
0.28;9.86;47.00;3759.94;2193.27;-1566.66;0.00
0.29;9.92;57.13;4570.21;2202.98;-2367.23;0.00
0.24;10.49;38.76;3101.05;1953.91;-1147.14;0.00
0.24;12.13;39.22;3137.47;2032.64;-1104.83;0.00
0.23;9.31;38.13;3050.58;1832.37;-1218.20;0.00
0.24;9.26;40.57;3245.54;1885.13;-1360.40;0.00
0.26;9.78;39.60;3167.99;2063.25;-1104.75;0.00
0.29;9.92;42.16;3372.80;2203.99;-1168.81;0.00
0.20;11.26;29.91;2392.95;1791.90;-601.06;0.00
0.26;10.57;36.31;2904.69;2059.15;-845.54;0.00
0.22;9.89;44.03;3522.49;1804.98;-1717.51;0.00
0.26;9.32;47.04;3763.29;2000.71;-1762.58;0.00
0.24;10.50;41.25;3300.07;1944.57;-1355.50;0.00
0.29;8.87;39.39;3150.81;2159.71;-991.10;0.00
0.27;9.81;39.94;3194.95;2089.05;-1105.90;0.00
0.28;11.65;38.26;3060.51;2283.35;-777.17;0.00
0.22;10.70;39.31;3144.72;1862.60;-1282.12;0.00
0.30;10.18;33.06;2645.01;2301.20;-343.81;0.00
0.22;10.18;40.13;3210.27;1826.79;-1383.48;0.00
0.27;10.42;33.62;2689.70;2136.19;-553.51;0.00
0.24;11.45;42.50;3400.02;1995.09;-1404.92;0.00
0.32;10.14;42.99;3438.90;2418.13;-1020.77;0.00
0.27;9.22;40.59;3246.87;2063.20;-1183.67;0.00
0.29;11.55;43.21;3456.82;2315.02;-1141.80;0.00
0.22;9.38;39.96;3196.64;1788.54;-1408.09;0.00
0.22;11.00;27.49;2199.51;1903.09;-296.42;0.00
0.30;10.52;45.07;3605.70;2307.47;-1298.23;0.00
0.23;9.52;42.57;3405.88;1851.39;-1554.49;0.00
0.29;10.75;42.54;3403.37;2251.47;-1151.90;0.00
0.23;7.85;43.64;3491.46;1764.34;-1727.12;0.00
0.25;9.13;35.23;2818.37;1928.71;-889.66;0.00
0.21;8.92;43.67;3493.99;1686.39;-1807.59;0.00
0.24;10.12;47.49;3798.88;1953.59;-1845.30;0.00
0.22;9.80;43.18;3454.66;1810.53;-1644.12;0.00
0.24;10.77;37.93;3034.27;1975.69;-1058.58;0.00
0.23;10.25;40.52;3241.57;1867.90;-1373.67;0.00
0.21;8.80;39.21;3136.67;1696.34;-1440.33;0.00
0.26;9.63;38.92;3113.61;2052.78;-1060.83;0.00
0.26;12.23;36.43;2914.26;2159.42;-754.84;0.00
0.27;12.01;44.76;3580.60;2225.69;-1354.91;0.00
0.24;11.12;39.01;3120.42;2019.56;-1100.85;0.00
0.20;12.42;34.59;2767.18;1859.13;-908.05;0.00
0.30;10.43;42.07;3365.68;2316.90;-1048.78;0.00
0.20;10.54;37.67;3013.26;1736.87;-1276.39;0.00
0.25;10.59;42.04;3363.38;2010.81;-1352.58;0.00
0.26;11.36;35.39;2831.45;2118.76;-712.69;0.00
0.24;10.40;45.74;3658.95;1980.21;-1678.74;0.00
0.19;10.10;31.67;2533.26;1625.17;-908.10;0.00
0.24;10.88;37.67;3013.75;2013.87;-999.89;0.00
0.22;10.65;37.94;3034.86;1848.51;-1186.35;0.00
0.26;10.05;36.40;2911.75;2059.28;-852.46;0.00
0.27;10.64;40.23;3218.68;2149.57;-1069.12;0.00
0.24;10.96;39.92;3193.90;2009.91;-1183.99;0.00
0.23;10.18;37.02;2961.22;1873.79;-1087.43;0.00
0.24;10.79;38.98;3118.14;1963.34;-1154.80;0.00
0.23;10.96;32.66;2613.05;1911.24;-701.81;0.00
0.27;7.45;40.71;3256.93;1987.12;-1269.81;0.00
0.30;11.06;42.39;3390.84;2331.66;-1059.18;0.00
0.25;11.45;40.85;3268.14;2093.53;-1174.61;0.00
0.28;10.48;41.71;3337.07;2184.34;-1152.73;0.00
0.21;11.04;31.62;2529.68;1797.15;-732.53;0.00
0.21;8.68;41.88;3350.15;1702.55;-1647.60;0.00
0.31;8.79;39.33;3146.27;2285.02;-861.25;0.00
0.26;9.18;42.94;3435.39;2011.98;-1423.41;0.00
0.31;10.12;34.47;2757.41;2346.57;-410.84;0.00
0.26;8.32;45.32;3625.44;1981.75;-1643.69;0.00
0.21;7.90;31.40;2511.90;1664.24;-847.66;0.00
0.26;9.39;46.96;3756.80;2046.79;-1710.00;0.00
0.29;10.91;40.16;3213.02;2286.68;-926.34;0.00
0.26;7.71;43.87;3509.90;1913.76;-1596.14;0.00
0.26;10.29;35.78;2862.53;2080.71;-781.81;0.00
0.27;8.47;38.02;3041.22;2038.37;-1002.85;0.00
0.24;7.43;40.08;3206.18;1786.53;-1419.65;0.00
0.27;8.84;42.45;3395.81;2054.98;-1340.83;0.00
0.26;11.60;38.41;3072.54;2123.13;-949.41;0.00
0.25;10.43;32.91;2632.70;2030.01;-602.69;0.00
0.27;10.95;45.88;3670.71;2152.37;-1518.34;0.00
0.27;10.22;45.11;3608.95;2137.44;-1471.51;0.00
0.23;9.76;46.57;3725.54;1852.50;-1873.04;0.00
0.25;10.32;48.55;3884.17;2024.68;-1859.48;0.00
0.30;10.10;36.64;2931.32;2289.59;-641.73;0.00
0.21;10.19;41.63;3330.40;1762.85;-1567.55;0.00
0.22;10.00;43.93;3514.57;1805.80;-1708.77;0.00
0.24;9.46;38.96;3117.05;1900.27;-1216.78;0.00
0.26;9.52;39.18;3134.27;2010.36;-1123.91;0.00
0.25;10.34;44.36;3548.76;2030.96;-1517.80;0.00
0.27;12.21;39.52;3161.65;2205.35;-956.30;0.00
0.29;11.23;41.33;3306.35;2326.86;-979.48;0.00
0.24;7.52;46.63;3730.22;1793.59;-1936.62;0.00
0.19;10.57;44.05;3523.68;1651.52;-1872.17;0.00
0.22;9.55;46.32;3705.38;1814.83;-1890.56;0.00
0.26;10.42;40.30;3223.85;2059.91;-1163.94;0.00
0.18;10.66;41.88;3350.49;1632.16;-1718.34;0.00
0.27;9.91;37.84;3027.14;2101.89;-925.25;0.00
0.27;9.95;32.98;2638.32;2132.82;-505.49;0.00
0.25;9.80;44.92;3593.33;2015.17;-1578.16;0.00
0.25;10.55;41.58;3326.14;2022.20;-1303.94;0.00
0.28;9.19;41.42;3313.93;2110.20;-1203.74;0.00
0.23;9.21;48.00;3839.74;1834.97;-2004.76;0.00
0.23;9.82;28.63;2290.45;1884.57;-405.88;0.00
0.23;8.76;36.54;2923.58;1802.99;-1120.60;0.00
0.27;9.66;51.99;4158.94;2105.39;-2053.55;0.00
0.24;10.67;35.64;2851.22;1951.45;-899.77;0.00
0.24;9.81;37.20;2975.78;1938.18;-1037.59;0.00
0.23;10.57;31.71;2537.08;1927.09;-609.99;0.00
0.25;9.10;40.61;3248.64;1946.08;-1302.56;0.00
0.27;8.67;46.85;3747.89;2021.75;-1726.14;0.00
0.29;9.21;33.90;2712.02;2200.99;-511.03;0.00
0.24;12.16;41.00;3279.93;2027.37;-1252.56;0.00
0.24;10.50;34.13;2730.21;1989.54;-740.67;0.00
0.28;10.05;31.72;2537.79;2163.25;-374.54;0.00
0.25;10.10;48.47;3877.22;2028.11;-1849.10;0.00
0.24;9.53;38.25;3059.99;1898.53;-1161.47;0.00
0.22;11.02;41.83;3346.02;1901.39;-1444.64;0.00
0.28;12.05;39.92;3193.64;2256.23;-937.41;0.00
0.24;9.71;37.85;3028.35;1898.19;-1130.16;0.00
0.29;9.61;33.09;2647.00;2229.13;-417.86;0.00
0.24;11.53;45.46;3636.47;2028.66;-1607.81;0.00
0.28;10.16;40.96;3277.00;2153.09;-1123.91;0.00
0.23;10.24;40.73;3258.37;1911.36;-1347.01;0.00
0.25;9.94;37.39;2991.22;2012.78;-978.43;0.00
0.27;9.13;42.52;3401.94;2038.78;-1363.16;0.00
0.27;8.61;34.28;2742.75;2015.10;-727.65;0.00
0.29;8.06;37.78;3022.02;2116.84;-905.18;0.00
0.28;9.79;36.50;2919.84;2180.85;-738.99;0.00
0.24;10.31;32.56;2604.53;1980.53;-624.00;0.00
0.26;8.97;36.60;2928.31;1986.24;-942.07;0.00
0.23;10.30;45.69;3654.86;1877.87;-1776.99;0.00
0.23;10.07;44.74;3578.89;1862.06;-1716.84;0.00
0.23;10.04;35.59;2847.37;1869.10;-978.27;0.00
0.23;11.80;37.92;3033.29;1980.66;-1052.64;0.00
0.22;7.43;38.93;3114.09;1658.09;-1456.00;0.00
0.23;12.20;37.30;2984.03;2006.43;-977.60;0.00
0.28;10.17;45.18;3614.52;2157.53;-1456.99;0.00
0.31;11.45;40.06;3204.45;2402.10;-802.35;0.00
0.24;9.52;43.89;3511.20;1927.81;-1583.39;0.00
0.28;9.42;35.02;2801.68;2146.12;-655.56;0.00
0.23;9.94;35.56;2845.01;1901.31;-943.70;0.00
0.27;9.27;35.54;2843.58;2061.23;-782.34;0.00
0.29;13.47;43.11;3449.13;2401.43;-1047.70;0.00
0.24;8.86;43.02;3441.29;1889.74;-1551.56;0.00
0.27;11.16;32.46;2596.77;2170.33;-426.44;0.00
0.22;11.75;41.83;3346.52;1935.41;-1411.11;0.00
0.26;11.30;41.56;3324.84;2111.22;-1213.62;0.00
0.27;9.42;46.62;3729.97;2095.36;-1634.61;0.00
0.26;8.89;40.05;3204.19;1967.68;-1236.51;0.00
0.22;11.62;41.12;3289.95;1926.25;-1363.70;0.00
0.24;10.70;38.51;3080.44;1979.56;-1100.88;0.00
0.24;8.70;50.01;4001.00;1882.63;-2118.37;0.00
0.26;9.23;39.12;3129.98;2006.19;-1123.79;0.00
0.23;9.01;36.26;2900.88;1819.50;-1081.39;0.00
0.28;11.59;41.39;3311.44;2242.63;-1068.81;0.00
0.25;9.47;42.29;3383.07;1941.78;-1441.29;0.00
0.25;8.88;25.69;2054.92;1921.15;-133.77;0.00
0.24;9.41;41.87;3349.28;1898.82;-1450.46;0.00
0.31;11.78;35.76;2861.13;2456.81;-404.32;0.00
0.27;10.41;45.62;3649.54;2154.78;-1494.76;0.00
0.22;9.68;37.25;2979.71;1794.01;-1185.70;0.00
0.23;9.69;41.40;3311.99;1882.85;-1429.14;0.00
0.25;10.22;37.89;3031.50;1986.93;-1044.57;0.00
0.26;10.45;47.17;3773.68;2081.99;-1691.69;0.00
0.27;10.86;42.10;3367.77;2153.95;-1213.82;0.00
0.28;9.98;37.92;3033.87;2143.42;-890.45;0.00
0.27;11.48;40.29;3223.08;2215.34;-1007.74;0.00
0.20;8.53;40.11;3208.66;1613.20;-1595.46;0.00
0.24;11.03;43.52;3481.57;1995.84;-1485.73;0.00
0.22;11.38;39.80;3183.81;1900.53;-1283.28;0.00
0.23;10.31;39.37;3149.97;1911.44;-1238.53;0.00
0.20;9.66;46.15;3691.64;1708.90;-1982.74;0.00
0.25;9.85;30.13;2410.68;1964.24;-446.43;0.00
0.25;10.19;43.54;3483.03;2022.17;-1460.86;0.00
0.25;9.87;31.41;2512.77;1967.11;-545.67;0.00
0.26;8.56;35.40;2831.71;1968.37;-863.34;0.00
0.24;8.97;43.16;3452.57;1863.34;-1589.23;0.00
0.25;7.15;44.32;3545.91;1814.93;-1730.98;0.00
0.25;10.65;46.10;3688.08;2036.19;-1651.89;0.00
0.26;8.69;33.30;2664.22;2012.47;-651.75;0.00
0.27;10.13;33.91;2712.73;2116.31;-596.42;0.00
0.21;9.95;39.52;3161.93;1770.83;-1391.10;0.00
0.20;11.42;41.93;3354.70;1767.30;-1587.40;0.00
0.26;12.19;35.05;2804.23;2164.34;-639.89;0.00
0.26;10.26;45.22;3617.79;2042.03;-1575.77;0.00
0.24;10.03;45.11;3608.45;1917.58;-1690.87;0.00
0.25;11.97;33.60;2687.98;2081.02;-606.96;0.00
0.27;9.10;39.47;3157.82;2072.03;-1085.79;0.00
0.28;10.22;32.06;2565.05;2184.37;-380.68;0.00
0.30;10.90;48.84;3907.22;2317.75;-1589.47;0.00
0.25;10.84;46.23;3698.08;2066.12;-1631.96;0.00
0.21;12.24;37.04;2963.56;1910.91;-1052.66;0.00
0.22;13.27;35.48;2838.60;2012.57;-826.03;0.00
0.28;8.64;44.32;3545.29;2097.57;-1447.72;0.00
0.23;9.84;35.42;2833.84;1882.31;-951.54;0.00
0.25;10.89;41.60;3328.05;2056.06;-1271.99;0.00
0.24;10.24;45.75;3660.35;1962.35;-1698.01;0.00
0.26;10.08;45.45;3635.70;2068.69;-1567.00;0.00
0.26;11.04;46.30;3703.87;2090.85;-1613.02;0.00
0.27;10.18;42.08;3366.40;2115.37;-1251.03;0.00
0.29;10.23;42.11;3368.78;2216.34;-1152.45;0.00
0.26;10.93;45.09;3606.85;2078.80;-1528.05;0.00
0.30;10.84;35.95;2876.28;2315.23;-561.05;0.00
0.22;9.31;42.27;3381.86;1756.52;-1625.35;0.00
0.24;9.21;34.13;2730.38;1870.12;-860.25;0.00
0.27;10.86;45.23;3618.70;2170.50;-1448.20;0.00
0.26;9.67;45.21;3616.70;2066.67;-1550.03;0.00
0.23;9.90;39.58;3166.46;1891.49;-1274.96;0.00
0.27;10.77;29.01;2321.06;2140.51;-180.56;0.00
0.25;9.91;40.65;3251.79;2015.52;-1236.28;0.00
0.28;9.22;48.08;3846.16;2111.40;-1734.76;0.00
0.24;9.03;37.80;3023.62;1899.42;-1124.20;0.00
0.26;11.00;48.11;3848.91;2120.36;-1728.55;0.00
0.28;10.48;28.78;2302.39;2198.18;-104.21;0.00
0.30;9.19;36.91;2952.76;2253.01;-699.75;0.00
0.24;10.61;47.70;3816.01;1953.94;-1862.08;0.00
0.28;9.59;27.52;2201.35;2178.02;-23.33;0.00
0.23;10.75;37.70;3015.60;1904.13;-1111.47;0.00
0.24;10.97;38.35;3067.61;1973.16;-1094.45;0.00
0.28;10.67;44.21;3536.64;2186.35;-1350.29;0.00
0.19;10.02;31.59;2527.06;1638.41;-888.65;0.00
0.25;9.18;36.03;2882.31;1956.46;-925.85;0.00
0.26;8.05;31.31;2504.96;1976.18;-528.78;0.00
0.27;9.48;36.51;2920.49;2072.53;-847.97;0.00
0.27;9.35;53.21;4256.77;2065.29;-2191.48;0.00
0.28;9.69;41.98;3358.26;2155.75;-1202.51;0.00
0.22;9.26;38.44;3075.12;1808.80;-1266.32;0.00
0.26;11.26;40.32;3225.44;2136.04;-1089.40;0.00
0.23;9.34;38.97;3117.87;1832.78;-1285.09;0.00
0.23;10.60;44.26;3540.50;1923.14;-1617.36;0.00
0.23;8.52;41.91;3352.98;1790.06;-1562.93;0.00
0.29;10.68;43.31;3464.49;2262.90;-1201.59;0.00
0.21;8.77;36.99;2959.07;1706.84;-1252.24;0.00
0.26;11.14;33.59;2686.80;2136.54;-550.27;0.00
0.26;10.77;45.58;3646.68;2095.13;-1551.55;0.00
0.23;9.46;44.61;3569.00;1872.85;-1696.15;0.00
0.24;10.84;36.46;2916.57;2010.57;-906.01;0.00
0.24;9.49;39.49;3159.08;1917.71;-1241.37;0.00
0.21;9.06;48.14;3850.87;1685.48;-2165.38;0.00
0.28;9.35;44.61;3568.43;2129.14;-1439.29;0.00
0.29;10.52;47.98;3838.56;2238.24;-1600.33;0.00
0.25;11.52;34.52;2761.53;2066.12;-695.41;0.00
0.26;9.15;31.45;2515.61;2020.52;-495.09;0.00
0.21;7.00;42.11;3368.52;1593.49;-1775.03;0.00
0.26;10.50;38.54;3083.51;2106.44;-977.07;0.00
0.26;10.87;39.04;3123.52;2093.62;-1029.89;0.00
0.23;9.71;40.96;3276.54;1892.12;-1384.41;0.00
0.25;11.08;41.06;3284.41;2044.70;-1239.71;0.00
0.23;9.53;42.79;3423.08;1830.85;-1592.23;0.00
0.28;9.09;28.66;2292.75;2130.28;-162.47;0.00
0.24;10.42;42.68;3414.49;1977.94;-1436.55;0.00
0.26;8.67;42.92;3433.86;1978.93;-1454.93;0.00
0.24;10.85;44.90;3591.63;1991.54;-1600.09;0.00
0.27;10.70;41.21;3296.92;2156.69;-1140.24;0.00
0.23;10.76;45.72;3657.31;1936.77;-1720.54;0.00
0.23;10.45;42.22;3377.49;1900.30;-1477.19;0.00
0.29;10.35;43.43;3474.30;2225.03;-1249.28;0.00
0.28;9.28;35.35;2828.40;2115.66;-712.74;0.00
0.22;10.85;40.92;3273.84;1887.62;-1386.22;0.00
0.25;9.41;43.09;3446.87;1947.27;-1499.60;0.00
0.26;10.15;39.12;3129.51;2083.42;-1046.09;0.00
0.25;11.32;40.07;3206.00;2075.29;-1130.71;0.00
0.23;9.36;41.10;3288.36;1866.14;-1422.21;0.00
0.23;9.06;36.98;2958.09;1842.88;-1115.20;0.00
0.22;10.84;39.18;3134.65;1864.66;-1269.99;0.00
0.25;11.33;37.34;2986.81;2060.32;-926.49;0.00
0.24;12.64;37.36;2989.16;2107.59;-881.57;0.00
0.24;9.86;38.56;3084.51;1953.63;-1130.87;0.00
0.27;10.66;38.50;3080.06;2141.88;-938.19;0.00
0.27;11.53;37.27;2981.99;2180.73;-801.26;0.00
0.22;9.64;44.82;3585.94;1807.43;-1778.51;0.00
0.26;9.66;40.55;3244.30;2013.76;-1230.54;0.00
0.26;10.91;37.36;2988.76;2111.16;-877.61;0.00
0.24;10.19;41.31;3304.53;1950.50;-1354.02;0.00
0.22;11.98;37.08;2966.28;1956.49;-1009.79;0.00
0.20;10.04;42.55;3403.94;1694.66;-1709.27;0.00
0.29;11.49;41.01;3280.78;2339.45;-941.33;0.00
0.25;11.96;50.48;4038.29;2083.14;-1955.15;0.00
0.23;10.71;39.16;3132.82;1941.67;-1191.15;0.00
0.26;7.53;43.74;3499.34;1921.13;-1578.22;0.00
0.22;8.46;34.96;2796.78;1743.10;-1053.67;0.00
0.28;9.44;42.03;3362.27;2131.89;-1230.38;0.00
0.23;9.24;50.64;4051.14;1858.05;-2193.09;0.00
0.24;9.02;36.86;2948.50;1894.19;-1054.31;0.00
0.19;9.61;45.17;3613.84;1601.92;-2011.92;0.00
0.28;9.34;38.54;3083.51;2148.90;-934.61;0.00
0.24;11.14;32.11;2569.16;1988.15;-581.01;0.00
0.28;8.94;46.40;3712.33;2088.10;-1624.23;0.00
0.26;10.89;37.11;2968.96;2111.88;-857.08;0.00
0.23;11.17;41.12;3289.39;1962.66;-1326.72;0.00
0.20;10.80;45.17;3613.76;1740.28;-1873.48;0.00
0.26;10.26;44.37;3549.24;2049.02;-1500.21;0.00
0.24;9.90;32.18;2574.63;1945.72;-628.91;0.00
0.25;10.58;41.33;3306.73;2045.20;-1261.53;0.00
0.24;11.05;41.12;3289.97;1967.94;-1322.03;0.00
0.24;11.33;37.41;2992.77;2008.10;-984.67;0.00
0.24;11.13;47.07;3765.42;1980.35;-1785.08;0.00
0.21;9.86;36.50;2920.34;1742.70;-1177.63;0.00
0.23;9.51;42.15;3371.95;1852.77;-1519.19;0.00
0.24;9.78;45.50;3639.83;1902.42;-1737.40;0.00
0.22;10.31;39.50;3159.73;1817.95;-1341.77;0.00
0.27;9.74;49.28;3942.35;2126.93;-1815.42;0.00
0.21;10.93;41.78;3342.03;1795.38;-1546.64;0.00
0.24;10.28;41.86;3348.89;1960.84;-1388.04;0.00
0.21;10.66;40.62;3249.58;1809.81;-1439.77;0.00
0.25;9.63;40.47;3237.77;1966.88;-1270.89;0.00
0.25;9.16;51.31;4105.18;1964.39;-2140.79;0.00
0.20;11.68;32.09;2567.60;1825.30;-742.30;0.00
0.25;9.44;37.47;2997.34;1973.35;-1023.99;0.00
0.27;11.15;39.25;3140.21;2173.99;-966.22;0.00
0.24;10.13;38.97;3117.30;1930.63;-1186.67;0.00
0.24;7.05;41.53;3322.55;1790.29;-1532.26;0.00
0.30;9.80;37.05;2964.12;2275.48;-688.64;0.00
0.24;10.64;36.33;2906.03;2000.12;-905.91;0.00
0.24;9.42;30.64;2451.26;1934.43;-516.83;0.00
0.29;9.70;39.03;3122.79;2212.77;-910.02;0.00
0.23;11.19;42.12;3369.40;1947.35;-1422.05;0.00
0.26;9.71;47.29;3783.29;2029.50;-1753.78;0.00
0.23;11.94;35.55;2843.66;2005.11;-838.55;0.00
0.29;11.28;34.14;2731.29;2294.49;-436.80;0.00
0.28;12.32;39.18;3134.29;2276.75;-857.54;0.00
0.23;11.48;41.81;3345.01;1935.24;-1409.77;0.00
0.23;11.06;41.79;3343.31;1945.80;-1397.52;0.00
0.20;11.34;48.59;3887.46;1803.73;-2083.73;0.00
0.25;10.01;38.12;3049.24;2006.12;-1043.12;0.00
0.23;8.84;51.79;4143.43;1813.41;-2330.02;0.00
0.23;8.50;41.99;3359.55;1817.55;-1542.00;0.00
0.25;10.85;29.90;2391.79;2063.85;-327.94;0.00
0.26;8.63;41.82;3345.99;1995.85;-1350.14;0.00
0.24;11.30;43.90;3512.32;2010.75;-1501.57;0.00
0.23;11.84;36.11;2889.18;1985.77;-903.41;0.00
0.26;10.46;38.51;3080.81;2069.04;-1011.77;0.00
0.25;9.57;37.63;3010.41;2001.32;-1009.09;0.00
0.22;10.70;31.57;2525.80;1877.89;-647.91;0.00
0.26;9.40;43.81;3504.48;2007.25;-1497.24;0.00
0.28;9.71;51.04;4083.38;2142.83;-1940.55;0.00
0.28;11.55;45.03;3602.15;2255.19;-1346.95;0.00
0.25;10.54;47.83;3826.49;2022.25;-1804.24;0.00
0.22;9.33;39.84;3186.97;1762.78;-1424.19;0.00
0.27;11.59;49.77;3981.99;2223.25;-1758.74;0.00
0.17;9.36;43.16;3452.88;1500.48;-1952.40;0.00
0.23;10.25;40.88;3270.35;1915.21;-1355.15;0.00
0.27;10.83;36.43;2914.64;2185.58;-729.06;0.00
0.22;10.93;24.38;1950.65;1847.24;-103.41;0.00
0.24;10.32;38.89;3111.43;1941.43;-1170.00;0.00
0.24;9.39;43.90;3512.08;1878.00;-1634.08;0.00
0.27;9.95;29.19;2335.27;2123.49;-211.78;0.00
0.24;8.57;40.44;3234.90;1866.09;-1368.81;0.00
0.25;9.25;38.28;3062.47;1969.20;-1093.27;0.00
0.28;9.43;44.43;3554.18;2131.44;-1422.74;0.00
0.24;10.29;41.83;3346.19;1946.43;-1399.76;0.00
0.26;8.29;39.75;3180.17;1936.65;-1243.52;0.00
0.25;9.70;38.76;3100.56;1958.32;-1142.24;0.00
0.25;9.91;42.83;3426.36;1967.64;-1458.72;0.00
0.19;9.33;36.94;2954.91;1633.27;-1321.64;0.00
0.23;10.24;35.39;2830.97;1908.29;-922.67;0.00
0.27;10.45;39.19;3135.09;2165.04;-970.05;0.00
0.21;8.56;39.58;3166.66;1704.94;-1461.72;0.00
0.26;10.38;42.47;3397.65;2074.04;-1323.61;0.00
0.23;8.92;41.22;3297.75;1827.21;-1470.54;0.00
0.25;9.58;40.64;3251.31;1991.67;-1259.65;0.00
0.30;9.01;32.33;2586.54;2256.76;-329.78;0.00
0.24;11.48;43.61;3489.16;2011.23;-1477.94;0.00
0.24;9.12;33.19;2655.10;1893.12;-761.98;0.00
0.23;12.13;36.69;2935.41;1982.01;-953.39;0.00
0.27;10.19;47.38;3790.74;2115.01;-1675.73;0.00
0.23;8.97;49.81;3984.54;1835.29;-2149.25;0.00
0.26;11.11;40.47;3237.42;2092.59;-1144.82;0.00
0.27;10.51;31.77;2541.65;2153.51;-388.14;0.00
0.31;8.53;40.91;3273.18;2243.42;-1029.76;0.00
0.28;10.57;31.42;2513.76;2229.78;-283.98;0.00
0.22;9.65;32.27;2581.66;1809.15;-772.51;0.00
0.24;9.49;34.18;2734.18;1906.29;-827.89;0.00
0.22;10.56;49.93;3994.30;1856.38;-2137.92;0.00
0.24;8.86;44.77;3581.89;1889.24;-1692.64;0.00
0.29;10.58;42.89;3431.40;2262.11;-1169.30;0.00
0.24;10.15;45.12;3609.82;1927.74;-1682.07;0.00
0.27;10.92;48.07;3845.34;2162.54;-1682.80;0.00
0.29;10.96;45.84;3667.58;2264.79;-1402.78;0.00
0.25;9.59;47.19;3775.29;1953.63;-1821.66;0.00
0.24;10.14;45.53;3642.64;1956.10;-1686.53;0.00
0.29;9.43;39.60;3167.87;2207.76;-960.11;0.00
0.25;9.56;47.36;3788.44;1986.53;-1801.91;0.00
0.24;8.07;40.31;3224.91;1829.20;-1395.71;0.00
0.23;10.26;41.76;3340.79;1871.34;-1469.45;0.00
0.25;11.55;45.86;3668.98;2058.10;-1610.88;0.00
0.28;7.35;43.45;3476.06;2013.16;-1462.90;0.00
0.29;8.18;38.11;3049.07;2150.36;-898.71;0.00
0.31;10.77;45.46;3636.92;2361.49;-1275.43;0.00
0.29;9.19;38.50;3080.08;2170.87;-909.21;0.00
0.28;9.97;45.54;3643.41;2189.98;-1453.43;0.00
0.24;8.81;44.23;3538.18;1884.85;-1653.33;0.00
0.23;10.10;43.84;3507.33;1889.50;-1617.83;0.00
0.25;11.79;45.37;3629.47;2083.31;-1546.15;0.00
0.25;9.28;39.71;3177.06;1975.26;-1201.81;0.00
0.25;13.32;35.80;2863.65;2203.25;-660.40;0.00
0.24;10.09;35.29;2823.03;1955.89;-867.14;0.00
0.23;9.43;37.90;3031.88;1837.44;-1194.45;0.00
0.28;10.29;42.34;3387.54;2211.84;-1175.70;0.00
0.30;10.73;45.83;3666.70;2310.07;-1356.63;0.00
0.23;10.36;32.65;2612.02;1900.98;-711.03;0.00
0.31;12.26;40.85;3267.85;2447.62;-820.23;0.00
0.23;9.84;43.37;3469.87;1862.20;-1607.68;0.00
0.28;8.97;41.35;3307.66;2117.22;-1190.44;0.00
0.24;9.69;40.46;3236.74;1899.77;-1336.96;0.00
0.22;8.67;48.52;3881.61;1765.08;-2116.53;0.00
0.27;10.75;41.39;3311.47;2170.49;-1140.99;0.00
0.23;10.67;42.91;3432.42;1941.58;-1490.84;0.00
0.27;11.14;31.78;2542.50;2182.12;-360.39;0.00
0.29;11.55;47.98;3838.03;2300.87;-1537.16;0.00
0.29;11.55;35.26;2820.64;2335.79;-484.84;0.00
0.28;10.44;36.94;2955.16;2177.19;-777.97;0.00
0.25;10.32;45.00;3599.92;2030.02;-1569.89;0.00
0.30;8.28;32.90;2631.68;2225.52;-406.17;0.00
0.24;10.39;29.55;2363.93;1969.85;-394.09;0.00
0.27;10.15;46.83;3746.21;2097.47;-1648.74;0.00
0.23;8.96;44.16;3532.49;1850.43;-1682.05;0.00
0.20;9.82;41.64;3331.50;1715.75;-1615.75;0.00
0.26;9.22;44.52;3561.28;1991.15;-1570.13;0.00
0.28;10.95;35.00;2800.35;2206.31;-594.04;0.00
0.24;10.53;33.83;2706.09;1945.47;-760.62;0.00
0.23;10.62;42.06;3364.50;1903.52;-1460.98;0.00
0.26;11.84;41.28;3302.22;2157.70;-1144.52;0.00
0.22;10.52;31.37;2509.50;1822.06;-687.44;0.00
0.25;7.59;36.39;2910.93;1892.99;-1017.93;0.00
0.19;10.79;38.65;3092.22;1698.45;-1393.78;0.00
0.22;10.70;42.28;3382.13;1852.47;-1529.66;0.00
0.23;11.31;36.50;2919.83;1980.16;-939.67;0.00
0.27;10.50;41.09;3287.58;2118.41;-1169.16;0.00
0.23;10.36;38.33;3066.02;1905.78;-1160.24;0.00
0.25;10.93;45.75;3660.23;2050.21;-1610.03;0.00
0.21;10.67;32.31;2584.47;1807.47;-777.00;0.00
0.25;7.78;38.95;3116.31;1873.56;-1242.75;0.00
0.27;10.15;44.29;3543.30;2135.63;-1407.67;0.00
0.25;9.87;41.21;3297.16;1997.42;-1299.74;0.00
0.27;7.94;33.60;2687.88;1985.49;-702.39;0.00
0.30;10.47;42.48;3398.40;2309.72;-1088.68;0.00
0.27;10.32;36.53;2922.51;2126.85;-795.66;0.00
0.24;9.33;37.64;3011.18;1912.72;-1098.46;0.00
0.26;9.99;28.84;2306.81;2039.07;-267.74;0.00
0.22;11.28;38.93;3114.63;1869.94;-1244.69;0.00
0.28;9.69;38.62;3089.90;2168.62;-921.28;0.00
0.25;10.52;46.43;3714.39;2014.58;-1699.81;0.00
0.28;9.78;49.93;3994.15;2140.23;-1853.92;0.00
0.24;10.91;32.29;2583.57;1969.87;-613.70;0.00
0.25;10.15;41.82;3345.51;1988.73;-1356.78;0.00
0.25;11.03;44.43;3554.65;2071.25;-1483.40;0.00
0.30;9.63;42.16;3373.13;2266.52;-1106.61;0.00
0.24;11.09;39.92;3193.71;1992.23;-1201.48;0.00
0.25;10.22;43.93;3514.04;2022.45;-1491.60;0.00
0.24;11.82;42.26;3380.45;2064.55;-1315.90;0.00
0.26;10.02;37.18;2974.68;2050.74;-923.94;0.00
0.25;9.72;40.27;3221.27;1974.35;-1246.91;0.00
0.25;8.87;48.33;3866.26;1961.71;-1904.55;0.00
0.23;9.73;33.86;2708.81;1846.09;-862.72;0.00
0.17;10.02;42.83;3426.62;1550.95;-1875.67;0.00
0.30;10.38;41.12;3289.86;2296.34;-993.53;0.00
0.26;12.06;42.08;3366.32;2163.28;-1203.04;0.00
0.21;11.15;35.07;2805.61;1837.10;-968.52;0.00
0.25;9.18;33.05;2644.38;1967.29;-677.08;0.00
0.20;11.23;38.44;3075.04;1795.08;-1279.96;0.00
0.21;11.39;40.78;3262.05;1856.81;-1405.24;0.00
0.23;6.72;38.75;3099.80;1728.71;-1371.09;0.00
0.28;11.01;41.57;3325.91;2233.96;-1091.95;0.00
0.25;10.31;44.37;3549.38;2033.70;-1515.69;0.00
0.27;10.23;43.29;3463.50;2152.45;-1311.05;0.00
0.27;7.85;43.87;3509.46;1996.62;-1512.84;0.00
0.28;9.12;36.64;2931.54;2125.35;-806.19;0.00
0.29;10.30;35.93;2874.21;2219.04;-655.17;0.00
0.23;11.05;39.23;3138.60;1957.52;-1181.08;0.00
0.24;8.89;41.64;3331.31;1905.30;-1426.01;0.00
0.25;10.68;43.61;3488.62;2007.44;-1481.17;0.00
0.28;9.34;30.23;2418.05;2119.27;-298.78;0.00
0.26;9.95;32.92;2633.40;2068.45;-564.95;0.00
0.26;11.28;44.70;3576.11;2143.84;-1432.27;0.00
0.26;9.11;46.94;3755.31;1995.31;-1759.99;0.00
0.27;10.81;36.58;2926.28;2174.47;-751.81;0.00
0.28;10.36;45.82;3665.97;2169.44;-1496.53;0.00
0.30;9.26;46.82;3745.75;2222.69;-1523.06;0.00
0.24;11.17;41.92;3353.37;1998.23;-1355.14;0.00
0.23;9.86;39.82;3185.57;1859.38;-1326.20;0.00
0.27;11.27;42.21;3376.51;2158.90;-1217.61;0.00
0.26;10.87;35.63;2850.64;2117.24;-733.41;0.00
0.21;11.00;30.27;2421.54;1835.56;-585.98;0.00
0.20;11.76;38.96;3117.20;1824.06;-1293.13;0.00
0.19;8.79;41.34;3307.17;1554.41;-1752.76;0.00
0.25;9.51;44.77;3581.33;1945.63;-1635.70;0.00
0.30;12.29;28.79;2302.88;2396.84;93.96;1.00
0.26;10.21;42.56;3405.08;2071.84;-1333.24;0.00
0.27;10.79;43.59;3487.56;2184.38;-1303.18;0.00
0.23;8.69;39.50;3160.04;1821.95;-1338.09;0.00
0.28;9.94;43.05;3443.60;2178.65;-1264.96;0.00
0.27;11.76;51.48;4118.43;2209.91;-1908.52;0.00
0.25;8.14;40.72;3257.36;1881.19;-1376.17;0.00
0.27;11.10;34.10;2728.36;2160.39;-567.97;0.00
0.25;9.40;36.71;2936.80;1970.59;-966.21;0.00
0.24;10.96;39.74;3179.26;2013.38;-1165.87;0.00
0.24;10.33;47.09;3767.09;1955.37;-1811.73;0.00
0.24;8.94;33.72;2697.66;1894.56;-803.10;0.00
0.28;11.11;39.74;3179.43;2216.23;-963.20;0.00
0.26;10.12;42.37;3389.76;2046.64;-1343.12;0.00
0.24;10.46;41.93;3354.06;1941.98;-1412.09;0.00
0.27;10.00;43.49;3478.96;2117.79;-1361.18;0.00
0.25;10.94;42.15;3371.99;2071.65;-1300.34;0.00
0.27;12.19;39.60;3168.26;2226.68;-941.59;0.00
0.22;10.95;38.01;3041.14;1891.32;-1149.82;0.00
0.23;11.35;48.80;3904.13;1937.58;-1966.55;0.00
0.20;9.28;43.60;3487.83;1688.22;-1799.61;0.00
0.26;11.37;35.56;2844.82;2128.59;-716.23;0.00
0.21;9.77;40.43;3234.05;1780.47;-1453.58;0.00
0.24;10.32;39.97;3197.87;1937.94;-1259.93;0.00
0.27;8.81;31.71;2536.47;2069.77;-466.70;0.00
0.27;10.68;41.83;3346.38;2158.97;-1187.42;0.00
0.23;10.90;36.36;2908.77;1924.71;-984.06;0.00
0.26;9.63;44.13;3530.20;2030.57;-1499.64;0.00
0.22;10.83;42.44;3395.44;1884.88;-1510.56;0.00
0.27;8.77;42.08;3366.11;2039.83;-1326.28;0.00
0.26;12.59;39.61;3169.14;2212.48;-956.66;0.00
0.27;9.91;30.99;2479.38;2084.45;-394.94;0.00
0.24;9.47;27.42;2193.46;1913.76;-279.70;0.00
0.23;9.45;39.63;3170.16;1873.37;-1296.79;0.00
0.25;11.02;46.67;3733.96;2045.33;-1688.63;0.00
0.20;11.51;35.92;2873.31;1760.97;-1112.34;0.00
0.30;10.32;44.63;3570.13;2316.58;-1253.55;0.00
0.21;11.46;35.29;2823.17;1854.79;-968.38;0.00
0.23;8.16;39.39;3151.16;1795.79;-1355.37;0.00
0.27;10.68;37.23;2978.22;2127.13;-851.09;0.00
0.20;11.43;41.23;3298.24;1767.59;-1530.66;0.00
0.25;9.89;42.08;3366.71;1989.53;-1377.18;0.00
0.24;9.89;41.42;3313.75;1941.46;-1372.29;0.00
0.27;9.49;36.66;2933.10;2099.69;-833.41;0.00
0.28;8.66;42.33;3386.31;2128.20;-1258.12;0.00
0.24;10.40;42.57;3405.51;1982.04;-1423.48;0.00
0.27;11.56;50.39;4030.85;2174.02;-1856.83;0.00
0.27;10.45;44.26;3541.02;2138.28;-1402.75;0.00
0.30;9.66;45.21;3617.18;2246.79;-1370.39;0.00
0.28;10.55;39.77;3181.31;2216.97;-964.35;0.00
0.22;8.31;41.08;3286.61;1735.65;-1550.96;0.00
0.24;10.07;31.57;2525.66;1969.75;-555.91;0.00
0.27;9.61;40.46;3236.99;2099.79;-1137.20;0.00
0.22;11.07;39.48;3158.34;1861.52;-1296.81;0.00
0.24;9.97;41.81;3345.17;1937.66;-1407.51;0.00
0.24;11.02;41.13;3290.30;1974.96;-1315.34;0.00
0.21;10.78;33.90;2711.74;1796.86;-914.89;0.00
0.24;10.29;41.71;3336.53;1944.75;-1391.78;0.00
0.25;10.54;51.00;4080.03;2043.11;-2036.92;0.00
0.25;13.56;44.21;3536.88;2177.16;-1359.72;0.00
0.27;11.14;42.75;3420.38;2158.58;-1261.79;0.00
0.25;9.51;40.80;3263.84;1982.93;-1280.91;0.00
0.26;11.06;41.49;3319.36;2098.90;-1220.46;0.00
0.29;9.66;44.04;3523.13;2241.06;-1282.07;0.00
0.29;9.94;28.55;2283.92;2199.25;-84.67;0.00
0.22;11.43;42.32;3385.65;1879.34;-1506.31;0.00
0.28;8.71;30.12;2409.62;2112.17;-297.45;0.00
0.26;8.61;40.12;3209.33;1983.45;-1225.88;0.00
0.25;11.10;41.04;3282.98;2066.53;-1216.44;0.00
0.25;11.05;37.77;3021.34;2046.48;-974.87;0.00
0.29;10.80;36.28;2902.03;2276.36;-625.67;0.00
0.26;10.40;37.99;3039.45;2092.46;-946.98;0.00
0.25;10.01;47.33;3786.63;1995.64;-1790.99;0.00
