# X_0;X_1;X_2;R_0;S_0;G_0;I_0
0.27;11.06;49.82;3985.92;2157.76;-1828.16;0.00
0.28;9.77;41.10;3287.99;2131.28;-1156.71;0.00
0.23;10.95;36.64;2931.32;1905.08;-1026.24;0.00
0.27;9.39;39.75;3180.14;2058.49;-1121.66;0.00
0.22;9.59;40.26;3220.85;1791.95;-1428.90;0.00
0.25;9.72;38.21;3056.69;1978.68;-1078.01;0.00
0.25;10.81;42.25;3380.11;2042.59;-1337.52;0.00
0.26;8.39;33.74;2699.50;1997.84;-701.66;0.00
0.24;8.03;46.23;3698.56;1839.78;-1858.77;0.00
0.26;10.46;41.32;3305.41;2100.35;-1205.05;0.00
0.27;10.89;43.81;3504.40;2151.58;-1352.82;0.00
0.23;10.41;36.84;2947.48;1918.45;-1029.02;0.00
0.24;9.73;35.91;2872.60;1948.63;-923.96;0.00
0.25;11.76;39.40;3152.36;2098.21;-1054.15;0.00
0.24;10.82;40.19;3214.93;1978.86;-1236.07;0.00
0.24;10.91;36.60;2928.30;1977.26;-951.04;0.00
0.27;12.02;40.17;3213.56;2242.58;-970.97;0.00
0.24;11.00;38.69;3094.86;1986.23;-1108.63;0.00
0.26;9.53;51.62;4129.21;2049.24;-2079.97;0.00
0.24;9.15;43.33;3466.31;1907.41;-1558.91;0.00
0.26;8.69;37.55;3004.05;1991.18;-1012.87;0.00
0.22;11.82;39.15;3131.96;1895.13;-1236.83;0.00
0.21;10.35;42.29;3383.12;1774.76;-1608.36;0.00
0.27;10.23;46.13;3690.75;2154.20;-1536.55;0.00
0.23;11.83;36.83;2946.48;1966.84;-979.63;0.00
0.27;8.66;44.63;3570.25;2014.36;-1555.89;0.00
0.26;10.26;35.80;2863.87;2097.64;-766.23;0.00
0.21;9.56;40.98;3278.29;1715.00;-1563.29;0.00
0.25;8.52;41.17;3293.37;1903.54;-1389.84;0.00
0.23;10.42;47.67;3813.72;1899.81;-1913.91;0.00
0.28;9.42;45.64;3651.37;2169.50;-1481.88;0.00
0.25;9.40;43.05;3443.73;1938.36;-1505.36;0.00
0.27;9.34;38.24;3059.53;2054.04;-1005.49;0.00
0.26;9.38;37.53;3002.46;2050.15;-952.31;0.00
0.25;10.12;40.16;3212.49;2015.14;-1197.36;0.00
0.25;11.58;47.71;3816.56;2090.13;-1726.43;0.00
0.27;9.11;42.01;3360.67;2042.22;-1318.45;0.00
0.26;8.87;42.84;3427.13;2021.74;-1405.39;0.00
0.27;10.37;37.52;3001.57;2159.76;-841.81;0.00
0.30;9.68;35.18;2814.22;2295.78;-518.45;0.00
0.26;11.34;47.15;3771.76;2134.22;-1637.54;0.00
0.30;11.61;46.41;3713.01;2380.49;-1332.52;0.00
0.31;8.72;44.06;3524.61;2291.06;-1233.55;0.00
0.23;8.81;36.93;2954.74;1815.88;-1138.86;0.00
0.21;10.51;38.84;3107.50;1815.76;-1291.74;0.00
0.28;8.94;38.95;3115.76;2127.93;-987.84;0.00
0.27;11.31;41.96;3357.18;2207.58;-1149.61;0.00
0.26;11.88;41.39;3310.85;2175.28;-1135.57;0.00
0.25;11.45;48.79;3903.44;2091.38;-1812.06;0.00
0.26;9.19;35.19;2815.50;2026.98;-788.52;0.00
0.24;8.90;44.12;3529.88;1861.22;-1668.66;0.00
0.25;10.38;43.92;3513.26;2006.65;-1506.62;0.00
0.24;10.18;36.22;2897.89;1940.92;-956.96;0.00
0.31;9.77;36.68;2934.00;2339.72;-594.28;0.00
0.26;8.74;42.63;3410.79;1976.45;-1434.34;0.00
0.27;9.07;48.03;3842.38;2061.76;-1780.63;0.00
0.26;9.94;39.76;3180.55;2040.02;-1140.52;0.00
0.24;10.26;35.25;2820.29;1927.19;-893.10;0.00
0.22;10.98;45.53;3642.06;1885.48;-1756.58;0.00
0.29;11.36;38.15;3051.89;2311.61;-740.28;0.00
0.19;11.22;38.63;3090.51;1697.61;-1392.90;0.00
0.25;10.96;41.69;3335.26;2051.51;-1283.76;0.00
0.27;9.82;42.24;3379.07;2098.88;-1280.19;0.00
0.25;10.06;35.82;2865.23;1993.15;-872.08;0.00
0.19;10.79;41.63;3330.18;1673.59;-1656.59;0.00
0.24;10.39;34.45;2755.69;1944.49;-811.20;0.00
0.24;9.92;36.46;2917.15;1929.89;-987.26;0.00
0.23;11.00;35.34;2826.83;1935.54;-891.29;0.00
0.23;9.24;37.07;2965.61;1834.86;-1130.74;0.00
0.28;10.72;48.43;3874.38;2197.83;-1676.55;0.00
0.26;11.28;41.19;3294.81;2114.36;-1180.45;0.00
0.20;10.24;39.66;3172.47;1706.46;-1466.01;0.00
0.21;9.69;39.46;3156.66;1720.10;-1436.56;0.00
0.30;9.84;35.02;2801.48;2305.67;-495.81;0.00
0.26;10.78;42.60;3407.71;2124.17;-1283.54;0.00
0.29;10.82;41.17;3293.81;2299.24;-994.57;0.00
0.25;10.33;44.06;3524.91;2005.23;-1519.68;0.00
0.24;9.24;44.16;3532.88;1901.16;-1631.72;0.00
0.26;9.24;40.79;3263.16;2013.93;-1249.23;0.00
0.26;9.10;40.96;3276.83;1999.65;-1277.18;0.00
0.26;11.04;40.06;3204.85;2117.60;-1087.26;0.00
0.24;8.14;41.84;3346.88;1860.18;-1486.70;0.00
0.21;10.78;49.87;3989.88;1818.72;-2171.16;0.00
0.21;10.58;38.88;3110.45;1823.44;-1287.01;0.00
0.26;11.73;36.00;2880.04;2143.99;-736.05;0.00
0.22;12.02;43.20;3455.92;1952.13;-1503.79;0.00
0.25;12.24;35.22;2817.33;2098.43;-718.90;0.00
0.27;9.28;31.21;2496.98;2047.88;-449.09;0.00
0.26;10.74;36.52;2921.75;2092.61;-829.14;0.00
0.24;10.78;43.54;3482.89;1964.09;-1518.80;0.00
0.27;9.52;37.06;2964.59;2079.27;-885.32;0.00
0.26;9.53;46.99;3759.09;2039.48;-1719.61;0.00
0.24;9.85;44.36;3549.17;1910.17;-1639.01;0.00
0.25;11.16;43.63;3490.15;2081.35;-1408.80;0.00
0.27;10.26;36.53;2922.78;2115.15;-807.63;0.00
0.25;11.94;39.18;3134.50;2110.01;-1024.49;0.00
0.22;10.28;37.72;3017.28;1831.76;-1185.52;0.00
0.26;10.34;42.23;3378.19;2087.72;-1290.47;0.00
0.24;11.28;44.33;3546.26;2027.98;-1518.28;0.00
0.26;10.76;40.82;3265.65;2111.73;-1153.92;0.00
0.25;10.45;38.99;3119.25;2042.79;-1076.46;0.00
0.26;10.60;40.63;3250.24;2087.04;-1163.20;0.00
0.27;9.78;38.25;3059.61;2092.62;-966.99;0.00
0.26;9.32;34.22;2737.90;2026.63;-711.27;0.00
0.25;12.18;36.70;2936.22;2105.25;-830.96;0.00
0.29;9.49;32.60;2608.28;2189.60;-418.68;0.00
0.22;8.81;36.33;2906.70;1746.41;-1160.29;0.00
0.29;8.94;39.39;3150.94;2195.05;-955.89;0.00
0.21;9.02;49.88;3990.43;1706.12;-2284.31;0.00
0.24;11.74;30.68;2454.10;2046.10;-408.01;0.00
0.24;9.54;43.49;3479.36;1918.73;-1560.63;0.00
0.22;11.48;38.80;3103.93;1885.87;-1218.06;0.00
0.26;8.90;44.71;3576.48;1980.25;-1596.24;0.00
0.27;10.91;39.31;3145.11;2170.25;-974.86;0.00
0.26;9.17;46.61;3728.86;1990.10;-1738.76;0.00
0.26;9.88;40.02;3201.85;2038.58;-1163.27;0.00
0.23;8.45;37.42;2993.76;1800.02;-1193.74;0.00
0.19;9.87;38.40;3072.12;1663.16;-1408.96;0.00
0.24;10.56;40.30;3224.03;1985.81;-1238.23;0.00
0.26;8.93;40.84;3267.11;1985.56;-1281.55;0.00
0.21;10.32;39.87;3189.32;1789.12;-1400.21;0.00
0.26;10.78;48.02;3841.81;2084.80;-1757.00;0.00
0.27;9.00;37.51;3000.41;2062.86;-937.54;0.00
0.23;7.66;41.11;3288.58;1747.23;-1541.35;0.00
0.23;9.00;35.10;2808.16;1802.71;-1005.45;0.00
0.26;9.65;46.21;3696.60;2028.02;-1668.58;0.00
0.28;10.08;48.72;3898.00;2192.30;-1705.70;0.00
0.25;10.70;38.25;3059.76;2058.17;-1001.60;0.00
0.25;8.78;39.41;3152.55;1942.70;-1209.86;0.00
0.21;10.81;46.72;3737.80;1807.38;-1930.42;0.00
0.24;9.77;40.61;3249.13;1942.29;-1306.84;0.00
0.24;9.75;40.96;3276.76;1932.32;-1344.43;0.00
0.28;10.02;43.38;3470.48;2144.84;-1325.64;0.00
0.27;9.60;46.34;3707.59;2064.52;-1643.07;0.00
0.27;11.12;42.89;3431.60;2172.82;-1258.78;0.00
0.30;10.76;44.58;3566.37;2308.01;-1258.36;0.00
0.25;10.77;39.96;3197.15;2015.35;-1181.80;0.00
0.24;9.16;43.83;3506.67;1882.17;-1624.51;0.00
0.26;9.36;43.30;3464.09;2038.20;-1425.89;0.00
0.23;8.86;49.30;3943.67;1846.89;-2096.77;0.00
0.28;11.04;38.21;3057.11;2258.24;-798.87;0.00
0.22;9.31;41.94;3355.17;1798.10;-1557.06;0.00
0.27;11.63;47.97;3837.64;2210.49;-1627.14;0.00
0.26;10.68;34.69;2775.56;2065.63;-709.93;0.00
0.27;9.04;43.51;3481.00;2034.63;-1446.37;0.00
0.25;11.32;43.27;3461.22;2087.13;-1374.09;0.00
0.26;8.79;35.47;2837.80;2003.67;-834.13;0.00
0.27;10.56;46.03;3682.17;2160.68;-1521.49;0.00
0.25;8.50;47.39;3791.20;1905.67;-1885.53;0.00
0.23;11.40;44.93;3594.31;1942.11;-1652.20;0.00
0.24;8.92;37.06;2965.00;1899.73;-1065.26;0.00
0.23;11.08;39.07;3125.86;1923.95;-1201.91;0.00
0.27;11.48;45.00;3599.86;2200.04;-1399.82;0.00
0.23;11.52;36.19;2895.53;1975.02;-920.51;0.00
0.25;10.01;45.85;3667.85;2014.78;-1653.08;0.00
0.28;10.60;39.85;3188.29;2189.69;-998.60;0.00
0.27;11.31;33.57;2685.92;2212.27;-473.64;0.00
0.24;10.17;42.35;3387.83;1931.16;-1456.67;0.00
0.27;10.23;38.26;3061.05;2106.27;-954.78;0.00
0.24;11.10;40.44;3235.23;2022.88;-1212.35;0.00
0.22;9.32;38.48;3078.27;1758.57;-1319.70;0.00
0.26;12.55;34.42;2753.47;2173.93;-579.54;0.00
0.26;8.91;40.15;3211.78;1984.46;-1227.32;0.00
0.28;10.74;38.77;3101.80;2206.12;-895.67;0.00
0.24;6.47;35.76;2860.62;1761.29;-1099.34;0.00
0.24;10.97;31.44;2515.43;1981.16;-534.27;0.00
0.25;10.58;37.87;3029.84;2037.33;-992.51;0.00
0.26;9.80;36.04;2883.00;2063.31;-819.69;0.00
0.27;9.30;44.93;3594.76;2077.29;-1517.47;0.00
0.26;11.56;36.64;2931.37;2116.87;-814.50;0.00
0.23;11.32;38.73;3098.33;1976.97;-1121.36;0.00
0.24;9.38;42.90;3431.68;1882.61;-1549.07;0.00
0.25;9.76;42.75;3420.26;1981.18;-1439.08;0.00
0.25;10.80;38.41;3072.43;2045.62;-1026.81;0.00
0.25;10.90;45.08;3606.68;2060.40;-1546.28;0.00
0.28;10.78;36.57;2925.97;2205.84;-720.13;0.00
0.22;11.16;37.81;3024.43;1905.22;-1119.22;0.00
0.28;11.01;38.64;3090.86;2230.82;-860.04;0.00
0.27;9.94;38.80;3103.61;2109.69;-993.92;0.00
0.25;8.55;38.62;3089.96;1940.62;-1149.34;0.00
0.20;10.45;39.05;3123.78;1746.40;-1377.38;0.00
0.29;9.12;38.60;3088.06;2200.98;-887.08;0.00
0.22;10.19;32.70;2615.97;1829.78;-786.19;0.00
0.23;9.88;41.55;3324.20;1889.09;-1435.11;0.00
0.19;10.83;42.13;3370.21;1706.22;-1663.99;0.00
0.30;11.30;40.93;3274.45;2333.67;-940.77;0.00
0.28;11.67;32.70;2616.10;2250.99;-365.11;0.00
0.23;10.71;37.53;3002.41;1948.10;-1054.31;0.00
0.23;10.08;44.44;3555.43;1895.79;-1659.64;0.00
0.24;11.57;41.53;3322.47;2012.00;-1310.47;0.00
0.26;11.95;40.93;3274.18;2174.02;-1100.15;0.00
0.23;10.95;32.24;2578.84;1906.81;-672.03;0.00
0.26;8.59;40.26;3221.00;1977.38;-1243.62;0.00
0.27;9.85;49.19;3934.90;2092.53;-1842.37;0.00
0.23;9.45;35.54;2843.03;1829.50;-1013.53;0.00
0.25;13.00;36.61;2928.58;2148.71;-779.87;0.00
0.26;9.16;43.20;3455.67;1986.25;-1469.41;0.00
0.27;9.88;42.79;3422.95;2084.71;-1338.24;0.00
0.22;9.55;43.76;3500.88;1774.25;-1726.64;0.00
0.27;10.94;40.14;3211.17;2167.51;-1043.66;0.00
0.25;12.13;37.91;3033.03;2121.59;-911.44;0.00
0.21;11.92;37.88;3030.15;1876.29;-1153.86;0.00
0.24;11.01;35.07;2805.90;1976.68;-829.22;0.00
0.22;9.05;42.72;3417.76;1746.44;-1671.32;0.00
0.27;10.21;43.50;3480.31;2140.64;-1339.67;0.00
0.27;9.66;38.05;3044.03;2096.23;-947.80;0.00
0.30;7.82;36.02;2881.27;2166.08;-715.19;0.00
0.29;8.51;45.25;3619.61;2155.31;-1464.31;0.00
0.26;9.86;36.90;2952.34;2066.70;-885.64;0.00
0.21;9.29;40.27;3221.78;1701.18;-1520.60;0.00
0.26;8.32;43.46;3476.62;1948.67;-1527.96;0.00
0.27;10.20;40.26;3220.87;2098.87;-1122.00;0.00
0.23;10.24;46.26;3700.85;1866.20;-1834.65;0.00
0.25;8.47;36.92;2953.77;1886.73;-1067.04;0.00
0.25;10.54;39.75;3179.85;2047.51;-1132.34;0.00
0.22;7.63;38.48;3078.39;1714.32;-1364.07;0.00
0.23;11.28;48.35;3868.33;1936.91;-1931.42;0.00
0.24;10.63;34.18;2734.49;1976.42;-758.07;0.00
0.28;10.28;43.78;3502.11;2168.81;-1333.30;0.00
0.26;9.74;35.28;2822.12;2044.50;-777.62;0.00
0.24;9.83;42.26;3380.52;1924.14;-1456.39;0.00
0.28;9.93;40.09;3207.33;2182.48;-1024.84;0.00
0.27;8.34;32.20;2576.22;2009.29;-566.93;0.00
0.28;7.41;41.68;3334.79;2012.99;-1321.80;0.00
0.20;9.24;46.86;3748.72;1663.47;-2085.25;0.00
0.33;11.29;42.88;3430.70;2508.77;-921.94;0.00
0.20;11.53;36.58;2926.75;1764.98;-1161.77;0.00
0.24;10.79;45.90;3672.17;1967.23;-1704.94;0.00
0.27;10.15;36.05;2884.29;2133.12;-751.17;0.00
0.25;10.54;42.89;3431.26;2000.05;-1431.21;0.00
0.28;11.25;39.17;3133.85;2245.85;-888.00;0.00
0.22;10.20;44.14;3530.83;1860.58;-1670.25;0.00
0.24;11.21;43.95;3516.21;2006.29;-1509.91;0.00
0.22;9.29;43.62;3489.23;1798.51;-1690.72;0.00
0.22;8.48;38.26;3060.92;1754.86;-1306.05;0.00
0.27;9.97;40.96;3276.40;2108.67;-1167.73;0.00
0.26;11.30;48.01;3840.74;2105.80;-1734.95;0.00
0.27;10.00;42.14;3371.42;2121.26;-1250.16;0.00
0.24;11.20;37.77;3021.60;1990.69;-1030.91;0.00
0.23;7.80;44.42;3553.60;1786.58;-1767.02;0.00
0.22;8.69;35.70;2856.40;1770.48;-1085.91;0.00
0.26;8.35;33.14;2651.59;1977.41;-674.19;0.00
0.27;11.35;34.41;2752.80;2208.55;-544.25;0.00
0.26;8.43;43.95;3516.10;1950.64;-1565.46;0.00
0.26;9.06;49.36;3948.99;2014.85;-1934.14;0.00
0.28;9.33;43.09;3447.02;2129.42;-1317.61;0.00
0.25;9.42;44.06;3525.11;1937.96;-1587.16;0.00
0.23;8.26;48.49;3879.50;1800.70;-2078.79;0.00
0.28;10.99;41.80;3343.76;2206.72;-1137.04;0.00
0.25;9.85;45.06;3604.86;1988.94;-1615.92;0.00
0.27;9.05;39.83;3186.47;2071.73;-1114.74;0.00
0.27;9.86;35.01;2801.16;2103.09;-698.07;0.00
0.25;10.89;42.40;3391.63;2042.58;-1349.04;0.00
0.25;7.67;36.49;2918.99;1891.26;-1027.73;0.00
0.25;10.41;38.36;3068.57;2026.64;-1041.93;0.00
0.23;9.34;38.98;3118.28;1818.12;-1300.16;0.00
0.29;10.75;37.11;2969.17;2246.50;-722.67;0.00
0.24;11.16;36.00;2880.04;1999.64;-880.40;0.00
0.21;9.84;37.70;3016.36;1751.06;-1265.29;0.00
0.26;8.32;38.46;3077.16;1964.77;-1112.40;0.00
0.20;12.05;38.40;3071.77;1801.74;-1270.03;0.00
0.27;9.97;38.01;3040.61;2135.25;-905.35;0.00
0.22;10.17;42.48;3398.23;1806.96;-1591.26;0.00
0.23;10.59;37.46;2996.94;1913.81;-1083.13;0.00
0.29;11.07;42.39;3391.22;2265.16;-1126.06;0.00
0.21;9.70;36.54;2923.37;1756.43;-1166.94;0.00
0.22;8.86;44.68;3574.52;1767.57;-1806.95;0.00
0.27;10.92;45.29;3623.33;2156.82;-1466.51;0.00
0.26;9.39;42.08;3366.47;2010.02;-1356.45;0.00
0.23;9.53;40.33;3226.00;1846.54;-1379.46;0.00
0.30;11.06;37.42;2993.57;2348.09;-645.48;0.00
0.24;9.72;34.96;2796.46;1923.07;-873.39;0.00
0.25;10.26;37.40;2991.64;1986.25;-1005.39;0.00
0.27;10.76;33.42;2673.92;2173.04;-500.88;0.00
0.28;12.26;42.17;3373.66;2299.16;-1074.51;0.00
0.23;10.46;40.25;3220.13;1879.97;-1340.16;0.00
0.27;9.37;36.96;2956.67;2061.88;-894.79;0.00
0.22;9.08;35.23;2818.71;1760.90;-1057.81;0.00
0.25;10.26;34.50;2760.24;2008.26;-751.98;0.00
0.27;11.69;45.86;3668.50;2184.64;-1483.85;0.00
0.24;10.62;45.52;3641.77;1977.38;-1664.39;0.00
0.28;10.97;40.34;3226.90;2241.48;-985.42;0.00
0.26;8.74;39.92;3193.87;1998.46;-1195.41;0.00
0.25;9.93;33.85;2707.91;1977.62;-730.28;0.00
0.25;9.79;47.85;3827.64;1965.72;-1861.92;0.00
0.25;10.25;35.40;2831.75;1997.57;-834.19;0.00
0.22;9.50;39.20;3136.31;1776.48;-1359.83;0.00
0.30;8.34;35.86;2868.56;2175.82;-692.74;0.00
0.26;11.56;31.33;2506.53;2165.17;-341.36;0.00
0.28;11.73;43.91;3513.13;2285.74;-1227.40;0.00
0.23;9.68;33.86;2709.00;1849.90;-859.11;0.00
0.25;11.80;37.18;2974.10;2074.65;-899.45;0.00
0.24;12.25;38.64;3090.89;2063.29;-1027.60;0.00
0.24;10.50;41.61;3328.84;1952.58;-1376.26;0.00
0.23;12.22;41.07;3285.36;2011.24;-1274.12;0.00
0.22;9.18;43.74;3498.89;1780.67;-1718.23;0.00
0.28;10.80;36.89;2951.19;2204.02;-747.17;0.00
0.24;10.06;42.47;3397.38;1962.31;-1435.07;0.00
0.20;10.65;38.80;3103.65;1737.79;-1365.86;0.00
0.28;8.39;41.67;3333.86;2098.71;-1235.14;0.00
0.25;10.81;34.66;2772.87;2036.16;-736.70;0.00
0.24;8.15;42.29;3383.40;1817.67;-1565.74;0.00
0.28;8.03;38.43;3074.48;2086.87;-987.61;0.00
0.27;10.17;41.84;3347.16;2099.57;-1247.59;0.00
0.26;11.63;32.26;2580.51;2129.58;-450.92;0.00
0.27;9.34;47.93;3834.52;2106.23;-1728.29;0.00
0.26;11.15;32.92;2633.87;2138.47;-495.40;0.00
0.24;7.89;47.22;3777.85;1844.35;-1933.50;0.00
0.27;10.26;40.54;3243.33;2144.26;-1099.06;0.00
0.24;11.68;36.75;2940.16;2044.82;-895.35;0.00
0.24;10.18;39.41;3153.05;1938.75;-1214.30;0.00
0.25;6.89;49.93;3994.04;1804.16;-2189.88;0.00
0.27;11.73;45.56;3644.91;2213.99;-1430.93;0.00
0.23;9.30;36.16;2892.81;1835.39;-1057.42;0.00
0.23;10.29;39.26;3141.05;1891.70;-1249.35;0.00
0.20;10.17;37.32;2985.94;1717.55;-1268.38;0.00
0.26;11.41;44.79;3583.19;2103.83;-1479.37;0.00
0.21;10.19;35.98;2878.73;1758.73;-1120.00;0.00
0.25;11.52;39.28;3142.76;2099.29;-1043.48;0.00
0.24;10.57;38.61;3088.74;1988.96;-1099.78;0.00
0.23;9.90;35.80;2863.78;1851.59;-1012.19;0.00
0.24;8.44;46.18;3694.13;1863.44;-1830.69;0.00
0.28;9.72;45.61;3648.97;2143.26;-1505.71;0.00
0.25;10.78;41.64;3331.39;2013.62;-1317.76;0.00
0.26;10.69;36.15;2891.93;2118.09;-773.84;0.00
0.30;10.26;33.06;2644.78;2282.60;-362.18;0.00
0.27;11.82;44.56;3565.18;2218.97;-1346.22;0.00
0.26;10.52;41.14;3291.10;2063.92;-1227.17;0.00
0.21;8.15;41.66;3332.75;1672.54;-1660.21;0.00
0.26;10.65;45.73;3658.79;2071.71;-1587.08;0.00
0.26;9.97;48.15;3851.88;2064.76;-1787.13;0.00
0.25;8.81;39.93;3194.75;1931.85;-1262.90;0.00
0.24;10.40;41.55;3323.73;1988.45;-1335.27;0.00
0.26;7.61;40.23;3218.04;1943.33;-1274.71;0.00
0.27;11.21;35.85;2867.61;2175.02;-692.59;0.00
0.26;11.34;35.34;2827.33;2143.58;-683.75;0.00
0.27;8.46;36.39;2911.56;2020.05;-891.51;0.00
0.24;10.78;32.82;2625.58;1962.78;-662.80;0.00
0.22;10.89;42.76;3420.59;1888.03;-1532.55;0.00
0.25;9.71;37.32;2985.22;1986.91;-998.30;0.00
0.28;9.13;48.45;3875.87;2108.17;-1767.70;0.00
0.29;7.70;41.07;3285.99;2131.92;-1154.08;0.00
0.26;10.00;34.48;2758.22;2056.14;-702.08;0.00
0.24;9.48;38.81;3104.83;1909.46;-1195.37;0.00
0.24;8.50;37.75;3020.34;1874.44;-1145.90;0.00
0.25;12.38;43.95;3515.71;2103.31;-1412.40;0.00
0.28;10.72;39.61;3168.93;2215.79;-953.14;0.00
0.25;12.53;35.05;2803.75;2129.15;-674.60;0.00
0.23;8.74;35.80;2863.75;1798.61;-1065.13;0.00
0.22;10.88;36.42;2913.94;1885.23;-1028.71;0.00
0.25;10.93;51.01;4081.15;2038.42;-2042.73;0.00
0.24;10.76;50.82;4065.54;1956.44;-2109.10;0.00
0.26;10.84;38.82;3105.93;2094.81;-1011.12;0.00
0.26;9.58;44.49;3559.22;2050.35;-1508.87;0.00
0.29;11.02;40.59;3246.82;2295.09;-951.73;0.00
0.23;11.81;34.46;2756.49;2003.23;-753.27;0.00
0.28;11.00;42.87;3429.94;2200.07;-1229.87;0.00
0.23;10.50;43.29;3462.95;1922.41;-1540.53;0.00
0.29;11.69;43.53;3482.68;2304.08;-1178.60;0.00
0.27;11.32;40.34;3227.05;2161.28;-1065.77;0.00
0.23;11.35;37.71;3016.41;1982.90;-1033.50;0.00
0.25;8.62;43.41;3472.68;1950.03;-1522.65;0.00
0.27;10.34;39.69;3175.01;2145.69;-1029.33;0.00
0.22;11.23;45.95;3676.09;1901.72;-1774.36;0.00
0.26;10.69;35.57;2845.70;2110.01;-735.69;0.00
0.21;9.63;41.86;3348.41;1723.93;-1624.47;0.00
0.26;9.99;40.15;3212.28;2055.75;-1156.53;0.00
0.22;9.47;46.59;3726.86;1804.76;-1922.10;0.00
0.23;10.42;44.29;3543.55;1913.11;-1630.44;0.00
0.26;9.77;47.00;3759.91;2022.80;-1737.11;0.00
0.22;9.84;34.92;2793.69;1811.39;-982.30;0.00
0.23;9.60;43.64;3491.11;1859.54;-1631.57;0.00
0.26;8.92;38.89;3111.27;1993.79;-1117.48;0.00
0.25;9.55;44.03;3522.73;1965.72;-1557.01;0.00
0.25;10.44;38.58;3086.59;2013.14;-1073.45;0.00
0.25;12.57;43.91;3512.62;2160.88;-1351.74;0.00
0.23;10.16;37.20;2975.80;1901.37;-1074.43;0.00
0.23;11.39;44.61;3568.53;1935.02;-1633.52;0.00
0.27;8.95;45.12;3609.25;2050.61;-1558.64;0.00
0.23;13.03;42.61;3408.53;2055.96;-1352.57;0.00
0.26;10.15;38.12;3049.37;2075.63;-973.74;0.00
0.23;10.57;38.48;3078.08;1901.73;-1176.35;0.00
0.24;11.21;43.09;3447.21;1996.70;-1450.50;0.00
0.24;12.03;43.59;3487.57;2060.14;-1427.43;0.00
0.31;10.24;38.23;3058.46;2360.73;-697.73;0.00
0.20;9.91;36.24;2898.92;1723.19;-1175.73;0.00
0.21;9.75;29.80;2384.37;1771.88;-612.49;0.00
0.19;9.89;47.99;3839.57;1660.48;-2179.09;0.00
0.24;8.48;38.03;3042.75;1878.09;-1164.67;0.00
0.22;8.87;45.07;3605.34;1761.69;-1843.66;0.00
0.28;10.41;44.54;3563.31;2204.77;-1358.54;0.00
0.28;8.89;41.06;3284.62;2123.96;-1160.66;0.00
0.23;7.39;40.05;3204.36;1755.06;-1449.30;0.00
0.28;12.00;37.05;2963.86;2252.34;-711.52;0.00
0.28;9.95;42.40;3391.67;2196.72;-1194.95;0.00
0.28;10.79;41.77;3341.70;2235.90;-1105.81;0.00
0.22;8.94;44.54;3563.16;1765.31;-1797.86;0.00
0.23;12.78;38.49;3079.27;2039.47;-1039.80;0.00
0.25;8.46;39.68;3174.05;1936.79;-1237.26;0.00
0.25;9.94;37.35;2988.18;2021.32;-966.86;0.00
0.26;10.50;45.52;3642.00;2096.43;-1545.57;0.00
0.26;11.28;34.80;2784.37;2122.13;-662.25;0.00
0.25;9.80;46.01;3680.43;2008.65;-1671.77;0.00
0.25;11.65;47.53;3802.14;2080.04;-1722.10;0.00
0.26;12.25;39.74;3179.00;2188.85;-990.15;0.00
0.27;7.54;40.59;3247.13;1954.27;-1292.86;0.00
0.24;9.56;42.99;3438.87;1900.16;-1538.71;0.00
0.23;10.13;33.63;2690.47;1915.38;-775.09;0.00
0.26;11.49;39.99;3198.83;2148.79;-1050.04;0.00
0.32;9.31;45.52;3641.68;2355.82;-1285.86;0.00
0.25;10.88;40.09;3207.29;2041.57;-1165.73;0.00
0.20;9.93;42.40;3392.05;1701.58;-1690.47;0.00
0.28;11.23;41.62;3329.23;2244.16;-1085.06;0.00
0.22;9.99;45.57;3645.22;1849.98;-1795.24;0.00
0.21;11.57;54.13;4330.71;1858.12;-2472.59;0.00
0.26;10.21;37.47;2997.31;2044.40;-952.91;0.00
0.26;10.21;43.22;3457.90;2093.50;-1364.40;0.00
0.23;11.18;39.52;3161.34;1965.48;-1195.86;0.00
0.22;11.88;42.22;3377.39;1953.31;-1424.08;0.00
0.25;10.17;42.81;3424.85;1999.91;-1424.94;0.00
0.23;10.41;41.59;3326.93;1930.65;-1396.28;0.00
0.22;10.84;25.56;2044.90;1876.07;-168.83;0.00
0.29;9.08;38.88;3110.65;2165.65;-945.00;0.00
0.24;11.27;40.65;3252.18;2014.40;-1237.78;0.00
0.31;8.92;39.34;3147.06;2260.44;-886.62;0.00
0.23;11.27;36.57;2925.64;1929.84;-995.80;0.00
0.27;11.00;46.69;3734.94;2191.18;-1543.76;0.00
0.17;9.31;41.42;3313.27;1505.82;-1807.45;0.00
0.28;8.30;42.58;3406.43;2073.34;-1333.10;0.00
0.27;11.14;38.19;3055.24;2161.56;-893.68;0.00
0.25;12.56;43.85;3507.79;2140.47;-1367.32;0.00
0.25;11.14;35.16;2812.76;2032.16;-780.60;0.00
0.20;12.55;41.57;3325.64;1846.84;-1478.80;0.00
0.27;11.26;44.64;3571.46;2183.04;-1388.42;0.00
0.22;10.14;41.12;3289.65;1829.72;-1459.92;0.00
0.27;10.99;47.58;3806.70;2159.10;-1647.60;0.00
0.23;10.22;34.15;2731.65;1876.55;-855.10;0.00
0.23;9.51;37.46;2996.66;1844.29;-1152.37;0.00
0.28;7.50;32.72;2617.38;2049.07;-568.31;0.00
0.26;8.11;44.27;3541.53;1929.49;-1612.04;0.00
0.25;10.13;40.12;3209.50;1978.89;-1230.61;0.00
0.22;10.16;46.00;3679.87;1839.79;-1840.08;0.00
0.26;11.21;37.48;2998.07;2127.09;-870.98;0.00
0.23;12.54;41.01;3280.60;2023.95;-1256.65;0.00
0.25;10.57;47.95;3836.29;2043.90;-1792.40;0.00
0.27;10.20;40.62;3249.99;2142.36;-1107.63;0.00
0.28;10.28;48.88;3910.63;2188.72;-1721.91;0.00
0.22;9.28;42.59;3407.45;1799.95;-1607.50;0.00
0.29;8.31;33.60;2687.62;2160.53;-527.09;0.00
0.23;8.83;42.81;3425.20;1822.20;-1603.00;0.00
0.26;11.67;42.71;3417.09;2128.64;-1288.45;0.00
0.22;10.74;31.65;2532.32;1846.85;-685.47;0.00
0.23;8.93;40.02;3201.43;1826.70;-1374.73;0.00
0.26;9.76;43.14;3450.83;2028.67;-1422.17;0.00
0.26;8.94;39.16;3133.13;1995.62;-1137.51;0.00
0.24;9.88;39.81;3185.06;1927.80;-1257.26;0.00
0.23;9.84;36.54;2923.12;1868.91;-1054.21;0.00
0.25;9.70;36.81;2944.65;1964.44;-980.21;0.00
0.28;9.32;42.66;3412.49;2134.16;-1278.34;0.00
0.24;11.38;36.18;2894.34;2021.26;-873.08;0.00
0.22;10.79;36.19;2895.60;1863.04;-1032.56;0.00
0.26;11.82;47.72;3817.74;2139.28;-1678.46;0.00
0.25;9.87;38.51;3080.51;1986.12;-1094.39;0.00
0.25;10.88;46.34;3706.97;2044.68;-1662.28;0.00
0.21;10.94;35.39;2831.30;1820.96;-1010.34;0.00
0.26;9.56;41.25;3299.91;2013.74;-1286.16;0.00
0.24;10.58;41.19;3295.47;1943.37;-1352.10;0.00
0.25;9.03;41.13;3290.56;1922.13;-1368.43;0.00
0.27;10.91;52.80;4224.21;2164.59;-2059.62;0.00
0.27;10.53;44.10;3527.72;2140.96;-1386.76;0.00
0.25;9.71;40.80;3263.77;1973.18;-1290.59;0.00
0.21;9.39;35.02;2801.29;1723.21;-1078.08;0.00
0.27;11.88;39.90;3192.20;2228.84;-963.36;0.00
0.27;10.54;45.44;3635.12;2144.47;-1490.65;0.00
0.19;10.64;39.05;3123.69;1664.78;-1458.92;0.00
0.26;10.62;39.48;3158.16;2075.70;-1082.46;0.00
0.26;11.56;41.85;3348.30;2162.62;-1185.67;0.00
0.22;10.69;31.08;2486.20;1831.40;-654.80;0.00
0.26;8.99;40.80;3263.83;1983.95;-1279.88;0.00
0.24;9.32;41.79;3343.09;1914.03;-1429.06;0.00
0.21;11.02;41.91;3352.93;1793.89;-1559.04;0.00
0.29;9.48;43.75;3500.01;2175.70;-1324.31;0.00
0.23;9.64;38.83;3106.45;1852.12;-1254.33;0.00
0.27;9.71;38.73;3098.71;2080.65;-1018.06;0.00
0.24;8.51;36.84;2947.40;1854.26;-1093.15;0.00
0.25;10.06;46.15;3692.00;2022.77;-1669.23;0.00
0.27;11.72;37.77;3021.56;2182.05;-839.51;0.00
0.23;11.89;36.52;2921.31;2000.45;-920.86;0.00
0.31;9.63;41.78;3342.76;2324.10;-1018.67;0.00
0.24;12.17;46.62;3729.54;2076.23;-1653.31;0.00
0.25;11.67;33.01;2641.05;2087.60;-553.44;0.00
0.23;9.46;36.18;2894.35;1866.74;-1027.61;0.00
0.28;12.17;40.73;3258.40;2309.70;-948.70;0.00
0.24;9.74;32.09;2567.14;1899.48;-667.67;0.00
0.24;10.55;37.79;3023.54;1962.28;-1061.26;0.00
0.20;11.51;37.33;2986.16;1772.25;-1213.91;0.00
0.26;10.99;48.65;3892.10;2112.57;-1779.53;0.00
0.30;12.30;42.14;3371.15;2425.52;-945.63;0.00
0.24;8.00;42.80;3424.20;1845.98;-1578.23;0.00
0.24;10.48;49.57;3965.93;1973.88;-1992.05;0.00
0.23;10.58;39.94;3194.89;1900.61;-1294.28;0.00
0.24;10.00;40.96;3276.84;1940.12;-1336.72;0.00
0.25;10.08;41.25;3300.25;1975.65;-1324.60;0.00
0.27;10.18;40.61;3249.06;2103.64;-1145.42;0.00
0.27;11.60;39.29;3142.96;2219.58;-923.38;0.00
0.24;10.97;30.59;2447.19;1989.58;-457.61;0.00
0.25;9.60;37.59;3007.48;1956.08;-1051.41;0.00
0.24;10.41;42.97;3437.80;1990.12;-1447.69;0.00
0.23;11.85;46.77;3741.87;1970.13;-1771.75;0.00
0.23;10.64;39.29;3143.58;1919.86;-1223.72;0.00
0.25;9.42;32.50;2599.84;1976.03;-623.81;0.00
0.21;10.58;39.03;3122.72;1805.93;-1316.79;0.00
0.20;10.10;54.44;4355.31;1728.53;-2626.79;0.00
0.31;11.15;44.30;3543.65;2386.41;-1157.24;0.00
0.24;9.44;45.09;3606.97;1889.73;-1717.25;0.00
0.27;9.16;43.95;3516.04;2065.89;-1450.15;0.00
0.26;11.22;30.61;2448.80;2144.65;-304.15;0.00
0.28;9.73;45.63;3650.47;2172.72;-1477.75;0.00
0.24;9.76;40.03;3202.69;1920.95;-1281.74;0.00
0.33;9.58;38.34;3067.15;2460.27;-606.88;0.00
0.26;12.96;36.55;2924.24;2220.48;-703.76;0.00
0.24;8.69;40.58;3246.27;1889.05;-1357.21;0.00
0.27;10.71;43.82;3505.84;2178.48;-1327.36;0.00
0.23;8.15;35.47;2837.75;1768.84;-1068.91;0.00
0.22;10.98;37.55;3004.11;1899.45;-1104.66;0.00
0.28;10.16;32.16;2572.72;2181.96;-390.76;0.00
0.27;9.69;38.97;3117.83;2088.05;-1029.78;0.00
0.23;9.64;37.75;3019.97;1845.77;-1174.20;0.00
0.26;8.72;40.07;3205.77;1960.17;-1245.60;0.00
0.25;9.68;35.12;2809.62;1999.18;-810.44;0.00
0.30;7.84;43.39;3471.35;2148.71;-1322.64;0.00
0.26;10.02;47.91;3832.82;2078.54;-1754.28;0.00
0.25;11.67;38.01;3040.53;2062.96;-977.57;0.00
0.30;10.64;39.85;3187.82;2313.57;-874.25;0.00
0.25;10.88;44.44;3554.98;2041.41;-1513.57;0.00
0.25;8.26;44.79;3582.80;1909.51;-1673.29;0.00
0.24;9.20;42.00;3359.79;1895.47;-1464.32;0.00
0.22;11.04;42.49;3399.14;1859.84;-1539.30;0.00
0.25;10.12;34.87;2789.48;2008.80;-780.68;0.00
0.31;11.63;43.66;3492.91;2433.75;-1059.17;0.00
0.22;8.48;48.44;3875.13;1713.09;-2162.04;0.00
0.24;10.14;52.01;4160.65;1955.23;-2205.41;0.00
0.27;10.23;46.29;3703.21;2131.93;-1571.28;0.00
0.22;10.02;36.51;2921.00;1816.60;-1104.40;0.00
0.22;11.64;39.07;3125.30;1925.25;-1200.05;0.00
0.22;8.04;52.52;4201.43;1688.30;-2513.13;0.00
0.22;9.02;41.88;3350.16;1750.24;-1599.92;0.00
0.22;8.56;40.75;3260.36;1717.00;-1543.36;0.00
0.26;10.38;35.98;2878.70;2062.47;-816.24;0.00
0.24;10.07;44.28;3542.03;1963.49;-1578.54;0.00
0.26;9.69;46.57;3725.47;2037.04;-1688.43;0.00
0.26;10.59;41.59;3327.17;2075.19;-1251.98;0.00
0.26;9.53;40.95;3276.00;2007.17;-1268.82;0.00
0.21;10.05;31.70;2536.14;1788.42;-747.73;0.00
0.32;11.47;47.39;3791.29;2459.35;-1331.94;0.00
0.24;10.50;35.46;2837.00;1965.68;-871.32;0.00
0.23;9.56;44.03;3522.60;1862.96;-1659.63;0.00
0.27;10.55;37.75;3020.39;2157.03;-863.36;0.00
0.25;11.29;37.12;2969.57;2093.31;-876.27;0.00
0.26;9.31;42.18;3374.02;2033.54;-1340.49;0.00
0.28;9.49;43.59;3487.43;2131.85;-1355.58;0.00
0.27;8.57;44.23;3538.12;2041.98;-1496.14;0.00
0.28;9.39;47.93;3834.19;2131.08;-1703.11;0.00
0.24;7.76;36.08;2886.72;1819.75;-1066.97;0.00
0.27;11.79;35.18;2814.25;2218.12;-596.13;0.00
0.30;8.13;44.49;3558.84;2212.59;-1346.25;0.00
0.24;8.46;48.66;3892.56;1868.02;-2024.54;0.00
0.23;9.02;27.64;2211.08;1852.34;-358.74;0.00
0.24;9.75;44.50;3559.81;1904.98;-1654.83;0.00
0.23;12.62;42.21;3376.51;2014.02;-1362.49;0.00
0.22;11.44;39.20;3135.80;1925.81;-1209.99;0.00
0.26;10.20;41.21;3296.68;2045.25;-1251.44;0.00
0.23;11.26;34.27;2741.77;1957.68;-784.09;0.00
0.26;11.81;42.46;3396.83;2146.17;-1250.66;0.00
0.25;10.31;42.98;3438.43;1997.50;-1440.93;0.00
0.25;10.04;35.60;2847.65;1982.13;-865.52;0.00
0.25;10.84;44.96;3596.55;2036.12;-1560.43;0.00
0.26;11.48;41.60;3328.06;2147.28;-1180.78;0.00
0.21;9.70;35.04;2803.01;1755.65;-1047.36;0.00
0.26;10.13;43.36;3468.79;2090.70;-1378.09;0.00
0.23;9.52;48.19;3855.05;1865.52;-1989.54;0.00
0.26;8.67;41.07;3285.35;1989.81;-1295.54;0.00
0.25;10.50;31.00;2480.31;2039.94;-440.36;0.00
0.23;10.52;42.09;3367.02;1908.46;-1458.55;0.00
0.24;9.67;41.90;3352.19;1897.41;-1454.78;0.00
0.20;11.81;45.75;3659.84;1812.11;-1847.73;0.00
0.26;10.39;39.65;3171.82;2086.70;-1085.12;0.00
0.25;10.18;38.10;3048.11;1984.05;-1064.05;0.00
0.27;10.76;31.63;2530.05;2156.88;-373.18;0.00
0.23;10.03;36.40;2911.91;1862.76;-1049.15;0.00
0.29;8.53;31.37;2509.57;2170.43;-339.15;0.00
0.27;10.18;44.18;3534.43;2142.42;-1392.01;0.00
0.24;12.13;38.94;3115.06;2060.85;-1054.21;0.00
0.27;9.89;39.58;3166.74;2098.93;-1067.81;0.00
0.28;9.60;41.53;3322.26;2135.97;-1186.29;0.00
0.31;10.17;37.10;2967.97;2346.19;-621.78;0.00
0.23;10.04;39.94;3195.59;1900.80;-1294.79;0.00
0.26;11.05;49.71;3976.53;2098.08;-1878.45;0.00
0.26;8.78;36.25;2899.90;2004.86;-895.03;0.00
0.24;9.65;37.02;2961.28;1926.81;-1034.47;0.00
0.27;10.37;46.44;3715.08;2124.69;-1590.39;0.00
0.27;11.25;33.92;2713.69;2154.14;-559.55;0.00
0.20;10.02;34.25;2740.07;1714.62;-1025.45;0.00
0.26;8.62;35.67;2853.70;1977.14;-876.55;0.00
0.23;8.87;45.57;3645.76;1795.90;-1849.86;0.00
0.27;10.42;41.09;3287.35;2126.46;-1160.89;0.00
0.25;10.29;42.18;3374.60;2003.45;-1371.15;0.00
0.27;9.98;37.87;3029.82;2108.04;-921.79;0.00
0.25;10.58;37.04;2963.23;2057.98;-905.25;0.00
0.23;9.44;36.13;2890.72;1869.55;-1021.17;0.00
0.25;10.10;40.38;3230.12;2023.46;-1206.66;0.00
0.25;8.50;43.92;3513.61;1933.66;-1579.95;0.00
0.25;11.63;38.83;3106.12;2057.85;-1048.26;0.00
0.28;8.62;37.09;2967.51;2114.33;-853.19;0.00
0.24;10.61;33.90;2712.22;1965.23;-746.99;0.00
0.26;9.93;41.81;3345.01;2036.21;-1308.80;0.00
0.23;12.34;37.40;2991.81;1998.31;-993.50;0.00
0.26;9.74;39.86;3189.13;2065.22;-1123.91;0.00
0.27;9.92;42.96;3437.20;2110.25;-1326.95;0.00
0.23;9.37;42.94;3434.90;1861.18;-1573.72;0.00
0.27;10.78;27.92;2233.93;2172.20;-61.72;0.00
0.25;11.68;39.57;3165.82;2099.22;-1066.60;0.00
0.24;10.92;37.37;2989.28;1971.94;-1017.34;0.00
0.22;10.63;39.05;3123.71;1832.11;-1291.60;0.00
0.23;10.60;41.94;3355.10;1899.29;-1455.81;0.00
0.22;11.03;40.64;3251.18;1876.64;-1374.53;0.00
0.26;10.92;36.86;2949.08;2084.98;-864.10;0.00
0.24;8.50;46.81;3745.02;1887.17;-1857.85;0.00
0.24;10.82;33.33;2666.28;1956.59;-709.70;0.00
0.25;9.34;43.27;3461.31;1980.87;-1480.44;0.00
0.20;9.57;40.69;3254.82;1658.34;-1596.49;0.00
0.24;8.51;40.68;3254.08;1877.74;-1376.34;0.00
0.26;9.48;38.59;3087.41;2053.33;-1034.08;0.00
0.25;9.68;50.35;4028.00;1964.91;-2063.09;0.00
0.21;9.37;45.46;3637.10;1758.70;-1878.40;0.00
0.23;10.64;36.23;2898.40;1940.04;-958.36;0.00
0.24;9.53;42.20;3375.99;1932.20;-1443.79;0.00
0.26;9.02;32.87;2629.22;1993.40;-635.82;0.00
0.24;9.40;40.94;3275.06;1892.39;-1382.67;0.00
0.24;11.46;39.88;3190.25;2037.42;-1152.82;0.00
0.25;9.66;38.91;3113.03;1951.82;-1161.21;0.00
0.22;10.38;37.42;2993.69;1836.62;-1157.07;0.00
0.23;11.58;34.73;2778.36;1953.07;-825.29;0.00
0.21;8.76;36.71;2937.05;1718.29;-1218.75;0.00
0.27;8.29;36.50;2920.36;2026.28;-894.08;0.00
0.28;11.17;30.71;2456.89;2216.78;-240.11;0.00
0.27;10.84;47.59;3807.40;2155.63;-1651.77;0.00
0.25;9.40;42.04;3363.56;1940.40;-1423.16;0.00
0.23;10.44;37.09;2967.42;1898.87;-1068.55;0.00
0.21;10.39;44.85;3588.39;1802.36;-1786.03;0.00
0.22;9.48;41.55;3323.89;1804.48;-1519.41;0.00
0.26;8.60;39.22;3137.97;1957.58;-1180.39;0.00
0.27;11.15;44.57;3565.24;2149.15;-1416.09;0.00
0.25;10.04;46.68;3734.28;2001.29;-1732.99;0.00
0.29;8.94;41.30;3304.19;2151.15;-1153.04;0.00
0.28;11.05;44.43;3554.14;2213.54;-1340.61;0.00
0.29;9.77;32.02;2561.48;2211.08;-350.40;0.00
0.28;12.00;25.71;2056.80;2295.74;238.94;1.00
0.26;10.54;49.37;3949.38;2099.62;-1849.76;0.00
0.22;12.77;35.47;2837.91;1945.62;-892.29;0.00
0.25;9.24;38.65;3092.34;1949.55;-1142.79;0.00
0.22;11.38;36.74;2939.20;1885.58;-1053.63;0.00
0.26;9.60;40.62;3249.72;2009.57;-1240.16;0.00
0.24;10.87;39.72;3177.77;1980.88;-1196.89;0.00
0.22;10.40;44.55;3564.09;1826.42;-1737.67;0.00
0.28;9.85;49.00;3919.77;2191.11;-1728.66;0.00
0.26;10.79;39.12;3129.73;2103.11;-1026.63;0.00
0.22;11.24;45.79;3662.86;1912.57;-1750.28;0.00
0.27;11.08;34.60;2768.18;2182.57;-585.61;0.00
0.25;12.08;37.12;2969.77;2113.08;-856.69;0.00
0.24;11.97;39.10;3127.77;2068.05;-1059.72;0.00
0.26;9.14;29.80;2383.72;2006.80;-376.92;0.00
0.22;10.10;42.59;3407.29;1835.84;-1571.45;0.00
0.28;10.42;35.84;2867.42;2216.96;-650.46;0.00
0.26;9.31;43.83;3506.35;2042.16;-1464.20;0.00
0.23;9.08;40.72;3257.46;1833.68;-1423.78;0.00
0.28;10.94;42.57;3405.91;2215.93;-1189.99;0.00
0.24;10.22;40.36;3228.83;1964.50;-1264.33;0.00
0.27;8.79;39.37;3149.27;2021.93;-1127.34;0.00
0.23;12.81;48.96;3916.58;2032.44;-1884.14;0.00
0.20;10.93;37.15;2971.75;1759.90;-1211.85;0.00
0.28;10.81;36.41;2913.03;2233.12;-679.91;0.00
0.25;9.59;42.54;3403.12;1947.86;-1455.25;0.00
0.27;8.45;47.41;3792.60;2049.28;-1743.32;0.00
0.24;9.51;38.20;3055.69;1919.69;-1136.00;0.00
0.20;8.45;43.48;3478.55;1609.91;-1868.65;0.00
0.25;9.52;37.01;2960.46;1971.06;-989.41;0.00
0.25;10.17;38.00;3040.13;2025.82;-1014.31;0.00
0.22;9.60;43.55;3483.92;1790.59;-1693.33;0.00
0.22;8.77;35.31;2824.56;1757.40;-1067.16;0.00
0.21;11.15;38.70;3096.25;1819.92;-1276.33;0.00
0.25;11.77;46.88;3750.02;2071.33;-1678.69;0.00
0.24;9.30;37.40;2992.32;1915.62;-1076.69;0.00
0.25;10.79;43.03;3442.03;2040.47;-1401.56;0.00
0.25;12.10;43.99;3518.81;2090.89;-1427.91;0.00
0.24;10.12;38.48;3078.74;1937.49;-1141.25;0.00
0.28;8.87;44.20;3536.06;2092.57;-1443.49;0.00
0.28;10.46;38.34;3067.43;2224.03;-843.40;0.00
0.29;9.31;45.92;3673.44;2199.61;-1473.83;0.00
0.25;10.98;36.40;2911.62;2076.04;-835.58;0.00
0.25;8.71;42.05;3364.20;1948.32;-1415.88;0.00
0.27;11.32;44.33;3546.78;2157.98;-1388.79;0.00
0.24;10.11;41.63;3330.25;1950.75;-1379.50;0.00
0.26;8.70;34.11;2728.66;1973.92;-754.73;0.00
0.26;11.94;39.48;3158.63;2169.77;-988.86;0.00
0.23;10.02;38.17;3053.66;1895.16;-1158.50;0.00
0.24;10.00;43.11;3448.78;1953.82;-1494.96;0.00
0.28;10.10;37.54;3002.94;2165.10;-837.84;0.00
0.28;7.85;42.88;3430.24;2032.00;-1398.24;0.00
0.21;10.39;50.44;4035.40;1811.38;-2224.03;0.00
0.26;9.71;37.66;3012.73;2042.71;-970.02;0.00
0.25;11.04;43.12;3449.43;2067.25;-1382.18;0.00
0.26;11.82;42.85;3428.36;2152.01;-1276.35;0.00
0.24;11.78;44.44;3554.91;2056.46;-1498.46;0.00
0.30;9.58;43.57;3485.91;2291.10;-1194.81;0.00
0.26;10.42;52.00;4159.96;2099.15;-2060.81;0.00
0.23;10.63;40.74;3259.01;1889.83;-1369.19;0.00
0.24;9.28;44.58;3566.46;1919.09;-1647.37;0.00
0.25;9.97;42.40;3392.12;1991.42;-1400.70;0.00
0.25;10.54;43.16;3452.92;2011.70;-1441.21;0.00
0.24;10.12;37.40;2991.98;1935.18;-1056.80;0.00
0.22;9.66;40.64;3250.91;1797.14;-1453.77;0.00
0.20;9.95;50.47;4037.52;1707.48;-2330.04;0.00
0.26;10.59;38.37;3069.37;2115.36;-954.01;0.00
0.23;9.54;39.47;3157.45;1835.16;-1322.29;0.00
0.26;9.76;32.41;2592.61;2036.77;-555.85;0.00
0.26;9.44;43.96;3517.16;2009.53;-1507.63;0.00
0.22;8.60;45.74;3659.57;1724.44;-1935.13;0.00
0.28;10.79;41.41;3313.10;2212.82;-1100.29;0.00
0.20;8.97;35.48;2838.55;1676.04;-1162.51;0.00
0.25;8.40;38.84;3107.13;1907.59;-1199.54;0.00
0.24;9.55;35.96;2876.97;1939.99;-936.98;0.00
0.25;10.84;42.61;3408.79;2057.79;-1351.00;0.00
0.23;8.21;46.08;3686.43;1788.01;-1898.43;0.00
0.27;11.02;42.56;3405.05;2180.96;-1224.09;0.00
0.22;7.47;33.38;2670.20;1688.63;-981.56;0.00
0.19;10.01;39.65;3172.01;1651.19;-1520.82;0.00
0.24;10.84;37.71;3017.01;1986.94;-1030.07;0.00
0.23;9.65;40.55;3243.97;1855.01;-1388.96;0.00
0.27;8.94;38.17;3053.38;2043.57;-1009.81;0.00
0.28;10.94;32.62;2609.71;2213.24;-396.47;0.00
0.25;8.69;36.13;2890.64;1948.66;-941.98;0.00
0.23;7.94;40.82;3265.90;1787.35;-1478.55;0.00
0.29;12.63;43.28;3462.77;2374.95;-1087.82;0.00
0.27;11.66;39.84;3187.08;2201.90;-985.18;0.00
0.27;9.46;32.67;2613.70;2063.99;-549.72;0.00
0.26;8.22;32.21;2576.94;1989.25;-587.68;0.00
0.22;13.45;39.28;3142.56;2036.06;-1106.50;0.00
0.28;9.46;32.59;2607.39;2143.00;-464.39;0.00
0.28;10.55;48.82;3905.25;2207.13;-1698.12;0.00
0.24;10.47;33.56;2684.44;1950.21;-734.23;0.00
0.28;11.14;35.30;2823.76;2224.78;-598.99;0.00
0.24;11.09;36.19;2894.83;1989.14;-905.69;0.00
0.26;9.98;38.09;3046.83;2070.34;-976.49;0.00
0.21;8.82;37.94;3035.01;1678.46;-1356.55;0.00
0.26;9.49;39.50;3160.14;2034.19;-1125.95;0.00
0.29;8.86;35.36;2829.04;2172.81;-656.24;0.00
0.25;10.63;44.76;3581.03;2020.97;-1560.06;0.00
0.23;10.18;39.61;3168.60;1865.05;-1303.55;0.00
0.22;9.55;28.51;2280.61;1794.27;-486.35;0.00
0.28;8.78;39.48;3158.43;2100.08;-1058.35;0.00
0.25;10.76;42.30;3384.14;2010.74;-1373.39;0.00
0.26;8.21;43.19;3455.27;1987.23;-1468.04;0.00
0.27;8.61;42.10;3367.85;2050.24;-1317.61;0.00
0.25;12.25;50.55;4044.30;2141.49;-1902.81;0.00
0.23;9.17;44.26;3541.09;1843.24;-1697.85;0.00
0.25;10.67;43.35;3468.18;2023.74;-1444.44;0.00
0.24;11.14;35.83;2866.64;2018.44;-848.20;0.00
0.29;10.96;42.14;3371.00;2277.39;-1093.62;0.00
0.25;9.83;38.82;3105.89;1988.51;-1117.38;0.00
0.26;11.44;39.43;3154.44;2142.31;-1012.13;0.00
0.29;10.43;44.22;3537.79;2281.79;-1256.00;0.00
0.28;10.31;41.74;3338.99;2174.54;-1164.45;0.00
0.26;9.93;34.43;2754.65;2058.45;-696.20;0.00
0.25;8.20;42.67;3413.71;1886.93;-1526.79;0.00
0.23;9.66;39.33;3146.69;1874.83;-1271.87;0.00
0.28;10.00;36.25;2900.17;2175.97;-724.20;0.00
0.18;10.20;35.06;2804.55;1607.23;-1197.32;0.00
0.27;10.55;41.85;3348.02;2142.83;-1205.19;0.00
0.28;9.70;45.11;3608.92;2162.58;-1446.34;0.00
0.23;8.63;38.56;3084.42;1824.55;-1259.87;0.00
0.25;8.78;38.07;3045.69;1916.55;-1129.14;0.00
0.24;11.27;41.40;3311.83;2011.32;-1300.50;0.00
0.26;10.43;42.00;3360.08;2056.89;-1303.18;0.00
0.30;9.26;45.50;3639.65;2253.19;-1386.46;0.00
0.24;10.70;44.23;3538.48;1978.90;-1559.58;0.00
0.22;9.54;40.93;3274.15;1792.56;-1481.59;0.00
0.23;8.58;40.33;3226.71;1821.01;-1405.70;0.00
0.24;11.89;32.80;2623.76;2048.60;-575.16;0.00
0.28;11.47;35.70;2856.26;2253.69;-602.57;0.00
0.26;9.68;36.99;2959.44;2063.23;-896.22;0.00
0.20;9.57;40.12;3209.56;1671.32;-1538.25;0.00
0.25;11.08;40.28;3222.08;2070.37;-1151.71;0.00
0.29;8.79;32.66;2612.99;2172.68;-440.31;0.00
0.27;10.02;39.52;3161.72;2097.94;-1063.78;0.00
0.23;9.71;36.67;2933.60;1878.95;-1054.66;0.00
0.30;10.57;38.03;3042.03;2321.86;-720.17;0.00
0.21;10.18;38.53;3082.77;1767.18;-1315.59;0.00
0.34;9.86;34.58;2766.54;2541.78;-224.76;0.00
0.28;8.11;44.07;3525.65;2061.01;-1464.64;0.00
0.28;10.30;36.77;2941.47;2183.95;-757.52;0.00
0.24;10.29;36.81;2944.93;1975.74;-969.19;0.00
0.27;9.97;35.26;2820.89;2116.28;-704.62;0.00
0.26;11.06;39.32;3145.54;2138.90;-1006.65;0.00
0.23;10.06;50.51;4040.57;1866.08;-2174.49;0.00
0.27;12.31;41.33;3306.27;2240.83;-1065.45;0.00
0.25;9.60;37.00;2960.11;1962.58;-997.53;0.00
0.25;9.54;37.43;2994.34;1950.51;-1043.83;0.00
0.25;9.60;43.88;3510.20;1969.70;-1540.51;0.00
0.27;8.33;40.20;3215.68;1995.63;-1220.05;0.00
0.30;10.23;36.45;2916.31;2274.53;-641.78;0.00
0.30;8.82;40.79;3263.07;2225.47;-1037.60;0.00
0.27;10.31;41.68;3334.73;2144.72;-1190.01;0.00
0.24;9.97;33.29;2662.90;1939.61;-723.29;0.00
0.29;9.29;39.92;3193.51;2201.82;-991.69;0.00
0.23;11.78;46.38;3710.50;1952.91;-1757.60;0.00
0.31;11.80;37.84;3027.12;2461.46;-565.66;0.00
0.20;10.38;37.27;2981.76;1753.02;-1228.75;0.00
0.27;9.99;39.77;3181.62;2097.54;-1084.08;0.00
0.26;10.46;35.25;2819.81;2060.19;-759.62;0.00
0.25;9.66;45.77;3661.24;1953.25;-1708.00;0.00
0.27;8.81;46.00;3680.39;2064.67;-1615.72;0.00
0.28;8.75;39.20;3135.74;2130.54;-1005.20;0.00
0.25;10.66;37.94;3034.93;2016.36;-1018.56;0.00
0.26;11.45;50.56;4045.19;2149.92;-1895.26;0.00
0.28;11.16;34.24;2739.48;2247.45;-492.03;0.00
0.26;11.87;43.30;3463.72;2175.98;-1287.74;0.00
0.23;10.33;29.81;2384.83;1921.48;-463.35;0.00
0.20;8.96;47.86;3828.48;1666.55;-2161.93;0.00
0.21;9.32;48.35;3867.89;1723.72;-2144.17;0.00
0.26;9.80;35.88;2870.77;2043.89;-826.88;0.00
0.22;10.15;39.02;3121.58;1825.55;-1296.02;0.00
0.22;8.83;47.97;3837.95;1739.94;-2098.02;0.00
0.24;11.19;40.93;3274.40;1988.29;-1286.10;0.00
0.27;11.07;37.56;3004.54;2162.39;-842.14;0.00
0.25;9.80;47.08;3766.70;2009.68;-1757.02;0.00
0.20;11.31;39.13;3130.19;1749.07;-1381.11;0.00
0.27;10.03;37.72;3017.49;2111.65;-905.84;0.00
0.26;10.25;46.25;3699.75;2041.63;-1658.12;0.00
0.27;11.48;43.13;3450.73;2178.17;-1272.56;0.00
0.24;9.44;33.24;2659.38;1906.71;-752.67;0.00
0.28;10.06;43.26;3460.67;2156.56;-1304.10;0.00
0.24;10.44;42.27;3381.50;1964.03;-1417.46;0.00
0.23;10.79;37.45;2996.20;1899.51;-1096.68;0.00
0.24;10.34;28.93;2314.22;1976.67;-337.55;0.00
0.28;9.13;43.38;3470.35;2135.16;-1335.19;0.00
0.24;10.74;36.84;2947.51;1987.13;-960.38;0.00
0.21;10.83;44.19;3535.16;1826.67;-1708.49;0.00
0.24;9.42;41.92;3353.59;1891.50;-1462.09;0.00
0.26;10.99;37.71;3017.18;2101.04;-916.14;0.00
0.19;9.33;41.37;3309.51;1607.71;-1701.80;0.00
0.25;10.15;44.25;3539.90;2030.30;-1509.60;0.00
0.26;8.97;45.86;3668.41;1974.80;-1693.61;0.00
0.23;10.64;45.84;3667.48;1933.53;-1733.94;0.00
0.28;10.75;42.39;3391.49;2220.03;-1171.47;0.00
0.27;10.59;41.66;3333.13;2168.90;-1164.23;0.00
0.22;9.99;33.07;2645.59;1844.19;-801.41;0.00
0.23;11.63;42.35;3388.36;1947.05;-1441.31;0.00
0.25;9.02;33.45;2676.10;1948.04;-728.06;0.00
0.27;9.15;42.10;3368.35;2057.78;-1310.58;0.00
0.27;12.80;46.25;3699.75;2251.76;-1448.00;0.00
0.24;10.35;42.11;3368.66;1976.86;-1391.80;0.00
0.30;10.26;40.48;3238.02;2282.36;-955.66;0.00
0.23;10.02;38.18;3054.52;1874.65;-1179.87;0.00
0.25;9.79;35.38;2830.63;1983.29;-847.33;0.00
0.27;10.11;38.30;3064.09;2143.68;-920.41;0.00
0.31;11.55;40.32;3225.33;2403.14;-822.19;0.00
0.25;9.53;46.63;3730.10;1975.80;-1754.29;0.00
0.24;9.39;46.91;3752.96;1907.90;-1845.07;0.00
0.22;13.01;40.01;3200.50;1974.71;-1225.80;0.00
0.24;11.16;41.95;3356.14;2017.14;-1339.00;0.00
0.23;10.94;38.70;3095.82;1917.49;-1178.33;0.00
0.24;10.92;35.76;2860.52;1989.41;-871.12;0.00
0.22;8.99;36.64;2931.08;1770.47;-1160.61;0.00
0.28;10.08;39.71;3176.97;2162.79;-1014.18;0.00
0.24;10.35;43.14;3451.17;1966.07;-1485.10;0.00
0.27;11.68;39.04;3123.42;2209.99;-913.43;0.00
0.24;9.06;34.69;2775.12;1860.30;-914.82;0.00
0.29;9.45;38.80;3103.66;2222.33;-881.33;0.00
0.18;10.43;43.76;3500.46;1585.37;-1915.10;0.00
0.24;10.86;41.00;3279.83;1973.40;-1306.43;0.00
0.21;10.73;49.66;3972.92;1781.10;-2191.83;0.00
0.26;10.11;37.38;2990.16;2064.74;-925.42;0.00
0.21;8.42;34.80;2784.33;1662.49;-1121.83;0.00
0.29;10.78;35.96;2876.83;2287.50;-589.33;0.00
0.34;12.71;36.38;2910.54;2664.79;-245.75;0.00
0.22;9.86;36.88;2950.79;1830.21;-1120.58;0.00
0.26;8.82;40.73;3258.51;1974.79;-1283.72;0.00
0.22;11.17;36.74;2939.03;1911.08;-1027.96;0.00
0.28;10.84;37.88;3030.16;2224.04;-806.12;0.00
0.24;9.06;41.29;3303.11;1875.24;-1427.87;0.00
0.25;10.53;43.48;3478.75;2019.79;-1458.96;0.00
0.26;9.55;36.49;2919.50;2020.51;-898.99;0.00
0.23;11.54;50.88;4070.62;1946.35;-2124.27;0.00
0.26;8.72;36.55;2923.96;1995.80;-928.15;0.00
0.20;11.03;50.74;4059.22;1776.25;-2282.97;0.00
0.27;9.58;35.61;2848.41;2077.05;-771.36;0.00
0.26;8.96;41.59;3327.39;2021.53;-1305.85;0.00
0.27;10.69;34.38;2750.51;2173.84;-576.67;0.00
0.26;8.19;40.24;3219.29;1967.97;-1251.31;0.00
0.22;9.64;45.83;3666.09;1786.75;-1879.34;0.00
0.20;11.48;34.49;2759.48;1777.59;-981.89;0.00
0.25;10.52;47.88;3830.40;2026.72;-1803.68;0.00
0.24;10.48;34.49;2759.01;1972.65;-786.36;0.00
0.23;9.86;54.96;4396.79;1888.83;-2507.96;0.00
0.23;9.48;36.25;2899.94;1830.23;-1069.71;0.00
0.27;10.00;42.74;3419.39;2137.08;-1282.31;0.00
0.28;10.10;43.12;3449.55;2180.40;-1269.15;0.00
0.28;10.79;44.45;3556.01;2191.22;-1364.79;0.00
0.24;9.30;41.39;3310.95;1907.66;-1403.28;0.00
0.27;10.15;33.48;2678.08;2131.18;-546.90;0.00
0.31;10.00;45.42;3633.55;2354.86;-1278.69;0.00
0.26;8.98;41.74;3339.54;1988.85;-1350.69;0.00
0.22;12.02;42.64;3411.44;1937.34;-1474.10;0.00
0.24;10.05;44.89;3591.37;1925.77;-1665.59;0.00
0.24;9.46;43.78;3502.70;1917.48;-1585.22;0.00
0.20;9.52;50.23;4018.38;1679.16;-2339.22;0.00
0.25;10.53;42.64;3411.41;2053.16;-1358.24;0.00
0.27;11.80;44.27;3541.56;2183.66;-1357.90;0.00
0.21;9.82;36.72;2937.42;1752.45;-1184.97;0.00
0.24;11.11;39.02;3121.79;2021.27;-1100.52;0.00
0.21;11.12;35.92;2873.30;1835.14;-1038.16;0.00
0.27;11.14;40.01;3201.00;2156.77;-1044.23;0.00
0.22;9.53;39.14;3131.21;1800.86;-1330.35;0.00
0.23;9.65;34.49;2759.16;1846.12;-913.05;0.00
0.26;11.01;35.16;2813.19;2087.56;-725.63;0.00
0.30;8.40;47.56;3805.03;2207.12;-1597.91;0.00
0.24;9.26;39.37;3149.85;1918.37;-1231.48;0.00
0.26;10.81;37.83;3026.25;2118.12;-908.13;0.00
0.20;12.89;41.23;3298.72;1880.17;-1418.55;0.00
0.23;10.52;46.04;3683.21;1900.56;-1782.65;0.00
0.23;10.19;48.79;3902.86;1877.58;-2025.27;0.00
0.23;13.12;35.73;2858.74;2058.86;-799.88;0.00
0.29;9.95;32.81;2624.79;2214.92;-409.87;0.00
0.23;8.73;35.92;2873.43;1791.58;-1081.86;0.00
0.24;9.27;48.30;3864.38;1924.15;-1940.23;0.00
0.25;10.17;46.10;3687.95;2026.49;-1661.46;0.00
0.25;9.83;41.96;3356.78;1969.52;-1387.25;0.00
0.24;9.06;32.86;2629.06;1911.49;-717.57;0.00
0.24;10.53;40.31;3224.45;1973.07;-1251.38;0.00
0.23;10.65;37.45;2995.91;1926.06;-1069.85;0.00
0.27;8.67;44.25;3540.10;2014.60;-1525.50;0.00
0.24;11.38;42.86;3428.53;2034.93;-1393.60;0.00
0.28;9.22;41.63;3330.49;2116.77;-1213.72;0.00
0.23;9.92;40.48;3238.04;1905.58;-1332.47;0.00
0.24;10.10;38.00;3040.05;1925.10;-1114.95;0.00
0.22;11.42;42.85;3427.72;1886.06;-1541.66;0.00
0.24;9.07;39.35;3148.29;1867.45;-1280.84;0.00
0.25;11.51;35.34;2827.59;2071.70;-755.90;0.00
0.25;10.87;40.74;3259.02;2072.67;-1186.35;0.00
0.27;9.50;41.17;3293.87;2069.29;-1224.58;0.00
0.23;9.93;39.09;3127.12;1888.01;-1239.10;0.00
0.23;10.94;41.40;3311.82;1911.60;-1400.22;0.00
0.23;9.94;39.27;3141.41;1903.05;-1238.36;0.00
0.23;10.19;45.79;3663.53;1892.23;-1771.30;0.00
0.27;8.64;42.05;3364.30;2052.89;-1311.40;0.00
0.25;11.35;34.95;2795.91;2083.17;-712.74;0.00
0.29;9.29;39.36;3148.58;2179.28;-969.30;0.00
0.29;10.05;41.14;3291.20;2247.94;-1043.25;0.00
0.26;9.28;31.52;2521.94;1989.08;-532.86;0.00
0.28;12.39;46.11;3689.02;2295.26;-1393.76;0.00
0.21;10.80;35.29;2823.03;1816.60;-1006.43;0.00
0.25;10.97;39.68;3174.11;2064.16;-1109.95;0.00
0.22;10.26;37.91;3032.62;1844.44;-1188.18;0.00
0.28;9.44;34.80;2783.72;2138.41;-645.31;0.00
0.25;7.87;42.26;3380.88;1872.26;-1508.62;0.00
0.28;10.25;48.67;3893.75;2215.45;-1678.30;0.00
0.28;10.55;43.57;3485.70;2185.85;-1299.85;0.00
0.25;10.64;40.80;3263.87;2010.04;-1253.82;0.00
0.27;11.11;39.12;3129.87;2155.22;-974.65;0.00
0.22;10.26;31.39;2511.09;1860.08;-651.00;0.00
0.26;9.47;44.93;3594.16;2036.29;-1557.87;0.00
0.28;9.72;44.34;3547.38;2182.48;-1364.90;0.00
0.25;9.01;43.95;3516.07;1935.59;-1580.48;0.00
0.23;9.88;35.15;2811.91;1874.87;-937.04;0.00
0.24;10.91;34.65;2771.94;1984.26;-787.69;0.00
0.24;10.58;38.55;3083.88;1958.17;-1125.71;0.00
0.24;10.45;39.40;3152.02;1941.95;-1210.07;0.00
0.27;11.27;42.78;3422.54;2155.41;-1267.13;0.00
0.22;8.70;40.83;3266.08;1769.57;-1496.51;0.00
0.24;10.73;40.22;3217.87;1993.25;-1224.62;0.00
0.23;11.34;44.62;3569.63;1944.43;-1625.21;0.00
0.28;9.52;40.82;3265.26;2164.91;-1100.35;0.00
0.25;10.65;38.56;3084.88;2004.42;-1080.46;0.00
0.27;8.52;42.88;3430.54;2060.04;-1370.50;0.00
0.25;10.65;40.15;3212.22;2037.96;-1174.26;0.00
0.25;10.18;38.66;3092.51;2018.31;-1074.20;0.00
0.23;11.00;39.26;3140.51;1921.85;-1218.66;0.00
0.25;9.12;36.69;2935.44;1979.12;-956.32;0.00
0.26;12.31;39.01;3120.86;2165.68;-955.18;0.00
0.29;11.48;34.12;2729.74;2319.97;-409.77;0.00
0.22;10.16;44.91;3592.68;1844.35;-1748.33;0.00
0.25;9.27;37.79;3023.28;1943.86;-1079.42;0.00
0.26;10.95;38.71;3096.69;2136.26;-960.43;0.00
0.22;10.08;46.91;3752.81;1832.70;-1920.11;0.00
0.31;8.93;44.85;3588.30;2272.16;-1316.14;0.00
0.24;9.09;41.42;3313.79;1911.95;-1401.84;0.00
0.23;8.80;40.01;3200.41;1799.37;-1401.04;0.00
0.26;10.96;42.20;3376.10;2112.54;-1263.56;0.00
0.29;9.71;34.39;2751.00;2244.73;-506.27;0.00
0.24;10.12;27.06;2164.69;1969.18;-195.51;0.00
0.23;11.32;46.44;3714.81;1957.07;-1757.74;0.00
0.25;8.62;49.79;3982.89;1910.48;-2072.41;0.00
0.24;10.85;31.90;2552.28;2008.30;-543.98;0.00
0.26;9.58;36.87;2949.80;2034.82;-914.97;0.00
0.26;11.52;37.07;2966.00;2126.40;-839.59;0.00
0.26;10.20;41.78;3342.12;2084.42;-1257.70;0.00
0.26;9.77;36.33;2906.03;2035.28;-870.75;0.00
0.26;10.56;36.15;2892.23;2072.03;-820.20;0.00
0.27;12.13;31.82;2545.54;2235.72;-309.82;0.00
0.28;9.05;36.75;2940.32;2096.02;-844.30;0.00
0.24;8.92;36.51;2921.01;1862.33;-1058.68;0.00
0.26;10.79;46.11;3688.74;2124.77;-1563.97;0.00
0.24;13.14;44.83;3586.08;2103.09;-1482.99;0.00
0.23;9.88;36.20;2896.01;1894.06;-1001.95;0.00
0.19;10.28;36.04;2883.51;1634.12;-1249.38;0.00
0.22;11.08;39.52;3161.70;1860.37;-1301.33;0.00
0.24;9.31;41.90;3351.60;1926.84;-1424.77;0.00
0.19;8.62;35.08;2806.24;1575.70;-1230.54;0.00
0.28;11.84;44.62;3569.30;2280.17;-1289.13;0.00
0.26;12.71;46.84;3747.40;2177.54;-1569.87;0.00
0.25;9.99;47.72;3817.95;1974.73;-1843.22;0.00
0.29;10.72;52.65;4212.30;2279.69;-1932.61;0.00
0.22;11.27;35.41;2832.85;1876.69;-956.17;0.00
0.25;9.88;41.37;3309.53;1966.89;-1342.64;0.00
0.25;10.99;45.88;3670.11;2078.37;-1591.74;0.00
0.27;10.90;33.28;2662.64;2166.12;-496.52;0.00
0.24;11.86;35.99;2879.44;2068.99;-810.45;0.00
0.25;8.73;35.93;2874.60;1902.76;-971.84;0.00
0.26;9.28;38.38;3070.57;2029.41;-1041.16;0.00
0.23;9.81;51.68;4134.44;1885.94;-2248.50;0.00
0.28;7.85;49.95;3996.29;2082.97;-1913.32;0.00
0.25;9.21;50.82;4065.78;1954.59;-2111.19;0.00
0.27;9.48;28.81;2304.54;2087.87;-216.66;0.00
0.25;9.74;42.83;3426.75;1978.95;-1447.81;0.00
0.27;8.44;38.00;3040.33;2022.53;-1017.81;0.00
0.24;10.40;51.77;4141.91;1957.29;-2184.62;0.00
0.23;9.91;40.13;3210.11;1900.97;-1309.14;0.00
0.25;9.73;44.04;3523.05;2005.11;-1517.94;0.00
0.23;12.53;42.98;3438.70;2042.24;-1396.46;0.00
0.28;8.90;40.05;3203.93;2101.90;-1102.04;0.00
0.21;11.11;36.13;2890.24;1823.62;-1066.62;0.00
0.18;9.40;41.18;3294.31;1568.39;-1725.91;0.00
0.25;11.71;44.38;3550.30;2083.29;-1467.00;0.00
0.23;10.63;40.21;3216.58;1922.02;-1294.56;0.00
0.22;10.59;38.06;3045.09;1839.65;-1205.44;0.00
0.22;10.34;30.12;2409.66;1867.11;-542.55;0.00
0.26;8.21;47.80;3823.83;1976.01;-1847.82;0.00
0.28;9.56;42.78;3422.44;2174.61;-1247.83;0.00
0.26;10.64;41.31;3304.50;2107.23;-1197.28;0.00
0.20;8.34;35.47;2837.35;1617.93;-1219.42;0.00
0.26;8.46;47.42;3793.61;1969.54;-1824.07;0.00
0.28;9.84;39.35;3148.39;2151.99;-996.40;0.00
0.23;10.00;45.54;3643.47;1870.31;-1773.16;0.00
0.27;12.23;37.58;3006.73;2250.61;-756.12;0.00
0.22;10.65;37.60;3007.85;1846.24;-1161.61;0.00
0.24;8.65;39.07;3125.25;1888.82;-1236.42;0.00
0.23;9.13;43.98;3518.62;1848.89;-1669.73;0.00
0.21;10.54;40.77;3261.70;1819.08;-1442.62;0.00
0.27;9.00;36.43;2914.50;2038.32;-876.18;0.00
0.30;11.09;44.13;3530.72;2337.64;-1193.08;0.00
0.27;12.59;33.07;2645.35;2245.48;-399.88;0.00
0.24;11.58;50.98;4078.60;2052.88;-2025.73;0.00
0.23;11.27;45.90;3671.81;1971.46;-1700.35;0.00
0.27;11.52;37.34;2986.94;2218.89;-768.05;0.00
0.24;11.31;52.79;4223.43;2003.23;-2220.20;0.00
0.21;10.98;31.88;2550.66;1831.60;-719.06;0.00
0.26;9.84;40.49;3238.83;2022.50;-1216.33;0.00
0.24;11.93;41.79;3343.01;2042.66;-1300.34;0.00
0.25;12.54;42.91;3433.14;2107.16;-1325.98;0.00
0.26;8.75;40.58;3246.45;1981.29;-1265.16;0.00
0.25;8.99;35.74;2858.99;1926.04;-932.95;0.00
0.24;11.48;43.34;3467.44;1997.89;-1469.56;0.00
0.23;10.83;31.58;2526.43;1905.52;-620.91;0.00
0.23;9.37;41.97;3357.57;1861.34;-1496.23;0.00
0.22;10.01;34.57;2765.40;1803.54;-961.86;0.00
0.27;8.55;41.59;3327.27;2019.38;-1307.88;0.00
0.23;10.19;33.00;2639.97;1895.38;-744.59;0.00
0.24;7.45;41.26;3301.05;1811.47;-1489.58;0.00
0.25;12.17;37.42;2993.43;2104.08;-889.36;0.00
0.26;10.85;37.50;3000.06;2122.33;-877.73;0.00
0.25;10.73;53.17;4253.57;2059.76;-2193.81;0.00
0.28;9.80;41.13;3290.16;2149.68;-1140.49;0.00
0.22;9.00;40.10;3207.78;1780.08;-1427.70;0.00
0.20;11.36;41.22;3297.50;1804.78;-1492.71;0.00
0.25;8.63;44.17;3533.64;1942.84;-1590.81;0.00
0.28;11.21;38.01;3041.14;2245.63;-795.52;0.00
0.24;8.17;32.17;2573.42;1834.54;-738.89;0.00
0.23;8.59;40.41;3232.76;1801.77;-1430.99;0.00
0.23;10.31;34.14;2730.82;1885.39;-845.43;0.00
0.29;9.85;52.03;4162.03;2231.26;-1930.77;0.00
0.27;11.01;37.64;3011.26;2160.56;-850.70;0.00
0.26;9.39;44.33;3546.32;2018.71;-1527.62;0.00
0.24;10.89;35.99;2879.49;2002.37;-877.11;0.00
0.25;9.48;42.94;3434.99;1970.32;-1464.67;0.00
0.21;8.94;37.84;3027.06;1694.11;-1332.95;0.00
0.25;7.66;46.60;3728.19;1888.33;-1839.86;0.00
0.26;8.33;40.56;3244.65;1955.29;-1289.35;0.00
0.26;10.58;37.34;2986.98;2079.39;-907.59;0.00
0.27;12.30;35.77;2861.73;2231.45;-630.28;0.00
0.29;8.98;43.71;3496.60;2198.65;-1297.95;0.00
0.25;10.69;47.64;3811.29;2038.45;-1772.84;0.00
0.19;11.21;31.55;2523.87;1714.30;-809.57;0.00
0.26;11.12;39.61;3169.09;2134.27;-1034.82;0.00
0.24;12.08;52.33;4186.28;2043.81;-2142.47;0.00
0.23;9.89;41.54;3323.29;1881.04;-1442.25;0.00
0.26;9.06;35.44;2835.41;1994.55;-840.87;0.00
0.29;10.46;39.66;3172.78;2281.16;-891.63;0.00
0.30;9.12;33.62;2689.97;2239.46;-450.51;0.00
0.26;9.72;47.54;3803.38;2048.97;-1754.41;0.00
0.28;9.22;37.85;3027.85;2154.66;-873.18;0.00
0.28;10.86;30.24;2419.40;2208.08;-211.31;0.00
0.22;10.29;43.04;3442.97;1850.29;-1592.68;0.00
0.26;10.87;36.92;2953.63;2107.16;-846.47;0.00
0.27;10.95;45.63;3650.12;2137.47;-1512.65;0.00
0.27;9.10;32.96;2637.17;2072.64;-564.53;0.00
0.24;9.79;36.07;2885.89;1917.90;-967.99;0.00
0.25;9.30;40.92;3273.77;1957.30;-1316.46;0.00
0.25;11.86;42.09;3367.28;2106.61;-1260.68;0.00
0.25;11.73;44.81;3585.17;2087.88;-1497.30;0.00
0.24;8.12;49.46;3956.83;1823.46;-2133.37;0.00
0.20;9.44;46.70;3736.40;1664.63;-2071.76;0.00
0.26;10.83;43.57;3485.23;2088.46;-1396.76;0.00
0.21;8.65;43.59;3487.43;1713.27;-1774.16;0.00
0.26;9.89;47.78;3822.06;2064.82;-1757.24;0.00
0.25;9.99;41.90;3352.10;1990.51;-1361.59;0.00
0.26;11.30;39.30;3143.63;2128.21;-1015.43;0.00
0.24;9.94;47.81;3825.08;1914.75;-1910.33;0.00
0.27;10.28;34.73;2778.41;2136.76;-641.64;0.00
0.22;10.50;37.85;3028.05;1877.07;-1150.98;0.00
0.23;9.19;45.69;3655.03;1809.90;-1845.13;0.00
0.25;10.72;50.78;4062.02;2018.66;-2043.36;0.00
0.27;8.20;37.23;2978.04;2032.07;-945.97;0.00
0.26;11.12;51.70;4135.90;2115.58;-2020.32;0.00
0.25;9.59;46.44;3715.52;1972.79;-1742.73;0.00
0.25;9.04;34.18;2734.50;1918.03;-816.47;0.00
0.25;9.20;45.56;3645.17;1946.06;-1699.11;0.00
0.24;11.16;43.84;3507.49;2031.42;-1476.07;0.00
0.31;10.59;39.06;3124.99;2401.72;-723.27;0.00
0.22;10.75;34.37;2749.88;1877.02;-872.86;0.00
0.27;10.85;39.15;3132.39;2159.69;-972.70;0.00
0.23;8.37;34.16;2732.83;1791.91;-940.91;0.00
0.23;8.92;33.20;2656.05;1851.81;-804.23;0.00
0.23;8.28;38.19;3055.32;1806.83;-1248.49;0.00
0.25;11.31;38.48;3078.35;2052.74;-1025.61;0.00
0.25;9.05;43.28;3462.29;1957.72;-1504.57;0.00
0.23;10.25;41.12;3289.35;1911.18;-1378.18;0.00
0.24;9.84;39.81;3184.44;1943.30;-1241.15;0.00
0.27;9.04;42.52;3401.89;2053.98;-1347.91;0.00
0.29;9.78;43.75;3499.90;2219.61;-1280.29;0.00
0.27;11.37;47.24;3779.15;2210.29;-1568.86;0.00
0.22;9.44;45.25;3619.85;1792.51;-1827.34;0.00
0.30;11.70;42.72;3417.75;2402.97;-1014.78;0.00
0.25;11.92;43.34;3467.21;2107.74;-1359.47;0.00
0.24;11.32;38.97;3117.81;2010.07;-1107.74;0.00
0.23;9.85;30.90;2472.01;1871.83;-600.18;0.00
0.24;10.30;43.75;3499.61;1968.60;-1531.00;0.00
0.25;9.26;44.65;3571.82;1958.59;-1613.23;0.00
0.24;12.49;45.36;3628.60;2102.63;-1525.97;0.00
0.27;8.83;30.23;2418.60;2029.67;-388.93;0.00
0.25;10.16;52.14;4171.12;2004.17;-2166.94;0.00
0.27;9.98;39.85;3187.87;2136.84;-1051.03;0.00
0.26;9.49;39.23;3138.61;2015.38;-1123.23;0.00
0.25;10.61;43.31;3464.63;2008.61;-1456.02;0.00
0.22;11.68;36.16;2892.62;1937.55;-955.08;0.00
0.22;11.41;45.55;3644.07;1907.07;-1736.99;0.00
0.26;10.35;40.46;3236.82;2094.59;-1142.23;0.00
0.28;10.04;39.47;3157.78;2188.65;-969.13;0.00
0.23;10.10;52.38;4190.50;1911.21;-2279.29;0.00
0.22;8.91;36.91;2952.65;1739.65;-1212.99;0.00
0.29;10.24;48.52;3881.51;2227.07;-1654.44;0.00
0.27;10.55;28.44;2275.14;2130.20;-144.94;0.00
0.27;10.34;48.94;3915.29;2144.81;-1770.48;0.00
0.25;11.55;35.96;2876.79;2063.86;-812.93;0.00
0.23;12.68;40.24;3218.94;2019.66;-1199.28;0.00
0.26;9.58;46.85;3748.07;2041.76;-1706.31;0.00
0.24;9.12;37.93;3034.63;1887.53;-1147.10;0.00
0.23;10.86;52.56;4204.56;1911.84;-2292.72;0.00
0.24;8.99;43.87;3509.93;1908.36;-1601.57;0.00
0.28;9.73;46.92;3753.95;2163.02;-1590.92;0.00
0.24;9.73;39.13;3130.24;1898.40;-1231.83;0.00
0.27;8.75;36.91;2953.20;2063.27;-889.93;0.00
0.23;6.95;40.51;3240.56;1717.28;-1523.28;0.00
0.27;11.50;46.72;3737.74;2184.11;-1553.63;0.00
0.31;11.12;33.73;2698.48;2399.19;-299.29;0.00
0.27;8.49;43.31;3465.15;2029.11;-1436.04;0.00
0.23;11.86;38.64;3091.49;1971.79;-1119.69;0.00
0.27;9.86;41.45;3315.62;2107.53;-1208.08;0.00
0.21;8.92;37.79;3022.84;1685.05;-1337.80;0.00
0.26;10.11;42.54;3403.01;2043.00;-1360.01;0.00
0.28;8.64;35.24;2819.45;2082.45;-737.00;0.00
0.27;9.76;34.06;2725.10;2105.14;-619.97;0.00
0.23;10.15;38.54;3083.31;1902.76;-1180.54;0.00
0.23;10.65;38.94;3115.57;1915.06;-1200.52;0.00
0.25;10.90;44.45;3555.84;2018.16;-1537.68;0.00
0.25;10.46;43.47;3477.48;2038.62;-1438.87;0.00
0.23;9.21;39.45;3155.66;1841.55;-1314.11;0.00
0.22;10.47;44.91;3592.83;1873.75;-1719.08;0.00
0.22;9.95;35.76;2861.15;1849.51;-1011.63;0.00
0.22;10.05;38.19;3055.10;1827.71;-1227.39;0.00
0.24;9.38;46.74;3739.37;1918.69;-1820.67;0.00
0.25;9.07;36.58;2926.71;1976.87;-949.84;0.00
0.25;9.51;44.37;3549.63;1985.70;-1563.93;0.00
0.28;9.38;48.82;3905.82;2168.02;-1737.81;0.00
0.23;10.12;43.05;3444.19;1869.27;-1574.92;0.00
0.26;11.11;44.17;3533.86;2114.03;-1419.83;0.00
0.28;8.64;38.98;3118.51;2076.08;-1042.43;0.00
0.24;11.63;39.76;3181.17;2036.24;-1144.94;0.00
0.29;10.35;44.48;3558.61;2221.51;-1337.10;0.00
0.28;10.70;48.35;3868.38;2184.32;-1684.06;0.00
0.25;9.04;39.46;3156.82;1927.09;-1229.73;0.00
0.25;10.44;38.70;3096.21;1998.21;-1098.00;0.00
0.25;11.14;33.09;2647.08;2050.15;-596.93;0.00
0.25;10.16;43.82;3505.33;2009.26;-1496.07;0.00
0.27;11.12;37.40;2992.11;2192.97;-799.14;0.00
0.23;12.55;33.43;2674.78;1993.54;-681.24;0.00
0.25;10.75;40.36;3228.99;2038.34;-1190.66;0.00
0.29;10.91;48.49;3879.58;2264.24;-1615.34;0.00
0.21;13.43;41.36;3308.45;1930.83;-1377.62;0.00
0.28;11.33;45.73;3658.67;2226.53;-1432.14;0.00
0.23;11.07;36.46;2916.75;1932.59;-984.16;0.00
0.27;9.05;48.06;3845.15;2071.64;-1773.50;0.00
0.21;10.12;46.51;3720.42;1800.12;-1920.30;0.00
0.24;9.65;46.34;3707.42;1924.96;-1782.46;0.00
0.24;9.36;39.67;3173.48;1886.80;-1286.68;0.00
0.22;10.13;39.53;3162.61;1836.68;-1325.93;0.00
0.23;10.51;47.65;3811.71;1925.52;-1886.19;0.00
0.27;10.37;48.36;3868.61;2162.76;-1705.86;0.00
0.29;10.35;40.05;3203.90;2223.60;-980.30;0.00
0.28;10.81;39.79;3183.51;2194.14;-989.37;0.00
0.26;11.50;43.67;3493.75;2143.20;-1350.55;0.00
0.25;7.99;38.01;3040.45;1891.63;-1148.81;0.00
0.22;10.04;45.00;3599.93;1820.67;-1779.25;0.00
0.27;12.25;36.82;2945.84;2248.82;-697.01;0.00
0.27;9.74;35.73;2858.29;2100.74;-757.55;0.00
0.24;8.68;39.69;3175.47;1883.94;-1291.53;0.00
0.27;9.63;39.35;3148.09;2084.99;-1063.09;0.00
0.25;10.85;43.48;3478.34;2070.62;-1407.72;0.00
0.30;11.10;42.37;3389.83;2333.26;-1056.57;0.00
0.26;9.44;44.16;3533.04;2049.58;-1483.46;0.00
0.27;11.61;39.84;3187.31;2190.19;-997.12;0.00
0.22;10.64;49.65;3971.76;1852.65;-2119.11;0.00
0.23;7.46;46.19;3695.13;1733.27;-1961.86;0.00
0.24;11.68;34.39;2751.55;2038.62;-712.93;0.00
0.28;10.28;40.22;3217.31;2165.85;-1051.47;0.00
0.24;9.19;43.21;3456.94;1912.92;-1544.02;0.00
0.22;8.59;39.67;3173.54;1752.60;-1420.94;0.00
0.25;10.23;40.77;3261.62;2001.51;-1260.11;0.00
0.25;8.65;45.06;3604.76;1918.79;-1685.96;0.00
0.24;9.50;36.69;2935.55;1917.90;-1017.65;0.00
0.25;8.69;44.30;3543.78;1920.72;-1623.06;0.00
0.26;9.61;30.51;2440.86;2021.61;-419.25;0.00
0.23;12.90;42.43;3394.09;2060.49;-1333.60;0.00
0.23;12.53;34.51;2761.01;2016.53;-744.48;0.00
0.26;8.03;47.43;3794.09;1948.83;-1845.26;0.00
0.23;8.88;38.47;3077.85;1810.05;-1267.80;0.00
0.25;8.55;43.14;3451.00;1947.67;-1503.33;0.00
0.26;10.73;39.70;3175.95;2102.83;-1073.13;0.00
0.19;9.92;43.09;3447.10;1638.88;-1808.22;0.00
0.25;11.65;35.82;2865.93;2101.01;-764.92;0.00
0.24;10.44;37.20;2976.03;1968.20;-1007.83;0.00
0.24;9.34;38.09;3047.08;1903.34;-1143.75;0.00
0.22;9.17;42.25;3380.09;1775.28;-1604.82;0.00
0.27;9.65;40.50;3240.12;2105.06;-1135.06;0.00
0.26;9.16;34.85;2787.99;1997.91;-790.08;0.00
0.26;9.83;38.94;3114.82;2038.53;-1076.29;0.00
0.25;11.26;37.46;2996.87;2068.28;-928.59;0.00
0.27;10.89;47.93;3834.27;2160.11;-1674.16;0.00
0.23;9.19;36.76;2940.52;1841.85;-1098.67;0.00
0.28;7.28;44.72;3577.86;2029.10;-1548.76;0.00
0.29;10.26;37.28;2982.25;2269.94;-712.31;0.00
0.25;7.71;45.32;3625.41;1894.71;-1730.69;0.00
0.23;12.34;49.96;3996.76;1979.83;-2016.92;0.00
0.24;11.06;38.86;3108.95;1997.98;-1110.97;0.00
0.25;9.84;46.72;3737.86;2004.37;-1733.49;0.00
0.24;9.71;35.84;2867.08;1931.72;-935.36;0.00
0.27;9.40;44.32;3545.24;2095.93;-1449.31;0.00
0.25;12.12;33.70;2696.34;2115.68;-580.66;0.00
0.25;9.01;41.25;3300.15;1915.76;-1384.39;0.00
0.25;11.12;46.33;3706.22;2048.16;-1658.06;0.00
0.25;10.25;48.78;3902.27;2039.46;-1862.80;0.00
0.25;9.51;33.91;2713.14;1964.66;-748.48;0.00
0.26;8.77;40.07;3205.47;1987.97;-1217.51;0.00
0.23;10.80;36.63;2930.40;1946.10;-984.30;0.00
0.25;9.53;45.14;3611.05;1957.76;-1653.29;0.00
0.23;9.19;41.10;3287.88;1816.15;-1471.74;0.00
0.23;10.88;37.44;2995.57;1954.75;-1040.81;0.00
0.21;9.75;30.23;2418.64;1780.12;-638.53;0.00
0.26;10.48;39.10;3127.77;2055.90;-1071.87;0.00
0.24;10.17;35.66;2852.57;1921.23;-931.34;0.00
0.29;7.65;40.95;3275.90;2094.31;-1181.59;0.00
0.22;9.41;34.32;2745.48;1790.99;-954.49;0.00
0.26;11.67;41.57;3325.39;2169.55;-1155.84;0.00
0.22;9.78;42.56;3405.15;1832.70;-1572.44;0.00
0.27;10.65;40.31;3224.46;2156.03;-1068.43;0.00
0.28;10.41;37.15;2971.90;2191.42;-780.49;0.00
0.25;9.60;38.80;3103.66;1958.11;-1145.55;0.00
0.27;10.55;47.89;3831.37;2128.84;-1702.52;0.00
0.25;8.52;51.34;4107.36;1915.23;-2192.13;0.00
0.27;8.55;39.63;3170.01;2022.70;-1147.31;0.00
0.25;8.85;42.40;3391.98;1928.34;-1463.64;0.00
0.21;11.10;39.26;3141.08;1847.03;-1294.05;0.00
0.27;9.86;41.38;3310.39;2102.67;-1207.72;0.00
0.22;9.15;46.97;3757.44;1767.19;-1990.24;0.00
0.24;11.01;38.19;3055.08;2015.96;-1039.11;0.00
0.23;9.73;37.77;3021.38;1876.25;-1145.14;0.00
0.26;9.21;38.24;3059.43;2028.43;-1031.01;0.00
0.22;9.81;38.93;3114.25;1803.87;-1310.38;0.00
0.27;11.25;45.99;3678.94;2175.16;-1503.79;0.00
0.26;11.27;42.56;3405.10;2152.30;-1252.80;0.00
0.26;10.37;35.26;2820.82;2081.45;-739.36;0.00
0.20;9.21;39.93;3194.68;1683.25;-1511.43;0.00
0.23;10.91;39.23;3138.03;1950.83;-1187.20;0.00
0.26;7.84;40.87;3269.68;1918.87;-1350.81;0.00
0.24;9.03;41.28;3302.15;1897.95;-1404.21;0.00
0.24;9.99;38.36;3068.98;1951.31;-1117.67;0.00
0.27;11.65;45.00;3599.71;2185.50;-1414.21;0.00
0.24;9.89;38.73;3098.37;1910.68;-1187.69;0.00
0.26;10.71;32.87;2629.86;2106.74;-523.11;0.00
0.23;11.42;35.25;2820.02;1983.19;-836.82;0.00
0.27;8.22;38.05;3044.20;2029.11;-1015.09;0.00
0.27;11.77;38.09;3047.27;2212.52;-834.74;0.00
0.26;11.16;39.91;3193.01;2111.39;-1081.63;0.00
0.30;9.67;40.53;3242.34;2252.57;-989.77;0.00
0.27;9.58;46.33;3706.12;2063.22;-1642.90;0.00
0.28;10.24;35.21;2816.42;2176.38;-640.04;0.00
0.23;8.68;32.77;2621.35;1805.64;-815.70;0.00
0.24;8.94;41.93;3354.40;1890.82;-1463.58;0.00
0.22;12.50;34.22;2737.62;1951.78;-785.84;0.00
0.19;10.43;37.69;3015.36;1660.81;-1354.55;0.00
0.23;9.71;37.70;3015.81;1889.08;-1126.72;0.00
0.24;7.74;34.20;2736.00;1820.58;-915.42;0.00
0.30;10.91;41.58;3326.70;2309.78;-1016.92;0.00
0.26;9.44;38.08;3046.74;2046.65;-1000.09;0.00
0.27;9.72;45.01;3600.94;2097.12;-1503.82;0.00
0.27;11.69;39.61;3168.86;2210.61;-958.24;0.00
0.31;10.98;34.86;2788.58;2374.51;-414.07;0.00
0.26;8.94;34.18;2734.04;1976.62;-757.42;0.00
0.25;11.60;48.30;3864.30;2084.76;-1779.54;0.00
0.24;12.93;40.88;3270.63;2126.09;-1144.54;0.00
0.27;12.99;34.01;2720.80;2263.71;-457.09;0.00
0.20;9.84;38.50;3080.13;1679.32;-1400.81;0.00
0.27;7.73;34.20;2735.94;1965.23;-770.71;0.00
0.26;9.87;42.74;3418.81;2031.42;-1387.39;0.00
0.26;9.63;43.95;3516.30;2026.50;-1489.80;0.00
0.27;11.25;42.48;3398.18;2190.13;-1208.04;0.00
0.24;9.54;44.46;3556.57;1886.05;-1670.52;0.00
0.23;9.01;42.34;3387.31;1851.60;-1535.71;0.00
0.25;8.24;34.32;2745.82;1912.67;-833.14;0.00
0.22;10.86;33.67;2693.50;1876.73;-816.76;0.00
0.21;8.94;37.25;2979.78;1724.31;-1255.47;0.00
0.28;7.61;31.99;2559.43;2025.72;-533.71;0.00
0.21;9.21;32.50;2600.01;1702.48;-897.52;0.00
0.27;9.43;47.00;3759.76;2112.89;-1646.87;0.00
0.26;9.40;34.59;2767.01;2008.82;-758.19;0.00
0.30;10.85;41.84;3347.22;2327.19;-1020.02;0.00
0.26;10.93;41.27;3301.84;2119.86;-1181.98;0.00
0.20;11.85;41.99;3358.88;1786.00;-1572.88;0.00
0.25;11.16;43.29;3463.04;2046.40;-1416.65;0.00
0.24;9.05;42.85;3428.04;1902.99;-1525.05;0.00
0.27;10.50;46.54;3723.36;2124.81;-1598.56;0.00
0.27;11.52;34.48;2758.50;2206.12;-552.38;0.00
0.27;11.03;46.10;3688.08;2184.05;-1504.03;0.00
0.26;11.05;42.18;3374.44;2087.07;-1287.37;0.00
0.27;10.75;42.56;3404.84;2142.96;-1261.88;0.00
0.23;9.86;40.24;3218.83;1898.58;-1320.24;0.00
0.21;9.30;46.28;3702.70;1755.87;-1946.83;0.00
0.22;12.41;39.06;3124.74;1970.74;-1153.99;0.00
0.27;10.56;47.37;3789.28;2151.65;-1637.63;0.00
0.25;10.56;43.56;3484.98;2048.11;-1436.87;0.00
0.25;10.19;43.73;3498.23;1999.20;-1499.03;0.00
0.23;11.13;30.76;2461.00;1958.62;-502.38;0.00
0.22;9.76;36.73;2938.46;1811.60;-1126.85;0.00
0.30;11.93;37.74;3019.12;2395.40;-623.71;0.00
0.26;11.10;45.36;3628.49;2121.34;-1507.15;0.00
0.28;11.16;32.80;2623.96;2224.16;-399.80;0.00
0.27;9.58;40.45;3235.70;2063.58;-1172.12;0.00
0.22;10.67;38.57;3085.46;1861.86;-1223.60;0.00
0.24;9.62;37.84;3027.23;1908.41;-1118.82;0.00
0.22;10.81;34.89;2790.87;1838.88;-951.98;0.00
0.18;10.35;39.78;3182.29;1598.01;-1584.28;0.00
0.25;8.21;37.24;2979.49;1880.60;-1098.89;0.00
0.22;7.14;38.90;3112.37;1678.28;-1434.08;0.00
0.24;8.01;48.74;3899.30;1849.57;-2049.73;0.00
0.23;12.60;51.35;4108.35;1993.38;-2114.97;0.00
0.24;10.50;41.76;3340.60;1944.56;-1396.04;0.00
0.24;7.74;41.68;3334.53;1793.39;-1541.15;0.00
0.26;10.27;40.16;3213.08;2081.75;-1131.33;0.00
0.26;9.37;40.68;3254.41;2025.42;-1228.99;0.00
0.29;11.43;36.64;2931.50;2293.92;-637.58;0.00
0.27;12.24;40.08;3206.61;2231.63;-974.98;0.00
0.28;12.01;37.88;3030.57;2272.30;-758.27;0.00
0.24;9.47;36.19;2895.20;1885.86;-1009.34;0.00
0.26;10.56;38.18;3054.17;2059.01;-995.16;0.00
0.29;11.96;38.84;3107.07;2365.14;-741.93;0.00
0.27;9.90;36.58;2926.47;2113.46;-813.01;0.00
0.27;10.73;37.93;3034.51;2153.67;-880.85;0.00
0.26;10.23;35.63;2850.05;2064.99;-785.06;0.00
0.27;9.03;48.25;3859.70;2049.39;-1810.31;0.00
0.26;9.73;34.91;2792.41;2030.96;-761.45;0.00
0.29;8.63;42.01;3360.77;2131.87;-1228.90;0.00
0.22;9.01;45.12;3609.47;1746.39;-1863.09;0.00
0.24;10.56;39.27;3141.48;1942.30;-1199.18;0.00
0.23;11.47;36.04;2882.99;1947.28;-935.71;0.00
0.24;11.12;44.39;3550.93;2012.69;-1538.24;0.00
0.25;8.26;42.63;3410.58;1912.55;-1498.03;0.00
0.28;9.76;41.68;3334.31;2165.03;-1169.27;0.00
0.29;8.60;41.25;3299.97;2134.25;-1165.73;0.00
0.24;9.96;39.48;3158.04;1923.10;-1234.94;0.00
0.24;10.38;42.42;3393.25;1987.81;-1405.44;0.00
0.30;10.62;37.37;2989.51;2314.51;-675.00;0.00
0.28;11.47;43.13;3450.17;2249.20;-1200.97;0.00
0.28;11.13;45.86;3668.63;2242.27;-1426.36;0.00
0.27;11.00;40.57;3245.38;2156.97;-1088.41;0.00
0.25;11.20;34.87;2789.49;2051.67;-737.82;0.00
0.26;11.05;36.94;2955.22;2119.56;-835.66;0.00
0.23;10.62;40.86;3268.81;1889.51;-1379.30;0.00
0.23;9.10;41.37;3309.37;1843.36;-1466.02;0.00
0.24;10.33;39.38;3150.23;1947.41;-1202.82;0.00
0.21;9.54;33.92;2713.48;1748.14;-965.34;0.00
0.24;10.95;40.72;3257.51;1998.85;-1258.66;0.00
0.27;9.63;40.50;3239.97;2110.52;-1129.44;0.00
0.21;11.46;42.94;3435.38;1839.82;-1595.55;0.00
0.21;9.86;45.77;3661.47;1757.02;-1904.45;0.00
0.26;12.06;40.75;3259.97;2194.18;-1065.79;0.00
0.26;10.52;35.72;2857.43;2085.45;-771.98;0.00
0.24;10.37;38.02;3041.69;1975.57;-1066.12;0.00
0.25;12.53;39.58;3166.22;2110.60;-1055.63;0.00
0.26;9.74;46.29;3703.34;2060.34;-1643.00;0.00
0.21;7.92;41.40;3311.94;1634.83;-1677.11;0.00
0.22;11.50;42.03;3362.35;1896.49;-1465.86;0.00
0.23;8.64;33.95;2716.30;1782.01;-934.30;0.00
0.24;10.01;41.37;3309.31;1958.21;-1351.10;0.00
0.24;8.56;35.27;2821.39;1876.19;-945.21;0.00
0.27;11.83;45.13;3610.78;2191.51;-1419.27;0.00
0.24;8.75;51.56;4124.68;1875.43;-2249.25;0.00
0.24;11.31;53.61;4288.94;1987.99;-2300.96;0.00
0.23;10.61;49.98;3998.14;1921.23;-2076.91;0.00
0.25;9.66;40.57;3245.36;1969.61;-1275.74;0.00
0.29;10.32;43.55;3483.88;2240.22;-1243.65;0.00
0.25;11.01;38.79;3103.24;2069.15;-1034.09;0.00
0.24;10.14;35.50;2840.09;1959.24;-880.84;0.00
0.18;10.28;47.95;3836.35;1620.80;-2215.55;0.00
0.24;11.55;44.64;3570.94;2043.54;-1527.40;0.00
0.22;9.92;46.71;3737.11;1800.69;-1936.42;0.00
0.28;10.07;40.78;3262.09;2203.01;-1059.08;0.00
0.20;11.24;40.54;3243.11;1800.41;-1442.70;0.00
0.28;10.56;46.80;3743.91;2218.11;-1525.79;0.00
0.25;11.52;41.74;3339.26;2078.52;-1260.74;0.00
0.25;10.27;44.88;3590.67;2017.58;-1573.09;0.00
0.21;9.94;36.08;2886.44;1739.53;-1146.91;0.00
0.25;11.62;45.20;3616.39;2065.61;-1550.77;0.00
0.24;10.28;42.95;3436.18;1961.64;-1474.54;0.00
0.23;11.94;41.59;3326.82;2013.27;-1313.55;0.00
0.26;11.20;39.39;3151.36;2127.46;-1023.90;0.00
0.29;10.42;40.57;3245.86;2249.32;-996.54;0.00
0.25;12.19;29.77;2381.71;2110.02;-271.69;0.00
0.26;8.75;41.40;3311.97;1980.42;-1331.55;0.00
0.26;10.36;37.01;2960.90;2074.17;-886.73;0.00
0.26;10.46;36.14;2891.02;2088.93;-802.09;0.00
0.25;9.43;36.81;2944.65;1949.64;-995.01;0.00
0.27;8.28;33.98;2718.77;2013.82;-704.96;0.00
0.24;11.58;34.23;2738.54;2017.65;-720.89;0.00
0.30;10.48;48.99;3919.46;2325.92;-1593.54;0.00
0.24;11.42;39.76;3180.58;2041.17;-1139.41;0.00
0.25;10.38;36.58;2926.63;2036.94;-889.69;0.00
0.26;8.47;39.42;3153.92;1973.36;-1180.56;0.00
0.20;9.49;27.10;2168.15;1707.71;-460.44;0.00
0.28;10.15;39.55;3163.99;2152.35;-1011.64;0.00
0.28;8.02;35.34;2826.95;2062.45;-764.49;0.00
0.27;8.84;40.72;3257.49;2026.98;-1230.52;0.00
0.27;9.22;40.28;3222.20;2044.41;-1177.79;0.00
0.22;10.12;40.69;3255.22;1854.15;-1401.07;0.00
0.24;11.76;37.46;2996.59;2048.47;-948.12;0.00
0.25;9.48;37.33;2986.79;1963.35;-1023.44;0.00
0.27;10.79;48.14;3851.49;2131.11;-1720.38;0.00
0.30;12.47;36.65;2932.39;2408.66;-523.74;0.00
0.28;9.75;44.91;3592.45;2178.61;-1413.84;0.00
0.27;11.24;44.34;3546.95;2155.27;-1391.68;0.00
0.26;9.24;39.22;3137.66;1996.55;-1141.11;0.00
0.24;9.16;39.84;3187.58;1895.12;-1292.46;0.00
0.23;9.96;35.51;2840.79;1898.31;-942.48;0.00
0.24;10.98;27.69;2215.42;2014.27;-201.15;0.00
0.25;9.35;43.04;3442.88;1985.85;-1457.03;0.00
0.24;9.37;37.36;2988.44;1931.83;-1056.61;0.00
0.27;10.82;41.41;3312.99;2157.15;-1155.84;0.00
0.26;10.85;41.42;3313.97;2120.96;-1193.01;0.00
0.27;10.07;32.02;2561.82;2091.71;-470.11;0.00
0.26;11.98;38.38;3070.74;2171.32;-899.42;0.00
0.24;10.33;48.83;3906.26;1970.66;-1935.60;0.00
0.27;9.51;42.23;3378.22;2064.55;-1313.67;0.00
0.22;7.48;37.52;3001.99;1705.76;-1296.23;0.00
0.28;9.40;31.53;2522.19;2128.47;-393.72;0.00
0.23;9.62;38.34;3067.17;1887.12;-1180.05;0.00
0.25;10.16;38.50;3080.24;1999.51;-1080.73;0.00
0.27;10.48;44.29;3543.10;2151.66;-1391.44;0.00
0.25;9.41;39.48;3158.70;1964.97;-1193.73;0.00
0.22;10.58;37.39;2990.81;1871.06;-1119.75;0.00
0.27;9.27;32.95;2636.37;2088.77;-547.60;0.00
0.24;10.53;35.88;2870.66;1962.68;-907.97;0.00
0.27;8.14;41.53;3322.09;2018.17;-1303.92;0.00
0.21;9.89;34.60;2767.62;1782.79;-984.82;0.00
0.28;9.38;49.20;3935.71;2128.54;-1807.17;0.00
0.27;10.55;33.55;2684.27;2153.31;-530.96;0.00
0.25;11.20;42.60;3407.87;2052.42;-1355.45;0.00
0.28;10.35;42.38;3390.33;2200.97;-1189.36;0.00
0.24;10.72;39.99;3199.26;1961.26;-1238.00;0.00
0.31;10.34;41.93;3354.27;2368.69;-985.58;0.00
0.24;9.37;42.70;3416.34;1912.58;-1503.76;0.00
0.24;9.84;46.31;3705.10;1922.95;-1782.15;0.00
0.26;9.04;38.34;3067.23;1995.13;-1072.10;0.00
0.25;10.63;42.22;3377.55;2052.63;-1324.93;0.00
0.22;10.96;41.76;3340.83;1892.78;-1448.05;0.00
0.21;9.67;44.10;3528.24;1754.87;-1773.38;0.00
0.27;8.67;47.40;3791.70;2058.81;-1732.89;0.00
0.24;9.98;44.24;3539.55;1928.10;-1611.45;0.00
0.22;10.88;49.39;3951.32;1867.40;-2083.92;0.00
0.27;10.08;42.12;3369.84;2101.14;-1268.71;0.00
0.24;10.48;41.83;3346.23;1952.47;-1393.75;0.00
0.22;9.29;37.58;3006.70;1806.09;-1200.61;0.00
0.26;10.66;45.57;3645.30;2073.04;-1572.26;0.00
0.24;7.95;31.09;2487.06;1800.08;-686.98;0.00
0.25;9.93;42.75;3419.66;1974.73;-1444.93;0.00
0.22;9.17;40.60;3248.24;1795.31;-1452.93;0.00
0.27;10.28;41.99;3359.34;2113.80;-1245.54;0.00
0.29;11.16;36.24;2899.52;2300.30;-599.22;0.00
0.24;11.56;44.37;3549.88;2050.57;-1499.31;0.00
0.23;8.48;40.22;3217.29;1826.06;-1391.23;0.00
0.29;11.14;43.25;3460.10;2285.04;-1175.06;0.00
0.24;10.82;45.05;3603.91;1986.41;-1617.50;0.00
0.27;9.80;40.29;3223.51;2101.27;-1122.24;0.00
0.20;11.36;38.91;3112.67;1763.07;-1349.60;0.00
0.27;12.25;34.04;2723.18;2211.84;-511.34;0.00
0.29;9.50;40.02;3201.67;2193.49;-1008.18;0.00
0.22;10.40;42.02;3361.75;1858.73;-1503.02;0.00
0.22;9.73;39.00;3119.92;1815.96;-1303.96;0.00
0.27;9.12;38.19;3055.43;2064.45;-990.98;0.00
0.27;9.75;47.01;3760.41;2082.19;-1678.22;0.00
0.22;10.23;45.21;3616.54;1856.55;-1760.00;0.00
0.26;8.31;45.08;3606.44;1942.59;-1663.85;0.00
0.25;10.70;41.88;3350.64;2062.76;-1287.87;0.00
0.24;9.68;41.96;3356.52;1900.06;-1456.46;0.00
0.23;11.54;39.15;3131.66;1972.07;-1159.59;0.00
0.25;11.42;40.66;3252.68;2058.60;-1194.08;0.00
0.23;10.87;48.98;3918.15;1928.55;-1989.60;0.00
0.22;11.08;37.61;3008.64;1890.34;-1118.29;0.00
0.26;10.34;41.66;3332.43;2103.60;-1228.83;0.00
0.27;10.50;40.74;3258.90;2118.86;-1140.03;0.00
0.20;11.98;41.29;3302.89;1836.65;-1466.25;0.00
0.31;9.44;44.36;3548.43;2305.42;-1243.01;0.00
0.23;11.92;34.68;2774.08;1997.73;-776.34;0.00
0.22;11.72;37.42;2993.77;1928.85;-1064.92;0.00
0.31;9.23;36.40;2912.37;2304.09;-608.28;0.00
0.31;9.35;43.10;3448.26;2332.24;-1116.02;0.00
0.24;10.37;42.72;3417.41;1968.87;-1448.54;0.00
0.26;10.46;40.14;3211.57;2104.20;-1107.37;0.00
0.21;9.22;42.03;3362.52;1738.77;-1623.74;0.00
0.26;9.34;43.05;3443.93;2005.11;-1438.82;0.00
0.28;8.24;46.02;3681.38;2081.62;-1599.76;0.00
0.29;7.70;41.60;3327.80;2093.46;-1234.34;0.00
0.23;9.78;38.34;3067.48;1842.58;-1224.90;0.00
0.27;10.17;40.90;3271.73;2127.58;-1144.14;0.00
0.28;10.22;35.46;2837.13;2172.86;-664.27;0.00
0.24;12.13;37.19;2975.57;2040.55;-935.02;0.00
0.28;10.62;42.28;3382.06;2217.72;-1164.34;0.00
0.24;9.64;35.60;2847.84;1939.63;-908.21;0.00
0.26;9.11;36.12;2889.74;1981.96;-907.78;0.00
0.24;10.58;38.01;3040.49;1968.25;-1072.24;0.00
0.23;7.84;36.26;2900.92;1791.04;-1109.89;0.00
0.27;10.02;47.27;3781.83;2111.43;-1670.40;0.00
0.27;12.54;42.11;3368.53;2270.18;-1098.35;0.00
0.22;11.51;33.26;2660.48;1913.99;-746.49;0.00
0.22;9.36;43.78;3502.10;1781.46;-1720.64;0.00
0.23;11.21;43.98;3518.26;1941.16;-1577.10;0.00
0.23;11.59;37.51;3000.93;1992.60;-1008.32;0.00
0.27;9.69;46.53;3722.27;2096.00;-1626.27;0.00
0.28;9.18;48.61;3888.62;2101.55;-1787.07;0.00
0.20;9.65;41.84;3346.98;1697.01;-1649.97;0.00
0.29;10.84;40.35;3227.84;2299.07;-928.78;0.00
0.24;11.46;31.24;2498.93;1999.91;-499.02;0.00
0.26;8.55;38.94;3115.21;1963.63;-1151.58;0.00
0.30;9.16;36.39;2911.00;2221.25;-689.75;0.00
0.26;9.26;39.66;3172.90;2006.46;-1166.44;0.00
0.23;11.75;36.69;2935.06;1996.47;-938.60;0.00
0.24;9.95;43.03;3442.72;1934.23;-1508.49;0.00
0.23;9.40;42.65;3412.07;1862.47;-1549.60;0.00
0.32;8.64;40.07;3205.70;2330.58;-875.12;0.00
0.25;11.07;38.35;3068.37;2052.17;-1016.20;0.00
0.25;10.65;39.30;3144.32;2005.63;-1138.69;0.00
0.23;8.80;50.28;4022.01;1830.43;-2191.58;0.00
0.28;9.51;47.08;3766.21;2162.39;-1603.81;0.00
0.28;9.33;44.31;3544.41;2111.70;-1432.71;0.00
0.27;8.03;49.33;3946.20;2020.59;-1925.61;0.00
0.26;9.22;38.76;3100.83;1987.14;-1113.69;0.00
0.25;12.05;39.42;3153.67;2127.34;-1026.33;0.00
0.31;11.64;42.15;3372.16;2417.48;-954.68;0.00
0.25;9.44;39.75;3180.19;1985.33;-1194.86;0.00
0.27;9.70;45.78;3662.52;2076.73;-1585.79;0.00
0.30;9.41;38.31;3065.07;2265.74;-799.32;0.00
0.24;9.76;45.61;3648.51;1907.26;-1741.25;0.00
0.20;9.33;38.55;3083.77;1675.09;-1408.68;0.00
0.27;8.95;42.57;3405.65;2035.49;-1370.16;0.00
0.24;10.54;34.26;2740.90;1984.56;-756.34;0.00
0.22;7.90;37.37;2989.33;1726.30;-1263.03;0.00
0.28;8.88;41.98;3358.06;2118.40;-1239.65;0.00
0.29;6.67;51.39;4111.05;2051.11;-2059.94;0.00
0.28;12.74;47.32;3785.22;2303.57;-1481.66;0.00
0.23;7.65;46.05;3683.71;1759.54;-1924.18;0.00
0.29;9.90;41.21;3296.56;2198.12;-1098.43;0.00
0.22;9.93;41.25;3300.24;1830.84;-1469.40;0.00
0.21;9.01;51.01;4080.79;1722.09;-2358.69;0.00
0.25;10.29;40.78;3262.38;2013.46;-1248.92;0.00
0.26;10.28;42.75;3420.31;2051.78;-1368.53;0.00
0.25;10.29;39.25;3140.24;1986.39;-1153.85;0.00
0.25;10.70;45.76;3660.63;2029.02;-1631.61;0.00
0.24;8.33;29.64;2371.55;1877.12;-494.43;0.00
0.28;9.90;39.48;3158.47;2139.84;-1018.62;0.00
0.28;10.72;38.45;3076.16;2209.09;-867.07;0.00
0.23;10.40;48.55;3884.13;1885.51;-1998.62;0.00
0.23;12.99;46.70;3736.04;2041.73;-1694.31;0.00
0.23;9.33;46.03;3682.37;1830.75;-1851.62;0.00
0.22;10.28;37.04;2963.10;1849.41;-1113.69;0.00
0.26;9.86;39.87;3189.43;2073.68;-1115.75;0.00
0.29;10.35;39.40;3152.07;2264.34;-887.72;0.00
0.23;8.28;27.83;2226.58;1803.43;-423.15;0.00
0.26;11.45;45.54;3643.39;2123.69;-1519.71;0.00
0.25;9.48;33.29;2663.32;1984.97;-678.35;0.00
0.24;10.53;46.81;3744.54;1973.73;-1770.81;0.00
0.29;10.69;43.52;3481.96;2245.89;-1236.07;0.00
0.25;10.11;39.42;3153.24;2007.92;-1145.32;0.00
0.24;10.21;33.49;2679.14;1936.75;-742.39;0.00
0.24;12.72;43.95;3516.09;2072.25;-1443.84;0.00
0.26;10.39;31.17;2493.85;2077.29;-416.56;0.00
0.21;9.85;38.08;3046.57;1752.31;-1294.25;0.00
0.26;11.80;39.65;3172.27;2131.04;-1041.23;0.00
0.26;10.30;37.50;3000.33;2052.85;-947.48;0.00
0.25;11.25;41.41;3313.00;2038.68;-1274.31;0.00
0.24;11.90;47.43;3794.01;2044.19;-1749.82;0.00
0.25;10.57;35.87;2869.26;2033.67;-835.59;0.00
0.25;7.91;32.40;2591.96;1881.91;-710.05;0.00
0.21;9.90;41.28;3302.29;1741.27;-1561.01;0.00
0.25;10.18;37.99;3039.39;2030.56;-1008.83;0.00
0.24;10.63;37.34;2987.12;1985.45;-1001.67;0.00
0.28;11.78;32.67;2613.36;2262.30;-351.06;0.00
0.25;12.14;47.95;3835.96;2131.86;-1704.10;0.00
0.27;10.41;42.59;3406.86;2110.19;-1296.66;0.00
0.24;10.92;42.79;3423.40;1996.34;-1427.06;0.00
0.27;10.01;41.37;3309.93;2121.12;-1188.81;0.00
0.22;10.25;38.34;3066.97;1830.53;-1236.44;0.00
0.23;11.47;39.64;3171.05;1959.28;-1211.77;0.00
0.29;10.47;38.72;3097.73;2241.78;-855.95;0.00
0.27;10.63;32.19;2575.26;2161.13;-414.12;0.00
0.29;9.90;27.64;2211.26;2200.37;-10.89;0.00
0.27;9.86;37.21;2977.04;2097.58;-879.46;0.00
0.25;9.81;49.60;3968.04;1968.37;-1999.67;0.00
0.26;8.74;38.81;3105.07;1966.95;-1138.12;0.00
0.23;9.85;40.10;3207.76;1878.20;-1329.56;0.00
0.23;9.25;44.26;3541.10;1843.94;-1697.17;0.00
0.24;8.97;41.54;3323.11;1876.25;-1446.87;0.00
0.23;8.94;42.78;3422.18;1817.64;-1604.54;0.00
0.25;8.39;42.73;3418.06;1919.07;-1498.99;0.00
0.27;10.74;37.10;2968.33;2150.66;-817.68;0.00
0.24;10.68;44.99;3599.40;1995.53;-1603.86;0.00
0.24;9.99;31.73;2538.24;1919.86;-618.38;0.00
0.26;10.27;34.57;2765.73;2072.65;-693.09;0.00
0.22;10.32;35.98;2878.03;1841.57;-1036.46;0.00
0.27;12.70;44.34;3547.34;2250.13;-1297.21;0.00
0.25;9.04;35.26;2820.99;1948.90;-872.08;0.00
0.29;11.12;44.06;3525.01;2305.46;-1219.55;0.00
0.22;10.83;38.99;3119.41;1882.24;-1237.17;0.00
0.32;10.77;35.44;2834.98;2426.80;-408.18;0.00
0.28;10.05;37.85;3028.24;2159.87;-868.36;0.00
0.26;8.34;35.29;2822.86;1969.10;-853.76;0.00
0.26;9.87;36.29;2903.22;2036.68;-866.54;0.00
0.20;11.34;37.67;3013.49;1788.63;-1224.86;0.00
0.21;8.07;37.37;2989.65;1654.31;-1335.34;0.00
0.23;10.49;50.14;4011.33;1923.38;-2087.95;0.00
0.26;11.53;40.91;3272.62;2160.99;-1111.62;0.00
0.23;11.29;35.23;2818.07;1940.84;-877.24;0.00
0.21;10.13;42.53;3402.22;1788.17;-1614.05;0.00
0.26;9.76;36.18;2894.53;2055.62;-838.91;0.00
0.27;12.41;32.52;2601.29;2226.04;-375.25;0.00
0.26;10.09;40.87;3269.67;2078.60;-1191.07;0.00
0.24;10.40;45.65;3651.85;1981.27;-1670.58;0.00
0.23;10.12;50.40;4031.91;1901.98;-2129.93;0.00
0.29;10.17;39.22;3137.98;2248.73;-889.24;0.00
0.27;9.19;38.01;3040.76;2095.40;-945.36;0.00
0.21;10.73;47.60;3807.74;1831.50;-1976.23;0.00
0.26;11.06;40.57;3245.22;2096.71;-1148.51;0.00
0.27;10.88;40.56;3244.42;2158.63;-1085.79;0.00
0.28;10.48;47.04;3763.25;2186.30;-1576.95;0.00
0.19;11.89;40.67;3253.70;1744.70;-1509.00;0.00
0.26;7.84;40.74;3259.54;1949.78;-1309.76;0.00
0.24;9.95;42.24;3379.20;1920.53;-1458.67;0.00
0.23;8.43;39.78;3182.32;1775.67;-1406.65;0.00
0.28;8.71;38.71;3096.42;2117.86;-978.56;0.00
0.22;9.43;44.22;3537.36;1794.43;-1742.93;0.00
0.21;10.59;36.71;2936.80;1818.45;-1118.36;0.00
0.25;10.68;43.10;3448.37;2046.33;-1402.04;0.00
0.26;8.98;36.08;2886.03;1997.11;-888.92;0.00
0.27;11.08;46.86;3748.96;2195.01;-1553.95;0.00
0.26;11.39;39.23;3138.76;2144.96;-993.80;0.00
0.19;9.65;50.77;4061.64;1655.82;-2405.81;0.00
0.25;11.58;37.12;2969.30;2068.49;-900.81;0.00
0.22;8.25;45.46;3636.43;1708.05;-1928.38;0.00
0.26;9.04;42.61;3408.69;2014.06;-1394.63;0.00
0.24;9.42;41.07;3285.73;1921.11;-1364.61;0.00
0.25;12.14;42.28;3382.31;2114.11;-1268.20;0.00
0.27;11.03;41.96;3356.84;2141.16;-1215.68;0.00
0.25;9.95;42.63;3410.80;2007.82;-1402.98;0.00
0.30;10.97;40.46;3236.94;2313.36;-923.58;0.00
0.27;11.50;37.51;3001.11;2185.59;-815.52;0.00
0.28;11.83;43.12;3449.71;2278.92;-1170.79;0.00
0.19;10.40;45.34;3627.04;1689.50;-1937.53;0.00
0.24;8.80;45.23;3618.47;1891.93;-1726.54;0.00
0.27;9.63;30.19;2415.57;2122.29;-293.28;0.00
0.29;9.35;39.15;3131.94;2192.27;-939.67;0.00
0.21;9.49;34.82;2785.56;1742.22;-1043.35;0.00
0.26;8.85;47.05;3764.36;1983.18;-1781.18;0.00
0.25;9.27;37.45;2996.37;1974.77;-1021.60;0.00
0.27;10.90;34.31;2745.12;2144.40;-600.72;0.00
0.23;8.98;41.23;3298.08;1846.48;-1451.61;0.00
0.27;10.48;35.80;2864.23;2122.36;-741.87;0.00
0.27;9.76;37.22;2977.74;2074.99;-902.75;0.00
0.25;13.27;33.74;2699.12;2181.87;-517.25;0.00
0.25;10.48;39.60;3168.37;2046.31;-1122.06;0.00
0.26;9.74;46.96;3757.11;2017.28;-1739.83;0.00
0.26;8.20;46.03;3682.44;1954.01;-1728.42;0.00
0.24;8.97;40.61;3249.02;1897.45;-1351.58;0.00
0.26;10.66;43.15;3452.14;2107.83;-1344.31;0.00
0.30;9.39;35.25;2819.82;2259.12;-560.71;0.00
0.22;10.82;40.07;3205.52;1888.21;-1317.31;0.00
0.25;9.92;45.25;3619.69;1985.20;-1634.49;0.00
0.26;11.11;38.39;3071.30;2125.93;-945.38;0.00
0.24;10.76;49.94;3994.85;2005.39;-1989.46;0.00
0.23;10.53;33.36;2668.71;1926.19;-742.51;0.00
0.27;9.59;34.23;2738.44;2085.90;-652.54;0.00
0.21;13.67;32.93;2634.45;1989.14;-645.31;0.00
0.24;9.50;35.71;2857.03;1935.75;-921.27;0.00
0.19;12.26;36.75;2939.71;1795.93;-1143.78;0.00
0.24;8.30;44.40;3552.27;1834.59;-1717.68;0.00
0.24;9.43;43.68;3494.09;1920.21;-1573.88;0.00
0.26;9.61;35.88;2870.14;2030.75;-839.39;0.00
0.25;8.17;48.11;3848.72;1873.66;-1975.07;0.00
0.25;10.65;38.92;3113.57;2020.87;-1092.70;0.00
0.29;10.57;37.86;3029.13;2235.42;-793.71;0.00
0.23;10.42;42.73;3418.57;1929.20;-1489.37;0.00
0.26;10.19;41.07;3285.41;2060.42;-1224.99;0.00
0.28;8.83;41.07;3285.51;2110.58;-1174.93;0.00
0.22;10.38;37.31;2985.19;1831.95;-1153.24;0.00
0.25;11.48;44.62;3569.57;2083.62;-1485.95;0.00
0.24;9.18;47.63;3810.14;1877.79;-1932.35;0.00
0.23;9.19;40.06;3204.74;1817.24;-1387.49;0.00
0.25;9.56;31.02;2481.56;1962.78;-518.78;0.00
0.24;11.86;41.39;3311.42;2031.60;-1279.82;0.00
0.27;11.57;43.20;3455.72;2182.60;-1273.12;0.00
0.26;8.75;32.88;2630.33;1991.01;-639.33;0.00
0.22;10.17;40.91;3272.94;1838.10;-1434.83;0.00
0.25;8.68;42.38;3390.03;1948.42;-1441.61;0.00
0.26;9.67;42.23;3378.73;2015.20;-1363.53;0.00
0.27;10.88;44.32;3545.44;2157.01;-1388.43;0.00
0.24;10.66;36.97;2957.45;1961.63;-995.83;0.00
0.19;10.16;42.45;3395.64;1671.03;-1724.61;0.00
0.26;11.18;43.34;3466.85;2139.90;-1326.94;0.00
0.26;9.29;42.22;3377.58;2032.81;-1344.77;0.00
0.26;10.03;34.02;2721.65;2070.94;-650.71;0.00
0.22;10.13;40.73;3258.21;1848.73;-1409.49;0.00
0.26;10.81;47.78;3822.57;2078.72;-1743.85;0.00
0.27;11.14;31.11;2488.62;2186.84;-301.78;0.00
0.28;9.79;32.48;2598.30;2178.80;-419.50;0.00
0.24;9.77;39.24;3139.00;1948.30;-1190.70;0.00
0.28;11.92;37.41;2992.92;2285.01;-707.90;0.00
0.28;11.85;42.19;3375.56;2248.17;-1127.40;0.00
0.25;9.48;45.15;3611.68;1955.31;-1656.37;0.00
0.22;10.92;41.15;3292.34;1901.41;-1390.93;0.00
0.27;9.49;30.14;2411.08;2101.00;-310.09;0.00
0.22;11.81;42.66;3412.93;1941.20;-1471.74;0.00
0.28;11.44;40.04;3202.85;2229.40;-973.45;0.00
0.27;9.42;40.77;3261.24;2108.41;-1152.83;0.00
0.25;10.11;34.80;2784.34;2001.22;-783.12;0.00
0.27;10.82;41.03;3282.60;2150.43;-1132.17;0.00
0.23;9.21;35.43;2834.11;1818.68;-1015.43;0.00
0.27;11.00;40.19;3215.30;2160.74;-1054.56;0.00
0.26;9.59;38.32;3065.60;2048.93;-1016.67;0.00
0.25;10.39;40.20;3216.12;2008.75;-1207.37;0.00
0.26;11.23;46.89;3750.90;2139.21;-1611.69;0.00
0.29;9.66;45.67;3653.91;2201.03;-1452.88;0.00
0.27;9.84;47.00;3760.08;2091.80;-1668.27;0.00
0.24;8.46;31.95;2556.17;1856.17;-700.00;0.00
0.27;9.66;33.86;2709.00;2104.57;-604.43;0.00
0.28;9.31;38.79;3103.25;2138.09;-965.16;0.00
0.24;11.08;40.56;3244.79;1979.72;-1265.08;0.00
0.27;9.30;40.16;3212.86;2079.09;-1133.78;0.00
0.22;12.18;41.62;3329.36;1954.99;-1374.37;0.00
0.20;8.76;41.96;3356.44;1631.08;-1725.36;0.00
0.25;10.47;41.31;3304.87;2023.38;-1281.49;0.00
0.28;11.83;38.12;3049.96;2294.03;-755.93;0.00
0.22;11.26;43.34;3467.16;1897.50;-1569.66;0.00
0.24;8.58;40.34;3227.55;1861.00;-1366.56;0.00
0.22;11.85;37.49;2999.60;1939.44;-1060.16;0.00
0.26;9.71;38.62;3089.84;2023.99;-1065.85;0.00
0.28;9.44;33.71;2696.79;2167.96;-528.82;0.00
0.31;9.42;42.71;3416.76;2325.32;-1091.44;0.00
0.29;10.45;52.02;4161.98;2252.12;-1909.86;0.00
0.23;9.30;44.84;3587.17;1824.19;-1762.99;0.00
0.21;10.08;42.99;3439.40;1756.77;-1682.64;0.00
0.25;9.97;47.84;3826.92;2006.76;-1820.16;0.00
0.22;10.43;34.81;2784.92;1855.55;-929.37;0.00
0.25;8.78;39.22;3137.97;1938.06;-1199.90;0.00
0.25;9.74;39.98;3198.11;2010.26;-1187.85;0.00
0.29;9.21;42.52;3401.70;2191.09;-1210.61;0.00
0.25;10.27;40.56;3244.84;1987.50;-1257.34;0.00
0.27;9.22;31.91;2552.84;2080.94;-471.90;0.00
0.24;9.99;40.94;3275.03;1926.96;-1348.08;0.00
0.25;8.62;42.06;3365.13;1922.19;-1442.94;0.00
0.30;9.98;34.92;2793.93;2263.60;-530.33;0.00
0.27;9.81;38.49;3079.47;2132.67;-946.80;0.00
0.25;9.48;53.05;4244.18;1950.92;-2293.26;0.00
0.23;8.07;32.90;2631.95;1781.90;-850.06;0.00
0.30;10.40;49.91;3992.69;2299.87;-1692.83;0.00
0.25;8.57;35.82;2865.84;1935.64;-930.19;0.00
0.28;10.20;39.69;3175.43;2207.34;-968.09;0.00
0.25;9.03;46.48;3718.47;1940.04;-1778.43;0.00
0.27;9.86;41.91;3352.74;2078.98;-1273.76;0.00
0.23;11.84;45.02;3601.30;1993.15;-1608.15;0.00
0.23;9.12;38.85;3107.97;1816.09;-1291.88;0.00
0.27;9.59;39.96;3196.55;2116.89;-1079.66;0.00
0.27;10.77;40.06;3204.85;2132.54;-1072.31;0.00
0.28;12.04;41.98;3358.06;2260.94;-1097.12;0.00
0.23;10.17;39.49;3158.82;1891.99;-1266.83;0.00
0.27;8.91;34.32;2745.51;2060.72;-684.80;0.00
0.31;9.30;44.85;3588.15;2316.53;-1271.62;0.00
0.30;8.61;43.08;3446.15;2208.03;-1238.12;0.00
0.28;7.17;49.71;3976.47;1995.66;-1980.81;0.00
0.26;9.14;38.59;3087.29;1991.50;-1095.79;0.00
0.26;9.50;39.18;3134.66;2008.35;-1126.31;0.00
0.28;8.92;38.99;3118.88;2085.99;-1032.89;0.00
0.24;9.70;42.76;3420.58;1924.54;-1496.04;0.00
0.27;8.41;35.72;2857.57;2047.36;-810.20;0.00
0.24;11.13;45.78;3662.64;1997.72;-1664.91;0.00
0.25;8.31;32.61;2608.41;1892.61;-715.80;0.00
0.21;9.33;40.58;3246.74;1757.20;-1489.53;0.00
0.28;10.66;41.45;3316.06;2187.43;-1128.62;0.00
0.23;9.00;34.36;2748.45;1854.28;-894.17;0.00
0.23;8.64;40.63;3250.80;1786.03;-1464.77;0.00
0.25;11.27;37.85;3027.73;2090.32;-937.41;0.00
0.26;9.43;44.97;3597.52;2036.75;-1560.77;0.00
0.21;10.74;43.59;3487.25;1777.89;-1709.36;0.00
0.23;8.94;40.66;3253.04;1828.75;-1424.29;0.00
0.20;10.33;44.00;3520.11;1735.37;-1784.74;0.00
0.23;10.02;36.47;2917.52;1899.55;-1017.97;0.00
0.26;9.09;45.37;3629.44;2011.34;-1618.10;0.00
0.24;9.84;40.62;3249.45;1904.11;-1345.34;0.00
0.23;10.74;38.87;3109.63;1918.22;-1191.40;0.00
0.24;9.65;41.40;3311.71;1928.91;-1382.80;0.00
0.25;10.97;35.78;2862.07;2049.77;-812.30;0.00
0.25;10.61;45.72;3657.55;2037.71;-1619.84;0.00
0.25;10.57;44.71;3577.10;2020.16;-1556.94;0.00
0.25;10.30;29.60;2368.18;1998.66;-369.52;0.00
0.27;10.67;42.10;3368.10;2160.92;-1207.18;0.00
0.23;8.99;44.44;3555.45;1829.18;-1726.27;0.00
0.25;9.50;35.97;2877.83;1959.10;-918.73;0.00
0.29;10.51;34.10;2727.94;2239.65;-488.29;0.00
0.30;9.66;45.06;3604.88;2285.26;-1319.62;0.00
0.24;12.04;41.35;3307.75;2074.75;-1233.00;0.00
0.24;9.06;43.15;3452.00;1892.81;-1559.19;0.00
0.27;11.40;43.25;3460.05;2213.66;-1246.39;0.00
0.24;11.66;45.69;3655.30;2002.89;-1652.41;0.00
0.26;10.80;32.35;2587.80;2071.38;-516.42;0.00
0.30;10.43;41.80;3344.22;2307.39;-1036.84;0.00
0.23;10.05;38.10;3048.25;1889.56;-1158.69;0.00
0.29;12.45;38.87;3109.86;2389.32;-720.54;0.00
0.25;10.68;37.97;3037.35;2059.24;-978.10;0.00
0.27;10.67;44.94;3594.91;2134.76;-1460.16;0.00
0.27;11.37;38.12;3049.28;2159.72;-889.56;0.00
0.29;9.70;49.58;3966.62;2225.88;-1740.74;0.00
0.28;9.51;40.64;3251.18;2142.61;-1108.57;0.00
0.27;9.93;42.56;3404.94;2101.19;-1303.75;0.00
0.26;9.46;33.11;2649.15;2019.36;-629.79;0.00
0.23;10.01;43.45;3476.15;1888.14;-1588.01;0.00
0.23;11.18;38.72;3097.49;1932.42;-1165.06;0.00
0.22;7.64;43.59;3487.52;1671.80;-1815.72;0.00
0.28;9.45;37.15;2971.95;2116.00;-855.95;0.00
0.22;10.25;33.75;2699.65;1863.55;-836.10;0.00
0.26;10.52;44.48;3558.23;2065.30;-1492.93;0.00
0.23;10.08;50.60;4047.79;1857.11;-2190.69;0.00
0.29;11.53;36.08;2886.15;2334.91;-551.24;0.00
0.27;10.03;43.31;3464.43;2110.13;-1354.31;0.00
0.23;8.03;35.21;2816.58;1794.53;-1022.05;0.00
0.24;10.27;48.24;3859.24;1982.33;-1876.91;0.00
0.30;9.79;42.89;3431.45;2278.87;-1152.58;0.00
0.26;10.42;46.17;3693.72;2087.69;-1606.03;0.00
0.23;8.18;41.03;3282.38;1800.01;-1482.37;0.00
0.28;9.63;41.23;3298.04;2149.33;-1148.70;0.00
0.27;11.38;40.20;3216.36;2192.19;-1024.17;0.00
0.27;9.16;36.15;2891.61;2076.54;-815.08;0.00
0.31;10.47;44.33;3546.27;2368.63;-1177.64;0.00
0.27;7.01;38.27;3061.23;1929.76;-1131.47;0.00
0.25;10.86;38.75;3100.04;2028.52;-1071.52;0.00
0.25;10.58;39.31;3144.94;2051.20;-1093.74;0.00
0.24;10.85;47.24;3779.07;2009.88;-1769.19;0.00
0.23;12.69;34.77;2781.52;2051.84;-729.68;0.00
0.26;10.70;41.52;3321.59;2084.40;-1237.19;0.00
0.26;10.10;49.68;3974.65;2089.29;-1885.36;0.00
0.24;10.49;34.27;2741.28;1966.36;-774.91;0.00
0.26;11.30;42.96;3436.78;2142.06;-1294.72;0.00
0.24;9.89;44.46;3556.55;1916.82;-1639.73;0.00
0.25;9.65;44.12;3529.45;1969.81;-1559.64;0.00
0.21;8.95;44.22;3537.78;1725.47;-1812.31;0.00
0.22;10.73;34.13;2730.63;1890.50;-840.14;0.00
0.28;11.32;43.59;3487.29;2218.13;-1269.16;0.00
0.21;7.92;45.37;3629.78;1677.29;-1952.49;0.00
0.23;8.52;46.49;3719.10;1782.81;-1936.29;0.00
0.27;9.56;39.12;3129.93;2117.82;-1012.10;0.00
0.22;10.22;38.28;3062.13;1841.55;-1220.58;0.00
0.26;11.16;41.65;3331.82;2090.77;-1241.05;0.00
0.27;11.26;47.00;3759.70;2193.62;-1566.08;0.00
0.29;9.89;35.43;2834.61;2234.35;-600.26;0.00
0.28;10.45;37.84;3027.52;2181.80;-845.72;0.00
0.27;10.35;39.46;3157.15;2113.27;-1043.88;0.00
0.28;9.27;41.07;3285.92;2156.61;-1129.31;0.00
0.28;9.43;45.05;3604.15;2135.79;-1468.36;0.00
0.27;9.23;41.97;3357.69;2099.54;-1258.15;0.00
0.27;7.76;36.04;2883.15;1964.78;-918.37;0.00
0.22;10.61;38.66;3093.16;1867.31;-1225.84;0.00
0.22;8.23;47.48;3798.16;1726.64;-2071.52;0.00
0.28;9.63;42.26;3380.74;2133.80;-1246.94;0.00
0.21;10.01;34.64;2770.85;1736.76;-1034.09;0.00
0.27;9.23;35.06;2805.11;2048.44;-756.68;0.00
0.26;13.53;36.22;2897.96;2246.92;-651.03;0.00
0.22;8.87;37.26;2981.00;1779.23;-1201.77;0.00
0.29;10.25;40.80;3263.98;2222.77;-1041.22;0.00
0.19;10.79;41.43;3314.22;1697.53;-1616.69;0.00
0.26;8.52;42.42;3393.71;1998.13;-1395.58;0.00
0.22;10.24;42.69;3415.13;1811.70;-1603.43;0.00
0.23;9.65;37.62;3009.32;1840.06;-1169.26;0.00
0.26;11.06;37.41;2992.63;2130.99;-861.64;0.00
0.26;11.90;42.16;3372.60;2155.43;-1217.18;0.00
0.22;9.46;36.21;2896.54;1816.39;-1080.16;0.00
0.25;13.97;36.72;2937.95;2210.25;-727.70;0.00
0.22;10.92;42.51;3400.63;1866.54;-1534.09;0.00
0.23;9.68;34.13;2730.09;1877.18;-852.92;0.00
0.29;11.43;36.74;2939.18;2325.27;-613.91;0.00
0.26;9.53;36.20;2896.20;2050.17;-846.03;0.00
0.28;8.87;45.93;3674.54;2086.02;-1588.52;0.00
0.23;10.83;52.80;4224.33;1933.79;-2290.54;0.00
0.24;9.63;47.09;3767.47;1924.17;-1843.30;0.00
0.26;8.02;47.25;3779.99;1963.89;-1816.10;0.00
0.28;10.88;35.20;2816.34;2245.60;-570.74;0.00
0.24;11.58;46.97;3757.91;2008.49;-1749.42;0.00
0.22;9.79;34.34;2747.18;1828.10;-919.08;0.00
0.26;8.62;32.25;2580.37;2000.57;-579.81;0.00
0.27;10.23;37.97;3037.24;2116.34;-920.90;0.00
0.23;9.06;47.33;3786.48;1825.79;-1960.69;0.00
0.27;10.40;46.68;3734.11;2116.16;-1617.94;0.00
0.21;9.62;36.59;2927.23;1761.94;-1165.29;0.00
0.24;9.88;35.68;2854.34;1931.80;-922.54;0.00
0.25;10.08;35.64;2850.95;1981.20;-869.75;0.00
0.22;9.93;38.08;3046.45;1843.79;-1202.67;0.00
0.25;10.90;34.27;2741.47;2049.71;-691.75;0.00
0.27;8.12;39.79;3183.56;2022.15;-1161.41;0.00
0.20;9.31;41.02;3281.47;1678.45;-1603.03;0.00
0.27;7.88;40.88;3270.50;2002.57;-1267.93;0.00
0.32;8.73;32.75;2620.00;2334.71;-285.29;0.00
0.27;9.85;40.12;3209.82;2092.44;-1117.37;0.00
0.21;10.58;42.37;3389.58;1802.58;-1587.00;0.00
0.30;10.65;37.68;3014.79;2303.35;-711.43;0.00
0.28;9.18;42.98;3438.29;2099.68;-1338.60;0.00
0.20;10.68;50.36;4028.48;1734.35;-2294.13;0.00
0.20;10.82;31.99;2558.81;1742.04;-816.77;0.00
0.25;11.14;39.99;3198.94;2073.21;-1125.73;0.00
0.26;9.97;41.79;3343.27;2028.68;-1314.59;0.00
0.28;9.70;39.74;3178.88;2134.26;-1044.62;0.00
0.26;8.49;47.68;3814.56;1963.63;-1850.93;0.00
0.27;11.22;38.52;3081.98;2185.92;-896.06;0.00
0.26;11.44;37.73;3018.53;2129.35;-889.18;0.00
0.22;8.23;41.30;3304.40;1755.12;-1549.28;0.00
0.23;10.60;37.35;2987.99;1942.76;-1045.23;0.00
0.23;9.59;42.56;3404.76;1884.04;-1520.71;0.00
0.27;11.02;54.72;4377.93;2147.86;-2230.07;0.00
0.27;10.24;39.34;3146.82;2135.23;-1011.59;0.00
0.25;10.15;39.33;3146.48;2012.67;-1133.81;0.00
0.25;10.24;42.62;3409.40;2024.20;-1385.19;0.00
0.24;10.78;36.91;2952.66;1979.92;-972.74;0.00
0.25;9.79;34.85;2787.71;1985.70;-802.01;0.00
0.22;10.39;42.16;3372.46;1841.56;-1530.90;0.00
0.26;11.54;37.60;3008.04;2136.34;-871.70;0.00
0.23;11.49;43.88;3510.11;1967.47;-1542.64;0.00
0.27;8.11;46.45;3715.74;2007.81;-1707.92;0.00
0.25;10.87;40.04;3203.54;2059.48;-1144.06;0.00
0.26;10.65;40.71;3256.64;2070.31;-1186.33;0.00
0.25;10.83;36.86;2948.44;2066.63;-881.81;0.00
0.26;9.98;33.82;2705.98;2042.49;-663.49;0.00
0.26;9.14;38.23;3058.60;2024.62;-1033.99;0.00
0.25;9.66;43.37;3469.59;1957.68;-1511.91;0.00
0.26;9.95;40.52;3241.48;2067.06;-1174.42;0.00
0.26;9.43;43.87;3509.27;2016.65;-1492.63;0.00
0.23;8.84;33.74;2699.19;1802.83;-896.36;0.00
0.26;10.19;47.24;3779.37;2086.04;-1693.33;0.00
0.25;9.53;35.27;2821.60;1997.00;-824.60;0.00
0.21;9.15;38.46;3077.09;1741.33;-1335.76;0.00
0.27;12.05;38.69;3095.09;2232.03;-863.06;0.00
0.23;9.84;46.12;3689.91;1898.07;-1791.84;0.00
0.21;10.09;37.33;2986.63;1789.82;-1196.80;0.00
0.24;10.21;38.94;3115.46;1923.56;-1191.90;0.00
0.23;9.41;47.56;3804.62;1843.71;-1960.91;0.00
0.23;10.50;41.18;3294.52;1924.88;-1369.64;0.00
0.27;10.77;38.05;3044.09;2148.99;-895.10;0.00
0.27;8.50;40.90;3272.25;2017.09;-1255.15;0.00
0.30;9.70;31.02;2481.66;2263.57;-218.09;0.00
0.25;10.00;43.11;3448.97;1999.69;-1449.28;0.00
0.22;10.53;42.16;3372.68;1843.43;-1529.25;0.00
0.24;8.23;46.54;3722.89;1816.48;-1906.41;0.00
0.23;11.20;49.65;3972.34;1955.79;-2016.55;0.00
0.22;10.13;40.53;3242.72;1850.70;-1392.02;0.00
0.24;7.64;44.22;3537.23;1807.67;-1729.55;0.00
0.25;10.38;42.04;3363.41;2009.41;-1354.00;0.00
0.30;10.78;39.58;3166.29;2333.47;-832.81;0.00
0.29;9.81;39.83;3186.18;2199.70;-986.48;0.00
0.23;8.88;43.61;3489.01;1809.09;-1679.93;0.00
0.23;10.88;40.85;3268.22;1925.80;-1342.41;0.00
0.26;10.26;43.29;3462.81;2066.21;-1396.59;0.00
0.24;8.71;32.07;2565.90;1868.11;-697.79;0.00
0.23;9.98;41.90;3352.34;1851.55;-1500.79;0.00
0.25;11.35;39.12;3129.25;2083.49;-1045.76;0.00
0.25;9.59;47.37;3789.22;1973.44;-1815.78;0.00
0.23;10.89;39.89;3191.29;1955.09;-1236.21;0.00
0.21;9.81;41.75;3340.29;1768.82;-1571.47;0.00
0.26;8.98;40.78;3262.24;1998.72;-1263.52;0.00
0.28;9.53;38.97;3117.83;2118.32;-999.51;0.00
0.28;9.26;36.34;2907.42;2150.53;-756.89;0.00
0.26;12.49;42.65;3411.93;2204.72;-1207.20;0.00
0.21;10.95;45.05;3604.07;1805.61;-1798.46;0.00
0.20;12.94;36.99;2959.21;1861.58;-1097.63;0.00
0.26;9.24;30.46;2437.04;2021.01;-416.03;0.00
0.23;12.57;40.82;3265.35;2023.88;-1241.46;0.00
0.25;10.09;41.40;3311.98;1986.10;-1325.88;0.00
0.22;9.76;43.48;3478.71;1838.85;-1639.86;0.00
0.23;9.21;37.47;2997.76;1857.05;-1140.71;0.00
0.24;8.61;43.51;3480.80;1870.70;-1610.10;0.00
0.24;10.55;41.42;3313.77;1976.43;-1337.34;0.00
0.20;9.17;48.62;3889.85;1687.24;-2202.61;0.00
0.23;11.27;43.03;3442.08;1948.07;-1494.01;0.00
0.30;10.13;45.96;3677.14;2268.06;-1409.08;0.00
0.25;10.28;39.57;3165.94;1992.48;-1173.46;0.00
0.21;9.95;42.59;3407.36;1780.37;-1626.99;0.00
0.22;11.41;41.72;3337.69;1925.80;-1411.89;0.00
0.25;10.51;40.53;3242.33;2049.47;-1192.86;0.00
0.26;11.02;36.26;2900.50;2138.64;-761.86;0.00
0.26;9.26;33.26;2660.92;2034.04;-626.89;0.00
0.27;10.61;38.68;3094.49;2128.95;-965.53;0.00
0.25;8.70;39.79;3183.15;1941.97;-1241.18;0.00
0.23;9.03;41.35;3307.97;1804.57;-1503.40;0.00
0.24;11.14;41.50;3320.34;2022.79;-1297.56;0.00
0.24;10.93;42.29;3383.22;2007.89;-1375.33;0.00
0.29;9.74;46.61;3728.85;2220.42;-1508.44;0.00
0.17;9.32;46.26;3700.89;1518.43;-2182.47;0.00
0.24;8.60;38.87;3109.51;1871.29;-1238.21;0.00
0.26;10.58;39.93;3194.16;2079.50;-1114.66;0.00
0.29;12.04;40.03;3202.11;2313.55;-888.55;0.00
0.28;11.12;44.24;3539.43;2212.87;-1326.56;0.00
0.26;10.04;39.33;3146.55;2046.08;-1100.47;0.00
0.24;9.35;43.78;3502.33;1909.25;-1593.08;0.00
0.22;8.87;42.36;3388.42;1740.99;-1647.43;0.00
0.27;10.99;33.86;2708.81;2159.65;-549.16;0.00
0.27;10.98;37.73;3018.29;2189.49;-828.81;0.00
0.24;9.51;44.61;3569.09;1924.62;-1644.47;0.00
0.26;9.43;35.17;2813.86;2010.84;-803.03;0.00
0.28;9.87;43.18;3454.72;2168.02;-1286.70;0.00
0.28;10.24;44.55;3564.18;2175.48;-1388.70;0.00
0.32;9.79;37.81;3024.70;2389.53;-635.17;0.00
0.28;10.84;43.79;3502.84;2196.37;-1306.47;0.00
0.21;10.42;39.51;3160.67;1794.34;-1366.33;0.00
0.24;9.80;33.84;2707.19;1919.60;-787.59;0.00
0.24;9.33;43.38;3470.60;1877.95;-1592.66;0.00
0.24;8.03;47.53;3802.74;1822.30;-1980.44;0.00
0.28;11.41;39.23;3138.62;2231.94;-906.69;0.00
0.23;12.23;40.42;3233.67;2007.86;-1225.81;0.00
0.27;8.77;42.13;3370.17;2040.94;-1329.23;0.00
0.25;9.02;37.02;2961.48;1959.78;-1001.70;0.00
0.28;10.41;39.83;3186.17;2221.65;-964.52;0.00
0.25;10.84;43.45;3475.93;2067.38;-1408.56;0.00
0.29;11.78;37.47;2997.78;2336.67;-661.11;0.00
0.24;10.18;44.22;3537.30;1938.47;-1598.83;0.00
0.24;12.61;33.85;2708.09;2106.97;-601.12;0.00
0.28;11.42;36.76;2940.63;2266.80;-673.83;0.00
0.25;7.12;51.47;4117.28;1838.63;-2278.65;0.00
0.22;11.18;36.72;2937.48;1906.08;-1031.40;0.00
0.25;11.70;40.28;3222.79;2095.27;-1127.52;0.00
0.27;10.62;43.85;3508.15;2144.08;-1364.07;0.00
0.23;10.39;45.95;3675.79;1925.49;-1750.30;0.00
0.27;9.37;29.17;2333.93;2055.94;-277.98;0.00
0.26;10.40;35.53;2842.65;2071.71;-770.94;0.00
0.23;10.98;40.73;3258.69;1927.31;-1331.38;0.00
0.26;8.98;36.29;2903.08;1992.33;-910.76;0.00
0.29;8.14;40.30;3224.05;2127.49;-1096.57;0.00
0.29;10.51;45.27;3621.79;2287.65;-1334.14;0.00
0.24;10.99;42.30;3383.99;2004.23;-1379.76;0.00
0.25;9.44;35.70;2856.16;1988.44;-867.71;0.00
0.25;11.11;46.38;3710.71;2031.79;-1678.92;0.00
