# X_0;X_1;X_2;R_0;S_0;G_0;I_0
0.21;8.92;38.46;3076.85;1682.24;-1394.61;0.00
0.25;9.00;42.76;3420.46;1956.14;-1464.32;0.00
0.30;10.03;36.13;2890.52;2272.44;-618.08;0.00
0.21;8.97;34.93;2794.67;1717.66;-1077.01;0.00
0.31;10.05;48.77;3901.83;2359.96;-1541.87;0.00
0.29;9.05;41.30;3303.78;2178.78;-1125.00;0.00
0.22;9.30;33.12;2649.54;1772.73;-876.81;0.00
0.25;10.94;47.95;3836.08;2024.56;-1811.52;0.00
0.21;8.86;41.43;3314.18;1731.95;-1582.22;0.00
0.27;9.70;40.97;3277.60;2104.58;-1173.02;0.00
0.26;9.82;33.91;2712.73;2018.57;-694.16;0.00
0.24;10.59;45.85;3667.78;1958.94;-1708.84;0.00
0.26;10.20;43.39;3471.57;2077.75;-1393.83;0.00
0.28;10.60;39.05;3124.20;2216.86;-907.34;0.00
0.29;10.72;43.34;3466.85;2284.91;-1181.94;0.00
0.25;10.84;46.88;3750.26;2027.48;-1722.79;0.00
0.23;10.09;38.91;3112.93;1858.28;-1254.65;0.00
0.27;7.86;44.44;3554.82;1992.05;-1562.77;0.00
0.26;10.36;43.32;3465.29;2048.77;-1416.52;0.00
0.26;9.82;37.95;3036.14;2042.00;-994.14;0.00
0.23;12.30;42.58;3406.63;2010.51;-1396.12;0.00
0.26;8.70;38.33;3066.22;1963.66;-1102.56;0.00
0.23;9.10;39.19;3135.07;1838.35;-1296.72;0.00
0.24;8.09;45.93;3674.64;1810.85;-1863.80;0.00
0.23;10.37;44.59;3567.03;1919.41;-1647.63;0.00
0.21;11.43;38.09;3047.18;1837.80;-1209.38;0.00
0.26;11.71;40.38;3230.40;2140.24;-1090.16;0.00
0.26;10.30;44.00;3519.91;2067.92;-1451.99;0.00
0.29;11.21;42.25;3380.15;2317.79;-1062.36;0.00
0.26;11.05;40.64;3251.04;2117.57;-1133.47;0.00
0.26;10.71;39.46;3156.47;2106.74;-1049.73;0.00
0.25;10.53;30.23;2418.20;2018.82;-399.38;0.00
0.29;10.69;38.18;3054.65;2278.33;-776.31;0.00
0.26;9.85;36.84;2947.13;2033.50;-913.62;0.00
0.25;10.67;34.50;2760.10;2044.21;-715.89;0.00
0.25;9.83;35.97;2877.76;1968.18;-909.59;0.00
0.24;10.91;35.30;2824.25;2008.59;-815.66;0.00
0.22;11.20;42.25;3380.16;1859.58;-1520.58;0.00
0.20;9.75;38.38;3070.32;1700.69;-1369.63;0.00
0.19;11.33;41.23;3298.39;1720.98;-1577.41;0.00
0.23;10.59;39.50;3160.19;1933.87;-1226.32;0.00
0.27;9.73;36.50;2919.90;2077.62;-842.28;0.00
0.23;12.91;37.12;2969.55;2042.03;-927.52;0.00
0.27;10.16;41.81;3345.17;2098.50;-1246.67;0.00
0.26;9.94;38.35;3067.98;2068.52;-999.46;0.00
0.20;10.20;41.22;3297.44;1728.81;-1568.62;0.00
0.27;9.26;42.84;3427.59;2058.73;-1368.85;0.00
0.29;10.05;43.10;3447.73;2216.03;-1231.70;0.00
0.20;8.31;44.66;3572.99;1600.21;-1972.78;0.00
0.24;10.86;44.19;3534.93;1965.28;-1569.66;0.00
0.27;11.96;45.71;3656.78;2202.76;-1454.01;0.00
0.23;10.41;45.03;3602.65;1889.12;-1713.53;0.00
0.28;10.67;42.79;3423.52;2200.29;-1223.23;0.00
0.24;12.12;37.70;3015.95;2075.42;-940.53;0.00
0.26;10.98;45.03;3602.55;2086.87;-1515.68;0.00
0.27;9.55;39.80;3184.04;2068.80;-1115.25;0.00
0.24;10.01;39.99;3199.06;1923.08;-1275.99;0.00
0.27;9.73;43.48;3478.67;2099.99;-1378.69;0.00
0.24;7.92;44.37;3549.43;1817.77;-1731.66;0.00
0.28;9.97;36.87;2949.95;2182.35;-767.60;0.00
0.27;9.12;40.38;3230.74;2045.95;-1184.79;0.00
0.24;10.74;45.60;3648.22;1981.59;-1666.64;0.00
0.27;10.50;45.24;3619.17;2138.71;-1480.46;0.00
0.23;9.58;40.93;3274.27;1869.86;-1404.41;0.00
0.28;10.42;40.05;3203.79;2175.20;-1028.59;0.00
0.23;10.63;39.69;3175.07;1902.09;-1272.98;0.00
0.25;10.77;45.96;3676.72;2030.11;-1646.60;0.00
0.26;10.65;47.93;3834.03;2073.09;-1760.95;0.00
0.25;10.98;36.22;2897.81;2055.75;-842.06;0.00
0.30;11.13;43.27;3461.30;2370.97;-1090.33;0.00
0.24;9.21;42.27;3381.74;1893.77;-1487.96;0.00
0.29;10.90;44.15;3532.31;2252.61;-1279.69;0.00
0.23;9.23;41.42;3313.85;1867.13;-1446.72;0.00
0.27;10.61;37.89;3031.59;2126.43;-905.17;0.00
0.29;8.86;43.33;3466.15;2164.08;-1302.07;0.00
0.26;9.93;40.85;3267.86;2026.06;-1241.80;0.00
0.25;11.92;39.56;3164.44;2100.83;-1063.61;0.00
0.26;9.96;40.85;3267.84;2059.68;-1208.16;0.00
0.28;11.73;39.11;3128.41;2277.98;-850.43;0.00
0.23;11.53;37.70;3016.22;1956.60;-1059.62;0.00
0.29;10.17;39.11;3129.02;2252.58;-876.44;0.00
0.24;11.20;42.96;3436.51;1995.03;-1441.48;0.00
0.25;9.83;43.67;3493.29;1964.73;-1528.56;0.00
0.23;9.52;41.70;3335.69;1872.57;-1463.12;0.00
0.25;11.18;39.97;3197.92;2038.15;-1159.77;0.00
0.23;8.70;57.69;4615.59;1836.34;-2779.25;0.00
0.25;11.35;43.80;3504.36;2045.29;-1459.07;0.00
0.21;9.27;35.74;2859.15;1709.63;-1149.51;0.00
0.25;11.72;42.50;3400.04;2082.19;-1317.85;0.00
0.26;11.80;39.17;3133.67;2168.14;-965.53;0.00
0.25;8.55;33.95;2716.40;1935.73;-780.67;0.00
0.23;9.95;37.76;3020.83;1891.50;-1129.32;0.00
0.24;9.55;42.47;3397.68;1921.47;-1476.21;0.00
0.25;10.40;45.66;3652.99;2018.93;-1634.06;0.00
0.22;11.11;41.27;3301.84;1866.43;-1435.41;0.00
0.27;11.53;38.98;3118.50;2182.50;-936.00;0.00
0.24;9.22;35.91;2873.02;1869.89;-1003.13;0.00
0.23;10.93;46.98;3758.35;1923.34;-1835.01;0.00
0.25;9.22;35.54;2842.96;1984.09;-858.87;0.00
0.27;7.86;36.90;2952.39;2025.49;-926.90;0.00
0.24;10.56;40.24;3219.28;1955.15;-1264.13;0.00
0.23;10.37;34.20;2735.88;1890.26;-845.63;0.00
0.24;8.23;39.14;3130.85;1863.32;-1267.53;0.00
0.24;11.95;40.28;3222.08;2017.83;-1204.25;0.00
0.20;10.03;52.73;4218.09;1701.74;-2516.35;0.00
0.25;10.88;31.19;2495.23;2029.86;-465.37;0.00
0.24;9.38;33.82;2705.99;1934.48;-771.51;0.00
0.26;10.88;40.89;3271.58;2128.08;-1143.50;0.00
0.30;9.92;36.80;2943.79;2256.20;-687.60;0.00
0.24;11.76;39.83;3186.51;2063.35;-1123.16;0.00
0.23;11.65;44.05;3523.64;1992.94;-1530.70;0.00
0.25;11.06;37.93;3034.79;2048.33;-986.46;0.00
0.30;12.53;42.36;3389.15;2435.50;-953.65;0.00
0.29;9.49;41.68;3334.28;2175.37;-1158.91;0.00
0.29;10.90;40.95;3276.13;2305.98;-970.14;0.00
0.25;9.49;38.44;3075.20;1960.88;-1114.32;0.00
0.24;10.75;38.81;3104.61;1976.59;-1128.02;0.00
0.27;9.07;41.80;3343.82;2052.12;-1291.71;0.00
0.25;10.38;40.49;3239.54;2004.56;-1234.98;0.00
0.25;9.72;43.34;3467.02;1960.41;-1506.61;0.00
0.24;11.58;45.13;3610.63;2032.77;-1577.86;0.00
0.25;8.96;41.25;3300.38;1961.57;-1338.82;0.00
0.25;10.26;43.67;3493.55;2038.62;-1454.92;0.00
0.26;7.09;39.32;3145.27;1887.92;-1257.35;0.00
0.27;10.96;34.61;2768.82;2178.77;-590.05;0.00
0.22;9.95;40.30;3224.09;1797.95;-1426.14;0.00
0.31;8.41;36.31;2905.09;2279.55;-625.53;0.00
0.20;10.80;36.44;2914.96;1769.23;-1145.73;0.00
0.24;9.88;49.31;3944.72;1918.97;-2025.74;0.00
0.27;8.46;30.96;2476.92;2023.19;-453.72;0.00
0.27;10.64;42.55;3403.62;2134.35;-1269.26;0.00
0.25;10.12;39.14;3131.29;2031.13;-1100.16;0.00
0.27;10.48;43.68;3494.05;2115.52;-1378.54;0.00
0.25;9.88;39.38;3150.45;2003.50;-1146.95;0.00
0.24;10.22;38.91;3113.06;1927.47;-1185.59;0.00
0.27;10.86;45.19;3614.99;2141.80;-1473.18;0.00
0.27;9.02;37.21;2976.61;2064.04;-912.56;0.00
0.21;9.22;38.48;3078.08;1702.68;-1375.41;0.00
0.21;9.03;42.38;3390.70;1710.41;-1680.28;0.00
0.26;9.08;47.86;3828.93;1989.84;-1839.09;0.00
0.27;10.97;35.86;2868.62;2189.48;-679.15;0.00
0.25;10.33;39.43;3154.55;1994.41;-1160.14;0.00
0.23;10.76;40.97;3277.50;1920.25;-1357.25;0.00
0.25;9.44;33.27;2661.35;1944.02;-717.33;0.00
0.25;10.05;41.81;3344.65;1971.73;-1372.92;0.00
0.28;9.29;39.40;3152.40;2125.55;-1026.85;0.00
0.29;9.99;36.76;2941.09;2240.92;-700.17;0.00
0.24;8.58;38.50;3079.96;1853.14;-1226.82;0.00
0.24;9.22;42.22;3377.68;1920.33;-1457.35;0.00
0.22;9.82;30.48;2438.05;1812.86;-625.19;0.00
0.24;10.00;36.59;2926.98;1937.80;-989.19;0.00
0.25;9.75;40.51;3240.43;1963.94;-1276.49;0.00
0.25;10.75;40.85;3268.11;2024.09;-1244.02;0.00
0.27;9.31;41.22;3297.91;2099.29;-1198.62;0.00
0.24;9.78;35.43;2834.53;1905.93;-928.60;0.00
0.24;9.63;39.57;3165.89;1917.59;-1248.29;0.00
0.27;10.76;33.78;2702.16;2167.40;-534.76;0.00
0.24;11.21;48.46;3876.91;2006.67;-1870.25;0.00
0.21;12.11;40.48;3238.49;1874.21;-1364.28;0.00
0.21;12.47;40.41;3232.82;1913.49;-1319.33;0.00
0.29;11.45;38.97;3117.86;2301.79;-816.07;0.00
0.28;9.29;44.13;3530.46;2126.06;-1404.40;0.00
0.25;10.12;40.61;3248.66;2001.25;-1247.41;0.00
0.22;9.23;38.79;3103.03;1788.01;-1315.02;0.00
0.25;11.82;40.55;3243.76;2113.77;-1130.00;0.00
0.20;9.69;36.16;2892.62;1711.81;-1180.81;0.00
0.25;12.41;44.01;3520.44;2151.63;-1368.81;0.00
0.23;8.82;34.21;2736.50;1816.37;-920.13;0.00
0.22;10.99;37.47;2997.83;1876.94;-1120.90;0.00
0.24;10.21;37.72;3017.66;1960.32;-1057.33;0.00
0.25;12.50;34.79;2783.60;2111.99;-671.61;0.00
0.23;10.36;38.31;3064.87;1909.89;-1154.98;0.00
0.26;11.17;36.96;2956.60;2136.90;-819.70;0.00
0.24;8.91;35.85;2868.33;1885.29;-983.04;0.00
0.24;10.52;38.63;3090.08;1942.64;-1147.44;0.00
0.20;9.34;43.68;3494.37;1677.35;-1817.02;0.00
0.26;11.11;44.07;3525.39;2122.69;-1402.70;0.00
0.29;10.90;39.36;3148.89;2286.91;-861.98;0.00
0.21;10.76;41.21;3297.10;1830.22;-1466.89;0.00
0.26;11.35;37.93;3034.75;2124.03;-910.72;0.00
0.21;9.07;32.75;2620.35;1740.01;-880.33;0.00
0.21;9.23;47.92;3833.65;1747.55;-2086.10;0.00
0.24;9.72;36.26;2901.10;1926.97;-974.13;0.00
0.28;9.90;47.97;3837.24;2144.62;-1692.61;0.00
0.24;10.96;40.61;3249.16;1973.83;-1275.33;0.00
0.23;9.27;31.72;2537.90;1828.08;-709.82;0.00
0.23;8.56;40.51;3240.84;1787.48;-1453.37;0.00
0.24;9.42;42.66;3412.74;1899.97;-1512.77;0.00
0.22;7.93;40.68;3254.03;1733.52;-1520.51;0.00
0.22;10.30;37.50;2999.99;1854.66;-1145.33;0.00
0.22;10.55;37.22;2977.48;1832.37;-1145.11;0.00
0.27;11.56;40.23;3218.50;2175.87;-1042.64;0.00
0.23;8.91;29.61;2368.45;1814.72;-553.73;0.00
0.26;9.80;46.26;3700.91;2059.78;-1641.13;0.00
0.28;9.93;51.53;4122.39;2191.50;-1930.90;0.00
0.25;11.79;32.23;2578.25;2098.63;-479.61;0.00
0.27;10.53;32.11;2568.91;2117.41;-451.50;0.00
0.29;8.34;45.06;3604.74;2150.52;-1454.22;0.00
0.23;10.52;43.68;3494.06;1935.13;-1558.92;0.00
0.23;11.19;41.41;3312.54;1957.91;-1354.63;0.00
0.26;11.18;45.66;3652.64;2112.75;-1539.89;0.00
0.26;7.86;36.44;2915.59;1961.30;-954.28;0.00
0.20;9.23;44.13;3530.53;1680.62;-1849.91;0.00
0.25;8.56;43.01;3441.09;1914.53;-1526.56;0.00
0.21;11.63;36.85;2947.78;1873.41;-1074.37;0.00
0.24;8.93;47.85;3828.10;1855.24;-1972.86;0.00
0.26;10.71;44.93;3594.41;2067.19;-1527.23;0.00
0.23;11.11;37.95;3036.38;1918.59;-1117.79;0.00
0.28;9.93;35.61;2848.52;2164.79;-683.73;0.00
0.27;10.38;35.10;2807.97;2111.32;-696.65;0.00
0.26;9.05;32.28;2582.32;2015.76;-566.56;0.00
0.25;10.82;43.22;3457.27;2035.45;-1421.82;0.00
0.27;9.69;48.22;3857.68;2111.98;-1745.69;0.00
0.27;10.08;40.46;3236.64;2146.67;-1089.98;0.00
0.19;9.82;38.91;3112.55;1662.19;-1450.36;0.00
0.27;8.89;41.17;3293.83;2056.36;-1237.48;0.00
0.26;9.40;35.35;2827.61;2042.64;-784.96;0.00
0.27;10.65;36.06;2884.43;2134.92;-749.51;0.00
0.24;10.44;35.49;2839.21;1968.62;-870.59;0.00
0.28;9.68;40.33;3226.43;2140.94;-1085.49;0.00
0.23;11.82;41.05;3284.19;1954.25;-1329.94;0.00
0.27;10.52;42.19;3374.93;2169.35;-1205.58;0.00
0.27;10.33;40.34;3227.28;2113.20;-1114.08;0.00
0.24;9.90;40.24;3219.26;1949.00;-1270.27;0.00
0.24;10.03;44.31;3544.54;1938.07;-1606.47;0.00
0.24;12.08;38.01;3040.74;2071.56;-969.18;0.00
0.21;10.05;49.01;3920.68;1774.18;-2146.50;0.00
0.27;10.65;36.29;2903.34;2134.93;-768.41;0.00
0.23;11.93;37.69;3015.35;1976.51;-1038.84;0.00
0.28;11.25;37.97;3037.78;2222.98;-814.80;0.00
0.27;11.72;45.56;3645.01;2217.46;-1427.55;0.00
0.26;10.86;34.50;2760.04;2089.10;-670.95;0.00
0.25;8.84;39.75;3180.11;1935.85;-1244.26;0.00
0.23;10.09;40.17;3213.41;1901.31;-1312.10;0.00
0.24;10.64;37.86;3029.18;1985.88;-1043.30;0.00
0.22;11.76;45.85;3667.64;1901.86;-1765.78;0.00
0.26;11.05;39.97;3197.40;2107.17;-1090.24;0.00
0.27;8.38;41.18;3294.52;2025.33;-1269.19;0.00
0.23;11.28;37.18;2974.51;1933.24;-1041.27;0.00
0.25;10.12;31.93;2554.22;1999.95;-554.26;0.00
0.21;9.91;46.59;3726.90;1775.50;-1951.39;0.00
0.26;9.51;37.11;2968.49;2013.12;-955.37;0.00
0.23;9.11;48.51;3880.84;1825.91;-2054.93;0.00
0.22;9.69;36.67;2933.73;1783.89;-1149.84;0.00
0.25;7.29;48.15;3851.66;1859.14;-1992.52;0.00
0.26;11.03;40.28;3222.54;2124.43;-1098.12;0.00
0.27;10.90;44.25;3539.70;2170.00;-1369.70;0.00
0.24;9.33;37.87;3029.78;1889.37;-1140.41;0.00
0.27;10.25;41.05;3283.78;2134.51;-1149.27;0.00
0.27;11.15;37.60;3007.98;2181.20;-826.79;0.00
0.25;11.32;42.66;3412.83;2094.63;-1318.20;0.00
0.29;10.56;43.97;3517.69;2262.28;-1255.41;0.00
0.25;9.54;41.86;3349.01;1954.94;-1394.07;0.00
0.27;11.49;42.02;3361.53;2222.19;-1139.34;0.00
0.22;10.26;45.71;3656.69;1836.18;-1820.51;0.00
0.24;11.49;33.63;2690.00;2001.87;-688.13;0.00
0.25;10.43;42.23;3378.27;2012.21;-1366.06;0.00
0.22;7.63;38.88;3110.19;1679.99;-1430.20;0.00
0.29;10.80;33.14;2650.83;2248.60;-402.23;0.00
0.22;8.29;41.37;3309.51;1719.88;-1589.63;0.00
0.23;9.85;43.07;3445.40;1880.03;-1565.37;0.00
0.24;12.43;41.16;3293.17;2047.36;-1245.81;0.00
0.25;9.86;40.49;3238.95;1992.27;-1246.69;0.00
0.23;9.95;43.19;3455.11;1861.99;-1593.12;0.00
0.25;9.61;43.96;3516.57;1954.54;-1562.03;0.00
0.26;10.74;43.35;3467.73;2074.55;-1393.18;0.00
0.24;10.39;43.76;3501.16;1950.08;-1551.08;0.00
0.25;7.10;41.18;3294.17;1851.34;-1442.83;0.00
0.26;11.51;33.06;2644.59;2136.82;-507.78;0.00
0.24;8.82;32.57;2605.44;1892.20;-713.24;0.00
0.23;11.42;46.28;3702.68;1937.58;-1765.11;0.00
0.28;10.53;39.54;3163.46;2177.03;-986.43;0.00
0.25;10.25;36.67;2933.51;2001.05;-932.47;0.00
0.28;11.39;49.89;3991.03;2266.78;-1724.25;0.00
0.26;10.45;31.08;2486.15;2077.22;-408.93;0.00
0.21;7.49;43.44;3475.27;1603.69;-1871.58;0.00
0.23;9.68;37.23;2978.14;1855.30;-1122.85;0.00
0.27;8.85;30.91;2472.80;2039.10;-433.70;0.00
0.27;9.69;42.47;3397.46;2126.13;-1271.33;0.00
0.26;10.14;36.42;2913.80;2042.72;-871.09;0.00
0.30;12.35;40.94;3274.90;2390.57;-884.33;0.00
0.26;10.86;37.70;3016.37;2127.63;-888.74;0.00
0.26;10.42;40.15;3211.95;2074.52;-1137.43;0.00
0.26;11.32;40.01;3200.69;2105.09;-1095.60;0.00
0.24;9.29;42.10;3368.00;1884.86;-1483.14;0.00
0.25;9.80;42.74;3418.84;2001.52;-1417.32;0.00
0.28;10.11;38.18;3054.13;2162.01;-892.12;0.00
0.27;9.64;40.19;3215.08;2087.92;-1127.16;0.00
0.24;11.17;33.93;2714.23;1978.77;-735.46;0.00
0.24;10.07;44.97;3597.86;1967.40;-1630.46;0.00
0.24;10.38;43.24;3459.44;1958.87;-1500.57;0.00
0.28;10.00;51.59;4127.03;2191.14;-1935.89;0.00
0.21;10.43;44.13;3530.38;1774.69;-1755.70;0.00
0.25;9.33;44.29;3543.06;1952.17;-1590.89;0.00
0.20;9.69;43.80;3503.85;1675.12;-1828.74;0.00
0.23;9.13;36.88;2950.36;1814.07;-1136.29;0.00
0.27;9.26;40.48;3238.37;2097.57;-1140.80;0.00
0.24;10.82;37.96;3037.19;1988.79;-1048.39;0.00
0.26;13.02;34.40;2752.12;2222.88;-529.24;0.00
0.23;7.69;43.07;3445.74;1750.63;-1695.11;0.00
0.23;11.28;36.29;2903.25;1966.34;-936.90;0.00
0.23;10.90;34.87;2789.29;1946.87;-842.41;0.00
0.26;10.70;41.86;3349.01;2116.47;-1232.54;0.00
0.23;9.81;33.99;2719.34;1865.97;-853.37;0.00
0.19;11.87;36.96;2956.98;1761.05;-1195.94;0.00
0.25;11.93;41.95;3356.18;2121.98;-1234.19;0.00
0.27;8.93;40.17;3213.99;2050.13;-1163.87;0.00
0.25;10.08;41.81;3344.77;2024.78;-1319.99;0.00
0.27;10.18;44.48;3558.43;2136.57;-1421.86;0.00
0.25;9.92;41.95;3355.87;2011.87;-1344.00;0.00
0.30;9.61;39.86;3188.55;2263.59;-924.96;0.00
0.23;10.02;39.87;3189.68;1853.47;-1336.21;0.00
0.28;11.43;45.84;3667.07;2272.28;-1394.79;0.00
0.24;11.32;37.31;2985.03;2012.34;-972.69;0.00
0.25;11.10;34.36;2748.70;2032.66;-716.03;0.00
0.25;11.57;36.96;2956.69;2079.64;-877.05;0.00
0.21;11.28;42.60;3408.07;1858.20;-1549.87;0.00
0.26;11.75;38.23;3058.70;2154.26;-904.45;0.00
0.28;8.35;42.96;3436.99;2070.85;-1366.14;0.00
0.25;9.37;51.46;4117.16;1947.74;-2169.41;0.00
0.28;10.59;33.59;2686.84;2178.45;-508.39;0.00
0.23;10.81;43.99;3518.85;1934.49;-1584.36;0.00
0.25;9.38;38.65;3092.22;1962.26;-1129.97;0.00
0.24;10.51;43.04;3443.55;1963.15;-1480.41;0.00
0.22;10.97;38.85;3108.21;1856.17;-1252.04;0.00
0.25;11.73;41.15;3292.15;2077.54;-1214.61;0.00
0.31;11.19;41.53;3322.18;2435.49;-886.70;0.00
0.25;12.17;37.28;2982.41;2130.48;-851.93;0.00
0.25;12.15;34.86;2788.69;2109.35;-679.34;0.00
0.27;9.71;43.01;3440.72;2123.73;-1316.99;0.00
0.26;10.46;39.94;3195.48;2087.84;-1107.63;0.00
0.21;9.36;41.69;3335.06;1748.06;-1587.00;0.00
0.24;8.97;40.41;3232.99;1912.68;-1320.32;0.00
0.26;9.86;38.89;3111.48;2021.37;-1090.11;0.00
0.22;11.30;36.84;2947.09;1903.36;-1043.72;0.00
0.27;9.14;35.23;2818.11;2050.22;-767.90;0.00
0.24;11.77;30.95;2476.05;2051.00;-425.05;0.00
0.26;10.26;37.40;2992.26;2098.18;-894.08;0.00
0.25;11.19;46.91;3753.16;2049.39;-1703.77;0.00
0.30;9.51;37.69;3015.15;2263.09;-752.05;0.00
0.23;12.16;39.33;3146.74;1985.90;-1160.84;0.00
0.24;12.05;41.93;3354.44;2038.53;-1315.91;0.00
0.22;10.13;34.31;2744.97;1856.54;-888.43;0.00
0.26;9.31;43.77;3501.91;2010.05;-1491.85;0.00
0.25;9.29;43.58;3486.24;1982.89;-1503.36;0.00
0.25;10.76;40.84;3267.45;2058.70;-1208.75;0.00
0.22;10.37;42.11;3368.85;1817.60;-1551.25;0.00
0.26;8.98;37.72;3017.61;2003.85;-1013.75;0.00
0.27;11.19;30.22;2417.28;2200.76;-216.52;0.00
0.22;9.52;46.51;3721.11;1796.94;-1924.16;0.00
0.28;9.43;45.34;3626.95;2139.27;-1487.68;0.00
0.28;8.24;42.53;3402.71;2079.00;-1323.71;0.00
0.25;9.45;47.59;3806.82;1975.81;-1831.01;0.00
0.27;8.92;44.95;3595.87;2065.95;-1529.92;0.00
0.28;11.91;48.01;3841.07;2250.58;-1590.49;0.00
0.25;10.54;45.92;3673.91;2007.25;-1666.66;0.00
0.24;10.65;37.46;2997.15;1972.27;-1024.89;0.00
0.24;7.91;34.92;2793.56;1803.25;-990.31;0.00
0.26;9.16;36.65;2932.30;2017.99;-914.31;0.00
0.26;8.91;41.56;3324.50;2021.80;-1302.70;0.00
0.24;11.80;51.32;4105.44;2033.75;-2071.68;0.00
0.24;9.92;39.94;3194.96;1934.35;-1260.61;0.00
0.25;9.69;40.48;3238.12;1980.06;-1258.07;0.00
0.29;11.24;46.85;3747.81;2301.99;-1445.82;0.00
0.25;10.73;47.99;3839.29;2008.49;-1830.80;0.00
0.21;10.02;46.15;3691.66;1760.21;-1931.46;0.00
0.25;9.61;41.48;3318.12;1965.09;-1353.02;0.00
0.25;10.99;42.42;3393.92;2068.42;-1325.51;0.00
0.23;11.01;35.67;2853.84;1940.56;-913.29;0.00
0.21;8.62;35.51;2840.62;1707.46;-1133.16;0.00
0.25;9.65;41.13;3290.20;1988.32;-1301.88;0.00
0.26;10.15;48.58;3886.44;2070.68;-1815.76;0.00
0.26;11.34;44.96;3597.03;2103.66;-1493.37;0.00
0.24;10.20;37.37;2989.56;1930.92;-1058.64;0.00
0.24;12.78;45.32;3625.49;2082.69;-1542.80;0.00
0.23;10.85;42.30;3384.14;1933.48;-1450.66;0.00
0.28;13.10;35.13;2810.24;2368.19;-442.05;0.00
0.24;10.74;44.14;3531.47;1978.93;-1552.54;0.00
0.21;9.84;39.74;3179.02;1784.68;-1394.34;0.00
0.24;8.82;29.99;2399.23;1867.76;-531.47;0.00
0.27;9.70;37.46;2996.69;2070.22;-926.47;0.00
0.22;10.59;41.33;3306.23;1862.76;-1443.47;0.00
0.26;9.66;35.65;2852.32;2033.21;-819.12;0.00
0.20;9.59;37.99;3039.50;1675.99;-1363.51;0.00
0.26;10.95;44.21;3536.82;2128.67;-1408.15;0.00
0.22;8.45;36.32;2905.85;1738.44;-1167.41;0.00
0.21;8.68;41.69;3335.56;1706.05;-1629.51;0.00
0.19;8.80;43.00;3439.78;1594.33;-1845.46;0.00
0.26;8.75;43.21;3456.41;1987.79;-1468.62;0.00
0.23;11.94;40.76;3260.96;1999.93;-1261.03;0.00
0.28;9.15;30.92;2473.75;2124.29;-349.47;0.00
0.27;12.40;40.70;3255.70;2217.13;-1038.57;0.00
0.24;10.89;35.43;2834.65;2001.54;-833.12;0.00
0.25;9.01;44.65;3572.38;1917.38;-1655.01;0.00
0.27;10.89;39.67;3173.60;2183.20;-990.40;0.00
0.24;8.59;46.21;3696.94;1861.57;-1835.37;0.00
0.24;9.66;43.93;3514.13;1930.42;-1583.71;0.00
0.22;9.57;33.14;2650.97;1791.56;-859.41;0.00
0.26;9.07;49.76;3980.54;2016.01;-1964.54;0.00
0.30;10.76;53.05;4244.29;2322.91;-1921.38;0.00
0.24;10.49;37.92;3033.63;1978.74;-1054.89;0.00
0.26;9.85;41.63;3330.67;2024.35;-1306.32;0.00
0.25;9.04;37.78;3022.13;1949.43;-1072.70;0.00
0.25;9.68;41.30;3303.72;1972.82;-1330.90;0.00
0.24;10.59;42.37;3389.65;1978.13;-1411.52;0.00
0.23;10.13;37.36;2988.49;1882.94;-1105.55;0.00
0.24;11.18;33.14;2651.04;2026.58;-624.46;0.00
0.25;10.48;38.79;3103.56;2018.23;-1085.34;0.00
0.26;10.49;36.90;2952.01;2093.66;-858.35;0.00
0.26;9.55;42.44;3395.42;2060.00;-1335.43;0.00
0.22;9.70;46.04;3683.22;1823.03;-1860.19;0.00
0.20;10.32;43.62;3489.60;1729.29;-1760.31;0.00
0.21;9.07;43.48;3478.08;1689.16;-1788.92;0.00
0.27;9.95;39.90;3191.72;2108.08;-1083.63;0.00
0.23;8.30;32.00;2559.76;1765.54;-794.21;0.00
0.23;11.18;50.45;4036.31;1928.22;-2108.08;0.00
0.28;9.70;40.44;3235.53;2140.26;-1095.27;0.00
0.28;9.76;37.74;3019.25;2149.27;-869.98;0.00
0.25;10.18;42.20;3376.24;1994.30;-1381.94;0.00
0.26;11.81;37.79;3022.89;2157.15;-865.74;0.00
0.20;10.42;36.65;2931.84;1738.04;-1193.81;0.00
0.22;7.23;40.34;3227.27;1679.01;-1548.25;0.00
0.24;9.37;37.42;2993.55;1876.87;-1116.68;0.00
0.23;10.78;39.07;3125.53;1918.07;-1207.46;0.00
0.25;10.07;45.94;3675.34;2003.46;-1671.88;0.00
0.23;9.71;50.58;4046.15;1862.85;-2183.30;0.00
0.26;9.51;41.61;3328.45;2021.63;-1306.81;0.00
0.21;10.44;50.13;4010.17;1783.75;-2226.42;0.00
0.23;10.87;42.67;3413.54;1932.70;-1480.84;0.00
0.24;10.64;42.33;3386.07;1974.92;-1411.16;0.00
0.27;11.23;45.76;3660.53;2181.10;-1479.43;0.00
0.25;9.63;36.50;2920.20;1956.77;-963.43;0.00
0.23;10.63;39.78;3182.72;1895.94;-1286.78;0.00
0.30;12.15;49.67;3973.77;2405.54;-1568.23;0.00
0.29;9.96;40.61;3249.11;2203.94;-1045.17;0.00
0.26;11.19;45.45;3636.09;2102.48;-1533.62;0.00
0.27;11.10;43.91;3512.94;2159.83;-1353.11;0.00
0.29;9.30;44.82;3585.24;2195.36;-1389.88;0.00
0.26;10.49;36.36;2908.81;2106.20;-802.61;0.00
0.22;10.49;41.12;3289.76;1873.75;-1416.01;0.00
0.22;11.10;43.91;3513.03;1892.53;-1620.51;0.00
0.26;10.68;44.47;3557.81;2084.64;-1473.17;0.00
0.24;10.43;38.43;3074.56;1988.21;-1086.35;0.00
0.24;8.76;35.69;2855.20;1890.17;-965.03;0.00
0.24;10.15;42.29;3383.56;1942.15;-1441.41;0.00
0.24;10.63;38.95;3116.24;1946.26;-1169.98;0.00
0.22;8.73;42.53;3402.08;1744.02;-1658.06;0.00
0.26;11.03;45.25;3619.95;2092.76;-1527.19;0.00
0.23;11.20;36.25;2900.09;1941.79;-958.30;0.00
0.25;8.33;39.06;3124.74;1905.76;-1218.98;0.00
0.24;11.04;42.26;3380.48;1977.11;-1403.37;0.00
0.29;12.06;37.23;2978.57;2334.55;-644.02;0.00
0.23;10.88;44.93;3594.72;1924.39;-1670.33;0.00
0.26;12.61;38.41;3072.84;2215.16;-857.68;0.00
0.27;10.09;41.61;3328.45;2118.97;-1209.48;0.00
0.23;11.98;30.37;2429.60;2008.08;-421.52;0.00
0.29;8.47;42.42;3393.80;2143.08;-1250.72;0.00
0.26;12.14;45.22;3617.38;2165.41;-1451.96;0.00
0.24;11.87;43.60;3488.30;2044.72;-1443.58;0.00
0.25;11.26;38.94;3115.16;2087.89;-1027.27;0.00
0.26;10.93;40.32;3225.80;2125.02;-1100.77;0.00
0.26;9.98;50.43;4034.50;2029.19;-2005.31;0.00
0.22;11.12;41.74;3339.24;1882.74;-1456.50;0.00
0.25;9.34;41.08;3286.75;1935.84;-1350.92;0.00
0.29;9.55;37.02;2961.68;2201.93;-759.75;0.00
0.25;9.78;45.38;3630.09;1989.01;-1641.08;0.00
0.26;10.73;42.51;3400.72;2101.24;-1299.48;0.00
0.24;8.39;41.20;3296.27;1871.61;-1424.66;0.00
0.23;10.80;39.43;3154.69;1926.62;-1228.08;0.00
0.23;10.27;39.57;3165.46;1871.40;-1294.05;0.00
0.24;9.57;44.22;3537.59;1905.38;-1632.21;0.00
0.24;10.40;44.58;3566.35;1943.74;-1622.61;0.00
0.25;9.09;44.73;3578.77;1934.86;-1643.91;0.00
0.24;11.16;41.13;3290.30;2016.59;-1273.71;0.00
0.21;9.25;43.46;3476.58;1731.10;-1745.48;0.00
0.23;11.63;37.59;3006.98;1971.98;-1035.00;0.00
0.23;9.84;41.83;3346.02;1891.40;-1454.62;0.00
0.27;10.49;43.09;3447.21;2138.33;-1308.88;0.00
0.24;10.77;40.68;3254.79;2000.43;-1254.37;0.00
0.29;11.28;41.34;3307.23;2318.04;-989.18;0.00
0.25;11.01;46.22;3697.60;2045.01;-1652.59;0.00
0.23;10.67;39.84;3187.21;1930.51;-1256.70;0.00
0.22;9.95;39.36;3148.61;1815.89;-1332.71;0.00
0.25;10.44;45.61;3648.74;2023.19;-1625.55;0.00
0.22;11.00;46.37;3709.81;1880.07;-1829.75;0.00
0.23;9.94;44.23;3538.21;1874.77;-1663.44;0.00
0.28;8.89;38.81;3104.74;2091.47;-1013.28;0.00
0.29;10.07;48.27;3861.30;2257.20;-1604.10;0.00
0.27;9.99;43.13;3450.70;2112.93;-1337.77;0.00
0.27;11.14;39.79;3183.55;2154.86;-1028.69;0.00
0.27;10.17;35.63;2850.72;2100.57;-750.15;0.00
0.26;9.69;38.64;3091.33;2019.06;-1072.27;0.00
0.27;12.93;39.74;3179.16;2296.71;-882.45;0.00
0.26;8.17;37.59;3007.28;1930.14;-1077.13;0.00
0.30;11.27;42.14;3371.38;2329.41;-1041.97;0.00
0.26;10.19;35.89;2871.07;2047.98;-823.09;0.00
0.27;10.54;47.52;3801.94;2140.30;-1661.64;0.00
0.27;9.23;32.61;2608.83;2098.49;-510.34;0.00
0.26;9.42;35.73;2858.71;2023.15;-835.56;0.00
0.24;10.65;34.86;2788.89;1974.27;-814.63;0.00
0.24;10.29;41.98;3358.33;1961.07;-1397.26;0.00
0.27;11.26;39.23;3138.58;2169.73;-968.86;0.00
0.25;10.17;42.99;3439.51;2005.36;-1434.14;0.00
0.25;9.92;33.46;2677.18;1989.44;-687.74;0.00
0.25;7.88;35.17;2813.95;1871.91;-942.05;0.00
0.27;9.40;44.02;3521.47;2061.28;-1460.19;0.00
0.24;10.12;41.35;3308.02;1946.48;-1361.54;0.00
0.25;10.43;39.34;3147.29;2004.95;-1142.34;0.00
0.24;10.24;39.14;3130.96;1965.35;-1165.61;0.00
0.25;9.51;33.51;2680.66;1965.58;-715.09;0.00
0.26;10.43;39.05;3124.13;2054.63;-1069.50;0.00
0.25;10.47;36.45;2916.27;1999.32;-916.95;0.00
0.24;10.09;40.75;3260.14;1944.35;-1315.79;0.00
0.25;9.34;43.76;3501.07;1969.71;-1531.36;0.00
0.20;8.90;37.43;2994.77;1658.25;-1336.51;0.00
0.28;11.21;40.52;3241.66;2224.05;-1017.61;0.00
0.25;11.91;42.39;3391.51;2088.58;-1302.93;0.00
0.27;10.09;42.49;3399.52;2132.49;-1267.02;0.00
0.24;10.98;33.85;2708.26;2016.78;-691.48;0.00
0.27;10.44;45.49;3639.22;2155.08;-1484.14;0.00
0.27;8.89;42.03;3362.78;2051.46;-1311.33;0.00
0.29;9.54;38.03;3042.63;2214.24;-828.39;0.00
0.22;9.40;50.13;4010.35;1778.18;-2232.17;0.00
0.22;9.24;36.88;2950.40;1792.67;-1157.73;0.00
0.23;9.54;35.83;2866.34;1868.07;-998.27;0.00
0.25;8.88;38.70;3095.86;1934.61;-1161.25;0.00
0.24;10.07;41.24;3299.37;1961.53;-1337.84;0.00
0.26;9.18;42.87;3429.34;2011.23;-1418.11;0.00
0.24;8.93;40.17;3213.77;1890.31;-1323.47;0.00
0.28;12.49;44.59;3567.39;2335.05;-1232.33;0.00
0.23;11.04;44.18;3534.21;1945.37;-1588.83;0.00
0.28;8.79;39.72;3177.88;2132.98;-1044.90;0.00
0.21;10.10;39.97;3197.29;1759.32;-1437.97;0.00
0.26;9.81;44.14;3531.28;2022.62;-1508.67;0.00
0.26;9.84;31.52;2521.52;2019.06;-502.46;0.00
0.25;10.41;41.96;3356.85;2041.00;-1315.85;0.00
0.28;9.84;40.90;3271.74;2149.70;-1122.04;0.00
0.22;10.65;42.31;3384.79;1874.46;-1510.33;0.00
0.22;9.56;41.30;3304.26;1808.12;-1496.14;0.00
0.26;9.87;41.76;3340.53;2032.53;-1308.00;0.00
0.26;10.19;33.92;2713.58;2050.23;-663.35;0.00
0.27;10.08;42.12;3369.87;2135.74;-1234.13;0.00
0.25;10.14;41.53;3322.50;2024.78;-1297.72;0.00
0.29;10.65;46.07;3685.28;2244.84;-1440.44;0.00
0.27;10.22;37.23;2978.62;2107.71;-870.91;0.00
0.31;12.37;46.09;3687.06;2486.99;-1200.06;0.00
0.26;9.67;41.52;3321.64;2015.44;-1306.20;0.00
0.26;11.83;30.42;2433.68;2130.17;-303.51;0.00
0.29;11.01;32.72;2617.47;2267.01;-350.47;0.00
0.23;10.62;44.70;3575.77;1897.49;-1678.29;0.00
0.24;8.88;42.91;3432.67;1871.04;-1561.62;0.00
0.23;10.75;44.13;3530.32;1926.89;-1603.43;0.00
0.25;10.99;45.25;3619.67;2036.14;-1583.52;0.00
0.24;11.04;38.34;3067.37;1974.60;-1092.77;0.00
0.24;11.14;45.70;3656.15;2015.41;-1640.74;0.00
0.23;11.99;42.53;3402.53;2012.71;-1389.81;0.00
0.26;11.51;46.09;3687.47;2140.11;-1547.36;0.00
0.24;11.31;47.48;3798.53;2023.64;-1774.89;0.00
0.25;10.21;47.06;3764.63;2005.30;-1759.33;0.00
0.27;10.47;39.68;3174.54;2142.27;-1032.27;0.00
0.23;12.62;36.46;2916.57;2044.90;-871.67;0.00
0.24;11.07;42.90;3431.85;1995.79;-1436.06;0.00
0.25;10.55;35.13;2810.30;2028.72;-781.59;0.00
0.27;12.03;38.13;3050.17;2232.70;-817.47;0.00
0.25;8.47;36.56;2924.40;1897.42;-1026.99;0.00
0.29;10.27;38.29;3063.25;2245.83;-817.41;0.00
0.25;7.87;43.37;3469.51;1892.74;-1576.77;0.00
0.20;11.23;35.16;2813.10;1745.03;-1068.07;0.00
0.26;9.35;42.08;3366.66;2033.58;-1333.07;0.00
0.21;11.23;41.75;3340.35;1810.76;-1529.59;0.00
0.24;10.53;41.83;3346.23;1987.40;-1358.83;0.00
0.28;11.97;37.32;2985.32;2278.69;-706.63;0.00
0.21;11.69;46.87;3749.29;1848.02;-1901.27;0.00
0.26;9.48;33.96;2717.14;2051.95;-665.20;0.00
0.26;9.99;39.23;3138.44;2048.29;-1090.14;0.00
0.24;11.61;43.23;3458.70;2016.09;-1442.61;0.00
0.27;10.91;36.73;2938.31;2191.56;-746.75;0.00
0.25;10.35;40.50;3240.17;2007.56;-1232.61;0.00
0.24;10.10;38.39;3071.29;1948.92;-1122.37;0.00
0.30;9.58;45.87;3669.60;2254.79;-1414.81;0.00
0.23;9.42;37.45;2996.38;1859.41;-1136.97;0.00
0.28;8.85;39.66;3173.02;2106.02;-1067.00;0.00
0.26;7.71;40.98;3278.01;1908.67;-1369.34;0.00
0.22;8.68;46.53;3722.13;1752.62;-1969.51;0.00
0.24;10.83;36.77;2941.69;1993.33;-948.36;0.00
0.22;11.01;38.40;3072.13;1896.42;-1175.70;0.00
0.23;10.82;39.29;3142.92;1916.54;-1226.38;0.00
0.27;10.33;36.88;2950.48;2106.85;-843.62;0.00
0.22;8.26;44.57;3565.48;1724.87;-1840.61;0.00
0.25;8.58;41.80;3343.87;1933.09;-1410.78;0.00
0.24;8.81;38.63;3090.40;1846.74;-1243.66;0.00
0.28;10.46;41.24;3299.17;2177.32;-1121.85;0.00
0.24;8.47;38.19;3055.54;1868.47;-1187.07;0.00
0.28;10.18;45.00;3600.34;2158.76;-1441.59;0.00
0.26;10.80;38.95;3115.73;2083.88;-1031.86;0.00
0.24;9.03;32.68;2614.27;1912.86;-701.41;0.00
0.23;9.57;40.10;3207.80;1876.64;-1331.16;0.00
0.24;9.37;43.43;3474.31;1933.50;-1540.81;0.00
0.26;8.23;40.42;3233.68;1942.89;-1290.79;0.00
0.22;9.45;50.42;4033.79;1782.46;-2251.33;0.00
0.25;10.86;42.40;3391.77;2046.37;-1345.40;0.00
0.27;10.42;39.74;3179.09;2156.99;-1022.10;0.00
0.21;10.02;42.50;3400.18;1766.81;-1633.37;0.00
0.25;12.20;44.65;3571.65;2102.12;-1469.53;0.00
0.27;9.65;41.17;3293.89;2094.07;-1199.82;0.00
0.21;10.65;43.66;3492.93;1771.67;-1721.26;0.00
0.22;9.80;42.46;3396.82;1840.76;-1556.06;0.00
0.22;11.22;31.37;2509.66;1870.93;-638.73;0.00
0.27;8.86;43.53;3482.49;2051.29;-1431.20;0.00
0.29;11.52;45.65;3652.15;2339.58;-1312.58;0.00
0.24;10.40;40.08;3206.65;1961.89;-1244.77;0.00
0.25;10.33;53.40;4271.91;1994.04;-2277.87;0.00
0.26;11.86;40.45;3235.89;2133.29;-1102.60;0.00
0.23;9.56;43.48;3478.50;1863.60;-1614.90;0.00
0.25;11.06;40.31;3225.04;2043.58;-1181.46;0.00
0.23;11.46;47.94;3834.89;1983.31;-1851.58;0.00
0.26;9.47;37.28;2982.38;2036.08;-946.30;0.00
0.23;10.79;39.94;3195.21;1932.75;-1262.46;0.00
0.21;11.15;41.97;3357.63;1819.79;-1537.84;0.00
0.23;10.25;46.06;3684.80;1866.99;-1817.80;0.00
0.20;11.89;37.37;2989.58;1837.47;-1152.11;0.00
0.25;8.60;37.15;2972.23;1899.34;-1072.89;0.00
0.25;11.18;45.34;3627.46;2053.28;-1574.18;0.00
0.29;9.32;40.41;3233.01;2174.94;-1058.06;0.00
0.22;12.58;39.19;3135.07;1971.11;-1163.96;0.00
0.24;9.85;44.95;3596.37;1946.32;-1650.05;0.00
0.23;10.58;34.50;2760.17;1930.69;-829.48;0.00
0.26;10.25;40.18;3214.02;2065.77;-1148.25;0.00
0.23;9.10;39.08;3126.66;1811.48;-1315.18;0.00
0.24;9.20;32.29;2583.09;1871.60;-711.49;0.00
0.26;10.41;44.52;3561.78;2082.31;-1479.47;0.00
0.27;10.80;42.07;3365.79;2163.83;-1201.96;0.00
0.21;10.69;34.26;2741.15;1797.23;-943.92;0.00
0.27;9.25;40.48;3238.76;2077.24;-1161.52;0.00
0.28;9.28;43.58;3486.04;2125.84;-1360.20;0.00
0.25;8.77;41.94;3355.48;1940.84;-1414.63;0.00
0.27;10.00;41.31;3305.02;2137.67;-1167.35;0.00
0.26;9.89;31.24;2498.85;2071.30;-427.55;0.00
0.22;10.16;40.97;3277.24;1846.45;-1430.79;0.00
0.28;11.45;34.72;2777.67;2229.74;-547.93;0.00
0.29;10.63;37.33;2986.60;2265.53;-721.07;0.00
0.19;9.59;36.42;2913.98;1638.09;-1275.89;0.00
0.27;11.90;39.99;3199.18;2193.42;-1005.77;0.00
0.29;10.07;37.95;3036.03;2223.75;-812.29;0.00
0.29;10.24;35.36;2828.93;2273.23;-555.70;0.00
0.28;8.65;30.66;2452.91;2093.25;-359.66;0.00
0.24;9.96;42.13;3370.80;1917.53;-1453.27;0.00
0.24;11.24;43.16;3452.96;1997.36;-1455.60;0.00
0.25;8.72;45.22;3617.39;1938.00;-1679.40;0.00
0.22;10.31;52.02;4161.51;1856.65;-2304.86;0.00
0.27;11.79;39.03;3122.41;2232.82;-889.59;0.00
0.27;9.96;34.60;2768.36;2125.70;-642.66;0.00
0.26;10.26;39.27;3141.82;2048.07;-1093.75;0.00
0.18;11.04;38.54;3082.88;1642.29;-1440.58;0.00
0.26;10.00;41.65;3331.74;2076.82;-1254.92;0.00
0.24;10.43;44.20;3536.21;1947.62;-1588.59;0.00
0.28;8.73;42.25;3379.62;2084.98;-1294.64;0.00
0.28;10.70;52.13;4170.07;2197.15;-1972.92;0.00
0.21;11.64;40.48;3238.69;1853.79;-1384.89;0.00
0.23;9.57;39.37;3149.43;1868.28;-1281.15;0.00
0.22;11.21;38.99;3119.17;1906.44;-1212.73;0.00
0.22;10.56;37.53;3002.66;1881.02;-1121.64;0.00
0.29;10.43;40.70;3256.21;2277.91;-978.30;0.00
0.28;9.31;35.72;2857.88;2110.53;-747.35;0.00
0.24;9.57;33.07;2645.33;1925.56;-719.77;0.00
0.25;9.15;29.48;2358.05;1932.54;-425.52;0.00
0.27;10.40;40.19;3215.18;2146.50;-1068.69;0.00
0.26;10.61;42.01;3360.78;2091.48;-1269.30;0.00
0.30;8.84;38.21;3056.98;2213.93;-843.06;0.00
0.28;7.97;41.88;3350.13;2045.34;-1304.79;0.00
0.25;9.66;39.71;3176.64;1980.90;-1195.74;0.00
0.27;12.08;46.57;3725.29;2232.92;-1492.37;0.00
0.26;9.98;38.11;3048.66;2058.67;-989.99;0.00
0.27;10.58;45.84;3667.52;2172.11;-1495.41;0.00
0.24;9.23;43.30;3463.93;1883.72;-1580.22;0.00
0.24;10.73;43.82;3505.43;2006.24;-1499.19;0.00
0.26;9.66;36.93;2954.65;2033.60;-921.05;0.00
0.29;9.35;49.02;3921.66;2178.65;-1743.00;0.00
0.30;10.64;49.54;3962.89;2314.30;-1648.59;0.00
0.27;11.39;38.92;3113.79;2187.39;-926.40;0.00
0.28;10.48;41.32;3305.75;2190.08;-1115.67;0.00
0.23;10.18;37.95;3036.35;1871.22;-1165.12;0.00
0.24;9.26;41.56;3325.15;1885.60;-1439.54;0.00
0.29;9.18;36.59;2926.88;2194.83;-732.05;0.00
0.25;11.01;43.28;3462.62;2041.64;-1420.98;0.00
0.25;10.09;36.49;2919.36;2022.25;-897.11;0.00
0.23;11.31;41.84;3347.19;1972.22;-1374.97;0.00
0.26;12.00;44.27;3541.62;2145.40;-1396.22;0.00
0.24;11.42;37.45;2995.85;2040.13;-955.72;0.00
0.27;8.32;42.76;3420.96;1998.82;-1422.14;0.00
0.28;9.59;37.01;2960.80;2170.14;-790.65;0.00
0.24;10.86;41.65;3331.67;1982.57;-1349.10;0.00
0.26;9.78;49.31;3944.86;2039.55;-1905.31;0.00
0.25;9.27;35.32;2825.59;1980.79;-844.81;0.00
0.22;9.58;38.22;3057.68;1821.25;-1236.43;0.00
0.26;9.34;36.07;2885.94;2038.78;-847.17;0.00
0.26;11.06;40.41;3232.93;2084.97;-1147.96;0.00
0.26;12.00;43.28;3462.70;2149.30;-1313.40;0.00
0.25;8.72;46.38;3710.61;1919.37;-1791.23;0.00
0.20;12.17;34.57;2765.51;1795.59;-969.93;0.00
0.21;10.18;43.63;3490.36;1789.61;-1700.76;0.00
0.26;11.91;35.05;2803.93;2164.23;-639.70;0.00
0.23;10.16;41.09;3287.04;1877.34;-1409.70;0.00
0.26;6.84;43.86;3508.60;1902.48;-1606.12;0.00
0.23;9.52;34.95;2796.06;1858.62;-937.44;0.00
0.23;9.51;34.20;2736.26;1871.16;-865.11;0.00
0.31;10.65;32.68;2614.68;2359.93;-254.75;0.00
0.30;10.25;42.37;3389.82;2278.41;-1111.41;0.00
0.29;11.33;39.31;3144.96;2277.46;-867.50;0.00
0.27;10.74;43.44;3475.27;2147.33;-1327.94;0.00
0.19;8.98;39.03;3122.65;1620.08;-1502.56;0.00
0.27;9.10;45.77;3661.58;2088.41;-1573.17;0.00
0.26;9.30;44.46;3556.98;2039.96;-1517.02;0.00
0.23;11.74;45.56;3644.79;2003.13;-1641.66;0.00
0.24;10.28;46.07;3685.73;1953.60;-1732.13;0.00
0.25;11.48;34.51;2760.96;2059.60;-701.35;0.00
0.25;11.20;33.40;2672.32;2063.81;-608.50;0.00
0.26;10.96;46.74;3739.18;2082.96;-1656.22;0.00
0.23;10.16;40.21;3216.96;1912.93;-1304.03;0.00
0.23;10.70;37.50;3000.14;1927.77;-1072.37;0.00
0.24;10.93;41.71;3337.20;1970.97;-1366.23;0.00
0.28;11.55;40.52;3241.53;2248.43;-993.10;0.00
0.21;9.68;39.22;3137.79;1774.58;-1363.21;0.00
0.25;8.09;34.95;2795.76;1922.40;-873.36;0.00
0.22;9.90;47.00;3760.12;1821.70;-1938.42;0.00
0.23;8.26;47.89;3831.22;1785.82;-2045.40;0.00
0.22;11.19;42.37;3389.67;1907.80;-1481.87;0.00
0.24;8.19;44.80;3583.61;1844.31;-1739.30;0.00
0.27;11.36;41.13;3290.04;2210.75;-1079.28;0.00
0.23;10.63;42.15;3372.25;1888.56;-1483.70;0.00
0.24;11.28;46.13;3690.55;2028.38;-1662.17;0.00
0.26;9.50;42.87;3429.26;2042.96;-1386.30;0.00
0.22;12.35;38.74;3099.14;1931.17;-1167.97;0.00
0.26;11.98;47.14;3771.40;2140.96;-1630.44;0.00
0.28;11.12;41.62;3329.66;2241.82;-1087.85;0.00
0.31;7.03;42.72;3417.47;2208.53;-1208.94;0.00
0.25;10.00;29.47;2357.67;2006.24;-351.43;0.00
0.24;8.53;42.65;3411.68;1847.45;-1564.24;0.00
0.29;10.86;39.40;3151.91;2268.72;-883.18;0.00
0.31;10.79;37.26;2980.83;2415.27;-565.56;0.00
0.22;9.67;42.96;3437.20;1779.81;-1657.39;0.00
0.29;8.77;35.69;2855.29;2189.84;-665.45;0.00
0.23;8.93;38.36;3068.51;1826.35;-1242.16;0.00
0.23;9.52;49.50;3960.35;1830.11;-2130.24;0.00
0.25;11.67;41.88;3350.55;2106.78;-1243.77;0.00
0.25;9.07;45.28;3622.41;1933.06;-1689.35;0.00
0.24;10.38;36.74;2939.52;1931.21;-1008.31;0.00
0.23;8.52;34.93;2794.76;1808.90;-985.85;0.00
0.25;9.34;32.01;2560.54;1979.13;-581.41;0.00
0.22;10.11;44.14;3530.81;1830.14;-1700.68;0.00
0.30;10.10;42.61;3409.00;2301.53;-1107.47;0.00
0.25;11.47;33.12;2649.87;2097.15;-552.72;0.00
0.24;9.70;31.68;2534.37;1900.58;-633.79;0.00
0.28;9.26;43.45;3476.27;2157.98;-1318.29;0.00
0.23;9.16;41.18;3294.20;1827.78;-1466.41;0.00
0.28;11.51;46.77;3741.76;2231.42;-1510.34;0.00
0.27;10.57;43.96;3516.53;2174.74;-1341.79;0.00
0.28;11.43;47.68;3814.62;2237.43;-1577.19;0.00
0.24;11.82;27.05;2163.64;2038.11;-125.53;0.00
0.24;10.15;40.94;3274.97;1942.28;-1332.69;0.00
0.28;9.04;43.11;3449.18;2107.98;-1341.20;0.00
0.31;9.22;35.85;2867.65;2303.26;-564.39;0.00
0.25;8.68;45.08;3606.73;1946.80;-1659.93;0.00
0.28;9.70;46.20;3695.82;2170.14;-1525.67;0.00
0.24;9.38;49.46;3956.87;1885.43;-2071.44;0.00
0.24;9.84;48.10;3847.91;1957.92;-1889.99;0.00
0.25;8.59;42.01;3360.74;1944.33;-1416.40;0.00
0.25;9.83;35.24;2819.54;1998.65;-820.89;0.00
0.22;9.86;38.81;3105.20;1840.21;-1264.99;0.00
0.22;12.43;42.71;3416.63;1963.49;-1453.14;0.00
0.23;9.63;35.41;2833.06;1836.79;-996.28;0.00
0.22;10.69;50.46;4036.75;1859.73;-2177.02;0.00
0.24;9.00;40.09;3206.98;1870.91;-1336.07;0.00
0.25;9.70;39.58;3166.52;2004.85;-1161.67;0.00
0.23;8.61;40.25;3220.33;1833.29;-1387.05;0.00
0.24;10.86;47.28;3782.46;1963.49;-1818.97;0.00
0.27;11.79;35.27;2821.97;2228.75;-593.21;0.00
0.27;10.84;38.22;3057.37;2168.49;-888.89;0.00
0.20;9.92;41.60;3327.62;1717.30;-1610.32;0.00
0.28;9.19;42.31;3384.71;2114.52;-1270.19;0.00
0.28;11.49;43.38;3470.33;2249.96;-1220.37;0.00
0.25;10.68;38.13;3050.72;2020.87;-1029.85;0.00
0.26;12.11;28.55;2283.82;2149.26;-134.55;0.00
0.31;10.45;34.65;2772.18;2373.16;-399.02;0.00
0.27;12.47;37.88;3030.35;2238.24;-792.12;0.00
0.24;8.95;41.35;3307.85;1898.99;-1408.86;0.00
0.23;8.97;45.04;3603.10;1832.07;-1771.03;0.00
0.26;8.49;44.64;3571.13;1966.71;-1604.42;0.00
0.29;11.12;49.42;3953.36;2301.85;-1651.52;0.00
0.22;9.29;35.62;2849.65;1790.61;-1059.04;0.00
0.24;8.99;34.83;2786.34;1883.35;-902.99;0.00
0.25;9.41;37.95;3036.27;1972.76;-1063.50;0.00
0.29;11.10;47.57;3805.25;2287.93;-1517.32;0.00
0.26;11.22;44.65;3571.71;2119.65;-1452.06;0.00
0.25;11.23;44.73;3578.46;2060.86;-1517.60;0.00
0.26;10.24;41.40;3311.71;2059.43;-1252.28;0.00
0.24;10.25;42.73;3418.75;1926.34;-1492.41;0.00
0.22;10.68;39.07;3125.65;1865.51;-1260.14;0.00
0.27;10.83;44.29;3543.22;2182.99;-1360.23;0.00
0.20;11.25;37.81;3024.54;1798.03;-1226.50;0.00
