# X_0;X_1;X_2;R_0;S_0;G_0;I_0
0.23;9.39;44.07;3525.74;1868.98;-1656.76;0.00
0.23;9.61;45.12;3609.59;1864.78;-1744.81;0.00
0.26;8.84;41.69;3335.48;2011.81;-1323.66;0.00
0.21;9.17;37.52;3001.75;1703.12;-1298.63;0.00
0.24;10.68;45.11;3608.98;1973.89;-1635.09;0.00
0.26;8.06;44.54;3563.48;1939.84;-1623.64;0.00
0.26;10.75;41.04;3283.34;2106.04;-1177.30;0.00
0.23;10.92;35.91;2872.46;1956.29;-916.17;0.00
0.22;9.38;42.86;3428.58;1766.03;-1662.55;0.00
0.25;10.49;35.38;2830.05;2000.05;-829.99;0.00
0.29;10.88;42.99;3439.22;2290.08;-1149.13;0.00
0.22;9.99;40.66;3252.48;1844.38;-1408.10;0.00
0.22;10.20;36.15;2892.33;1840.06;-1052.27;0.00
0.27;9.33;35.23;2818.34;2093.75;-724.59;0.00
0.29;9.62;47.46;3797.08;2214.66;-1582.42;0.00
0.24;9.77;40.36;3228.72;1936.72;-1292.00;0.00
0.25;9.06;39.80;3184.29;1973.86;-1210.43;0.00
0.26;12.17;41.51;3321.01;2188.05;-1132.96;0.00
0.24;8.89;50.52;4041.68;1891.44;-2150.24;0.00
0.22;12.30;36.77;2941.39;1969.60;-971.79;0.00
0.26;9.67;36.49;2918.81;2024.29;-894.52;0.00
0.27;9.03;39.31;3144.47;2048.00;-1096.47;0.00
0.28;10.33;39.40;3151.68;2190.39;-961.30;0.00
0.24;9.65;36.19;2894.89;1949.07;-945.83;0.00
0.24;10.57;33.16;2653.03;1955.89;-697.13;0.00
0.25;10.47;47.60;3807.92;2023.88;-1784.05;0.00
0.20;10.43;37.17;2973.91;1744.40;-1229.52;0.00
0.30;11.53;44.48;3558.19;2386.50;-1171.69;0.00
0.31;11.63;44.57;3565.77;2434.14;-1131.64;0.00
0.26;8.92;40.58;3246.27;1981.64;-1264.63;0.00
0.20;10.97;36.48;2918.36;1747.15;-1171.21;0.00
0.28;9.30;41.71;3336.97;2120.88;-1216.10;0.00
0.27;10.63;39.08;3126.39;2157.29;-969.10;0.00
0.27;13.80;44.24;3538.87;2331.41;-1207.46;0.00
0.24;9.84;37.62;3009.42;1921.59;-1087.82;0.00
0.25;9.94;30.25;2419.79;2023.10;-396.69;0.00
0.21;9.29;43.42;3473.32;1700.90;-1772.42;0.00
0.23;9.97;47.44;3794.82;1872.21;-1922.61;0.00
0.21;10.07;36.05;2884.23;1750.22;-1134.01;0.00
0.29;9.12;37.84;3027.42;2185.25;-842.16;0.00
0.26;9.20;39.05;3124.34;2031.35;-1092.99;0.00
0.22;11.94;39.35;3148.02;1917.57;-1230.45;0.00
0.23;9.01;44.61;3568.79;1841.71;-1727.08;0.00
0.20;9.85;45.45;3635.64;1702.96;-1932.68;0.00
0.23;11.94;42.43;3394.12;1961.58;-1432.53;0.00
0.19;9.37;41.62;3329.89;1619.53;-1710.37;0.00
0.26;10.85;36.66;2932.84;2120.54;-812.30;0.00
0.19;10.25;34.87;2789.92;1670.16;-1119.76;0.00
0.22;10.03;36.16;2892.81;1841.92;-1050.89;0.00
0.26;10.26;36.96;2956.64;2083.34;-873.30;0.00
0.25;11.06;36.47;2917.24;2039.68;-877.56;0.00
0.26;10.38;37.33;2986.78;2053.04;-933.74;0.00
0.26;11.20;38.33;3066.43;2146.26;-920.17;0.00
0.29;10.20;36.17;2893.92;2265.48;-628.45;0.00
0.24;9.59;44.49;3558.88;1925.49;-1633.39;0.00
0.27;11.82;44.79;3583.46;2239.08;-1344.38;0.00
0.24;11.02;48.74;3899.36;1966.88;-1932.49;0.00
0.22;9.12;33.13;2650.13;1749.80;-900.33;0.00
0.25;9.96;45.43;3634.40;1971.28;-1663.12;0.00
0.29;10.37;34.36;2748.88;2241.56;-507.32;0.00
0.25;10.13;34.33;2746.11;2031.25;-714.86;0.00
0.22;11.31;37.42;2993.85;1866.93;-1126.91;0.00
0.27;11.77;33.30;2663.89;2205.68;-458.21;0.00
0.22;10.81;40.94;3275.28;1865.71;-1409.57;0.00
0.28;12.40;38.58;3086.68;2319.27;-767.41;0.00
0.23;9.19;38.31;3065.06;1850.19;-1214.87;0.00
0.28;9.48;36.16;2892.45;2165.29;-727.16;0.00
0.22;10.31;30.00;2399.97;1825.34;-574.63;0.00
0.25;12.89;35.04;2803.17;2164.94;-638.23;0.00
0.24;10.83;36.08;2886.59;1987.46;-899.13;0.00
0.24;11.72;38.79;3102.84;2039.98;-1062.86;0.00
0.25;8.79;34.79;2782.96;1911.18;-871.78;0.00
0.24;12.44;34.94;2795.17;2091.08;-704.09;0.00
0.28;10.50;38.65;3092.07;2189.91;-902.15;0.00
0.29;10.54;44.16;3532.62;2255.48;-1277.14;0.00
0.22;8.43;44.40;3551.90;1713.45;-1838.45;0.00
0.27;10.87;35.40;2832.34;2139.77;-692.58;0.00
0.27;9.13;34.55;2764.29;2066.17;-698.12;0.00
0.28;10.43;35.97;2877.80;2172.82;-704.99;0.00
0.26;9.01;38.42;3073.67;2014.08;-1059.59;0.00
0.18;11.04;31.58;2526.74;1648.85;-877.90;0.00
0.20;10.62;36.82;2945.37;1737.59;-1207.78;0.00
0.23;10.80;40.30;3223.72;1950.55;-1273.17;0.00
0.21;8.97;41.97;3357.93;1696.44;-1661.49;0.00
0.20;8.34;35.41;2833.18;1630.04;-1203.14;0.00
0.24;9.90;40.26;3220.78;1934.47;-1286.31;0.00
0.21;9.78;33.26;2660.74;1763.75;-896.99;0.00
0.25;9.35;45.12;3609.25;1941.39;-1667.87;0.00
0.22;9.26;36.90;2951.99;1767.71;-1184.27;0.00
0.24;10.90;39.16;3133.09;1972.84;-1160.25;0.00
0.23;11.76;35.70;2856.12;1988.81;-867.31;0.00
0.26;9.46;36.91;2952.40;2015.91;-936.49;0.00
0.24;13.58;46.25;3700.25;2145.14;-1555.11;0.00
0.29;11.13;38.22;3057.65;2279.60;-778.05;0.00
0.24;9.15;37.33;2986.04;1876.87;-1109.16;0.00
0.27;8.66;39.56;3164.79;2040.23;-1124.56;0.00
0.27;10.37;34.96;2796.73;2145.09;-651.64;0.00
0.28;8.27;43.37;3469.84;2080.30;-1389.54;0.00
0.24;9.28;43.98;3518.31;1924.05;-1594.26;0.00
0.27;9.09;42.88;3430.06;2073.00;-1357.06;0.00
0.23;10.91;42.13;3370.11;1942.04;-1428.07;0.00
0.28;8.17;44.29;3543.53;2066.63;-1476.90;0.00
0.27;9.40;46.33;3706.17;2054.40;-1651.78;0.00
0.26;9.92;30.51;2440.42;2046.07;-394.35;0.00
0.27;11.37;40.64;3251.51;2217.05;-1034.46;0.00
0.25;9.61;39.99;3199.04;2002.49;-1196.55;0.00
0.21;9.16;46.42;3713.41;1725.53;-1987.88;0.00
0.23;10.93;41.78;3342.51;1953.93;-1388.58;0.00
0.23;11.57;43.96;3516.96;1956.56;-1560.41;0.00
0.26;11.52;37.14;2971.47;2155.57;-815.90;0.00
0.29;10.64;44.34;3547.09;2294.70;-1252.38;0.00
0.26;8.46;33.36;2669.10;1984.10;-685.01;0.00
0.23;11.20;39.75;3179.64;1960.86;-1218.78;0.00
0.25;10.11;40.68;3254.03;2003.73;-1250.29;0.00
0.29;12.20;38.25;3060.22;2340.30;-719.92;0.00
0.23;8.60;39.16;3133.08;1826.64;-1306.44;0.00
0.27;9.79;41.73;3338.77;2075.73;-1263.04;0.00
0.30;7.62;35.48;2838.54;2188.49;-650.04;0.00
0.25;7.63;43.32;3465.70;1880.83;-1584.86;0.00
0.29;11.59;46.29;3703.20;2324.70;-1378.51;0.00
0.27;9.98;36.73;2938.32;2098.98;-839.34;0.00
0.26;12.73;42.74;3419.36;2190.17;-1229.19;0.00
0.24;9.74;38.05;3044.04;1941.97;-1102.07;0.00
0.29;9.62;38.77;3101.38;2199.77;-901.61;0.00
0.22;11.64;43.60;3488.05;1919.02;-1569.03;0.00
0.25;10.10;39.81;3184.42;1989.67;-1194.76;0.00
0.25;11.64;37.52;3001.83;2060.88;-940.95;0.00
0.30;9.99;39.00;3119.71;2302.79;-816.92;0.00
0.27;9.52;38.47;3077.66;2065.40;-1012.25;0.00
0.25;10.72;41.52;3321.68;2009.12;-1312.56;0.00
0.26;9.67;45.02;3601.45;2054.43;-1547.02;0.00
0.24;10.59;34.18;2734.73;1988.37;-746.36;0.00
0.22;9.77;43.22;3457.35;1838.20;-1619.15;0.00
0.22;11.21;33.58;2686.38;1911.05;-775.33;0.00
0.25;8.87;43.14;3451.00;1910.71;-1540.29;0.00
0.25;11.74;37.72;3017.51;2092.03;-925.48;0.00
0.24;11.05;47.02;3761.86;1977.57;-1784.28;0.00
0.23;8.48;38.41;3072.47;1781.69;-1290.78;0.00
0.23;9.93;45.84;3667.27;1875.86;-1791.41;0.00
0.28;10.16;33.56;2685.00;2168.77;-516.23;0.00
0.25;11.52;46.63;3730.32;2070.55;-1659.77;0.00
0.24;8.90;38.92;3113.32;1894.95;-1218.37;0.00
0.25;10.40;29.14;2331.25;2039.88;-291.37;0.00
0.25;12.05;34.76;2781.00;2088.34;-692.67;0.00
0.23;10.45;51.99;4159.22;1880.83;-2278.38;0.00
0.27;12.21;42.38;3390.59;2233.15;-1157.44;0.00
0.21;10.90;43.54;3483.55;1831.37;-1652.19;0.00
0.26;8.82;34.01;2720.95;1985.10;-735.85;0.00
0.22;9.07;47.75;3820.11;1747.86;-2072.25;0.00
0.29;9.07;49.43;3954.24;2153.45;-1800.80;0.00
0.23;8.98;45.77;3661.42;1809.96;-1851.46;0.00
0.25;9.73;35.09;2807.53;1972.46;-835.07;0.00
0.29;10.77;29.82;2385.49;2246.93;-138.57;0.00
0.25;8.13;34.02;2721.51;1905.92;-815.60;0.00
0.25;9.33;33.40;2671.79;1967.00;-704.79;0.00
0.27;9.85;36.37;2909.64;2086.33;-823.30;0.00
0.29;10.01;41.40;3311.89;2228.17;-1083.72;0.00
0.26;10.16;41.63;3330.40;2067.31;-1263.09;0.00
0.26;11.01;40.94;3274.98;2139.06;-1135.92;0.00
0.23;10.64;45.15;3612.10;1933.11;-1679.00;0.00
0.23;11.28;35.55;2843.96;1979.47;-864.48;0.00
0.27;9.86;39.26;3140.81;2121.84;-1018.97;0.00
0.23;10.15;45.10;3608.33;1861.63;-1746.71;0.00
0.29;11.60;40.52;3241.85;2345.57;-896.27;0.00
0.27;9.23;41.74;3339.01;2090.62;-1248.38;0.00
0.26;9.61;43.18;3454.18;2042.01;-1412.17;0.00
0.29;9.30;46.49;3719.41;2164.64;-1554.77;0.00
0.21;9.12;46.45;3715.94;1737.16;-1978.78;0.00
0.24;9.32;36.54;2923.00;1930.83;-992.17;0.00
0.22;9.45;29.83;2386.76;1790.82;-595.94;0.00
0.22;11.36;32.44;2595.00;1879.64;-715.36;0.00
0.28;10.47;45.33;3626.25;2210.62;-1415.63;0.00
0.24;10.49;41.32;3305.52;1984.47;-1321.05;0.00
0.27;9.53;38.16;3053.08;2107.32;-945.77;0.00
0.24;9.33;28.54;2282.81;1928.58;-354.22;0.00
0.26;10.45;39.61;3168.58;2103.36;-1065.22;0.00
0.20;10.95;37.31;2984.63;1760.59;-1224.05;0.00
0.27;9.96;46.22;3697.37;2138.58;-1558.78;0.00
0.27;11.64;35.97;2877.50;2231.48;-646.02;0.00
0.27;9.90;51.48;4118.70;2106.89;-2011.81;0.00
0.21;9.15;38.62;3089.28;1731.02;-1358.26;0.00
0.27;7.69;42.14;3371.01;1984.15;-1386.86;0.00
0.28;10.53;40.45;3235.88;2206.40;-1029.49;0.00
0.26;9.98;34.65;2772.04;2030.61;-741.44;0.00
0.28;11.08;37.88;3030.31;2234.83;-795.48;0.00
0.23;10.22;39.61;3169.08;1870.80;-1298.28;0.00
0.26;7.25;39.58;3166.73;1929.71;-1237.01;0.00
0.26;10.24;41.29;3302.85;2067.15;-1235.70;0.00
0.26;9.96;37.00;2960.27;2062.00;-898.27;0.00
0.24;9.47;43.30;3464.22;1911.13;-1553.09;0.00
0.25;10.20;36.28;2902.05;2036.98;-865.07;0.00
0.26;10.00;44.39;3551.55;2074.33;-1477.23;0.00
0.25;11.42;41.43;3314.25;2049.69;-1264.56;0.00
0.27;10.48;37.67;3013.25;2147.49;-865.76;0.00
0.24;11.02;37.97;3037.95;1979.94;-1058.00;0.00
0.25;9.61;42.82;3425.67;1984.09;-1441.59;0.00
0.20;8.36;28.93;2314.40;1639.56;-674.84;0.00
0.27;10.15;39.64;3170.86;2138.90;-1031.96;0.00
0.25;9.90;36.83;2946.77;1990.65;-956.12;0.00
0.27;9.77;37.85;3027.77;2108.93;-918.84;0.00
0.21;11.32;46.07;3685.59;1859.56;-1826.03;0.00
0.23;8.67;47.67;3813.36;1823.48;-1989.88;0.00
0.22;10.29;43.71;3497.13;1856.90;-1640.23;0.00
0.26;10.00;32.36;2588.82;2066.33;-522.49;0.00
0.22;11.37;34.50;2759.91;1884.11;-875.80;0.00
0.24;10.66;40.36;3228.94;1981.83;-1247.11;0.00
0.24;10.21;44.62;3569.25;1934.24;-1635.01;0.00
0.30;11.35;49.35;3947.78;2346.34;-1601.44;0.00
0.24;12.20;40.55;3243.66;2070.53;-1173.13;0.00
0.24;9.41;39.18;3134.27;1909.96;-1224.31;0.00
0.32;11.31;44.14;3531.38;2459.95;-1071.43;0.00
0.22;10.86;31.66;2533.06;1868.79;-664.27;0.00
0.26;9.81;47.46;3797.11;2053.25;-1743.87;0.00
0.28;9.32;43.07;3445.59;2117.87;-1327.72;0.00
0.25;12.22;45.71;3657.09;2134.36;-1522.73;0.00
0.24;10.76;39.18;3134.51;1967.83;-1166.68;0.00
0.23;10.99;38.82;3105.26;1949.48;-1155.78;0.00
0.29;10.84;42.87;3429.36;2253.46;-1175.90;0.00
0.26;10.99;36.12;2889.41;2128.30;-761.11;0.00
0.24;9.31;38.95;3116.03;1879.36;-1236.67;0.00
0.25;9.71;45.33;3626.48;1964.42;-1662.06;0.00
0.25;9.34;45.93;3674.34;1979.55;-1694.78;0.00
0.19;9.48;31.10;2487.72;1609.75;-877.97;0.00
0.25;10.24;41.73;3338.65;1990.02;-1348.63;0.00
0.26;8.96;38.85;3108.01;1993.01;-1115.00;0.00
0.23;9.10;43.61;3488.64;1808.69;-1679.96;0.00
0.26;8.76;39.86;3189.13;2012.90;-1176.23;0.00
0.25;9.86;45.57;3645.21;1965.66;-1679.55;0.00
0.27;10.09;40.57;3245.35;2142.38;-1102.97;0.00
0.28;10.35;41.96;3356.73;2175.79;-1180.94;0.00
0.28;11.75;28.95;2316.33;2264.64;-51.69;0.00
0.27;11.61;46.42;3713.85;2177.76;-1536.09;0.00
0.29;9.46;30.25;2420.33;2191.42;-228.91;0.00
0.25;9.88;41.11;3289.15;1965.61;-1323.53;0.00
0.24;9.92;33.65;2692.04;1950.94;-741.09;0.00
0.25;11.53;43.96;3516.95;2077.44;-1439.51;0.00
0.25;8.94;40.77;3261.38;1946.53;-1314.85;0.00
0.31;11.25;36.39;2911.18;2397.21;-513.96;0.00
0.27;10.31;45.05;3603.62;2134.77;-1468.85;0.00
0.20;8.71;39.18;3134.75;1643.07;-1491.68;0.00
0.23;9.88;42.34;3387.00;1868.41;-1518.59;0.00
0.26;9.88;45.58;3646.62;2024.31;-1622.31;0.00
0.24;9.79;40.28;3222.37;1909.99;-1312.38;0.00
0.24;9.01;33.19;2655.57;1889.49;-766.08;0.00
0.23;9.69;41.51;3321.18;1853.50;-1467.68;0.00
0.28;10.18;48.16;3852.50;2183.56;-1668.94;0.00
0.22;10.09;42.19;3375.03;1807.80;-1567.23;0.00
0.23;9.89;43.17;3453.21;1872.13;-1581.08;0.00
0.25;10.37;45.68;3654.12;2005.72;-1648.40;0.00
0.26;10.60;42.51;3401.06;2088.43;-1312.62;0.00
0.27;11.54;45.59;3646.93;2183.40;-1463.53;0.00
0.26;9.40;39.40;3151.91;2036.66;-1115.24;0.00
0.27;8.16;36.50;2920.38;2019.39;-900.99;0.00
0.25;10.04;46.88;3750.52;1979.75;-1770.77;0.00
0.26;9.23;35.53;2842.66;1991.09;-851.57;0.00
0.23;11.78;39.96;3197.02;1966.34;-1230.68;0.00
0.22;9.80;44.59;3567.55;1789.96;-1777.60;0.00
0.22;11.27;36.94;2955.33;1900.61;-1054.72;0.00
0.28;9.45;41.16;3292.42;2120.52;-1171.90;0.00
0.22;11.97;36.60;2928.14;1952.98;-975.15;0.00
0.24;9.91;44.28;3542.76;1913.65;-1629.11;0.00
0.23;7.84;39.42;3153.24;1780.74;-1372.50;0.00
0.27;9.94;33.09;2646.91;2109.58;-537.33;0.00
0.26;9.65;39.80;3183.61;2013.60;-1170.01;0.00
0.25;10.69;33.32;2665.24;2062.36;-602.89;0.00
0.27;8.88;33.44;2675.55;2047.84;-627.71;0.00
0.24;10.76;43.25;3460.21;1953.28;-1506.93;0.00
0.26;9.83;43.07;3445.53;2058.00;-1387.54;0.00
0.21;13.60;36.00;2880.20;1942.68;-937.52;0.00
0.20;11.44;32.74;2619.17;1793.46;-825.71;0.00
0.24;11.28;36.25;2900.32;2032.48;-867.84;0.00
0.28;11.46;36.79;2943.19;2261.50;-681.70;0.00
0.25;9.22;40.51;3240.79;1955.24;-1285.55;0.00
0.21;11.17;46.09;3687.17;1801.77;-1885.40;0.00
0.25;9.09;41.09;3287.14;1934.03;-1353.12;0.00
0.27;9.61;37.15;2972.11;2091.11;-881.01;0.00
0.23;9.08;39.96;3196.94;1849.61;-1347.32;0.00
0.25;9.57;55.31;4424.79;1958.59;-2466.20;0.00
0.22;9.72;39.47;3157.86;1826.63;-1331.23;0.00
0.27;7.38;42.27;3381.96;1958.04;-1423.92;0.00
0.25;10.68;40.47;3237.75;2058.83;-1178.92;0.00
0.27;10.80;47.48;3798.09;2183.30;-1614.78;0.00
0.21;9.35;37.97;3037.88;1715.61;-1322.27;0.00
0.24;10.44;36.95;2956.01;1965.22;-990.79;0.00
0.22;10.12;37.14;2971.40;1803.82;-1167.58;0.00
0.25;9.32;40.14;3211.16;1935.08;-1276.08;0.00
0.24;11.03;38.50;3079.76;1974.89;-1104.87;0.00
0.22;10.80;46.14;3690.97;1890.16;-1800.81;0.00
0.24;8.54;40.58;3246.66;1857.88;-1388.78;0.00
0.22;10.79;42.39;3391.45;1880.21;-1511.25;0.00
0.21;9.58;38.97;3117.72;1763.70;-1354.02;0.00
0.28;8.66;43.48;3478.44;2106.22;-1372.22;0.00
0.25;7.42;35.43;2834.20;1843.22;-990.99;0.00
0.26;9.42;35.25;2819.88;2008.67;-811.21;0.00
0.22;11.06;42.14;3370.86;1907.61;-1463.25;0.00
0.27;11.48;28.62;2289.45;2218.16;-71.29;0.00
0.25;10.68;35.36;2828.98;2011.54;-817.44;0.00
0.21;9.67;47.26;3780.49;1765.52;-2014.98;0.00
0.29;10.36;40.32;3225.50;2275.25;-950.25;0.00
0.26;8.86;43.69;3494.81;2012.15;-1482.66;0.00
