# X_0;X_1;X_2;R_0;S_0;G_0;I_0
0.29;11.23;43.07;3445.88;2294.51;-1151.37;0.00
0.29;8.32;48.82;3905.99;2149.65;-1756.34;0.00
0.25;11.20;42.35;3388.17;2061.66;-1326.51;0.00
0.29;8.92;38.20;3055.87;2167.18;-888.68;0.00
0.22;11.27;42.33;3386.56;1870.53;-1516.03;0.00
0.25;10.32;47.70;3815.62;2017.88;-1797.74;0.00
0.24;9.27;44.27;3541.21;1920.55;-1620.66;0.00
0.26;9.69;36.20;2896.39;2045.50;-850.89;0.00
0.23;10.07;40.76;3261.15;1893.50;-1367.64;0.00
0.26;11.29;37.77;3021.36;2142.29;-879.07;0.00
0.25;11.17;42.88;3430.47;2050.18;-1380.29;0.00
0.25;10.29;28.72;2297.44;2037.07;-260.37;0.00
0.27;8.56;33.86;2708.43;2061.02;-647.41;0.00
0.21;10.23;39.35;3147.68;1800.45;-1347.23;0.00
0.23;11.07;36.93;2954.71;1929.72;-1024.98;0.00
0.28;10.27;43.20;3456.34;2169.71;-1286.63;0.00
0.27;10.62;35.00;2799.73;2158.84;-640.89;0.00
0.29;10.46;31.08;2486.57;2264.77;-221.80;0.00
0.28;9.94;37.51;3000.45;2141.81;-858.64;0.00
0.25;9.63;37.48;2998.49;1957.55;-1040.94;0.00
0.20;10.72;38.15;3052.36;1754.44;-1297.92;0.00
0.26;10.00;45.34;3627.46;2072.43;-1555.03;0.00
0.25;13.02;35.98;2878.36;2187.83;-690.53;0.00
0.26;10.10;45.54;3643.58;2052.98;-1590.60;0.00
0.30;8.29;36.22;2897.90;2181.49;-716.41;0.00
0.25;10.23;49.61;3968.78;1996.05;-1972.73;0.00
0.28;10.40;46.52;3721.84;2186.51;-1535.33;0.00
0.28;11.81;40.35;3228.16;2247.81;-980.35;0.00
0.24;11.44;30.65;2451.84;1992.72;-459.12;0.00
0.21;9.91;32.46;2596.47;1774.32;-822.16;0.00
0.21;11.93;51.88;4150.13;1856.59;-2293.54;0.00
0.21;8.11;41.06;3284.83;1658.40;-1626.43;0.00
0.22;9.88;36.31;2904.75;1802.82;-1101.92;0.00
0.24;10.51;35.17;2813.83;1980.03;-833.80;0.00
0.26;11.53;32.60;2607.65;2161.08;-446.57;0.00
0.24;10.35;36.58;2926.40;1965.39;-961.01;0.00
0.21;9.53;40.17;3213.80;1749.90;-1463.91;0.00
0.27;9.64;36.15;2892.15;2098.06;-794.08;0.00
0.23;9.42;40.96;3277.19;1861.91;-1415.28;0.00
0.30;8.20;39.49;3159.35;2180.89;-978.46;0.00
0.27;8.24;33.80;2703.83;2036.46;-667.37;0.00
0.26;7.60;36.68;2934.02;1935.51;-998.51;0.00
0.22;10.81;39.83;3186.56;1894.58;-1291.98;0.00
0.27;9.61;34.32;2745.83;2095.95;-649.88;0.00
0.23;10.40;40.61;3248.92;1903.47;-1345.45;0.00
0.28;11.24;42.96;3436.49;2266.47;-1170.02;0.00
0.21;8.43;41.97;3357.36;1676.54;-1680.83;0.00
0.24;13.79;33.69;2695.26;2128.47;-566.79;0.00
0.28;10.10;36.64;2931.01;2184.50;-746.51;0.00
0.28;11.41;33.91;2712.79;2230.75;-482.04;0.00
0.21;12.36;39.30;3143.73;1911.02;-1232.71;0.00
0.25;12.51;38.12;3049.76;2119.31;-930.45;0.00
0.27;10.10;46.41;3712.93;2117.63;-1595.29;0.00
0.27;10.10;37.55;3004.00;2144.28;-859.73;0.00
0.28;10.74;42.74;3418.93;2229.18;-1189.75;0.00
0.26;8.70;40.54;3243.56;2001.26;-1242.30;0.00
0.24;9.45;32.61;2609.00;1936.65;-672.35;0.00
0.20;11.21;44.71;3576.74;1771.47;-1805.27;0.00
0.21;11.34;50.52;4041.84;1861.49;-2180.35;0.00
0.25;10.60;39.17;3133.35;2019.08;-1114.27;0.00
0.25;10.19;37.84;3026.81;1999.53;-1027.29;0.00
0.23;11.24;37.68;3014.33;1933.87;-1080.47;0.00
0.23;8.52;37.48;2998.29;1814.82;-1183.48;0.00
0.26;8.26;35.92;2873.94;1982.49;-891.45;0.00
0.22;10.83;44.65;3571.64;1866.47;-1705.17;0.00
0.25;11.28;33.84;2706.85;2079.81;-627.03;0.00
0.25;11.94;43.98;3518.43;2086.99;-1431.44;0.00
0.26;10.23;47.66;3812.57;2087.66;-1724.91;0.00
0.27;10.68;41.53;3322.67;2149.96;-1172.71;0.00
0.27;11.20;35.61;2848.82;2174.09;-674.74;0.00
0.29;12.03;40.70;3256.10;2331.12;-924.97;0.00
0.27;8.72;37.02;2961.93;2027.16;-934.78;0.00
0.26;8.28;37.27;2981.62;1946.01;-1035.62;0.00
0.29;11.30;36.12;2889.54;2282.86;-606.67;0.00
0.27;11.45;39.11;3128.96;2192.40;-936.56;0.00
0.25;9.62;41.89;3351.02;1978.86;-1372.16;0.00
0.26;8.90;31.25;2499.95;2025.26;-474.68;0.00
0.24;7.13;43.96;3516.44;1760.88;-1755.57;0.00
0.24;11.96;47.69;3815.28;2038.40;-1776.88;0.00
0.26;10.37;37.69;3015.20;2052.33;-962.87;0.00
0.24;11.92;43.75;3500.22;2032.34;-1467.88;0.00
0.22;8.69;40.48;3238.36;1739.89;-1498.47;0.00
0.22;11.26;39.16;3133.01;1901.71;-1231.30;0.00
0.22;8.79;39.22;3137.50;1767.76;-1369.74;0.00
0.21;7.78;39.64;3171.15;1640.39;-1530.76;0.00
0.26;9.34;40.89;3270.94;1998.83;-1272.12;0.00
0.24;11.35;34.73;2778.65;1994.25;-784.40;0.00
0.23;8.91;38.52;3081.60;1828.47;-1253.13;0.00
0.29;9.78;32.57;2605.28;2229.70;-375.57;0.00
0.25;11.33;36.94;2955.49;2078.48;-877.01;0.00
0.24;9.99;38.13;3050.13;1966.25;-1083.88;0.00
0.23;9.07;40.20;3216.21;1826.05;-1390.16;0.00
0.26;10.65;35.94;2875.03;2064.71;-810.33;0.00
0.27;10.16;39.69;3174.97;2121.75;-1053.23;0.00
0.27;9.58;41.03;3282.65;2073.41;-1209.24;0.00
0.26;10.64;36.83;2946.57;2108.88;-837.69;0.00
0.24;12.56;40.74;3259.49;2050.71;-1208.78;0.00
0.24;7.61;32.75;2620.00;1817.23;-802.77;0.00
0.27;9.48;46.86;3748.44;2063.99;-1684.45;0.00
0.28;9.66;40.27;3221.74;2161.07;-1060.68;0.00
0.24;9.23;38.97;3117.59;1896.67;-1220.92;0.00
0.20;9.06;31.85;2547.76;1674.89;-872.87;0.00
0.26;9.80;47.13;3770.35;2028.96;-1741.39;0.00
0.21;9.61;39.21;3137.08;1768.25;-1368.83;0.00
0.28;9.28;35.93;2874.49;2133.73;-740.76;0.00
0.25;10.44;39.51;3160.53;2013.79;-1146.74;0.00
0.24;11.24;39.91;3192.84;1998.85;-1194.00;0.00
0.24;10.22;41.38;3310.61;1973.07;-1337.54;0.00
0.24;10.28;37.73;3018.34;1943.74;-1074.60;0.00
0.25;11.22;36.28;2902.11;2087.06;-815.05;0.00
0.26;10.54;44.85;3587.96;2105.49;-1482.46;0.00
0.27;8.50;42.01;3360.49;2044.36;-1316.13;0.00
0.24;11.33;42.41;3392.92;2032.92;-1359.99;0.00
0.26;9.68;39.31;3144.71;2054.42;-1090.29;0.00
0.22;11.89;35.94;2874.94;1947.66;-927.27;0.00
0.24;10.36;30.60;2447.71;1950.28;-497.42;0.00
0.27;9.55;38.73;3098.79;2102.87;-995.92;0.00
0.28;8.66;43.89;3511.12;2088.97;-1422.15;0.00
0.29;10.42;37.50;3000.10;2276.43;-723.67;0.00
0.22;10.84;48.79;3903.54;1865.81;-2037.73;0.00
0.22;14.02;41.46;3316.68;2059.36;-1257.32;0.00
0.23;10.08;41.51;3320.54;1866.51;-1454.03;0.00
0.26;10.32;35.39;2830.88;2088.77;-742.11;0.00
0.26;11.40;45.78;3662.72;2150.63;-1512.10;0.00
0.29;11.91;37.63;3010.24;2350.69;-659.55;0.00
0.23;10.02;48.65;3891.82;1904.99;-1986.83;0.00
0.26;12.58;42.63;3410.18;2200.91;-1209.28;0.00
0.25;8.99;38.96;3117.17;1927.63;-1189.54;0.00
0.28;8.44;46.02;3681.70;2097.34;-1584.36;0.00
0.29;11.44;41.35;3307.91;2290.21;-1017.70;0.00
0.29;11.91;44.78;3582.03;2317.95;-1264.08;0.00
0.25;10.21;39.54;3163.23;1987.22;-1176.01;0.00
0.27;10.41;41.59;3327.39;2118.79;-1208.60;0.00
0.23;10.68;44.93;3594.56;1942.88;-1651.68;0.00
0.26;9.79;31.64;2531.58;2021.22;-510.36;0.00
0.26;9.65;44.13;3530.45;2045.35;-1485.10;0.00
0.22;7.58;42.35;3388.27;1686.23;-1702.04;0.00
0.21;11.61;48.65;3892.33;1861.23;-2031.10;0.00
0.24;8.77;43.66;3492.45;1889.39;-1603.06;0.00
0.22;10.77;35.18;2814.20;1884.62;-929.58;0.00
0.28;9.05;47.32;3785.47;2095.35;-1690.11;0.00
0.27;11.05;45.30;3624.39;2167.10;-1457.28;0.00
0.25;9.26;39.73;3178.26;1948.57;-1229.69;0.00
0.21;7.77;35.20;2815.72;1648.20;-1167.52;0.00
0.24;9.58;35.58;2846.34;1943.47;-902.87;0.00
0.23;9.62;45.10;3608.16;1871.58;-1736.58;0.00
0.24;8.76;45.50;3639.86;1855.13;-1784.74;0.00
0.29;7.62;43.27;3461.91;2103.34;-1358.57;0.00
0.27;11.40;36.41;2912.79;2194.07;-718.72;0.00
0.25;9.08;43.14;3450.92;1959.44;-1491.48;0.00
0.21;11.27;36.78;2942.03;1829.11;-1112.92;0.00
0.25;9.34;35.75;2860.33;1966.62;-893.71;0.00
0.25;9.56;39.03;3122.78;1962.03;-1160.75;0.00
0.29;9.71;44.46;3556.87;2214.23;-1342.64;0.00
0.24;8.64;45.59;3647.05;1838.49;-1808.56;0.00
0.25;11.13;43.41;3473.02;2043.94;-1429.08;0.00
0.23;11.02;42.14;3371.26;1948.15;-1423.11;0.00
0.24;12.09;39.76;3181.08;2035.28;-1145.79;0.00
0.25;9.25;46.94;3754.91;1938.44;-1816.48;0.00
0.24;9.08;30.11;2408.74;1875.26;-533.48;0.00
0.26;9.79;35.74;2859.12;2034.77;-824.35;0.00
0.20;9.06;47.30;3784.18;1674.67;-2109.51;0.00
0.31;11.39;40.94;3275.18;2411.54;-863.64;0.00
0.23;8.88;40.45;3236.28;1817.08;-1419.20;0.00
0.24;12.00;47.39;3791.00;2061.86;-1729.13;0.00
0.24;8.71;51.58;4126.07;1853.92;-2272.15;0.00
0.25;9.80;39.96;3196.44;1959.63;-1236.81;0.00
0.22;11.51;47.74;3819.55;1903.83;-1915.72;0.00
0.28;10.25;35.28;2822.71;2185.77;-636.95;0.00
0.25;11.08;42.29;3383.40;2076.38;-1307.02;0.00
0.25;12.07;35.34;2826.90;2122.69;-704.21;0.00
0.28;8.68;39.52;3161.40;2101.41;-1059.99;0.00
0.29;10.55;36.41;2913.18;2255.63;-657.56;0.00
0.26;12.25;40.86;3268.44;2165.64;-1102.81;0.00
0.27;9.42;46.98;3758.22;2103.76;-1654.47;0.00
0.22;9.97;47.71;3816.67;1832.88;-1983.80;0.00
0.25;9.82;41.11;3288.76;1988.72;-1300.04;0.00
0.21;9.19;44.65;3572.03;1726.35;-1845.68;0.00
0.25;11.26;40.76;3260.49;2071.60;-1188.89;0.00
0.22;10.79;39.57;3165.58;1868.24;-1297.34;0.00
0.31;11.04;32.43;2594.15;2389.74;-204.41;0.00
0.29;11.04;38.72;3097.74;2303.92;-793.82;0.00
0.23;11.64;45.39;3631.15;1944.86;-1686.29;0.00
0.24;10.58;45.90;3672.17;1983.38;-1688.79;0.00
0.21;11.20;45.58;3646.12;1852.44;-1793.68;0.00
0.24;9.17;37.70;3016.35;1912.35;-1104.01;0.00
0.22;9.83;36.69;2935.00;1841.97;-1093.03;0.00
0.27;10.96;50.95;4076.26;2150.81;-1925.45;0.00
0.23;12.63;41.73;3338.73;2033.06;-1305.67;0.00
0.23;10.87;43.00;3439.74;1926.52;-1513.21;0.00
0.26;9.18;37.32;2985.36;2007.56;-977.80;0.00
0.23;9.54;31.22;2497.78;1875.52;-622.26;0.00
0.23;10.04;45.42;3633.35;1897.98;-1735.37;0.00
0.22;10.80;38.92;3113.86;1875.03;-1238.84;0.00
0.24;9.94;41.52;3321.54;1908.59;-1412.95;0.00
0.27;11.09;46.19;3695.35;2154.27;-1541.09;0.00
0.25;7.85;37.33;2986.70;1896.26;-1090.44;0.00
0.26;10.84;34.56;2764.72;2116.89;-647.84;0.00
0.27;12.72;36.14;2891.03;2267.49;-623.54;0.00
0.23;9.78;39.94;3194.98;1864.94;-1330.04;0.00
0.23;10.14;46.03;3682.47;1868.94;-1813.53;0.00
0.26;10.25;40.78;3262.26;2065.35;-1196.91;0.00
0.28;9.33;35.77;2861.98;2140.28;-721.70;0.00
0.23;10.17;39.58;3166.31;1878.40;-1287.90;0.00
0.22;11.21;41.24;3299.46;1904.95;-1394.51;0.00
0.27;11.40;31.50;2520.32;2166.32;-354.01;0.00
0.22;10.42;43.96;3516.69;1873.28;-1643.41;0.00
0.27;8.52;31.10;2488.12;2029.22;-458.90;0.00
0.23;8.09;47.22;3777.67;1753.32;-2024.35;0.00
0.26;10.31;44.08;3526.31;2069.21;-1457.10;0.00
0.26;7.13;40.98;3278.16;1895.77;-1382.38;0.00
0.23;12.85;38.77;3101.40;2007.78;-1093.62;0.00
0.21;11.17;33.67;2693.78;1819.57;-874.21;0.00
0.28;10.87;43.11;3449.03;2207.93;-1241.10;0.00
0.24;11.44;38.06;3044.60;1992.38;-1052.22;0.00
0.29;9.04;42.18;3374.75;2153.41;-1221.35;0.00
0.26;9.34;32.20;2575.62;2000.91;-574.70;0.00
0.28;10.17;42.53;3402.78;2197.92;-1204.86;0.00
0.20;9.48;43.09;3447.10;1678.39;-1768.71;0.00
0.24;9.55;38.91;3112.67;1889.17;-1223.50;0.00
0.22;9.67;41.85;3348.27;1813.62;-1534.65;0.00
0.30;10.77;37.69;3015.31;2349.83;-665.48;0.00
0.24;10.26;44.44;3555.39;1942.35;-1613.04;0.00
0.27;10.65;45.24;3619.40;2125.49;-1493.91;0.00
0.25;10.46;43.45;3476.29;2042.88;-1433.41;0.00
0.21;12.35;45.08;3606.62;1881.09;-1725.53;0.00
0.23;10.90;45.97;3677.48;1902.17;-1775.31;0.00
0.25;10.59;34.24;2738.98;2037.64;-701.34;0.00
0.23;9.45;41.41;3313.00;1873.31;-1439.70;0.00
0.27;11.43;33.89;2711.23;2189.09;-522.14;0.00
0.26;10.45;41.69;3334.89;2054.32;-1280.57;0.00
0.22;7.95;41.90;3352.02;1702.77;-1649.25;0.00
0.23;9.48;40.61;3248.74;1866.11;-1382.63;0.00
0.23;10.48;47.55;3803.64;1907.01;-1896.62;0.00
0.26;11.99;38.34;3066.97;2146.71;-920.25;0.00
0.21;8.63;42.31;3384.85;1696.62;-1688.23;0.00
0.21;10.17;41.69;3335.57;1798.60;-1536.97;0.00
0.28;9.67;40.52;3241.87;2175.43;-1066.43;0.00
0.24;10.84;40.82;3265.41;1967.58;-1297.84;0.00
0.27;10.56;34.24;2739.01;2131.69;-607.32;0.00
0.27;11.25;43.50;3479.72;2172.64;-1307.07;0.00
0.27;10.85;36.06;2885.04;2134.27;-750.77;0.00
0.22;11.26;39.52;3161.69;1893.11;-1268.59;0.00
0.28;8.84;36.32;2905.90;2103.98;-801.92;0.00
0.23;9.91;38.47;3077.45;1874.17;-1203.27;0.00
0.25;10.64;51.85;4147.78;2035.72;-2112.06;0.00
0.25;9.73;32.80;2624.20;2000.92;-623.28;0.00
0.21;9.92;32.94;2635.23;1757.07;-878.16;0.00
0.23;11.03;38.69;3095.16;1965.37;-1129.79;0.00
0.26;10.31;42.63;3410.44;2072.10;-1338.34;0.00
0.26;11.26;36.78;2942.33;2141.35;-800.98;0.00
0.22;9.77;38.95;3115.84;1808.50;-1307.34;0.00
0.25;10.09;46.12;3689.66;2013.59;-1676.07;0.00
0.30;11.69;41.48;3318.51;2380.16;-938.35;0.00
0.27;10.77;38.48;3078.06;2177.59;-900.47;0.00
0.30;9.25;44.49;3559.39;2228.48;-1330.91;0.00
0.25;11.91;41.69;3335.57;2108.46;-1227.11;0.00
0.26;10.16;40.20;3216.29;2080.14;-1136.15;0.00
0.25;10.51;37.59;3007.54;2036.13;-971.41;0.00
0.32;8.21;39.63;3170.52;2296.12;-874.40;0.00
0.25;8.85;40.86;3268.76;1923.71;-1345.05;0.00
0.28;10.08;48.06;3844.62;2199.74;-1644.88;0.00
0.25;10.45;37.99;3039.11;2019.80;-1019.31;0.00
0.24;10.36;38.10;3047.70;1954.93;-1092.78;0.00
0.23;9.40;43.58;3486.36;1831.59;-1654.78;0.00
0.32;9.26;49.08;3926.71;2356.94;-1569.77;0.00
0.25;10.40;46.90;3751.97;2045.73;-1706.24;0.00
0.25;9.25;42.28;3382.56;1983.75;-1398.81;0.00
0.26;10.26;45.53;3642.08;2061.21;-1580.87;0.00
0.26;10.26;32.06;2564.66;2091.20;-473.46;0.00
0.26;11.75;44.26;3540.68;2128.32;-1412.36;0.00
0.25;9.29;41.39;3311.44;1981.43;-1330.01;0.00
0.26;13.13;36.47;2917.57;2203.83;-713.75;0.00
0.21;10.89;50.91;4072.86;1788.65;-2284.21;0.00
0.23;12.67;45.72;3657.54;2004.21;-1653.33;0.00
0.27;12.77;34.20;2735.87;2261.58;-474.29;0.00
0.25;11.18;30.00;2399.97;2081.05;-318.93;0.00
0.23;9.77;40.49;3238.93;1886.32;-1352.61;0.00
0.22;10.13;37.70;3016.14;1851.08;-1165.06;0.00
0.26;10.39;34.76;2780.87;2097.23;-683.64;0.00
0.25;9.95;40.40;3232.07;1975.39;-1256.68;0.00
0.30;9.87;51.76;4141.04;2264.46;-1876.58;0.00
0.28;8.79;40.26;3221.13;2106.75;-1114.38;0.00
0.28;8.17;41.45;3316.15;2068.46;-1247.69;0.00
0.29;10.69;40.58;3246.17;2279.62;-966.55;0.00
0.26;9.91;35.04;2802.97;2039.67;-763.30;0.00
0.24;10.05;44.29;3543.58;1926.71;-1616.87;0.00
0.25;11.45;46.74;3738.98;2074.87;-1664.12;0.00
0.25;8.64;33.72;2697.63;1919.79;-777.85;0.00
0.22;9.22;33.40;2671.79;1775.34;-896.45;0.00
0.26;9.80;37.09;2967.00;2018.81;-948.19;0.00
0.30;10.55;55.89;4471.49;2311.18;-2160.31;0.00
0.26;9.86;34.27;2741.73;2038.39;-703.35;0.00
0.27;8.48;42.01;3360.73;2053.94;-1306.80;0.00
0.27;10.82;40.90;3271.72;2162.20;-1109.52;0.00
0.29;10.61;36.93;2954.40;2259.12;-695.28;0.00
0.27;8.19;38.40;3072.27;2024.17;-1048.10;0.00
0.23;11.19;38.80;3104.34;1941.56;-1162.78;0.00
0.25;11.66;37.10;2967.60;2091.30;-876.31;0.00
0.24;8.87;41.63;3330.62;1851.44;-1479.18;0.00
0.23;11.95;43.66;3492.86;2014.02;-1478.84;0.00
0.25;10.79;41.76;3341.05;2021.66;-1319.39;0.00
0.23;9.96;33.56;2684.68;1896.60;-788.08;0.00
0.27;12.30;44.36;3548.97;2245.23;-1303.74;0.00
0.23;8.30;45.43;3634.61;1806.13;-1828.48;0.00
0.29;10.05;34.43;2754.49;2211.55;-542.94;0.00
0.23;9.98;40.35;3228.19;1888.17;-1340.03;0.00
0.27;10.29;52.49;4199.21;2144.64;-2054.56;0.00
0.21;10.43;40.74;3259.51;1802.19;-1457.32;0.00
0.25;9.63;35.99;2879.24;1997.16;-882.08;0.00
0.23;11.25;46.47;3717.53;1972.34;-1745.19;0.00
0.20;9.84;29.43;2354.39;1688.98;-665.41;0.00
0.26;9.84;37.78;3022.54;2055.66;-966.88;0.00
0.25;11.02;43.99;3518.85;2072.42;-1446.43;0.00
0.21;8.96;39.08;3126.02;1704.57;-1421.45;0.00
0.26;10.49;46.65;3731.64;2095.52;-1636.12;0.00
0.23;9.42;47.35;3788.13;1848.03;-1940.10;0.00
0.20;10.23;44.68;3574.19;1738.72;-1835.47;0.00
0.20;9.33;38.43;3074.33;1695.64;-1378.69;0.00
0.30;9.17;40.35;3228.08;2240.75;-987.33;0.00
0.26;10.86;38.61;3089.14;2111.39;-977.74;0.00
0.25;11.83;44.14;3531.25;2097.55;-1433.70;0.00
0.27;9.20;38.03;3042.04;2084.58;-957.46;0.00
0.25;10.63;41.03;3282.04;2047.17;-1234.87;0.00
0.24;9.13;32.16;2572.88;1902.86;-670.03;0.00
0.25;9.43;40.26;3220.68;1945.15;-1275.52;0.00
0.27;9.61;41.19;3295.27;2121.65;-1173.62;0.00
0.26;12.52;36.39;2910.84;2185.91;-724.92;0.00
0.27;9.02;36.81;2944.54;2070.94;-873.59;0.00
0.25;10.62;39.40;3152.26;2032.22;-1120.04;0.00
0.26;9.01;42.01;3360.61;2000.69;-1359.92;0.00
0.23;12.90;30.34;2427.15;2020.68;-406.46;0.00
0.29;10.67;48.13;3850.70;2254.74;-1595.95;0.00
0.25;10.15;36.45;2915.83;1996.68;-919.15;0.00
0.28;11.56;38.51;3080.85;2285.75;-795.10;0.00
0.27;10.18;38.89;3110.95;2114.20;-996.75;0.00
0.23;10.74;40.69;3255.02;1932.80;-1322.22;0.00
0.31;10.79;40.10;3208.40;2388.37;-820.02;0.00
0.29;10.46;48.76;3900.64;2233.55;-1667.09;0.00
0.25;9.47;31.08;2486.40;1965.55;-520.85;0.00
0.26;9.98;45.00;3600.00;2048.20;-1551.80;0.00
0.25;10.12;43.94;3515.38;2021.90;-1493.48;0.00
0.22;9.30;42.93;3434.33;1800.50;-1633.83;0.00
0.25;10.84;42.49;3398.82;2070.46;-1328.36;0.00
0.26;11.14;43.12;3449.90;2143.20;-1306.70;0.00
0.27;10.80;45.12;3609.69;2145.99;-1463.71;0.00
0.26;10.33;43.19;3455.31;2090.15;-1365.17;0.00
0.22;9.43;39.53;3162.55;1767.88;-1394.67;0.00
0.27;10.61;41.04;3282.95;2172.72;-1110.23;0.00
0.24;10.87;38.64;3091.00;2010.96;-1080.04;0.00
0.22;9.95;44.73;3578.42;1825.19;-1753.23;0.00
0.25;9.35;37.58;3006.74;1955.78;-1050.95;0.00
0.27;8.17;47.48;3798.63;2014.98;-1783.65;0.00
0.25;11.08;34.93;2794.35;2082.96;-711.39;0.00
0.28;9.17;38.32;3065.43;2106.63;-958.80;0.00
0.28;10.72;44.63;3570.62;2219.26;-1351.36;0.00
0.28;8.56;43.33;3466.53;2088.82;-1377.71;0.00
0.22;10.15;43.50;3479.74;1838.75;-1640.99;0.00
0.28;10.22;46.98;3758.13;2161.89;-1596.24;0.00
0.25;12.66;42.05;3363.80;2167.34;-1196.45;0.00
0.25;8.50;52.61;4208.62;1898.47;-2310.15;0.00
0.23;10.59;40.38;3230.33;1889.99;-1340.34;0.00
0.24;10.19;33.31;2665.20;1952.05;-713.15;0.00
0.28;9.95;44.17;3533.42;2191.89;-1341.53;0.00
0.22;9.45;33.83;2706.67;1816.35;-890.32;0.00
0.25;11.72;46.31;3704.68;2064.02;-1640.66;0.00
0.24;10.92;34.12;2729.43;1991.00;-738.44;0.00
0.20;11.48;44.06;3524.63;1761.42;-1763.21;0.00
0.24;10.95;40.00;3199.81;1974.99;-1224.82;0.00
0.23;10.66;39.32;3145.99;1941.63;-1204.36;0.00
0.27;11.42;31.96;2556.50;2172.07;-384.43;0.00
0.23;10.64;40.73;3258.64;1925.57;-1333.07;0.00
0.21;12.58;33.61;2688.50;1883.30;-805.19;0.00
0.25;10.69;43.91;3512.52;2033.13;-1479.40;0.00
0.23;8.41;43.33;3466.26;1804.85;-1661.41;0.00
0.22;9.50;45.49;3639.26;1773.25;-1866.02;0.00
0.28;9.11;28.52;2281.46;2124.01;-157.45;0.00
0.27;10.14;37.07;2965.67;2134.61;-831.06;0.00
0.23;11.26;34.21;2737.15;1925.35;-811.80;0.00
0.27;10.67;34.23;2738.37;2153.59;-584.78;0.00
0.25;9.54;33.02;2641.27;1977.65;-663.62;0.00
0.24;10.67;42.86;3428.74;1976.42;-1452.32;0.00
0.25;11.53;31.19;2494.90;2094.39;-400.50;0.00
0.24;11.40;39.69;3174.91;2034.31;-1140.60;0.00
0.23;9.83;39.98;3198.72;1891.91;-1306.81;0.00
0.25;9.52;40.73;3258.35;1997.16;-1261.19;0.00
0.27;9.69;41.44;3315.51;2070.92;-1244.59;0.00
0.28;11.64;35.89;2871.25;2238.42;-632.84;0.00
0.29;9.62;39.00;3119.68;2239.82;-879.86;0.00
0.24;10.16;36.29;2903.51;1957.52;-945.99;0.00
0.25;9.86;46.41;3712.99;2012.85;-1700.14;0.00
0.23;8.68;36.62;2929.31;1815.52;-1113.79;0.00
0.25;10.98;43.45;3475.84;2025.08;-1450.76;0.00
0.24;8.63;38.04;3043.34;1840.49;-1202.84;0.00
0.27;10.03;37.19;2974.98;2132.86;-842.12;0.00
0.25;9.33;49.06;3924.60;1947.47;-1977.13;0.00
0.23;10.78;31.59;2527.32;1930.60;-596.73;0.00
0.22;10.40;38.74;3099.42;1843.08;-1256.35;0.00
0.25;11.42;46.39;3711.28;2060.78;-1650.50;0.00
0.25;10.11;39.90;3191.84;2000.67;-1191.17;0.00
0.19;10.55;43.94;3514.81;1684.35;-1830.45;0.00
0.26;10.14;44.07;3525.23;2039.32;-1485.92;0.00
0.22;11.59;37.98;3038.36;1935.87;-1102.49;0.00
0.24;11.07;33.32;2665.57;1969.61;-695.96;0.00
0.29;10.27;47.76;3820.97;2261.20;-1559.77;0.00
0.28;10.88;45.75;3660.20;2198.49;-1461.71;0.00
0.22;9.63;33.54;2683.29;1777.42;-905.87;0.00
0.26;10.95;32.99;2639.42;2123.96;-515.46;0.00
0.22;11.04;49.97;3997.53;1897.60;-2099.93;0.00
0.25;9.33;35.04;2802.88;1939.28;-863.60;0.00
0.23;11.53;39.87;3189.73;1939.11;-1250.62;0.00
0.25;9.15;41.80;3343.89;1938.50;-1405.39;0.00
0.23;11.98;42.24;3379.24;1982.18;-1397.06;0.00
0.28;10.64;41.35;3308.31;2196.07;-1112.23;0.00
0.22;9.94;42.58;3406.15;1846.67;-1559.47;0.00
0.26;12.14;36.34;2907.49;2155.23;-752.26;0.00
0.28;9.71;38.22;3057.61;2140.99;-916.62;0.00
0.26;11.72;46.27;3701.89;2132.29;-1569.61;0.00
0.30;10.95;42.05;3364.11;2317.11;-1047.00;0.00
0.24;12.41;34.64;2770.95;2063.17;-707.78;0.00
0.28;10.09;40.89;3271.52;2163.09;-1108.43;0.00
0.25;10.11;37.95;3036.05;2023.35;-1012.70;0.00
0.24;11.19;37.11;2968.47;2017.53;-950.93;0.00
0.24;10.75;42.01;3360.97;1962.30;-1398.67;0.00
0.20;10.66;42.26;3380.78;1717.61;-1663.17;0.00
0.26;8.24;45.97;3677.45;1971.54;-1705.91;0.00
0.26;11.21;33.15;2652.09;2100.09;-552.00;0.00
0.25;12.53;31.67;2533.67;2138.60;-395.07;0.00
0.29;8.87;44.24;3539.38;2176.01;-1363.38;0.00
0.22;9.80;37.01;2960.66;1839.58;-1121.08;0.00
0.25;11.07;37.55;3003.77;2045.37;-958.40;0.00
0.27;9.61;38.79;3102.93;2070.30;-1032.63;0.00
0.23;9.72;41.14;3290.84;1837.89;-1452.95;0.00
0.23;10.08;40.74;3259.55;1907.61;-1351.94;0.00
0.25;11.16;42.64;3410.99;2086.03;-1324.96;0.00
0.25;9.71;41.32;3305.47;2000.76;-1304.70;0.00
0.22;10.45;44.05;3524.23;1872.01;-1652.22;0.00
0.22;10.35;34.74;2778.91;1842.26;-936.65;0.00
0.26;10.97;41.66;3333.18;2091.07;-1242.10;0.00
0.24;10.17;38.98;3118.47;1927.60;-1190.87;0.00
0.25;10.64;41.01;3280.81;2025.31;-1255.50;0.00
0.23;8.57;34.09;2727.08;1798.18;-928.90;0.00
0.26;11.63;37.98;3038.62;2130.71;-907.91;0.00
0.24;9.45;43.01;3440.98;1935.41;-1505.57;0.00
0.26;10.87;37.26;2980.42;2112.81;-867.61;0.00
0.24;8.75;34.89;2791.27;1860.38;-930.89;0.00
0.26;9.58;44.34;3547.07;2011.29;-1535.78;0.00
0.27;8.19;43.48;3478.77;2044.10;-1434.67;0.00
0.23;10.03;37.31;2984.44;1903.48;-1080.97;0.00
0.22;10.44;38.26;3060.85;1818.78;-1242.07;0.00
0.24;10.37;41.37;3309.81;1934.64;-1375.16;0.00
0.26;10.07;49.65;3972.09;2077.00;-1895.09;0.00
0.24;11.65;43.14;3451.38;2031.64;-1419.73;0.00
0.28;11.52;41.33;3306.53;2276.66;-1029.87;0.00
0.25;10.16;38.49;3079.23;2016.71;-1062.52;0.00
0.28;11.05;35.99;2879.56;2209.82;-669.74;0.00
0.29;10.03;35.94;2874.98;2251.43;-623.55;0.00
0.28;12.25;32.04;2563.14;2314.83;-248.31;0.00
0.25;10.30;39.45;3156.17;2024.12;-1132.04;0.00
0.22;11.52;39.32;3145.92;1926.37;-1219.55;0.00
0.27;9.55;34.95;2795.92;2080.37;-715.55;0.00
0.26;12.84;44.25;3539.67;2215.68;-1323.99;0.00
0.29;10.29;41.19;3295.26;2219.16;-1076.10;0.00
0.27;9.04;36.91;2952.81;2036.75;-916.06;0.00
0.26;9.36;42.97;3437.77;2001.01;-1436.76;0.00
0.27;10.22;42.28;3382.18;2103.92;-1278.25;0.00
0.28;10.90;42.15;3371.61;2218.11;-1153.49;0.00
0.24;11.66;44.68;3574.15;2039.84;-1534.31;0.00
0.22;8.94;37.65;3012.24;1753.52;-1258.72;0.00
0.18;9.28;37.11;2968.75;1568.41;-1400.34;0.00
0.28;9.81;40.83;3266.49;2186.66;-1079.83;0.00
0.26;9.97;35.99;2879.23;2037.61;-841.62;0.00
0.27;10.13;45.34;3627.29;2112.42;-1514.87;0.00
0.27;9.84;33.31;2665.09;2128.66;-536.43;0.00
0.27;11.70;35.65;2852.34;2183.29;-669.05;0.00
0.24;9.57;43.66;3492.50;1898.29;-1594.20;0.00
0.24;10.15;42.45;3396.13;1951.59;-1444.54;0.00
0.24;9.84;46.21;3696.53;1909.52;-1787.01;0.00
0.25;10.48;42.44;3395.16;2041.62;-1353.54;0.00
0.27;10.25;33.92;2713.67;2122.95;-590.73;0.00
0.21;10.19;37.09;2966.85;1780.73;-1186.12;0.00
0.27;12.39;38.12;3049.52;2254.58;-794.95;0.00
0.27;11.61;42.06;3365.00;2212.21;-1152.78;0.00
0.26;8.45;48.12;3849.75;1953.38;-1896.37;0.00
0.27;10.61;45.24;3618.81;2124.82;-1493.99;0.00
0.25;7.78;43.96;3516.58;1861.32;-1655.26;0.00
0.28;8.76;43.03;3442.77;2077.98;-1364.79;0.00
0.25;9.99;31.50;2519.66;2010.34;-509.33;0.00
0.29;11.09;41.53;3322.02;2281.85;-1040.16;0.00
0.24;11.71;42.21;3377.10;2034.94;-1342.16;0.00
0.27;10.21;39.87;3189.65;2097.27;-1092.39;0.00
0.23;11.02;38.92;3113.75;1953.54;-1160.21;0.00
0.24;8.84;41.40;3311.67;1886.61;-1425.06;0.00
0.25;11.65;40.48;3238.58;2080.55;-1158.02;0.00
0.24;9.47;38.45;3076.37;1893.73;-1182.65;0.00
0.25;10.25;46.55;3723.91;2038.22;-1685.69;0.00
0.26;11.53;45.10;3607.79;2114.24;-1493.55;0.00
0.26;11.05;38.34;3067.22;2136.83;-930.39;0.00
0.23;10.12;38.22;3057.99;1889.89;-1168.10;0.00
0.27;10.02;32.60;2607.63;2122.40;-485.23;0.00
0.25;11.91;42.18;3374.27;2095.63;-1278.65;0.00
0.26;11.54;36.36;2909.16;2120.57;-788.59;0.00
0.29;8.50;37.11;2968.53;2154.65;-813.89;0.00
0.23;8.80;37.38;2990.62;1834.69;-1155.94;0.00
0.20;10.57;35.76;2860.91;1732.84;-1128.07;0.00
0.23;10.74;35.26;2820.91;1913.23;-907.68;0.00
0.22;10.47;40.78;3262.10;1871.62;-1390.48;0.00
0.22;9.70;38.48;3078.41;1825.12;-1253.29;0.00
0.24;11.83;45.00;3600.21;2025.50;-1574.71;0.00
0.25;8.92;41.29;3303.53;1934.76;-1368.77;0.00
0.22;11.83;38.03;3042.44;1914.39;-1128.05;0.00
0.26;10.10;49.45;3956.08;2070.58;-1885.49;0.00
0.24;9.92;38.48;3078.12;1915.61;-1162.51;0.00
0.24;10.93;45.77;3661.34;2011.02;-1650.32;0.00
0.23;10.10;38.07;3045.31;1897.79;-1147.52;0.00
0.23;10.38;43.05;3444.03;1892.89;-1551.15;0.00
0.26;11.20;45.61;3648.72;2130.77;-1517.95;0.00
0.20;9.62;34.02;2721.33;1702.58;-1018.75;0.00
0.25;12.50;42.50;3399.64;2134.74;-1264.90;0.00
0.26;10.39;44.12;3529.94;2063.23;-1466.72;0.00
0.23;11.59;37.13;2970.08;1967.89;-1002.18;0.00
0.26;9.66;32.51;2600.66;2014.58;-586.08;0.00
0.24;9.38;50.73;4058.69;1906.13;-2152.55;0.00
0.28;12.06;42.80;3424.35;2277.89;-1146.46;0.00
0.22;8.95;46.06;3684.80;1779.79;-1905.01;0.00
0.26;9.34;38.72;3097.66;2021.44;-1076.22;0.00
0.28;9.58;35.44;2835.37;2176.18;-659.19;0.00
0.23;9.63;37.09;2967.44;1834.59;-1132.85;0.00
0.26;10.50;40.19;3214.98;2092.85;-1122.13;0.00
0.25;11.08;34.70;2775.85;2084.31;-691.54;0.00
0.30;10.64;51.81;4145.05;2300.78;-1844.27;0.00
0.23;10.55;39.78;3182.53;1933.21;-1249.32;0.00
0.24;9.81;42.47;3397.99;1922.53;-1475.47;0.00
0.24;9.13;43.70;3496.04;1881.32;-1614.72;0.00
0.21;10.55;40.76;3260.43;1816.36;-1444.07;0.00
0.24;11.43;41.45;3316.16;2041.11;-1275.05;0.00
0.27;11.89;44.54;3563.40;2192.63;-1370.77;0.00
0.23;10.38;47.59;3807.34;1890.11;-1917.23;0.00
0.23;9.36;39.18;3134.33;1871.85;-1262.48;0.00
0.25;9.59;38.24;3059.00;1994.75;-1064.25;0.00
0.31;12.69;39.91;3192.51;2481.58;-710.93;0.00
0.30;11.13;39.29;3142.83;2366.44;-776.39;0.00
0.29;10.79;41.54;3323.16;2268.84;-1054.32;0.00
0.26;9.98;42.92;3433.63;2047.82;-1385.81;0.00
0.26;7.87;46.27;3701.97;1954.60;-1747.38;0.00
0.23;10.07;40.39;3231.22;1868.49;-1362.73;0.00
0.30;12.88;36.16;2892.67;2437.21;-455.46;0.00
0.26;9.91;42.55;3404.34;2053.77;-1350.57;0.00
0.22;13.09;48.94;3914.85;1987.62;-1927.23;0.00
0.28;11.03;41.58;3326.42;2216.92;-1109.51;0.00
0.24;9.13;41.02;3281.58;1869.25;-1412.33;0.00
0.28;9.78;42.16;3372.78;2144.49;-1228.29;0.00
0.21;9.49;38.59;3087.33;1735.36;-1351.97;0.00
0.25;10.64;45.58;3646.04;2033.62;-1612.42;0.00
0.26;9.22;37.00;2960.26;2043.10;-917.17;0.00
0.28;9.67;35.28;2822.47;2126.00;-696.47;0.00
0.26;8.75;38.41;3073.04;1976.12;-1096.92;0.00
0.23;9.92;38.79;3103.42;1879.62;-1223.80;0.00
0.29;8.39;43.54;3483.40;2153.57;-1329.82;0.00
0.24;12.04;34.25;2739.64;2064.33;-675.31;0.00
0.23;10.32;37.43;2994.20;1906.11;-1088.09;0.00
0.26;9.69;38.38;3070.07;2045.32;-1024.75;0.00
0.23;11.05;47.64;3810.99;1910.46;-1900.53;0.00
0.28;10.25;44.06;3525.03;2161.65;-1363.38;0.00
0.21;10.61;33.59;2687.30;1777.00;-910.30;0.00
0.22;8.56;39.12;3129.45;1757.00;-1372.45;0.00
0.26;11.18;32.68;2614.35;2140.74;-473.61;0.00
0.22;9.45;42.56;3404.49;1776.65;-1627.84;0.00
0.27;8.58;40.97;3277.97;2017.84;-1260.13;0.00
0.26;10.48;35.81;2864.85;2081.52;-783.33;0.00
0.26;10.91;36.39;2911.33;2124.23;-787.10;0.00
0.24;11.80;44.03;3522.53;2031.55;-1490.98;0.00
0.25;10.59;39.88;3190.37;2003.05;-1187.32;0.00
0.27;11.61;40.43;3234.63;2216.03;-1018.60;0.00
0.27;11.33;40.32;3225.81;2204.48;-1021.33;0.00
0.28;9.90;40.22;3217.62;2165.29;-1052.33;0.00
0.27;8.49;35.86;2868.75;2005.87;-862.88;0.00
0.26;9.52;41.72;3337.33;2041.49;-1295.85;0.00
0.27;10.74;39.18;3134.73;2154.47;-980.25;0.00
0.22;11.74;44.28;3542.19;1925.26;-1616.92;0.00
0.29;11.05;47.87;3829.22;2265.85;-1563.38;0.00
0.25;12.20;42.52;3401.55;2137.89;-1263.65;0.00
0.23;9.49;46.39;3710.82;1882.66;-1828.16;0.00
0.25;8.34;32.21;2576.72;1890.73;-685.99;0.00
0.29;10.99;36.07;2885.97;2287.22;-598.75;0.00
0.28;9.01;42.64;3411.17;2096.98;-1314.19;0.00
0.26;9.51;40.49;3239.54;2012.97;-1226.57;0.00
0.32;7.90;44.40;3552.02;2311.79;-1240.23;0.00
0.25;10.28;48.90;3912.19;2013.60;-1898.60;0.00
0.27;9.83;42.93;3434.08;2096.63;-1337.45;0.00
0.25;10.05;47.01;3760.43;1999.41;-1761.02;0.00
0.23;10.46;41.52;3321.33;1917.81;-1403.52;0.00
0.26;11.41;37.75;3019.69;2105.24;-914.45;0.00
0.18;12.60;40.92;3273.49;1726.33;-1547.16;0.00
0.25;9.88;44.83;3586.41;2007.98;-1578.42;0.00
0.28;8.63;44.91;3592.94;2112.51;-1480.43;0.00
0.25;12.91;45.35;3628.28;2157.59;-1470.69;0.00
0.22;10.87;40.23;3218.25;1859.23;-1359.02;0.00
0.29;8.76;39.58;3166.58;2188.29;-978.29;0.00
0.22;7.86;45.13;3610.30;1704.99;-1905.31;0.00
0.27;11.42;42.12;3369.92;2165.80;-1204.12;0.00
0.23;10.41;48.98;3918.05;1905.02;-2013.04;0.00
0.28;9.18;44.23;3538.31;2133.80;-1404.51;0.00
0.28;9.53;46.16;3693.04;2137.04;-1556.00;0.00
0.25;9.53;39.83;3186.03;2000.94;-1185.09;0.00
0.31;9.23;30.19;2415.37;2277.43;-137.94;0.00
0.26;9.66;32.01;2561.15;2017.47;-543.68;0.00
0.22;10.70;35.50;2840.29;1852.96;-987.34;0.00
0.26;10.69;43.03;3442.18;2067.11;-1375.07;0.00
0.25;9.92;43.06;3445.04;2002.37;-1442.67;0.00
0.23;10.23;36.27;2901.60;1902.97;-998.62;0.00
0.13;9.51;43.53;3482.20;1286.16;-2196.04;0.00
0.24;11.29;43.81;3504.52;2032.50;-1472.02;0.00
0.24;9.25;43.25;3459.63;1874.93;-1584.69;0.00
0.25;12.47;36.95;2956.10;2128.86;-827.24;0.00
0.24;11.09;47.39;3791.30;1970.55;-1820.75;0.00
0.25;10.78;35.64;2851.05;2056.41;-794.63;0.00
0.24;10.28;49.56;3965.02;1928.74;-2036.28;0.00
0.24;11.79;46.75;3739.68;2054.01;-1685.67;0.00
0.25;9.06;38.48;3078.71;1964.79;-1113.92;0.00
0.29;8.67;40.06;3205.03;2131.66;-1073.37;0.00
0.25;9.27;41.38;3310.61;1981.11;-1329.50;0.00
0.27;11.44;39.89;3190.82;2210.12;-980.70;0.00
0.23;11.21;47.28;3782.11;1933.45;-1848.66;0.00
0.25;11.12;37.25;2980.05;2077.73;-902.32;0.00
0.25;8.43;41.24;3298.94;1935.65;-1363.28;0.00
0.25;9.42;41.87;3349.94;1952.55;-1397.39;0.00
0.28;9.38;44.43;3554.05;2113.31;-1440.74;0.00
0.29;9.25;34.79;2783.06;2183.08;-599.98;0.00
0.24;9.32;39.62;3169.73;1894.49;-1275.24;0.00
0.23;10.42;36.06;2885.05;1900.34;-984.71;0.00
0.23;10.98;37.84;3027.20;1916.05;-1111.15;0.00
0.25;10.41;37.58;3006.68;2009.53;-997.15;0.00
0.24;7.73;41.31;3304.49;1793.35;-1511.14;0.00
0.26;12.39;41.11;3288.81;2186.21;-1102.60;0.00
0.24;10.54;41.84;3347.16;1939.73;-1407.43;0.00
0.24;10.53;40.29;3222.99;1947.52;-1275.47;0.00
0.22;10.06;37.79;3023.58;1837.94;-1185.63;0.00
0.25;12.36;44.99;3599.37;2148.73;-1450.64;0.00
0.28;10.76;47.89;3831.52;2213.98;-1617.54;0.00
0.27;12.08;46.30;3703.85;2208.99;-1494.86;0.00
0.24;8.50;34.51;2760.91;1839.40;-921.51;0.00
0.27;10.67;35.75;2859.70;2175.92;-683.78;0.00
0.27;10.16;40.69;3254.97;2147.62;-1107.35;0.00
0.24;8.94;43.22;3457.80;1861.46;-1596.34;0.00
0.27;10.18;43.18;3454.73;2125.36;-1329.36;0.00
0.28;11.38;46.09;3687.08;2225.18;-1461.89;0.00
0.22;11.74;45.28;3622.23;1932.42;-1689.81;0.00
0.26;9.53;34.95;2795.98;2023.20;-772.78;0.00
0.31;10.10;47.36;3788.72;2360.68;-1428.04;0.00
0.25;10.57;42.71;3417.13;2056.25;-1360.88;0.00
0.24;12.26;45.97;3677.51;2065.48;-1612.03;0.00
0.22;7.60;37.61;3008.53;1709.11;-1299.42;0.00
0.28;8.59;35.58;2846.75;2098.17;-748.58;0.00
0.29;10.60;46.94;3755.36;2250.37;-1504.99;0.00
0.25;10.39;45.69;3654.97;2011.73;-1643.24;0.00
0.24;9.04;42.06;3365.18;1886.60;-1478.58;0.00
0.24;12.40;41.67;3333.59;2065.26;-1268.33;0.00
0.25;10.89;40.66;3252.52;2055.54;-1196.98;0.00
0.27;10.39;33.41;2672.58;2112.23;-560.35;0.00
0.25;10.14;31.15;2491.86;1999.70;-492.17;0.00
0.31;10.45;41.72;3337.64;2353.73;-983.90;0.00
0.22;8.65;39.53;3162.47;1745.31;-1417.16;0.00
0.26;11.41;52.25;4180.14;2147.09;-2033.05;0.00
0.27;10.74;39.39;3151.44;2133.58;-1017.86;0.00
0.27;9.36;37.61;3008.68;2076.27;-932.40;0.00
0.28;9.75;41.76;3340.97;2140.33;-1200.63;0.00
0.25;11.92;42.93;3434.30;2106.17;-1328.14;0.00
0.27;11.46;43.36;3469.10;2192.41;-1276.69;0.00
0.27;8.37;32.69;2615.46;2054.05;-561.42;0.00
0.27;8.98;37.92;3033.69;2069.02;-964.67;0.00
0.25;7.04;40.50;3240.20;1823.97;-1416.23;0.00
0.25;11.56;45.40;3632.11;2059.28;-1572.83;0.00
0.28;11.13;42.35;3387.96;2244.77;-1143.19;0.00
0.22;11.27;35.42;2833.95;1868.85;-965.10;0.00
0.28;11.40;43.58;3486.78;2269.70;-1217.07;0.00
0.25;9.97;42.29;3382.91;2009.82;-1373.08;0.00
0.23;9.98;35.08;2806.49;1890.10;-916.39;0.00
0.23;9.27;37.27;2981.65;1839.29;-1142.36;0.00
0.26;10.38;32.69;2614.96;2091.21;-523.76;0.00
0.27;10.55;42.91;3432.79;2125.49;-1307.30;0.00
0.27;9.53;37.47;2997.73;2084.98;-912.75;0.00
0.25;11.11;44.57;3565.92;2055.28;-1510.63;0.00
0.21;11.03;46.44;3715.02;1821.84;-1893.18;0.00
0.26;9.80;42.51;3401.00;2073.34;-1327.65;0.00
0.28;7.58;41.54;3323.28;2029.80;-1293.47;0.00
0.26;11.89;37.31;2984.46;2178.02;-806.44;0.00
0.23;10.33;35.93;2874.53;1923.06;-951.47;0.00
0.24;11.09;37.33;2986.74;2007.67;-979.06;0.00
0.21;10.21;46.79;3742.80;1781.49;-1961.31;0.00
0.22;9.90;49.46;3956.93;1840.21;-2116.71;0.00
0.25;8.60;39.21;3136.58;1894.84;-1241.74;0.00
0.30;10.27;41.71;3336.41;2298.02;-1038.39;0.00
0.23;9.71;40.25;3220.21;1869.70;-1350.51;0.00
0.25;10.47;33.06;2645.19;2025.79;-619.40;0.00
0.24;11.21;39.55;3164.00;1977.68;-1186.31;0.00
0.25;12.10;38.34;3067.48;2099.16;-968.33;0.00
0.24;10.77;41.20;3295.82;2009.36;-1286.46;0.00
0.29;11.11;40.62;3249.93;2303.51;-946.42;0.00
0.31;8.57;33.80;2704.09;2279.86;-424.23;0.00
0.28;11.51;45.47;3637.24;2270.52;-1366.73;0.00
0.25;10.30;49.00;3920.18;2034.38;-1885.80;0.00
0.26;10.40;39.48;3158.43;2095.80;-1062.62;0.00
0.24;9.51;43.07;3445.94;1940.43;-1505.51;0.00
0.24;10.50;44.01;3520.96;1945.68;-1575.28;0.00
0.25;11.74;35.94;2874.88;2094.25;-780.63;0.00
0.26;10.50;41.56;3324.42;2061.74;-1262.68;0.00
0.26;9.79;32.50;2599.96;2044.10;-555.86;0.00
0.24;10.70;42.45;3395.86;2004.49;-1391.37;0.00
0.23;12.28;39.74;3178.90;2032.35;-1146.55;0.00
