# X_0;X_1;X_2;R_0;S_0;G_0;I_0
0.28;9.28;41.00;3279.99;2141.11;-1138.88;0.00
0.24;11.77;44.22;3537.21;2028.31;-1508.90;0.00
0.23;9.66;45.49;3638.96;1853.06;-1785.90;0.00
0.27;9.70;35.08;2806.17;2119.26;-686.90;0.00
0.20;10.09;36.82;2945.52;1715.06;-1230.46;0.00
0.24;10.89;40.55;3244.10;1961.67;-1282.43;0.00
0.24;11.25;30.65;2451.99;2023.47;-428.51;0.00
0.23;11.40;43.52;3481.28;1929.26;-1552.01;0.00
0.25;8.64;42.91;3432.54;1926.72;-1505.82;0.00
0.22;10.67;34.33;2746.08;1875.64;-870.44;0.00
0.23;9.50;41.69;3335.00;1878.50;-1456.50;0.00
0.25;8.65;36.43;2914.05;1936.24;-977.81;0.00
0.26;9.44;49.77;3981.94;2014.71;-1967.23;0.00
0.23;9.15;33.05;2644.10;1817.85;-826.25;0.00
0.25;11.25;35.62;2849.24;2076.75;-772.49;0.00
0.26;8.71;36.95;2955.68;2003.21;-952.47;0.00
0.21;9.15;41.74;3338.87;1746.43;-1592.43;0.00
0.24;9.14;42.76;3420.91;1878.08;-1542.83;0.00
0.25;10.16;48.53;3882.70;2012.55;-1870.15;0.00
0.23;9.26;39.75;3180.25;1847.19;-1333.07;0.00
0.27;10.60;49.80;3983.97;2123.72;-1860.25;0.00
0.25;11.20;43.21;3456.50;2034.98;-1421.52;0.00
0.27;8.85;35.86;2869.10;2066.75;-802.34;0.00
0.23;12.10;29.29;2343.54;1995.68;-347.87;0.00
0.27;10.02;39.54;3163.15;2141.81;-1021.34;0.00
0.26;12.50;41.14;3290.83;2178.46;-1112.37;0.00
0.23;9.97;33.36;2668.96;1904.40;-764.57;0.00
0.28;9.21;43.15;3452.21;2105.71;-1346.49;0.00
0.24;8.83;44.01;3520.96;1875.53;-1645.42;0.00
0.26;9.46;30.93;2474.45;2008.83;-465.62;0.00
0.28;11.75;39.24;3139.13;2251.70;-887.43;0.00
0.21;9.00;39.74;3179.06;1700.54;-1478.53;0.00
0.21;9.98;41.89;3351.11;1747.79;-1603.32;0.00
0.28;9.43;41.30;3303.79;2126.08;-1177.71;0.00
0.27;10.56;42.45;3395.62;2159.19;-1236.43;0.00
0.20;9.92;47.23;3778.41;1723.39;-2055.02;0.00
0.22;10.10;39.01;3121.13;1848.65;-1272.49;0.00
0.24;11.10;42.72;3417.62;2005.02;-1412.61;0.00
0.26;10.75;33.00;2640.34;2079.78;-560.56;0.00
0.25;8.54;49.16;3932.80;1943.62;-1989.19;0.00
0.27;11.39;41.43;3314.80;2194.69;-1120.11;0.00
0.27;10.22;41.09;3287.54;2142.34;-1145.20;0.00
0.25;9.56;41.11;3289.10;1953.46;-1335.64;0.00
0.27;9.51;43.98;3518.28;2079.35;-1438.94;0.00
0.27;11.78;42.71;3416.93;2212.84;-1204.09;0.00
0.26;11.15;30.91;2473.01;2139.32;-333.69;0.00
0.24;11.81;38.89;3111.48;2036.80;-1074.68;0.00
0.23;11.47;42.33;3386.39;1989.09;-1397.31;0.00
0.23;9.46;39.21;3136.77;1836.41;-1300.36;0.00
0.24;11.23;40.18;3214.18;1994.16;-1220.02;0.00
0.23;9.84;49.22;3937.61;1891.03;-2046.58;0.00
0.27;9.51;40.60;3248.32;2109.29;-1139.03;0.00
0.31;11.33;40.47;3237.94;2438.50;-799.44;0.00
0.24;10.22;35.39;2830.97;1926.16;-904.81;0.00
0.21;10.13;44.84;3587.49;1776.64;-1810.85;0.00
0.23;11.14;42.22;3377.79;1951.23;-1426.56;0.00
0.23;9.07;43.34;3466.95;1845.63;-1621.32;0.00
0.23;10.08;31.20;2496.20;1892.54;-603.66;0.00
0.24;10.58;34.50;2760.08;1991.12;-768.96;0.00
0.24;11.67;45.76;3660.83;2047.77;-1613.06;0.00
0.21;9.72;38.42;3073.45;1727.11;-1346.34;0.00
0.29;10.56;36.32;2905.37;2250.08;-655.29;0.00
0.22;8.28;45.17;3613.87;1739.80;-1874.08;0.00
0.24;10.88;54.24;4338.98;1992.53;-2346.45;0.00
0.23;10.21;31.20;2496.02;1894.65;-601.37;0.00
0.24;10.70;46.07;3685.98;2001.14;-1684.84;0.00
0.28;9.84;44.01;3520.86;2148.86;-1372.00;0.00
0.27;8.85;44.73;3578.25;2076.89;-1501.35;0.00
0.20;9.83;39.00;3119.77;1680.31;-1439.46;0.00
0.24;7.94;47.24;3779.05;1850.23;-1928.82;0.00
0.29;9.07;30.91;2472.71;2160.44;-312.27;0.00
0.23;13.28;40.11;3208.91;2060.30;-1148.60;0.00
0.23;11.47;48.37;3869.77;1944.52;-1925.25;0.00
0.31;10.84;39.84;3187.09;2377.49;-809.60;0.00
0.21;10.10;31.78;2542.25;1780.92;-761.32;0.00
0.20;10.07;46.14;3690.99;1729.22;-1961.76;0.00
0.24;9.48;48.26;3860.56;1901.04;-1959.51;0.00
0.28;10.60;46.48;3718.27;2180.74;-1537.53;0.00
0.25;10.07;33.85;2708.29;2018.55;-689.74;0.00
0.25;11.01;36.98;2958.65;2049.47;-909.17;0.00
0.23;11.29;26.42;2113.69;1959.77;-153.92;0.00
0.25;9.81;33.76;2701.08;2004.88;-696.20;0.00
0.27;10.96;40.21;3216.41;2144.57;-1071.84;0.00
0.25;8.97;35.81;2864.64;1966.65;-897.99;0.00
0.28;10.02;47.61;3809.06;2162.53;-1646.52;0.00
0.23;11.06;41.20;3296.04;1962.89;-1333.15;0.00
0.26;10.87;38.80;3104.33;2112.28;-992.05;0.00
0.20;11.16;35.27;2821.44;1746.12;-1075.32;0.00
0.23;11.25;46.32;3705.76;1959.70;-1746.06;0.00
0.25;9.76;43.62;3489.58;2006.55;-1483.04;0.00
0.27;12.23;45.81;3665.06;2235.32;-1429.74;0.00
0.22;9.68;50.40;4032.37;1778.17;-2254.21;0.00
0.23;10.93;41.30;3304.15;1912.50;-1391.65;0.00
0.28;11.49;37.56;3004.81;2268.08;-736.74;0.00
0.19;9.42;43.75;3499.79;1615.37;-1884.42;0.00
0.26;10.81;50.20;4015.84;2120.54;-1895.30;0.00
0.23;9.63;39.26;3140.53;1858.33;-1282.20;0.00
0.28;9.41;39.66;3172.62;2122.51;-1050.12;0.00
0.22;9.76;41.66;3333.18;1804.77;-1528.41;0.00
0.29;8.28;45.02;3601.37;2138.11;-1463.26;0.00
0.24;10.51;38.79;3102.84;1981.73;-1121.12;0.00
0.22;8.90;37.86;3028.85;1761.01;-1267.84;0.00
0.26;11.29;43.69;3495.38;2110.94;-1384.44;0.00
0.24;8.18;42.65;3412.15;1815.11;-1597.04;0.00
0.25;9.31;38.34;3067.55;1955.09;-1112.46;0.00
0.27;11.70;37.67;3013.26;2230.67;-782.60;0.00
0.26;10.25;35.31;2824.46;2088.98;-735.48;0.00
0.26;9.91;43.50;3479.61;2024.63;-1454.98;0.00
0.27;11.30;37.66;3012.73;2162.92;-849.82;0.00
0.23;11.71;37.90;3031.83;1974.17;-1057.66;0.00
0.26;9.60;44.92;3593.89;2037.64;-1556.25;0.00
0.23;10.41;37.92;3033.63;1896.91;-1136.72;0.00
0.26;9.61;35.05;2804.17;2028.22;-775.95;0.00
0.26;10.18;39.72;3177.94;2092.14;-1085.80;0.00
0.26;9.60;40.26;3221.06;2055.27;-1165.79;0.00
0.26;9.62;36.78;2942.77;2016.41;-926.36;0.00
0.23;9.53;43.21;3457.08;1840.39;-1616.69;0.00
0.24;10.46;40.65;3251.94;1948.50;-1303.44;0.00
0.27;10.25;47.44;3795.10;2124.37;-1670.73;0.00
0.27;11.13;39.42;3153.45;2152.96;-1000.50;0.00
0.29;9.17;34.02;2721.99;2185.90;-536.08;0.00
0.28;9.44;42.76;3420.69;2135.26;-1285.43;0.00
0.22;8.69;34.94;2794.85;1760.08;-1034.77;0.00
0.22;9.25;35.46;2836.94;1778.41;-1058.53;0.00
0.23;9.73;33.17;2653.83;1844.52;-809.31;0.00
0.22;11.46;42.60;3407.71;1907.44;-1500.27;0.00
0.30;12.44;40.76;3260.57;2441.83;-818.74;0.00
0.30;10.45;40.90;3272.38;2302.06;-970.32;0.00
0.29;9.61;43.80;3503.78;2212.29;-1291.49;0.00
0.26;10.21;37.90;3031.67;2071.96;-959.71;0.00
0.25;10.46;43.76;3501.02;2034.90;-1466.12;0.00
0.23;11.43;36.70;2935.71;1954.97;-980.74;0.00
0.21;10.33;42.26;3380.55;1756.32;-1624.24;0.00
0.28;9.17;40.49;3238.86;2104.85;-1134.02;0.00
0.23;10.30;41.86;3348.84;1882.67;-1466.17;0.00
0.27;10.49;41.01;3280.61;2126.38;-1154.23;0.00
0.25;10.40;35.89;2871.00;1995.14;-875.86;0.00
0.27;9.83;41.35;3307.70;2079.39;-1228.30;0.00
0.28;11.02;35.32;2825.23;2237.23;-587.99;0.00
0.28;9.75;42.08;3366.73;2136.92;-1229.81;0.00
0.18;10.19;44.47;3557.20;1593.93;-1963.27;0.00
0.28;10.22;39.50;3160.35;2162.44;-997.91;0.00
0.25;8.32;38.86;3109.00;1899.52;-1209.48;0.00
0.25;12.15;43.98;3518.36;2129.58;-1388.77;0.00
0.26;9.99;30.32;2425.37;2066.15;-359.22;0.00
0.25;10.11;41.42;3313.26;2020.75;-1292.51;0.00
0.24;11.19;43.57;3485.69;2005.08;-1480.61;0.00
0.24;9.32;37.03;2962.08;1894.35;-1067.73;0.00
0.24;9.54;41.06;3284.72;1941.73;-1342.99;0.00
0.22;9.73;39.40;3151.67;1802.52;-1349.15;0.00
0.23;7.88;43.08;3446.24;1781.76;-1664.48;0.00
0.30;9.20;41.14;3291.41;2230.41;-1061.00;0.00
0.22;11.66;45.74;3659.50;1939.70;-1719.80;0.00
0.24;9.87;44.84;3587.36;1926.65;-1660.71;0.00
0.25;10.07;43.17;3453.74;2008.56;-1445.18;0.00
0.25;10.68;37.51;3000.99;2024.74;-976.25;0.00
0.27;9.43;47.26;3781.03;2069.68;-1711.35;0.00
0.27;10.97;43.53;3482.55;2180.89;-1301.66;0.00
0.26;9.85;42.11;3368.75;2065.85;-1302.90;0.00
0.29;9.90;40.67;3253.64;2200.11;-1053.53;0.00
0.26;8.11;39.79;3183.47;1926.23;-1257.24;0.00
0.28;8.96;36.68;2934.34;2117.22;-817.12;0.00
0.25;8.67;39.32;3145.43;1947.77;-1197.66;0.00
0.24;8.79;39.38;3150.05;1852.28;-1297.77;0.00
0.26;9.60;39.36;3149.18;2013.36;-1135.82;0.00
0.25;12.51;47.36;3789.16;2114.09;-1675.07;0.00
0.27;10.43;34.78;2782.76;2121.86;-660.89;0.00
0.23;9.44;44.30;3544.09;1872.74;-1671.35;0.00
0.27;9.50;39.56;3164.69;2060.04;-1104.65;0.00
0.24;9.73;37.19;2974.92;1938.02;-1036.90;0.00
0.31;10.59;43.41;3472.51;2364.45;-1108.06;0.00
0.26;11.35;33.39;2671.35;2122.00;-549.34;0.00
0.23;9.07;41.23;3298.57;1835.28;-1463.28;0.00
0.26;12.43;39.36;3148.65;2170.96;-977.69;0.00
0.26;13.71;42.05;3364.25;2247.52;-1116.72;0.00
0.24;10.45;38.60;3087.86;1989.71;-1098.15;0.00
0.23;9.31;42.35;3388.38;1826.69;-1561.69;0.00
0.26;11.83;36.94;2955.45;2157.41;-798.04;0.00
0.22;11.88;35.79;2863.38;1909.99;-953.39;0.00
0.23;10.78;38.79;3103.12;1943.61;-1159.51;0.00
0.25;10.30;49.92;3993.79;1997.02;-1996.77;0.00
0.24;9.17;42.14;3370.87;1897.90;-1472.98;0.00
0.26;10.20;39.89;3191.39;2090.92;-1100.46;0.00
0.30;10.55;42.73;3418.05;2293.71;-1124.34;0.00
0.32;11.05;35.89;2871.33;2472.55;-398.78;0.00
0.25;11.07;38.82;3105.67;2066.39;-1039.28;0.00
0.23;9.47;38.26;3061.05;1843.06;-1217.99;0.00
0.22;11.31;29.96;2396.83;1878.26;-518.57;0.00
0.21;10.14;43.52;3481.54;1748.79;-1732.76;0.00
0.21;8.80;43.70;3495.84;1718.31;-1777.53;0.00
0.27;10.53;44.92;3593.84;2172.32;-1421.52;0.00
0.26;11.19;41.29;3303.21;2119.54;-1183.67;0.00
0.29;10.92;42.61;3408.49;2270.48;-1138.01;0.00
0.27;10.14;45.61;3648.94;2107.31;-1541.63;0.00
0.28;8.19;43.36;3468.41;2048.40;-1420.01;0.00
0.25;10.28;37.72;3017.93;2000.69;-1017.24;0.00
0.27;12.72;42.37;3389.97;2281.27;-1108.70;0.00
0.27;11.31;41.18;3294.46;2201.16;-1093.30;0.00
0.26;10.76;36.74;2939.54;2075.36;-864.19;0.00
0.26;9.31;37.34;2987.38;2048.34;-939.04;0.00
0.25;11.08;35.07;2805.43;2036.31;-769.12;0.00
0.27;11.35;37.28;2982.15;2215.54;-766.61;0.00
0.25;8.10;42.31;3384.78;1889.22;-1495.56;0.00
0.27;9.45;50.33;4026.65;2067.51;-1959.14;0.00
0.20;9.98;42.28;3382.54;1719.38;-1663.16;0.00
0.25;11.67;38.23;3058.61;2081.39;-977.21;0.00
0.23;11.10;43.28;3462.44;1965.77;-1496.67;0.00
0.30;12.01;37.61;3008.84;2396.09;-612.75;0.00
0.27;11.97;41.78;3342.32;2210.59;-1131.73;0.00
0.22;8.61;38.07;3045.51;1760.58;-1284.94;0.00
0.26;9.46;36.17;2893.41;2017.05;-876.35;0.00
0.31;11.28;43.86;3508.57;2407.57;-1101.00;0.00
0.23;11.08;38.88;3110.16;1935.90;-1174.25;0.00
0.29;8.39;39.65;3171.79;2136.87;-1034.92;0.00
0.20;8.70;31.32;2505.97;1634.73;-871.24;0.00
0.25;10.75;38.25;3059.67;2017.60;-1042.08;0.00
0.24;10.84;42.76;3420.91;1973.84;-1447.07;0.00
0.21;9.86;32.12;2569.23;1732.76;-836.48;0.00
0.25;10.94;47.75;3820.28;2029.88;-1790.40;0.00
0.25;12.18;37.89;3031.52;2127.21;-904.30;0.00
0.30;9.62;41.91;3352.68;2276.31;-1076.37;0.00
0.27;10.32;33.90;2711.81;2157.91;-553.90;0.00
0.25;12.63;48.17;3853.70;2160.53;-1693.17;0.00
0.23;12.30;40.21;3216.70;1997.19;-1219.51;0.00
0.26;8.42;32.87;2629.34;1954.22;-675.11;0.00
0.22;7.88;37.40;2992.20;1714.63;-1277.56;0.00
0.25;9.15;37.87;3029.43;1965.43;-1064.00;0.00
0.22;12.20;35.20;2816.10;1948.72;-867.38;0.00
0.20;10.39;40.36;3228.52;1751.75;-1476.76;0.00
0.26;11.56;33.31;2664.59;2154.62;-509.98;0.00
0.24;7.98;42.62;3409.25;1818.78;-1590.47;0.00
0.26;10.91;38.87;3109.95;2086.80;-1023.14;0.00
0.25;11.51;35.59;2846.96;2067.75;-779.21;0.00
0.24;10.09;36.06;2884.71;1941.46;-943.24;0.00
0.26;9.38;38.56;3084.52;2005.84;-1078.68;0.00
0.23;11.40;37.43;2994.37;1972.86;-1021.51;0.00
0.27;10.03;43.69;3495.39;2121.85;-1373.54;0.00
0.26;10.44;39.73;3178.54;2071.29;-1107.25;0.00
0.26;9.90;40.79;3262.95;2063.71;-1199.24;0.00
0.23;10.56;33.03;2642.43;1901.78;-740.65;0.00
0.24;10.16;39.81;3184.41;1945.01;-1239.40;0.00
0.23;8.48;30.39;2430.90;1801.57;-629.33;0.00
0.24;11.06;37.72;3017.24;2000.53;-1016.71;0.00
0.23;9.72;42.76;3421.14;1891.67;-1529.47;0.00
0.23;8.46;39.39;3151.58;1810.74;-1340.84;0.00
0.26;11.23;43.80;3504.10;2139.56;-1364.54;0.00
0.22;10.05;39.16;3133.19;1814.66;-1318.53;0.00
0.25;10.65;46.45;3716.05;2048.33;-1667.72;0.00
0.24;9.85;38.65;3092.26;1959.07;-1133.20;0.00
0.24;8.76;40.15;3212.29;1869.18;-1343.12;0.00
0.25;9.02;37.99;3039.08;1964.68;-1074.40;0.00
0.27;9.85;32.91;2632.43;2126.53;-505.91;0.00
0.24;10.93;38.24;3058.92;2013.52;-1045.40;0.00
0.24;9.00;43.09;3446.97;1892.06;-1554.91;0.00
0.24;10.58;38.54;3082.93;1959.43;-1123.50;0.00
0.27;10.75;34.23;2738.00;2149.92;-588.08;0.00
0.21;8.63;39.95;3195.66;1665.44;-1530.22;0.00
0.26;10.16;39.27;3141.98;2092.52;-1049.46;0.00
0.28;9.97;48.32;3865.86;2175.78;-1690.08;0.00
0.28;10.82;42.31;3385.05;2225.39;-1159.66;0.00
0.23;11.10;44.09;3527.26;1931.81;-1595.45;0.00
0.26;10.20;38.97;3117.36;2042.67;-1074.69;0.00
0.21;12.85;29.44;2355.49;1938.00;-417.49;0.00
0.30;9.76;39.60;3168.19;2249.27;-918.92;0.00
0.24;10.51;39.33;3146.15;1943.99;-1202.16;0.00
0.17;7.69;38.73;3098.07;1426.50;-1671.57;0.00
0.22;10.39;38.75;3099.65;1848.08;-1251.57;0.00
0.29;12.34;50.90;4071.62;2359.66;-1711.96;0.00
0.32;10.34;31.91;2552.63;2425.04;-127.59;0.00
0.25;8.86;43.62;3489.25;1929.60;-1559.64;0.00
0.20;9.16;40.31;3224.82;1688.67;-1536.15;0.00
0.25;10.48;41.61;3328.92;2019.72;-1309.20;0.00
0.26;9.43;38.82;3105.48;2009.40;-1096.08;0.00
0.26;9.28;35.84;2867.25;1994.19;-873.06;0.00
0.24;9.33;42.66;3412.60;1889.67;-1522.93;0.00
0.26;11.48;38.12;3049.27;2128.88;-920.39;0.00
0.23;10.66;39.58;3166.37;1932.68;-1233.69;0.00
0.27;11.94;38.53;3082.06;2234.23;-847.83;0.00
0.25;8.02;37.14;2971.23;1914.53;-1056.71;0.00
0.24;11.48;38.44;3075.53;2030.08;-1045.45;0.00
0.29;11.13;38.28;3062.66;2284.88;-777.78;0.00
0.27;11.13;36.50;2920.26;2185.19;-735.07;0.00
0.23;8.82;43.79;3502.99;1812.33;-1690.66;0.00
0.28;9.40;37.63;3010.79;2160.20;-850.59;0.00
0.26;10.27;39.24;3139.58;2056.77;-1082.81;0.00
0.22;10.20;33.83;2706.57;1833.18;-873.39;0.00
0.26;12.22;41.86;3348.61;2159.77;-1188.83;0.00
0.23;9.48;38.08;3046.69;1858.96;-1187.73;0.00
0.29;10.43;38.12;3049.82;2261.71;-788.10;0.00
0.19;9.70;46.08;3686.78;1625.11;-2061.67;0.00
0.25;9.77;34.04;2723.17;1999.24;-723.93;0.00
0.29;10.06;35.36;2828.75;2252.41;-576.34;0.00
0.25;12.10;43.79;3503.15;2094.93;-1408.22;0.00
0.22;8.65;40.98;3278.29;1770.10;-1508.19;0.00
0.26;9.66;43.95;3515.82;2053.75;-1462.07;0.00
0.26;12.65;42.56;3405.13;2220.97;-1184.16;0.00
0.24;11.65;35.47;2837.83;2039.52;-798.31;0.00
0.27;11.89;43.45;3475.94;2214.83;-1261.11;0.00
0.24;8.92;33.69;2694.95;1901.33;-793.62;0.00
0.26;9.19;39.52;3161.23;1986.52;-1174.71;0.00
0.24;12.65;36.31;2904.95;2089.77;-815.18;0.00
0.23;12.03;42.92;3433.59;2015.11;-1418.47;0.00
0.25;8.03;29.33;2346.14;1920.32;-425.81;0.00
0.23;8.21;50.88;4070.38;1811.81;-2258.57;0.00
0.22;11.27;33.03;2642.34;1920.06;-722.28;0.00
0.24;10.33;36.09;2887.41;1982.70;-904.71;0.00
0.28;8.64;40.70;3255.81;2121.75;-1134.06;0.00
0.19;9.95;46.37;3709.91;1663.75;-2046.16;0.00
0.26;9.24;42.14;3371.58;2043.25;-1328.33;0.00
0.26;11.67;28.46;2276.99;2147.00;-129.99;0.00
0.25;9.87;42.35;3388.40;1993.22;-1395.17;0.00
0.27;10.23;35.49;2839.22;2144.19;-695.03;0.00
0.27;12.11;35.63;2850.17;2212.83;-637.34;0.00
0.28;10.14;44.02;3521.58;2170.64;-1350.93;0.00
0.24;9.41;36.25;2899.76;1898.80;-1000.96;0.00
0.26;8.86;42.13;3370.53;1977.16;-1393.38;0.00
0.24;7.52;37.64;3010.90;1822.77;-1188.13;0.00
0.28;9.63;41.00;3280.12;2168.00;-1112.12;0.00
0.25;10.87;35.25;2819.86;2027.51;-792.35;0.00
0.24;9.52;39.32;3145.77;1897.40;-1248.36;0.00
0.25;11.04;43.71;3496.43;2053.54;-1442.90;0.00
0.28;9.61;43.54;3482.99;2137.67;-1345.32;0.00
0.25;10.41;41.78;3342.14;2021.04;-1321.10;0.00
0.28;9.39;43.83;3506.11;2139.94;-1366.17;0.00
0.25;9.08;39.74;3179.47;1955.44;-1224.04;0.00
0.26;10.20;43.54;3483.08;2039.23;-1443.85;0.00
0.20;10.27;40.65;3251.88;1735.97;-1515.91;0.00
0.26;9.74;33.47;2677.71;2062.62;-615.09;0.00
0.27;12.14;40.52;3241.45;2241.12;-1000.33;0.00
0.25;10.20;45.12;3609.37;2012.93;-1596.44;0.00
0.23;8.05;41.21;3296.91;1793.55;-1503.36;0.00
0.26;8.61;39.12;3129.83;1953.26;-1176.56;0.00
0.25;11.99;31.54;2523.45;2129.66;-393.79;0.00
0.23;9.21;39.16;3132.67;1826.58;-1306.08;0.00
0.28;11.74;51.08;4086.70;2278.29;-1808.42;0.00
0.23;10.86;42.36;3388.69;1909.71;-1478.98;0.00
0.24;9.19;40.43;3234.29;1892.80;-1341.48;0.00
0.31;11.04;38.29;3063.43;2396.70;-666.72;0.00
0.25;7.94;41.95;3355.72;1880.97;-1474.76;0.00
0.24;8.03;45.89;3671.53;1855.36;-1816.17;0.00
0.28;9.29;45.92;3673.33;2152.65;-1520.68;0.00
0.21;9.99;45.36;3628.78;1763.78;-1865.00;0.00
0.24;9.91;42.99;3438.88;1917.32;-1521.56;0.00
0.18;9.28;45.86;3668.91;1533.44;-2135.47;0.00
0.27;10.48;35.42;2833.83;2154.20;-679.63;0.00
0.30;8.44;36.57;2925.72;2209.52;-716.20;0.00
0.25;9.31;40.70;3255.74;1962.92;-1292.82;0.00
0.25;10.18;43.19;3454.93;1982.75;-1472.18;0.00
0.24;7.27;44.28;3542.06;1821.06;-1721.00;0.00
0.27;11.26;41.68;3334.17;2172.07;-1162.10;0.00
0.25;8.99;39.66;3173.08;1928.91;-1244.18;0.00
0.27;10.29;41.79;3343.51;2132.51;-1211.00;0.00
0.25;9.08;37.05;2963.70;1944.95;-1018.75;0.00
0.27;9.87;40.60;3247.78;2124.49;-1123.29;0.00
0.28;9.82;42.19;3375.25;2176.06;-1199.19;0.00
0.22;10.92;46.29;3703.41;1877.47;-1825.94;0.00
0.30;8.31;36.35;2907.78;2191.09;-716.68;0.00
0.20;10.28;46.90;3751.95;1707.85;-2044.10;0.00
0.32;9.84;39.95;3195.68;2386.31;-809.37;0.00
0.25;9.96;31.75;2540.00;1993.06;-546.94;0.00
0.26;9.39;36.36;2908.87;2038.88;-869.99;0.00
0.25;9.94;45.85;3667.87;2016.15;-1651.73;0.00
0.24;12.69;47.06;3764.44;2075.14;-1689.30;0.00
0.23;10.61;41.21;3296.86;1898.61;-1398.25;0.00
0.24;9.80;39.68;3174.34;1952.75;-1221.59;0.00
0.24;9.14;36.43;2914.43;1918.03;-996.41;0.00
0.23;9.95;35.47;2837.69;1863.40;-974.29;0.00
0.26;10.19;34.59;2766.94;2043.21;-723.73;0.00
0.29;10.94;40.62;3249.71;2268.79;-980.92;0.00
0.22;9.08;41.25;3300.27;1769.37;-1530.90;0.00
0.28;9.97;40.96;3276.41;2155.34;-1121.07;0.00
0.23;11.52;41.45;3315.92;1972.99;-1342.93;0.00
0.27;9.94;36.52;2921.75;2083.24;-838.51;0.00
0.23;9.58;33.93;2714.45;1861.18;-853.27;0.00
0.26;9.63;44.36;3548.74;2050.06;-1498.68;0.00
0.22;8.64;44.53;3562.59;1775.00;-1787.59;0.00
0.25;10.02;38.30;3064.32;2014.09;-1050.23;0.00
0.22;10.62;39.81;3185.03;1850.27;-1334.75;0.00
0.23;10.98;41.96;3357.12;1917.21;-1439.91;0.00
0.26;12.72;48.12;3849.88;2214.08;-1635.80;0.00
0.24;11.06;42.08;3366.19;1969.59;-1396.60;0.00
0.23;11.53;40.25;3220.11;1940.60;-1279.52;0.00
0.26;9.85;40.20;3215.75;2075.01;-1140.74;0.00
0.24;9.54;34.29;2743.50;1918.04;-825.45;0.00
0.22;10.18;39.80;3184.39;1830.67;-1353.73;0.00
0.28;11.47;37.83;3026.67;2279.14;-747.53;0.00
0.26;10.16;42.03;3362.22;2058.98;-1303.24;0.00
0.24;10.98;32.46;2596.40;2002.58;-593.82;0.00
0.28;11.86;38.14;3051.41;2265.96;-785.45;0.00
0.25;10.91;44.20;3535.91;2064.37;-1471.53;0.00
0.20;11.23;37.41;2992.67;1769.18;-1223.49;0.00
0.23;11.56;35.41;2833.20;1964.88;-868.31;0.00
0.25;12.15;47.74;3819.20;2120.64;-1698.56;0.00
0.26;9.98;38.81;3104.51;2063.93;-1040.58;0.00
0.24;9.20;35.93;2874.76;1876.12;-998.64;0.00
0.23;10.19;47.45;3795.65;1894.04;-1901.61;0.00
0.24;9.62;35.33;2826.41;1900.60;-925.82;0.00
0.25;8.20;39.96;3196.76;1871.84;-1324.92;0.00
0.26;9.89;32.88;2630.74;2026.03;-604.71;0.00
0.20;8.59;32.08;2566.67;1630.14;-936.53;0.00
0.22;8.90;40.46;3236.84;1758.38;-1478.45;0.00
0.26;9.75;40.98;3278.53;2016.21;-1262.33;0.00
0.29;10.81;37.05;2963.67;2254.84;-708.83;0.00
0.23;11.31;43.16;3452.96;1979.61;-1473.35;0.00
0.25;10.78;38.96;3116.46;2021.44;-1095.01;0.00
0.21;11.07;40.24;3219.24;1845.93;-1373.31;0.00
0.23;8.82;44.57;3565.89;1796.34;-1769.55;0.00
0.25;12.25;35.61;2848.99;2134.10;-714.89;0.00
0.23;10.73;40.63;3250.04;1936.73;-1313.31;0.00
0.24;8.46;44.94;3594.95;1836.40;-1758.55;0.00
0.24;10.30;43.45;3476.05;1929.45;-1546.60;0.00
0.26;10.19;45.84;3667.56;2080.19;-1587.37;0.00
0.20;11.36;40.75;3259.99;1782.84;-1477.15;0.00
0.28;10.02;38.32;3065.37;2164.53;-900.84;0.00
0.24;10.64;32.53;2602.25;1982.17;-620.08;0.00
0.24;11.77;42.54;3403.59;2032.19;-1371.39;0.00
0.19;10.78;43.11;3448.49;1673.94;-1774.55;0.00
0.27;8.60;44.28;3542.70;2047.18;-1495.52;0.00
0.23;9.98;35.09;2807.23;1869.29;-937.94;0.00
0.25;10.96;40.71;3256.64;2070.37;-1186.27;0.00
0.21;10.64;46.87;3749.97;1801.26;-1948.71;0.00
0.29;10.74;42.21;3376.51;2292.90;-1083.60;0.00
0.24;10.72;38.47;3077.92;2002.67;-1075.26;0.00
0.22;10.09;28.88;2310.30;1856.42;-453.87;0.00
0.25;10.01;35.96;2876.88;1997.03;-879.85;0.00
0.25;9.96;47.55;3803.79;2001.58;-1802.20;0.00
0.24;10.56;30.41;2432.67;1991.88;-440.79;0.00
0.26;11.16;46.31;3704.91;2104.16;-1600.75;0.00
0.24;10.80;40.05;3203.83;1959.15;-1244.68;0.00
0.23;10.17;32.70;2615.97;1872.22;-743.74;0.00
0.23;8.28;43.29;3463.52;1811.68;-1651.84;0.00
0.23;10.70;36.92;2953.97;1928.12;-1025.86;0.00
0.24;8.98;32.88;2630.58;1862.44;-768.13;0.00
0.23;9.68;47.94;3834.81;1854.23;-1980.58;0.00
0.24;11.38;42.83;3426.08;2014.32;-1411.77;0.00
0.22;10.15;38.07;3045.80;1832.53;-1213.27;0.00
0.24;12.21;39.54;3163.37;2073.54;-1089.84;0.00
0.22;10.90;37.98;3038.80;1877.85;-1160.95;0.00
0.27;11.18;46.12;3689.49;2207.19;-1482.30;0.00
0.24;9.33;34.10;2727.81;1885.50;-842.31;0.00
0.25;8.58;41.62;3329.25;1905.93;-1423.33;0.00
0.23;12.04;42.20;3376.11;1999.93;-1376.18;0.00
0.25;10.86;41.87;3349.68;2029.92;-1319.76;0.00
0.25;9.40;45.68;3654.57;1965.44;-1689.12;0.00
0.27;10.52;36.00;2879.68;2141.36;-738.32;0.00
0.27;11.72;44.76;3580.91;2196.55;-1384.35;0.00
0.29;10.99;37.48;2998.09;2269.17;-728.92;0.00
0.21;9.77;42.22;3377.87;1764.64;-1613.24;0.00
0.25;10.57;42.40;3391.94;2012.94;-1379.00;0.00
0.28;9.83;45.07;3605.62;2155.13;-1450.48;0.00
0.24;9.73;40.70;3255.76;1927.33;-1328.43;0.00
0.23;10.20;29.90;2392.26;1868.68;-523.58;0.00
0.24;10.32;46.95;3756.16;1976.55;-1779.62;0.00
0.25;11.69;40.23;3218.61;2110.29;-1108.32;0.00
0.27;11.46;33.25;2660.12;2175.62;-484.51;0.00
0.27;12.27;37.82;3025.88;2209.42;-816.46;0.00
0.26;10.20;30.56;2444.56;2054.20;-390.35;0.00
0.27;10.73;37.99;3038.94;2164.21;-874.73;0.00
0.25;9.95;34.21;2737.15;1977.62;-759.53;0.00
0.20;11.54;40.34;3227.14;1771.57;-1455.57;0.00
0.22;9.21;38.75;3100.27;1789.98;-1310.30;0.00
0.23;7.14;48.08;3846.75;1710.66;-2136.09;0.00
0.25;10.77;41.48;3318.45;2032.45;-1286.00;0.00
0.28;7.40;43.07;3445.33;2026.27;-1419.06;0.00
0.29;11.53;38.41;3072.51;2306.43;-766.08;0.00
0.23;12.83;39.76;3180.95;2051.08;-1129.87;0.00
0.27;12.04;36.34;2907.20;2230.46;-676.74;0.00
0.23;9.82;37.40;2992.11;1856.90;-1135.21;0.00
0.26;11.18;41.27;3301.55;2141.73;-1159.82;0.00
0.28;11.14;41.04;3282.83;2205.54;-1077.28;0.00
0.18;10.22;43.39;3471.09;1624.19;-1846.90;0.00
0.27;12.00;44.50;3560.12;2238.28;-1321.85;0.00
0.26;11.07;38.88;3110.43;2122.86;-987.57;0.00
0.24;8.80;44.08;3526.17;1898.12;-1628.05;0.00
0.25;13.25;44.98;3598.02;2179.66;-1418.37;0.00
0.23;10.41;40.66;3252.40;1892.12;-1360.28;0.00
0.26;9.32;38.49;3079.26;2029.05;-1050.21;0.00
0.26;10.85;37.71;3016.59;2105.43;-911.17;0.00
0.22;10.54;33.41;2672.72;1829.76;-842.96;0.00
0.23;11.44;36.72;2937.32;1972.85;-964.47;0.00
0.21;9.07;36.97;2957.59;1705.59;-1252.00;0.00
0.24;9.46;39.54;3163.33;1899.17;-1264.16;0.00
0.30;10.29;40.15;3211.98;2307.53;-904.45;0.00
0.23;10.76;38.73;3098.06;1948.56;-1149.50;0.00
0.23;10.04;39.17;3133.98;1856.98;-1277.00;0.00
0.29;10.20;40.24;3219.29;2259.84;-959.45;0.00
0.25;12.21;39.35;3147.83;2090.66;-1057.17;0.00
0.28;12.10;42.21;3376.60;2293.24;-1083.35;0.00
0.28;11.83;48.81;3905.08;2282.24;-1622.84;0.00
0.22;8.38;40.75;3259.75;1760.46;-1499.29;0.00
0.23;10.88;41.04;3283.10;1950.28;-1332.82;0.00
0.27;8.50;40.50;3240.19;2014.88;-1225.31;0.00
0.25;10.24;38.82;3105.80;2010.79;-1095.01;0.00
0.22;10.06;47.45;3796.32;1802.46;-1993.86;0.00
0.24;13.07;44.17;3533.23;2097.72;-1435.51;0.00
0.24;8.29;40.94;3274.82;1821.58;-1453.24;0.00
0.29;11.22;38.48;3078.28;2287.54;-790.74;0.00
0.27;10.01;38.85;3107.61;2143.38;-964.24;0.00
0.26;9.54;32.67;2613.74;2034.33;-579.41;0.00
0.25;8.60;41.41;3313.14;1906.81;-1406.32;0.00
