# X_0;X_1;X_2;R_0;S_0;G_0;I_0
0.28;11.60;44.62;3569.73;2235.61;-1334.12;0.00
0.22;11.00;33.88;2710.58;1855.55;-855.02;0.00
0.30;10.51;39.91;3193.13;2292.18;-900.95;0.00
0.21;11.80;47.62;3809.52;1868.17;-1941.36;0.00
0.25;10.19;34.26;2740.63;2024.35;-716.28;0.00
0.23;9.90;46.04;3682.87;1889.50;-1793.37;0.00
0.26;9.59;35.48;2838.37;2053.60;-784.77;0.00
0.24;9.35;33.07;2645.43;1921.65;-723.78;0.00
0.20;10.00;38.46;3077.06;1717.03;-1360.03;0.00
0.26;9.39;45.18;3614.58;2026.29;-1588.29;0.00
0.22;10.36;48.54;3883.27;1863.25;-2020.02;0.00
0.26;9.20;45.08;3606.11;2016.56;-1589.55;0.00
0.27;11.08;35.91;2872.94;2150.80;-722.14;0.00
0.24;9.20;38.28;3062.74;1899.91;-1162.83;0.00
0.24;8.72;46.10;3688.29;1855.73;-1832.56;0.00
0.25;11.81;45.52;3641.25;2094.66;-1546.59;0.00
0.27;10.49;41.87;3349.34;2158.30;-1191.04;0.00
0.29;12.84;38.19;3054.98;2369.53;-685.46;0.00
0.26;11.45;44.93;3594.25;2154.25;-1440.00;0.00
0.25;8.32;33.57;2685.32;1905.10;-780.22;0.00
0.25;9.43;43.35;3467.86;1939.77;-1528.09;0.00
0.26;9.89;39.98;3198.19;2069.31;-1128.88;0.00
0.22;10.55;45.85;3668.18;1839.80;-1828.37;0.00
0.29;8.56;33.50;2679.76;2163.23;-516.53;0.00
0.25;9.72;34.98;2798.35;2000.67;-797.69;0.00
0.24;9.27;48.62;3889.55;1899.80;-1989.75;0.00
0.23;10.01;39.71;3176.54;1901.19;-1275.35;0.00
0.22;10.35;35.08;2806.27;1852.58;-953.69;0.00
0.25;9.69;39.87;3189.94;1990.90;-1199.04;0.00
0.25;9.48;41.55;3324.02;1990.56;-1333.45;0.00
0.23;10.28;34.86;2788.56;1895.94;-892.63;0.00
0.23;10.72;45.52;3641.21;1921.30;-1719.91;0.00
0.22;9.67;41.27;3301.43;1820.69;-1480.74;0.00
0.26;8.90;29.26;2340.71;2006.98;-333.72;0.00
0.31;8.66;44.75;3579.72;2280.68;-1299.03;0.00
0.25;8.15;36.94;2955.07;1913.85;-1041.22;0.00
0.25;10.95;43.31;3464.49;2046.39;-1418.10;0.00
0.27;9.53;31.54;2523.17;2083.18;-439.99;0.00
0.26;10.22;37.26;2980.94;2052.35;-928.59;0.00
0.22;10.04;29.85;2388.08;1808.94;-579.14;0.00
0.21;13.18;45.35;3627.60;1929.23;-1698.38;0.00
0.29;11.81;41.43;3314.57;2320.55;-994.02;0.00
0.26;11.52;42.48;3398.68;2134.67;-1264.01;0.00
0.28;10.74;34.66;2772.45;2218.50;-553.95;0.00
0.19;10.66;35.42;2833.30;1680.16;-1153.14;0.00
0.22;11.88;33.94;2715.21;1928.13;-787.09;0.00
0.24;9.05;38.27;3061.70;1887.16;-1174.54;0.00
0.24;11.09;42.92;3433.69;1998.91;-1434.79;0.00
0.28;9.09;44.23;3538.60;2148.18;-1390.42;0.00
0.24;8.67;39.24;3138.87;1857.88;-1281.00;0.00
0.24;10.88;37.09;2966.94;1994.58;-972.36;0.00
0.23;10.57;42.39;3390.85;1921.41;-1469.44;0.00
0.21;7.99;39.36;3148.54;1672.34;-1476.20;0.00
0.22;9.30;36.45;2916.34;1803.06;-1113.27;0.00
0.26;10.20;38.96;3116.87;2051.09;-1065.77;0.00
0.28;10.08;31.72;2537.35;2159.92;-377.43;0.00
0.28;9.68;41.86;3348.68;2163.85;-1184.83;0.00
0.26;9.59;41.42;3313.48;2016.69;-1296.79;0.00
0.23;11.25;34.11;2728.67;1953.69;-774.98;0.00
0.27;10.38;37.51;3001.15;2131.16;-870.00;0.00
0.28;10.88;40.38;3230.78;2210.70;-1020.07;0.00
0.23;10.22;30.71;2456.95;1901.60;-555.35;0.00
0.26;11.78;34.95;2795.86;2145.96;-649.90;0.00
0.27;11.91;33.34;2667.32;2237.83;-429.48;0.00
0.25;12.73;39.24;3139.03;2124.00;-1015.03;0.00
0.25;10.59;32.20;2576.33;2028.77;-547.56;0.00
0.22;11.54;36.25;2900.22;1896.28;-1003.94;0.00
0.30;11.58;39.44;3155.47;2371.34;-784.13;0.00
0.27;7.29;38.17;3053.48;1955.92;-1097.56;0.00
0.27;11.25;39.09;3127.43;2165.62;-961.82;0.00
0.26;10.98;38.65;3091.82;2130.38;-961.43;0.00
0.26;10.72;43.47;3477.27;2119.99;-1357.28;0.00
0.31;11.21;39.93;3194.39;2396.06;-798.33;0.00
0.25;9.78;43.49;3479.29;1963.81;-1515.48;0.00
0.28;11.63;40.55;3243.84;2252.72;-991.11;0.00
0.26;11.25;34.66;2772.77;2109.52;-663.25;0.00
0.25;9.62;45.86;3669.09;1994.44;-1674.65;0.00
0.23;9.23;36.51;2920.82;1818.47;-1102.35;0.00
0.22;9.75;40.37;3229.61;1782.96;-1446.65;0.00
0.25;10.89;40.65;3251.75;2067.74;-1184.01;0.00
0.21;8.60;48.83;3906.46;1683.72;-2222.74;0.00
0.25;11.41;36.84;2947.15;2053.49;-893.66;0.00
0.25;10.54;52.10;4167.98;2022.50;-2145.48;0.00
0.24;9.73;38.96;3116.87;1901.38;-1215.49;0.00
0.22;12.15;41.12;3289.90;1946.45;-1343.45;0.00
0.24;11.01;35.41;2832.94;2009.96;-822.98;0.00
0.25;11.95;42.60;3407.83;2099.44;-1308.39;0.00
0.28;11.47;45.28;3622.36;2260.60;-1361.76;0.00
0.29;7.89;49.23;3938.45;2112.51;-1825.94;0.00
0.27;10.39;43.82;3505.23;2132.07;-1373.16;0.00
0.26;10.80;42.69;3414.83;2114.08;-1300.75;0.00
0.21;8.76;43.31;3464.42;1709.77;-1754.64;0.00
0.26;10.18;40.08;3206.27;2075.04;-1131.24;0.00
0.26;11.64;41.75;3340.06;2135.88;-1204.17;0.00
0.25;9.63;46.77;3741.48;1996.05;-1745.43;0.00
0.31;13.06;32.33;2586.07;2524.54;-61.53;0.00
0.23;10.34;44.46;3556.62;1888.84;-1667.78;0.00
0.22;9.03;41.58;3326.43;1792.26;-1534.17;0.00
0.27;10.89;46.67;3733.84;2141.22;-1592.62;0.00
0.28;10.03;45.21;3616.49;2180.31;-1436.17;0.00
0.26;9.75;36.24;2899.31;2032.50;-866.81;0.00
0.25;10.39;32.96;2636.90;2012.98;-623.92;0.00
0.27;9.83;40.35;3228.14;2109.26;-1118.88;0.00
0.23;10.54;45.43;3634.27;1885.37;-1748.90;0.00
0.22;10.36;41.16;3292.52;1830.11;-1462.42;0.00
0.26;9.74;40.12;3209.26;2015.21;-1194.04;0.00
0.22;9.84;52.77;4221.84;1813.56;-2408.28;0.00
0.25;9.18;46.23;3698.67;1967.38;-1731.29;0.00
0.25;11.17;34.26;2740.71;2051.83;-688.87;0.00
0.22;8.59;42.46;3396.40;1746.80;-1649.60;0.00
0.23;11.56;38.39;3071.13;1968.47;-1102.66;0.00
0.25;11.24;44.36;3548.93;2036.63;-1512.30;0.00
0.22;8.69;41.81;3344.81;1778.84;-1565.97;0.00
0.27;10.06;47.89;3831.54;2119.06;-1712.49;0.00
0.21;11.98;45.60;3648.15;1882.71;-1765.44;0.00
0.22;10.43;47.35;3787.74;1848.14;-1939.60;0.00
0.27;10.28;36.43;2914.61;2123.83;-790.78;0.00
0.27;8.91;46.21;3696.74;2042.58;-1654.16;0.00
0.23;11.37;41.80;3343.84;1975.01;-1368.83;0.00
0.27;11.68;40.77;3261.99;2191.21;-1070.78;0.00
0.32;10.08;47.59;3806.80;2385.83;-1420.97;0.00
0.23;10.74;37.76;3020.64;1949.37;-1071.26;0.00
0.26;10.12;38.33;3066.70;2054.89;-1011.81;0.00
0.29;12.19;44.11;3528.45;2334.73;-1193.72;0.00
0.22;11.21;45.56;3645.07;1870.60;-1774.47;0.00
0.21;9.94;33.62;2689.50;1789.06;-900.45;0.00
0.26;13.19;43.13;3450.23;2204.07;-1246.15;0.00
0.21;10.94;35.37;2829.80;1818.40;-1011.41;0.00
0.26;11.46;40.88;3270.63;2145.13;-1125.50;0.00
0.24;9.88;44.38;3550.67;1950.31;-1600.36;0.00
0.26;10.51;38.95;3115.68;2058.33;-1057.35;0.00
0.28;10.08;45.11;3608.49;2171.98;-1436.51;0.00
0.24;12.31;45.91;3673.02;2088.44;-1584.58;0.00
0.26;8.83;36.42;2913.34;1964.15;-949.18;0.00
0.20;6.83;41.76;3340.59;1545.29;-1795.31;0.00
0.26;9.13;45.84;3667.10;2015.05;-1652.05;0.00
0.28;10.89;38.19;3055.59;2230.54;-825.05;0.00
0.26;9.33;42.12;3369.49;2002.92;-1366.56;0.00
0.26;9.52;41.72;3337.38;2037.97;-1299.41;0.00
0.26;11.26;39.37;3149.56;2100.93;-1048.64;0.00
0.26;11.95;33.66;2692.76;2132.79;-559.97;0.00
0.26;10.16;46.24;3699.22;2061.59;-1637.64;0.00
0.27;9.81;31.12;2489.28;2122.40;-366.88;0.00
0.21;10.96;47.12;3769.42;1809.95;-1959.47;0.00
0.23;11.04;50.40;4031.66;1958.26;-2073.40;0.00
0.26;9.83;38.63;3090.60;2036.28;-1054.31;0.00
0.21;11.37;43.92;3513.23;1853.00;-1660.24;0.00
0.24;10.63;43.29;3463.58;1946.66;-1516.92;0.00
0.27;13.10;46.54;3722.97;2255.49;-1467.48;0.00
0.28;9.39;38.93;3114.73;2144.45;-970.28;0.00
0.24;10.54;48.38;3870.32;1986.79;-1883.54;0.00
0.25;11.31;42.15;3371.69;2084.47;-1287.22;0.00
0.26;10.20;34.26;2740.81;2094.28;-646.53;0.00
0.24;8.92;41.82;3345.44;1906.57;-1438.87;0.00
0.21;9.55;31.97;2557.39;1752.65;-804.74;0.00
0.26;8.78;41.80;3343.97;1997.12;-1346.85;0.00
0.25;9.96;43.12;3449.93;1989.28;-1460.65;0.00
0.26;10.11;39.34;3147.58;2046.78;-1100.80;0.00
0.26;9.62;39.93;3194.32;2047.61;-1146.70;0.00
0.26;10.84;32.70;2615.80;2085.56;-530.24;0.00
0.26;10.45;38.51;3081.19;2063.83;-1017.36;0.00
0.27;8.15;32.09;2567.54;2021.58;-545.96;0.00
0.30;11.91;35.96;2877.20;2395.74;-481.46;0.00
0.26;8.88;41.75;3339.94;1998.06;-1341.87;0.00
0.26;10.65;38.32;3065.59;2066.30;-999.28;0.00
0.25;11.50;46.19;3695.11;2102.52;-1592.59;0.00
0.24;10.77;35.28;2822.75;1975.75;-847.00;0.00
0.25;9.95;45.18;3614.64;1982.58;-1632.06;0.00
0.26;11.72;38.45;3076.34;2126.26;-950.08;0.00
0.26;10.24;37.80;3023.98;2074.44;-949.53;0.00
0.26;10.18;46.49;3719.41;2083.77;-1635.64;0.00
0.23;8.85;37.06;2964.92;1805.45;-1159.47;0.00
0.26;9.74;47.06;3764.47;2014.48;-1749.99;0.00
0.22;9.74;45.02;3601.53;1780.57;-1820.96;0.00
0.24;9.74;30.23;2418.18;1939.15;-479.03;0.00
0.25;9.99;40.58;3246.30;1999.37;-1246.93;0.00
0.25;9.47;39.45;3156.19;1981.98;-1174.22;0.00
0.27;9.32;47.79;3822.81;2089.25;-1733.56;0.00
0.23;9.75;39.69;3174.87;1872.96;-1301.91;0.00
0.21;9.89;49.94;3995.07;1760.13;-2234.94;0.00
0.27;11.51;36.43;2914.21;2196.79;-717.42;0.00
0.23;12.51;38.66;3093.18;2013.40;-1079.77;0.00
0.27;10.23;45.32;3625.40;2123.08;-1502.32;0.00
0.22;8.11;46.94;3754.92;1733.54;-2021.38;0.00
0.28;11.61;43.37;3469.93;2261.26;-1208.67;0.00
0.29;10.23;33.58;2686.64;2234.38;-452.26;0.00
0.28;9.36;45.89;3671.09;2134.18;-1536.91;0.00
0.21;10.16;49.41;3952.73;1779.79;-2172.94;0.00
0.26;10.84;32.68;2614.47;2124.78;-489.69;0.00
0.22;10.95;44.98;3598.31;1846.19;-1752.12;0.00
0.24;9.96;37.24;2979.27;1933.54;-1045.73;0.00
0.22;13.18;33.55;2683.68;1975.81;-707.87;0.00
0.25;9.41;40.75;3259.76;1991.51;-1268.25;0.00
0.27;10.49;38.41;3072.45;2122.72;-949.73;0.00
0.25;8.96;53.28;4262.53;1921.55;-2340.98;0.00
0.20;11.29;37.40;2991.62;1753.26;-1238.35;0.00
0.27;9.96;39.10;3128.08;2089.19;-1038.89;0.00
0.30;9.35;41.58;3326.15;2254.55;-1071.60;0.00
0.26;11.14;44.36;3548.45;2111.92;-1436.53;0.00
0.21;10.07;39.77;3181.77;1777.85;-1403.92;0.00
0.24;9.56;35.40;2831.81;1941.83;-889.99;0.00
0.24;8.98;37.87;3029.77;1858.03;-1171.73;0.00
0.22;9.99;38.34;3067.25;1802.01;-1265.24;0.00
0.30;9.35;36.48;2918.44;2230.14;-688.31;0.00
0.21;8.51;43.16;3452.93;1682.19;-1770.74;0.00
0.21;10.97;29.53;2362.36;1819.24;-543.12;0.00
0.26;10.31;40.51;3241.07;2057.39;-1183.69;0.00
0.25;10.48;44.65;3571.91;1998.14;-1573.77;0.00
0.21;10.93;43.92;3513.47;1802.40;-1711.07;0.00
0.24;8.51;46.41;3712.70;1859.32;-1853.39;0.00
0.23;11.47;44.09;3527.21;1953.27;-1573.95;0.00
0.25;10.67;29.90;2392.10;2024.10;-368.00;0.00
0.24;9.39;42.05;3364.02;1897.94;-1466.08;0.00
0.27;10.33;38.55;3084.22;2111.87;-972.36;0.00
0.24;11.24;38.81;3104.56;1996.28;-1108.28;0.00
0.25;9.30;33.29;2663.10;1986.09;-677.01;0.00
0.23;10.09;44.96;3596.80;1885.91;-1710.89;0.00
0.24;11.61;38.77;3101.65;2048.80;-1052.85;0.00
0.22;10.16;43.00;3439.61;1803.07;-1636.54;0.00
0.24;9.01;50.29;4022.98;1863.21;-2159.77;0.00
0.24;9.78;45.41;3632.47;1928.30;-1704.17;0.00
0.25;8.99;31.43;2514.31;1944.35;-569.95;0.00
0.26;11.13;47.47;3797.68;2137.25;-1660.43;0.00
0.27;9.70;39.82;3185.67;2097.95;-1087.72;0.00
0.29;10.83;38.92;3113.59;2301.38;-812.21;0.00
0.23;10.72;46.02;3681.80;1939.90;-1741.90;0.00
0.24;9.45;35.65;2851.73;1924.42;-927.31;0.00
0.25;8.51;41.29;3303.14;1938.61;-1364.53;0.00
0.27;10.51;47.49;3799.26;2159.59;-1639.67;0.00
0.25;9.65;39.66;3172.42;1958.78;-1213.64;0.00
0.26;8.00;42.23;3378.12;1955.72;-1422.41;0.00
0.23;10.40;46.78;3742.24;1880.12;-1862.12;0.00
0.26;10.78;35.47;2837.64;2086.19;-751.45;0.00
0.23;11.66;46.33;3706.23;1987.86;-1718.37;0.00
0.27;8.34;38.97;3117.98;2036.00;-1081.98;0.00
0.22;10.34;43.41;3472.56;1868.07;-1604.49;0.00
0.24;8.80;40.83;3266.57;1892.51;-1374.05;0.00
0.25;9.99;38.59;3087.43;1992.74;-1094.69;0.00
0.22;9.48;41.82;3345.34;1804.87;-1540.47;0.00
0.26;8.98;40.22;3217.91;1991.27;-1226.64;0.00
0.23;8.84;44.84;3587.18;1808.08;-1779.10;0.00
0.24;11.10;42.21;3377.20;2021.55;-1355.65;0.00
0.21;10.82;38.92;3113.66;1785.69;-1327.97;0.00
0.21;9.22;43.27;3461.71;1733.59;-1728.12;0.00
0.26;10.00;39.94;3195.00;2067.65;-1127.35;0.00
0.26;9.04;37.67;3013.76;1979.09;-1034.67;0.00
0.22;11.22;36.30;2903.78;1906.67;-997.11;0.00
0.26;8.18;45.08;3606.78;1948.68;-1658.11;0.00
0.29;9.51;33.20;2656.27;2183.21;-473.06;0.00
0.25;10.44;33.45;2676.26;2036.54;-639.72;0.00
0.23;9.02;42.82;3425.46;1834.14;-1591.32;0.00
0.28;10.05;32.86;2628.51;2153.88;-474.63;0.00
0.24;12.20;31.90;2552.28;2034.43;-517.85;0.00
0.19;10.68;40.04;3203.28;1691.67;-1511.61;0.00
0.32;10.51;45.99;3678.92;2425.50;-1253.42;0.00
0.28;8.43;44.74;3579.29;2070.67;-1508.62;0.00
0.26;8.13;50.15;4011.84;1968.57;-2043.27;0.00
0.25;12.52;37.15;2971.90;2114.51;-857.38;0.00
0.27;9.36;46.95;3756.20;2085.76;-1670.44;0.00
0.23;12.66;33.75;2699.81;2017.32;-682.48;0.00
0.25;10.23;42.54;3403.24;2024.07;-1379.16;0.00
0.24;11.13;41.62;3329.74;1973.08;-1356.66;0.00
0.24;9.43;47.03;3762.26;1917.36;-1844.90;0.00
0.26;12.01;36.26;2901.05;2176.45;-724.61;0.00
0.25;11.10;34.33;2746.25;2086.26;-660.00;0.00
0.22;11.59;45.58;3646.03;1908.49;-1737.54;0.00
0.26;9.87;37.61;3008.74;2065.10;-943.63;0.00
0.27;11.36;46.85;3748.19;2200.64;-1547.56;0.00
0.24;9.22;35.18;2814.13;1920.97;-893.17;0.00
0.27;9.54;40.76;3261.18;2075.65;-1185.53;0.00
0.26;8.33;39.67;3173.74;1984.43;-1189.31;0.00
0.25;10.22;44.90;3591.77;1996.46;-1595.31;0.00
0.25;12.31;38.93;3114.50;2125.30;-989.20;0.00
0.19;9.69;46.35;3708.02;1640.84;-2067.18;0.00
0.25;11.87;40.62;3249.89;2120.93;-1128.96;0.00
0.27;11.75;44.62;3569.27;2184.90;-1384.37;0.00
0.23;8.81;38.44;3075.38;1843.87;-1231.51;0.00
0.29;9.80;38.49;3079.35;2209.79;-869.57;0.00
0.21;9.04;37.04;2962.92;1708.21;-1254.71;0.00
0.28;11.07;47.57;3805.73;2208.97;-1596.77;0.00
0.26;11.04;35.01;2800.87;2096.57;-704.30;0.00
0.27;7.83;35.07;2805.73;1998.86;-806.87;0.00
0.27;11.10;42.36;3388.78;2173.01;-1215.77;0.00
0.23;11.33;41.81;3344.89;1977.76;-1367.13;0.00
0.27;10.08;43.14;3451.11;2129.34;-1321.77;0.00
0.23;10.90;32.51;2601.07;1956.20;-644.86;0.00
0.25;9.14;41.30;3303.89;1958.51;-1345.39;0.00
0.28;10.73;36.51;2920.63;2234.03;-686.60;0.00
0.28;9.76;45.38;3630.09;2187.35;-1442.75;0.00
0.25;9.96;41.02;3281.30;1983.21;-1298.09;0.00
0.34;9.13;39.18;3134.31;2448.63;-685.68;0.00
0.22;10.29;26.46;2116.65;1828.99;-287.66;0.00
0.23;10.97;37.19;2975.50;1950.89;-1024.61;0.00
0.27;10.27;39.85;3187.82;2110.57;-1077.24;0.00
0.26;9.17;47.68;3814.24;2007.68;-1806.55;0.00
0.28;9.97;35.77;2861.49;2166.12;-695.37;0.00
0.25;9.25;38.18;3054.14;1983.77;-1070.37;0.00
0.27;10.04;33.40;2672.18;2106.27;-565.92;0.00
0.25;9.92;37.05;2964.05;2019.49;-944.56;0.00
0.25;11.18;40.91;3273.19;2059.72;-1213.48;0.00
0.29;10.21;45.62;3649.39;2232.74;-1416.65;0.00
0.25;10.60;41.52;3321.71;2035.26;-1286.45;0.00
0.25;9.20;45.03;3602.33;1926.18;-1676.15;0.00
0.28;10.22;40.82;3265.95;2166.01;-1099.94;0.00
0.24;12.82;24.47;1957.45;2097.58;140.13;1.00
0.24;9.96;48.54;3882.92;1943.40;-1939.51;0.00
0.23;11.05;36.69;2935.07;1962.71;-972.36;0.00
0.21;9.60;50.09;4006.97;1767.80;-2239.17;0.00
0.25;9.58;43.98;3518.20;1961.73;-1556.46;0.00
0.22;11.31;47.73;3818.34;1878.24;-1940.10;0.00
0.26;11.90;35.85;2868.19;2152.59;-715.60;0.00
0.24;10.72;38.76;3100.50;1991.89;-1108.61;0.00
0.23;7.27;41.91;3352.91;1708.29;-1644.61;0.00
0.26;9.99;37.40;2992.35;2033.08;-959.27;0.00
0.31;10.63;39.45;3155.63;2393.77;-761.86;0.00
0.25;9.48;40.90;3271.69;1965.85;-1305.84;0.00
0.26;10.72;31.16;2492.84;2074.23;-418.61;0.00
0.25;9.97;37.53;3002.19;2008.81;-993.38;0.00
0.24;10.28;38.69;3095.27;1967.52;-1127.74;0.00
0.26;8.64;46.28;3702.34;1956.83;-1745.51;0.00
0.24;10.47;43.29;3463.60;1960.66;-1502.93;0.00
0.28;11.52;42.23;3378.78;2271.42;-1107.36;0.00
0.21;9.03;43.02;3441.93;1698.87;-1743.06;0.00
0.23;9.07;42.95;3435.89;1827.75;-1608.14;0.00
0.22;10.61;34.82;2785.56;1882.92;-902.64;0.00
0.23;11.43;49.88;3990.23;1975.21;-2015.02;0.00
0.26;11.52;35.24;2819.34;2142.07;-677.27;0.00
0.25;9.50;40.65;3251.80;1971.68;-1280.12;0.00
0.23;10.48;37.38;2990.23;1922.04;-1068.19;0.00
0.26;11.15;32.45;2596.03;2144.07;-451.96;0.00
0.21;9.32;43.53;3482.39;1715.96;-1766.43;0.00
0.22;9.82;34.80;2783.88;1804.19;-979.69;0.00
0.22;9.58;36.93;2954.39;1827.37;-1127.02;0.00
0.18;11.22;44.63;3570.23;1672.73;-1897.49;0.00
0.21;10.32;39.50;3159.74;1753.93;-1405.81;0.00
0.22;9.88;42.36;3388.55;1815.98;-1572.57;0.00
0.25;8.56;38.48;3078.67;1891.93;-1186.75;0.00
0.27;10.90;41.05;3284.15;2165.13;-1119.02;0.00
0.24;8.82;47.03;3762.41;1858.59;-1903.83;0.00
0.30;9.86;42.73;3418.16;2281.15;-1137.01;0.00
0.25;11.19;40.27;3221.55;2085.38;-1136.17;0.00
0.21;10.03;38.61;3089.02;1741.20;-1347.82;0.00
0.20;7.90;38.89;3111.09;1612.63;-1498.46;0.00
0.25;10.89;38.02;3041.33;2027.87;-1013.46;0.00
0.22;11.37;44.33;3546.26;1925.38;-1620.89;0.00
0.25;10.62;40.58;3246.50;2054.55;-1191.95;0.00
0.23;11.31;44.71;3576.45;1950.47;-1625.99;0.00
0.25;10.58;33.96;2717.00;2012.51;-704.49;0.00
0.25;11.67;41.16;3293.10;2115.33;-1177.76;0.00
0.23;9.48;42.96;3436.66;1833.49;-1603.17;0.00
0.22;9.53;41.17;3293.93;1808.82;-1485.12;0.00
0.25;10.78;34.15;2731.64;2066.40;-665.24;0.00
0.25;8.32;46.70;3735.70;1888.10;-1847.61;0.00
0.25;10.04;37.95;3035.62;2028.18;-1007.44;0.00
0.25;10.35;41.41;3312.49;2013.32;-1299.17;0.00
0.24;10.26;33.38;2670.68;1969.22;-701.46;0.00
0.28;8.87;39.99;3198.86;2091.87;-1106.99;0.00
0.26;11.90;40.39;3230.82;2143.21;-1087.60;0.00
0.22;10.46;50.72;4057.85;1859.00;-2198.85;0.00
0.27;9.22;36.77;2941.39;2090.68;-850.71;0.00
0.22;11.15;43.88;3510.29;1903.44;-1606.85;0.00
0.24;8.99;33.63;2690.68;1906.24;-784.44;0.00
0.24;11.81;40.79;3263.54;2042.82;-1220.72;0.00
0.27;8.58;36.56;2925.02;2029.20;-895.82;0.00
0.24;10.24;41.99;3359.45;1927.58;-1431.88;0.00
0.28;10.95;35.45;2835.90;2214.72;-621.18;0.00
0.26;11.78;47.36;3789.20;2138.79;-1650.41;0.00
0.27;11.45;29.96;2397.13;2207.06;-190.07;0.00
0.24;10.34;40.33;3226.32;1959.41;-1266.91;0.00
0.26;10.35;39.62;3169.37;2075.12;-1094.24;0.00
0.23;8.32;45.79;3663.04;1764.56;-1898.47;0.00
0.25;10.89;39.81;3185.15;2071.54;-1113.60;0.00
0.23;11.33;41.09;3287.58;1941.68;-1345.89;0.00
0.19;10.17;45.86;3668.52;1677.52;-1990.99;0.00
0.24;9.87;45.13;3610.07;1956.03;-1654.04;0.00
0.23;11.06;38.87;3109.60;1927.04;-1182.56;0.00
0.24;10.57;38.12;3049.67;1965.05;-1084.62;0.00
0.25;8.11;39.39;3151.15;1874.92;-1276.23;0.00
0.26;10.73;35.51;2841.19;2076.14;-765.05;0.00
0.25;11.09;43.20;3455.82;2083.48;-1372.34;0.00
0.29;11.21;44.05;3524.31;2318.31;-1206.00;0.00
0.24;8.59;40.33;3226.25;1875.08;-1351.17;0.00
0.23;9.87;40.98;3278.21;1886.60;-1391.60;0.00
0.25;9.30;30.05;2404.03;1931.48;-472.54;0.00
0.25;9.05;46.99;3759.49;1961.64;-1797.84;0.00
0.27;10.31;39.53;3162.76;2111.87;-1050.88;0.00
0.26;11.37;34.48;2758.79;2140.82;-617.97;0.00
0.26;8.99;37.26;2980.83;2010.36;-970.47;0.00
0.26;12.88;40.97;3277.57;2196.89;-1080.68;0.00
0.22;9.78;38.84;3107.57;1828.27;-1279.30;0.00
0.26;11.83;45.37;3629.35;2167.49;-1461.85;0.00
0.26;10.68;39.02;3121.82;2064.81;-1057.01;0.00
0.19;10.00;37.99;3039.31;1649.71;-1389.60;0.00
0.27;10.08;37.38;2990.57;2128.40;-862.17;0.00
0.21;7.36;40.19;3215.42;1605.12;-1610.31;0.00
0.21;10.24;33.37;2669.54;1797.20;-872.34;0.00
0.26;9.03;37.89;3031.31;2024.38;-1006.93;0.00
0.22;9.76;41.84;3346.92;1807.49;-1539.43;0.00
0.29;13.22;43.69;3494.94;2423.01;-1071.93;0.00
0.24;11.21;48.81;3904.68;1979.43;-1925.25;0.00
0.24;9.96;42.65;3412.01;1961.49;-1450.52;0.00
0.23;9.01;41.26;3300.82;1820.94;-1479.89;0.00
0.25;9.45;45.08;3606.41;1976.95;-1629.46;0.00
0.28;10.28;44.34;3547.32;2206.29;-1341.03;0.00
0.25;11.04;42.63;3410.24;2026.09;-1384.15;0.00
0.23;10.22;35.07;2805.55;1915.99;-889.56;0.00
0.24;10.44;42.99;3439.53;1936.12;-1503.41;0.00
0.24;10.34;37.68;3014.66;1931.08;-1083.58;0.00
0.23;8.73;47.84;3826.85;1795.18;-2031.67;0.00
0.24;10.91;33.86;2709.04;2011.31;-697.73;0.00
0.26;10.64;35.69;2855.12;2063.52;-791.60;0.00
0.26;10.09;49.01;3921.01;2038.76;-1882.25;0.00
0.25;10.69;41.22;3297.30;2040.13;-1257.17;0.00
0.25;10.04;42.33;3386.27;1975.97;-1410.31;0.00
0.22;9.21;34.79;2782.88;1761.67;-1021.21;0.00
0.23;9.39;45.33;3626.38;1876.75;-1749.63;0.00
0.21;10.17;37.18;2974.64;1802.64;-1172.00;0.00
0.27;9.39;39.16;3132.88;2078.50;-1054.38;0.00
0.22;11.04;41.78;3342.18;1905.89;-1436.29;0.00
0.25;10.17;35.22;2817.73;2014.98;-802.75;0.00
0.28;9.70;33.87;2709.53;2146.39;-563.14;0.00
0.30;9.79;41.42;3313.56;2261.10;-1052.46;0.00
0.26;9.71;44.60;3568.28;2048.06;-1520.22;0.00
0.26;9.81;39.27;3141.30;2072.19;-1069.11;0.00
0.28;9.19;35.64;2851.22;2137.38;-713.84;0.00
0.29;9.02;36.16;2892.44;2154.69;-737.74;0.00
0.25;10.82;44.87;3589.70;2040.32;-1549.38;0.00
0.23;10.53;34.71;2776.70;1919.68;-857.02;0.00
0.29;10.54;43.82;3505.73;2285.67;-1220.06;0.00
0.23;10.40;37.69;3015.33;1916.47;-1098.86;0.00
0.25;9.23;43.66;3493.00;1979.95;-1513.04;0.00
0.28;9.82;36.20;2895.92;2173.53;-722.39;0.00
0.23;10.01;40.27;3221.65;1853.84;-1367.81;0.00
0.22;9.75;37.45;2996.32;1794.97;-1201.35;0.00
0.22;12.82;43.04;3443.46;1981.96;-1461.50;0.00
0.21;11.96;33.46;2676.77;1859.10;-817.67;0.00
0.25;11.21;41.34;3307.13;2091.73;-1215.39;0.00
0.24;8.17;40.87;3269.87;1826.84;-1443.03;0.00
0.23;10.46;43.16;3452.51;1922.32;-1530.20;0.00
0.27;11.54;35.93;2874.40;2226.54;-647.86;0.00
0.22;11.61;41.51;3321.20;1900.40;-1420.79;0.00
0.29;11.62;37.01;2960.81;2337.21;-623.60;0.00
0.25;10.52;41.54;3323.02;2031.95;-1291.07;0.00
0.23;10.55;38.30;3064.35;1937.66;-1126.70;0.00
0.20;9.39;39.59;3167.25;1652.36;-1514.89;0.00
0.21;11.58;35.66;2853.13;1862.53;-990.60;0.00
0.24;10.98;38.73;3098.41;2009.01;-1089.40;0.00
0.28;8.61;35.97;2877.26;2089.56;-787.70;0.00
0.21;12.68;42.72;3417.85;1913.00;-1504.85;0.00
0.23;12.23;45.19;3615.09;2013.77;-1601.32;0.00
0.25;11.21;38.98;3118.20;2055.70;-1062.49;0.00
0.28;12.70;35.65;2851.69;2335.29;-516.40;0.00
0.25;11.47;40.89;3271.06;2101.04;-1170.01;0.00
0.27;10.63;41.79;3343.25;2166.94;-1176.31;0.00
0.25;12.53;40.77;3261.44;2157.33;-1104.11;0.00
0.22;7.87;32.23;2578.71;1730.60;-848.12;0.00
0.26;10.85;41.17;3293.40;2104.59;-1188.81;0.00
0.21;9.80;47.66;3812.96;1744.41;-2068.55;0.00
0.25;8.94;37.47;2997.88;1963.24;-1034.64;0.00
0.28;8.10;41.04;3283.37;2092.71;-1190.66;0.00
0.24;10.02;40.64;3251.17;1938.65;-1312.52;0.00
0.22;9.94;48.10;3848.39;1803.38;-2045.01;0.00
0.24;10.21;47.51;3801.02;1971.55;-1829.46;0.00
0.23;11.48;45.46;3636.47;1941.17;-1695.31;0.00
0.27;9.08;37.45;2996.14;2060.45;-935.69;0.00
0.20;10.67;36.95;2956.32;1759.63;-1196.69;0.00
0.25;8.18;42.53;3402.42;1902.11;-1500.31;0.00
0.27;9.99;41.81;3344.59;2105.05;-1239.54;0.00
0.28;8.70;39.43;3154.07;2110.43;-1043.64;0.00
0.23;8.62;49.43;3954.05;1834.40;-2119.65;0.00
0.22;8.98;38.75;3099.87;1755.45;-1344.41;0.00
0.22;12.15;39.38;3150.60;1929.10;-1221.51;0.00
0.24;9.77;34.31;2744.68;1954.18;-790.51;0.00
0.24;9.23;49.36;3948.52;1897.57;-2050.95;0.00
0.27;9.57;36.43;2914.26;2114.06;-800.20;0.00
0.28;11.01;42.27;3381.28;2231.06;-1150.22;0.00
0.23;11.42;42.84;3427.57;1946.84;-1480.73;0.00
0.24;8.87;26.63;2130.45;1900.56;-229.88;0.00
0.26;11.62;30.26;2421.09;2156.03;-265.06;0.00
0.26;8.38;43.26;3460.75;1985.45;-1475.30;0.00
0.27;10.19;38.87;3109.56;2128.27;-981.29;0.00
0.28;10.90;38.65;3092.09;2205.30;-886.78;0.00
0.26;9.84;40.77;3261.97;2049.82;-1212.14;0.00
0.23;7.81;38.34;3066.90;1791.96;-1274.94;0.00
0.31;8.44;41.16;3292.43;2248.16;-1044.27;0.00
0.26;8.85;44.82;3585.94;1975.48;-1610.46;0.00
0.27;10.80;35.52;2841.69;2154.66;-687.03;0.00
0.25;9.71;38.34;3067.55;1953.93;-1113.62;0.00
0.29;10.60;48.13;3850.38;2250.45;-1599.93;0.00
0.26;11.52;36.68;2934.61;2125.76;-808.85;0.00
0.24;9.30;38.03;3042.19;1897.41;-1144.78;0.00
0.24;12.00;43.26;3460.56;2066.06;-1394.49;0.00
0.26;11.00;39.11;3128.88;2109.43;-1019.45;0.00
0.24;8.98;41.96;3356.85;1871.48;-1485.38;0.00
0.24;8.83;47.99;3839.54;1849.62;-1989.92;0.00
0.24;11.41;37.24;2978.92;2017.15;-961.78;0.00
0.27;8.27;37.89;3031.26;1992.26;-1039.00;0.00
0.26;8.65;38.89;3111.17;1964.26;-1146.91;0.00
0.20;10.75;51.11;4088.47;1746.52;-2341.95;0.00
0.27;11.33;52.02;4161.20;2167.90;-1993.30;0.00
0.25;9.69;46.61;3729.15;1991.24;-1737.90;0.00
0.27;11.63;36.35;2908.29;2176.12;-732.17;0.00
0.22;9.76;42.43;3394.75;1800.45;-1594.30;0.00
0.23;10.50;37.99;3039.48;1912.63;-1126.84;0.00
0.23;11.48;45.52;3641.65;1954.04;-1687.61;0.00
0.22;11.26;37.70;3015.77;1893.21;-1122.56;0.00
0.28;9.90;39.81;3184.89;2171.07;-1013.82;0.00
0.26;11.71;34.35;2748.35;2148.53;-599.82;0.00
0.19;11.97;35.16;2813.02;1749.71;-1063.30;0.00
0.24;12.08;40.32;3225.37;2042.04;-1183.34;0.00
0.23;9.17;34.64;2771.38;1844.55;-926.83;0.00
0.27;9.82;35.68;2854.58;2107.75;-746.83;0.00
0.25;9.75;42.35;3388.24;1961.17;-1427.07;0.00
0.25;10.36;36.69;2935.33;2026.94;-908.39;0.00
0.20;11.10;42.30;3384.17;1765.37;-1618.80;0.00
0.28;10.93;38.22;3057.79;2204.20;-853.60;0.00
0.29;9.87;36.71;2937.19;2250.50;-686.68;0.00
0.26;9.93;38.99;3119.42;2052.55;-1066.87;0.00
0.28;10.30;41.68;3334.58;2188.66;-1145.92;0.00
0.18;8.86;46.91;3752.50;1527.85;-2224.65;0.00
0.28;10.54;37.34;2987.58;2202.28;-785.31;0.00
0.21;8.31;35.18;2814.09;1687.01;-1127.08;0.00
0.28;9.34;40.83;3266.77;2116.24;-1150.53;0.00
0.26;10.12;46.11;3688.42;2074.68;-1613.73;0.00
0.25;9.20;38.81;3104.45;1943.77;-1160.68;0.00
0.26;10.97;31.53;2522.13;2094.64;-427.48;0.00
0.26;10.46;45.32;3625.55;2087.78;-1537.77;0.00
0.22;9.93;39.61;3168.77;1825.40;-1343.38;0.00
0.24;10.98;41.98;3358.43;1994.75;-1363.67;0.00
0.20;9.76;38.90;3111.83;1671.94;-1439.89;0.00
0.22;8.28;45.73;3658.59;1722.08;-1936.51;0.00
0.25;9.01;40.97;3277.38;1955.06;-1322.32;0.00
0.24;9.27;36.88;2950.28;1877.60;-1072.69;0.00
0.23;12.65;35.93;2874.08;2000.51;-873.57;0.00
0.23;9.86;36.17;2893.31;1884.90;-1008.42;0.00
0.27;8.57;38.11;3049.02;2043.65;-1005.37;0.00
0.31;9.01;39.65;3171.94;2292.62;-879.32;0.00
0.27;9.13;39.19;3135.01;2068.29;-1066.72;0.00
0.28;10.00;45.39;3631.37;2175.11;-1456.26;0.00
0.27;11.25;38.69;3095.52;2209.73;-885.79;0.00
0.26;9.26;39.93;3194.38;2032.01;-1162.37;0.00
0.26;8.26;36.65;2932.06;1985.72;-946.34;0.00
0.26;9.63;35.00;2799.75;2049.55;-750.20;0.00
0.24;10.24;40.60;3248.14;1968.81;-1279.33;0.00
0.25;10.56;31.55;2524.39;2032.72;-491.66;0.00
0.23;8.41;49.06;3924.57;1823.49;-2101.08;0.00
0.21;11.67;38.55;3083.65;1828.60;-1255.06;0.00
0.26;10.02;45.89;3670.82;2034.24;-1636.58;0.00
0.27;8.42;37.89;3031.59;2003.44;-1028.15;0.00
0.23;10.15;35.58;2846.46;1912.68;-933.78;0.00
0.24;11.08;38.38;3070.31;2018.46;-1051.84;0.00
0.26;8.85;37.95;3035.68;1976.91;-1058.78;0.00
0.23;8.88;40.03;3202.45;1832.69;-1369.76;0.00
0.23;10.00;39.99;3199.25;1853.31;-1345.94;0.00
0.28;12.15;40.09;3206.93;2282.93;-924.01;0.00
0.28;9.28;42.26;3380.68;2136.12;-1244.56;0.00
0.24;11.08;43.70;3495.82;2000.49;-1495.33;0.00
0.24;11.21;41.44;3315.41;2008.48;-1306.93;0.00
0.26;10.90;35.77;2861.25;2104.94;-756.31;0.00
0.22;9.61;42.33;3386.28;1785.50;-1600.78;0.00
0.23;9.44;46.16;3692.94;1838.59;-1854.36;0.00
0.25;11.21;36.57;2925.84;2080.30;-845.55;0.00
0.26;9.16;41.84;3346.98;2023.01;-1323.96;0.00
0.25;8.15;45.53;3642.75;1885.10;-1757.64;0.00
0.24;8.86;34.89;2791.36;1867.02;-924.34;0.00
0.24;9.14;38.30;3064.01;1911.33;-1152.68;0.00
0.25;11.35;34.67;2773.70;2055.68;-718.01;0.00
0.23;10.87;34.57;2765.39;1952.91;-812.48;0.00
0.25;11.29;42.31;3384.53;2049.15;-1335.38;0.00
0.24;8.37;35.81;2864.41;1838.66;-1025.75;0.00
0.24;10.16;35.18;2814.33;1976.63;-837.69;0.00
0.25;8.63;40.10;3207.87;1951.15;-1256.71;0.00
0.21;8.51;35.83;2866.57;1700.37;-1166.20;0.00
0.23;10.44;37.30;2984.27;1913.53;-1070.74;0.00
0.27;11.13;36.80;2944.11;2147.32;-796.79;0.00
0.27;8.92;42.36;3388.46;2031.87;-1356.58;0.00
0.22;12.21;44.61;3568.43;1953.04;-1615.39;0.00
0.28;10.78;36.41;2912.60;2223.24;-689.35;0.00
0.25;11.38;42.39;3390.92;2064.57;-1326.35;0.00
0.23;10.23;36.55;2923.71;1921.62;-1002.08;0.00
0.27;8.71;42.41;3392.65;2072.96;-1319.69;0.00
0.24;9.05;37.28;2982.27;1917.44;-1064.84;0.00
0.22;9.73;40.92;3273.37;1801.00;-1472.37;0.00
0.23;9.44;42.83;3426.00;1843.41;-1582.59;0.00
0.24;11.38;46.52;3721.95;2034.18;-1687.77;0.00
0.28;10.96;40.12;3209.53;2213.98;-995.56;0.00
0.26;10.61;36.68;2934.09;2095.51;-838.58;0.00
0.22;9.05;44.39;3551.46;1793.87;-1757.59;0.00
0.26;10.83;32.80;2623.94;2106.78;-517.17;0.00
0.23;11.27;29.42;2353.55;1965.19;-388.36;0.00
0.25;11.32;40.76;3260.70;2060.07;-1200.63;0.00
0.29;10.08;48.64;3891.00;2212.59;-1678.41;0.00
0.24;10.31;44.07;3525.57;1974.12;-1551.45;0.00
0.26;10.03;43.95;3516.37;2051.05;-1465.32;0.00
0.26;9.98;40.64;3251.43;2044.79;-1206.63;0.00
0.26;8.15;40.69;3255.48;1964.62;-1290.85;0.00
0.26;11.18;35.74;2858.96;2124.43;-734.54;0.00
0.26;10.36;35.05;2804.21;2076.62;-727.59;0.00
0.24;10.87;48.78;3902.60;2012.05;-1890.55;0.00
0.26;9.34;42.22;3377.96;2024.94;-1353.02;0.00
0.23;9.89;39.74;3178.98;1895.78;-1283.20;0.00
0.24;9.16;35.24;2819.29;1897.09;-922.19;0.00
0.27;10.70;49.59;3967.00;2127.43;-1839.56;0.00
0.22;10.31;34.98;2798.23;1861.14;-937.08;0.00
0.26;9.34;44.18;3534.08;2002.65;-1531.43;0.00
0.24;10.09;36.60;2927.73;1926.55;-1001.19;0.00
0.23;10.64;37.39;2991.14;1942.98;-1048.16;0.00
0.25;10.68;42.80;3424.36;2051.18;-1373.19;0.00
0.25;9.08;40.85;3268.07;1932.43;-1335.64;0.00
0.24;10.91;38.97;3117.31;1971.62;-1145.69;0.00
0.23;10.82;38.90;3112.20;1916.95;-1195.25;0.00
0.25;11.53;38.65;3091.81;2081.24;-1010.57;0.00
0.23;9.43;38.46;3076.82;1860.68;-1216.15;0.00
0.25;9.99;45.24;3619.07;2003.98;-1615.09;0.00
0.28;11.15;42.28;3382.39;2242.72;-1139.67;0.00
0.19;9.63;43.35;3467.70;1631.52;-1836.18;0.00
0.23;9.64;40.06;3205.05;1881.16;-1323.89;0.00
0.23;10.89;33.17;2653.93;1911.73;-742.21;0.00
0.31;9.16;34.09;2727.11;2280.92;-446.19;0.00
0.20;9.06;43.70;3496.13;1651.15;-1844.98;0.00
0.22;10.04;40.84;3267.38;1825.66;-1441.72;0.00
0.23;9.91;42.73;3418.04;1875.71;-1542.33;0.00
0.27;10.68;56.52;4521.76;2170.93;-2350.83;0.00
0.24;8.62;45.72;3657.70;1881.59;-1776.11;0.00
0.30;10.10;39.77;3181.42;2315.28;-866.14;0.00
0.25;11.70;37.51;3001.11;2086.51;-914.60;0.00
0.22;11.75;37.21;2977.00;1933.33;-1043.67;0.00
0.23;11.59;38.87;3109.74;1991.18;-1118.55;0.00
0.22;10.06;36.57;2925.55;1850.86;-1074.69;0.00
0.21;10.76;35.66;2853.02;1807.76;-1045.26;0.00
0.23;9.79;41.54;3323.48;1852.81;-1470.67;0.00
0.24;11.53;33.84;2707.60;2037.42;-670.18;0.00
0.26;9.99;45.62;3649.25;2053.80;-1595.45;0.00
0.27;8.73;44.44;3555.25;2036.30;-1518.95;0.00
0.25;12.07;46.38;3710.76;2086.46;-1624.29;0.00
0.26;9.19;53.80;4304.29;1999.35;-2304.94;0.00
0.27;10.69;40.05;3204.10;2130.96;-1073.15;0.00
0.24;11.71;33.40;2672.33;2007.63;-664.69;0.00
0.25;10.13;47.07;3765.39;2014.48;-1750.91;0.00
0.25;9.85;47.87;3829.49;2002.50;-1826.99;0.00
0.26;12.61;45.86;3668.59;2176.38;-1492.21;0.00
0.27;8.90;45.75;3659.93;2055.44;-1604.49;0.00
0.22;10.02;46.54;3722.98;1852.51;-1870.47;0.00
0.24;10.00;32.75;2620.17;1935.65;-684.52;0.00
0.22;11.58;39.92;3193.36;1908.85;-1284.51;0.00
0.22;11.14;45.67;3653.45;1868.12;-1785.33;0.00
0.19;10.35;42.30;3383.61;1679.93;-1703.68;0.00
0.25;10.04;34.81;2784.47;2010.09;-774.38;0.00
0.27;9.61;39.65;3171.84;2069.75;-1102.09;0.00
0.24;9.57;39.46;3156.93;1937.04;-1219.90;0.00
0.25;8.63;41.03;3282.72;1947.60;-1335.12;0.00
0.29;10.42;39.79;3183.02;2230.31;-952.72;0.00
0.22;10.37;39.21;3136.87;1818.67;-1318.21;0.00
0.25;10.90;43.31;3464.76;2046.74;-1418.02;0.00
0.24;11.41;45.77;3661.97;2013.55;-1648.41;0.00
0.25;9.32;27.82;2225.62;1958.68;-266.94;0.00
0.22;11.10;45.06;3604.44;1890.50;-1713.94;0.00
0.23;10.80;39.43;3154.38;1936.11;-1218.28;0.00
0.24;9.59;41.22;3297.24;1946.79;-1350.45;0.00
0.20;11.31;36.33;2906.11;1805.31;-1100.80;0.00
0.28;9.53;43.55;3483.82;2135.41;-1348.40;0.00
0.26;10.50;32.90;2632.28;2079.34;-552.94;0.00
0.32;10.67;44.05;3523.63;2445.56;-1078.07;0.00
0.22;11.27;40.78;3262.17;1905.65;-1356.52;0.00
0.26;10.28;46.54;3722.98;2099.27;-1623.71;0.00
0.26;9.81;39.95;3196.37;2022.06;-1174.31;0.00
0.24;9.29;45.34;3627.44;1878.84;-1748.60;0.00
0.27;11.07;40.27;3221.93;2171.90;-1050.03;0.00
0.26;10.60;44.88;3590.53;2103.20;-1487.34;0.00
0.24;11.79;35.64;2851.34;2015.71;-835.64;0.00
0.25;11.49;30.61;2448.81;2064.27;-384.53;0.00
0.29;9.49;46.28;3702.44;2194.06;-1508.38;0.00
0.30;10.86;35.22;2817.78;2315.25;-502.53;0.00
0.22;9.12;42.27;3381.69;1795.90;-1585.79;0.00
0.26;9.39;33.55;2683.92;2027.79;-656.14;0.00
0.23;11.12;36.60;2928.34;1917.79;-1010.54;0.00
0.26;10.67;40.12;3209.72;2109.90;-1099.82;0.00
0.24;9.92;35.37;2829.30;1913.94;-915.35;0.00
0.27;10.34;33.46;2676.97;2160.07;-516.90;0.00
0.24;10.84;49.89;3991.45;1982.46;-2008.98;0.00
0.25;11.46;33.02;2641.90;2092.28;-549.61;0.00
0.29;10.36;38.03;3042.27;2223.61;-818.66;0.00
0.24;9.83;33.67;2693.24;1931.73;-761.51;0.00
0.23;9.40;42.04;3362.81;1866.76;-1496.05;0.00
0.23;9.99;38.34;3066.96;1899.85;-1167.11;0.00
0.21;10.72;37.23;2978.55;1814.21;-1164.34;0.00
0.21;10.44;37.96;3036.53;1766.97;-1269.56;0.00
0.25;10.78;47.28;3782.11;2047.72;-1734.38;0.00
0.24;11.62;47.29;3783.28;2054.32;-1728.95;0.00
0.21;9.86;40.58;3246.06;1750.02;-1496.04;0.00
0.23;10.94;37.28;2982.66;1916.42;-1066.25;0.00
0.27;9.83;39.03;3122.39;2082.11;-1040.28;0.00
0.25;9.16;36.39;2910.83;1935.01;-975.82;0.00
0.28;9.47;40.72;3257.27;2147.71;-1109.56;0.00
0.26;8.62;36.77;2941.27;1997.19;-944.08;0.00
0.23;8.21;40.93;3274.75;1803.52;-1471.23;0.00
0.28;9.14;41.73;3338.77;2123.12;-1215.66;0.00
0.24;7.96;44.23;3538.60;1837.42;-1701.18;0.00
0.23;11.47;38.49;3079.36;1965.94;-1113.42;0.00
0.21;8.10;37.03;2962.55;1686.71;-1275.83;0.00
0.28;9.67;38.82;3105.78;2182.67;-923.10;0.00
0.28;10.31;39.99;3198.95;2169.80;-1029.15;0.00
0.26;9.94;40.48;3238.62;2043.16;-1195.46;0.00
0.22;10.49;40.79;3263.05;1868.56;-1394.49;0.00
0.25;10.94;38.57;3085.40;2054.22;-1031.18;0.00
0.24;9.12;39.23;3138.35;1863.87;-1274.48;0.00
0.25;8.78;38.20;3056.04;1934.53;-1121.51;0.00
0.31;8.77;44.86;3588.46;2260.15;-1328.31;0.00
0.21;11.73;42.72;3417.91;1858.20;-1559.71;0.00
0.23;8.93;38.71;3097.11;1837.53;-1259.58;0.00
0.29;12.24;46.68;3734.11;2327.25;-1406.85;0.00
0.26;9.63;45.49;3639.34;2021.34;-1618.01;0.00
0.27;9.09;36.66;2933.17;2078.37;-854.80;0.00
0.28;8.04;40.01;3200.71;2039.42;-1161.28;0.00
0.23;9.29;42.88;3430.56;1836.96;-1593.60;0.00
0.24;9.50;40.99;3279.20;1922.51;-1356.69;0.00
0.27;9.81;39.85;3188.07;2104.81;-1083.26;0.00
0.20;9.71;38.06;3045.03;1700.69;-1344.34;0.00
0.23;9.16;34.14;2731.02;1863.85;-867.17;0.00
0.31;10.76;39.12;3129.23;2398.79;-730.44;0.00
0.21;8.78;40.81;3264.55;1722.12;-1542.43;0.00
0.28;9.57;45.96;3676.66;2175.86;-1500.79;0.00
0.28;10.39;43.61;3489.05;2189.35;-1299.70;0.00
0.24;11.35;28.76;2301.15;2034.63;-266.53;0.00
0.27;7.31;38.04;3043.15;1943.48;-1099.67;0.00
0.24;10.32;35.18;2814.01;1951.82;-862.19;0.00
0.27;8.67;45.69;3655.32;2038.17;-1617.15;0.00
0.25;12.93;39.47;3157.57;2171.04;-986.53;0.00
0.26;11.01;43.12;3449.95;2135.59;-1314.37;0.00
0.24;9.76;42.53;3402.26;1926.22;-1476.04;0.00
0.25;10.46;46.84;3747.28;2019.64;-1727.64;0.00
0.29;9.89;36.10;2888.21;2248.83;-639.38;0.00
0.27;9.04;41.75;3339.68;2040.87;-1298.81;0.00
0.27;9.51;40.03;3202.22;2078.06;-1124.16;0.00
0.25;10.47;32.31;2585.08;1996.73;-588.35;0.00
0.30;11.57;36.88;2950.44;2364.57;-585.87;0.00
0.24;9.90;42.15;3372.32;1952.73;-1419.59;0.00
0.27;12.15;39.80;3183.79;2216.09;-967.70;0.00
0.27;10.70;44.59;3566.80;2151.83;-1414.98;0.00
0.22;11.22;43.99;3518.97;1908.72;-1610.25;0.00
0.25;9.78;42.46;3397.17;1996.10;-1401.07;0.00
0.27;10.37;36.12;2889.75;2157.96;-731.80;0.00
0.27;10.26;41.43;3314.10;2121.69;-1192.41;0.00
0.26;11.20;42.51;3401.08;2137.52;-1263.56;0.00
0.22;9.90;37.00;2960.18;1818.88;-1141.30;0.00
0.26;9.75;44.13;3530.79;2015.09;-1515.70;0.00
0.28;9.96;42.34;3387.16;2168.29;-1218.87;0.00
0.23;11.05;44.03;3522.62;1961.77;-1560.85;0.00
0.23;12.01;40.00;3200.05;2006.05;-1194.00;0.00
0.24;9.94;45.18;3614.42;1956.03;-1658.39;0.00
0.26;9.11;43.88;3510.35;2006.74;-1503.62;0.00
0.24;10.54;39.44;3155.26;1962.05;-1193.21;0.00
0.24;9.18;47.55;3803.91;1878.88;-1925.04;0.00
0.27;10.39;40.80;3263.63;2157.39;-1106.24;0.00
0.25;11.60;38.10;3048.19;2105.79;-942.41;0.00
0.25;10.85;35.65;2852.37;2024.99;-827.38;0.00
0.24;10.67;47.17;3773.97;1979.85;-1794.12;0.00
0.22;10.69;32.98;2638.42;1863.90;-774.52;0.00
0.28;11.18;40.19;3215.08;2207.55;-1007.53;0.00
0.22;11.55;37.93;3034.70;1893.90;-1140.80;0.00
0.22;8.94;41.59;3326.88;1791.56;-1535.31;0.00
0.25;7.89;42.62;3409.75;1866.19;-1543.56;0.00
0.26;10.15;37.36;2989.11;2081.09;-908.02;0.00
0.26;10.50;42.01;3360.79;2071.79;-1289.00;0.00
0.26;8.58;45.23;3618.68;1993.13;-1625.55;0.00
0.24;12.56;42.23;3378.61;2086.82;-1291.79;0.00
0.23;11.73;43.78;3502.67;1982.88;-1519.78;0.00
0.25;8.75;48.56;3885.03;1915.24;-1969.79;0.00
0.20;9.95;39.50;3159.87;1716.30;-1443.57;0.00
0.29;11.22;45.68;3654.12;2292.47;-1361.65;0.00
0.27;10.48;44.16;3532.66;2160.14;-1372.52;0.00
0.25;8.67;39.71;3176.58;1915.01;-1261.57;0.00
0.25;8.21;40.56;3245.11;1915.55;-1329.56;0.00
0.23;11.73;40.60;3247.95;1951.17;-1296.78;0.00
0.27;9.96;40.91;3272.64;2091.52;-1181.12;0.00
0.25;9.18;32.49;2599.11;1926.23;-672.88;0.00
0.24;10.75;36.90;2951.98;1973.49;-978.49;0.00
0.27;10.73;30.52;2441.53;2153.66;-287.87;0.00
0.25;10.86;40.53;3242.52;2071.91;-1170.62;0.00
0.24;9.30;45.47;3637.55;1879.48;-1758.07;0.00
0.20;9.90;49.10;3927.87;1682.81;-2245.06;0.00
0.28;8.79;40.88;3270.70;2095.29;-1175.41;0.00
0.26;10.07;40.60;3247.82;2082.95;-1164.87;0.00
0.25;10.56;46.71;3736.67;2056.12;-1680.55;0.00
0.22;8.83;43.22;3457.87;1769.96;-1687.91;0.00
0.26;10.52;27.09;2167.49;2061.94;-105.55;0.00
0.23;9.60;37.49;2999.04;1880.72;-1118.31;0.00
0.26;11.69;36.66;2932.70;2157.14;-775.57;0.00
0.25;12.33;48.28;3862.61;2108.87;-1753.74;0.00
0.23;12.84;41.86;3349.15;2042.73;-1306.41;0.00
0.23;9.36;42.65;3412.28;1865.14;-1547.14;0.00
0.27;10.24;36.36;2908.57;2135.41;-773.17;0.00
0.25;11.53;36.56;2924.91;2081.19;-843.72;0.00
0.25;8.19;36.61;2928.50;1916.95;-1011.55;0.00
0.22;8.29;35.16;2812.51;1756.63;-1055.87;0.00
0.22;12.36;42.53;3402.34;1977.16;-1425.18;0.00
0.22;6.83;44.39;3551.27;1647.92;-1903.35;0.00
0.23;8.54;39.10;3128.26;1786.61;-1341.65;0.00
0.24;10.49;38.76;3100.42;1963.47;-1136.95;0.00
0.24;11.18;39.08;3126.66;1978.77;-1147.90;0.00
0.22;10.04;47.46;3796.56;1818.55;-1978.01;0.00
0.22;10.98;38.50;3080.26;1885.23;-1195.03;0.00
0.25;11.66;43.50;3479.99;2115.73;-1364.26;0.00
0.21;9.75;43.99;3519.18;1778.76;-1740.42;0.00
0.21;9.84;52.54;4203.08;1783.97;-2419.11;0.00
0.25;11.11;36.31;2904.75;2046.26;-858.49;0.00
0.28;10.88;43.56;3484.45;2236.46;-1247.99;0.00
0.23;9.79;39.17;3133.23;1855.98;-1277.25;0.00
0.23;9.66;39.25;3140.16;1881.52;-1258.65;0.00
0.22;9.68;34.78;2782.63;1789.09;-993.55;0.00
0.22;9.22;56.90;4552.33;1784.60;-2767.73;0.00
0.23;11.22;50.68;4054.43;1972.36;-2082.07;0.00
0.25;10.22;44.03;3522.75;1981.17;-1541.59;0.00
0.26;10.26;40.40;3232.16;2043.53;-1188.63;0.00
0.23;11.65;45.31;3625.08;1982.66;-1642.41;0.00
0.28;11.46;41.00;3280.24;2252.70;-1027.54;0.00
0.21;10.79;32.56;2604.44;1820.05;-784.39;0.00
0.27;11.13;31.90;2551.66;2150.85;-400.81;0.00
0.27;10.37;32.61;2608.48;2116.88;-491.60;0.00
0.23;11.19;49.18;3934.15;1952.47;-1981.68;0.00
0.32;10.12;38.99;3119.24;2389.70;-729.54;0.00
0.21;10.25;45.37;3629.68;1799.72;-1829.96;0.00
0.29;11.48;37.17;2973.64;2312.91;-660.73;0.00
0.33;10.40;41.60;3327.97;2482.49;-845.47;0.00
0.24;11.30;34.28;2742.02;2028.94;-713.08;0.00
0.22;9.74;34.38;2750.70;1805.43;-945.27;0.00
0.25;10.00;40.55;3244.02;2009.88;-1234.14;0.00
0.27;9.41;48.60;3887.78;2085.07;-1802.71;0.00
0.25;11.06;42.17;3373.93;2078.13;-1295.81;0.00
0.24;11.10;42.80;3423.97;2020.14;-1403.83;0.00
0.25;11.15;38.83;3106.25;2033.59;-1072.66;0.00
0.18;10.22;32.24;2579.12;1586.75;-992.37;0.00
0.30;11.96;37.95;3036.00;2388.46;-647.54;0.00
0.21;9.51;39.27;3141.36;1754.15;-1387.21;0.00
0.25;7.56;45.30;3624.28;1862.49;-1761.79;0.00
0.24;10.10;37.24;2978.83;1967.88;-1010.95;0.00
0.25;9.75;38.15;3051.61;1985.59;-1066.02;0.00
0.23;9.17;38.87;3109.73;1813.64;-1296.10;0.00
0.28;7.80;42.98;3438.69;2053.57;-1385.11;0.00
0.29;11.16;43.25;3460.05;2308.18;-1151.87;0.00
0.26;10.87;38.01;3041.06;2106.42;-934.64;0.00
0.29;8.63;49.16;3932.86;2130.65;-1802.21;0.00
0.24;10.91;38.99;3119.02;1983.59;-1135.43;0.00
0.26;11.23;39.31;3145.18;2144.80;-1000.38;0.00
0.26;11.86;39.07;3125.70;2133.10;-992.60;0.00
0.20;10.05;48.42;3873.62;1699.49;-2174.14;0.00
0.27;8.85;41.21;3296.48;2069.56;-1226.91;0.00
0.22;10.46;36.67;2933.48;1869.98;-1063.50;0.00
0.26;11.12;43.86;3508.92;2143.75;-1365.16;0.00
0.24;9.67;43.23;3458.13;1909.66;-1548.47;0.00
0.25;11.06;47.59;3807.57;2037.14;-1770.42;0.00
0.26;11.81;45.52;3641.72;2174.37;-1467.35;0.00
0.26;10.71;32.69;2615.21;2078.90;-536.30;0.00
0.25;8.90;39.89;3191.05;1926.88;-1264.17;0.00
0.27;9.24;42.77;3421.98;2047.17;-1374.81;0.00
0.26;9.93;39.28;3142.39;2050.62;-1091.77;0.00
0.25;12.12;42.77;3421.34;2113.73;-1307.61;0.00
0.26;9.84;41.98;3358.34;2069.88;-1288.46;0.00
0.23;12.61;32.68;2614.11;2014.15;-599.96;0.00
0.26;10.30;47.28;3782.04;2081.52;-1700.52;0.00
0.22;10.67;41.30;3303.77;1842.20;-1461.57;0.00
0.26;7.47;31.59;2527.56;1907.68;-619.88;0.00
0.21;11.09;39.55;3164.22;1842.55;-1321.67;0.00
0.22;10.83;43.55;3483.67;1867.68;-1615.98;0.00
0.25;10.55;43.43;3474.23;1999.29;-1474.94;0.00
0.23;8.67;42.12;3369.81;1781.42;-1588.38;0.00
0.25;8.25;38.21;3057.12;1892.19;-1164.93;0.00
0.26;9.66;37.46;2996.86;2026.54;-970.33;0.00
0.23;10.63;38.95;3116.12;1907.68;-1208.44;0.00
0.30;9.97;46.36;3709.07;2291.86;-1417.21;0.00
0.22;10.58;40.71;3256.67;1833.29;-1423.39;0.00
0.27;11.61;39.97;3197.68;2191.02;-1006.66;0.00
0.24;13.17;40.94;3275.35;2099.32;-1176.03;0.00
0.29;10.18;37.82;3025.96;2216.42;-809.54;0.00
0.24;9.55;55.91;4472.63;1934.55;-2538.08;0.00
0.25;10.71;49.28;3942.72;2021.12;-1921.61;0.00
0.28;9.50;35.54;2843.35;2142.34;-701.02;0.00
0.27;9.70;49.56;3964.81;2070.42;-1894.39;0.00
0.23;11.23;34.99;2799.13;1960.65;-838.48;0.00
0.25;10.18;41.80;3344.19;2022.52;-1321.67;0.00
0.26;9.75;45.76;3660.76;2043.20;-1617.56;0.00
0.22;12.02;37.21;2976.61;1958.04;-1018.57;0.00
0.21;9.71;37.66;3013.08;1747.23;-1265.84;0.00
0.25;7.69;30.61;2449.02;1880.54;-568.48;0.00
0.27;10.42;41.44;3315.03;2124.16;-1190.87;0.00
0.28;10.97;37.48;2998.26;2213.02;-785.24;0.00
0.28;9.73;35.60;2847.91;2144.55;-703.36;0.00
0.19;10.56;36.45;2916.36;1661.44;-1254.92;0.00
0.28;9.97;38.14;3051.57;2168.43;-883.15;0.00
0.27;8.26;44.50;3559.74;2014.08;-1545.66;0.00
0.27;9.11;39.42;3153.95;2062.69;-1091.25;0.00
0.27;12.13;33.52;2681.31;2220.98;-460.33;0.00
0.29;9.79;46.54;3723.23;2204.00;-1519.23;0.00
0.28;11.67;41.55;3323.68;2243.98;-1079.71;0.00
0.22;8.09;42.40;3391.62;1703.28;-1688.33;0.00
0.29;11.39;41.68;3334.23;2310.14;-1024.10;0.00
0.27;9.23;39.90;3192.24;2060.55;-1131.70;0.00
0.25;9.37;41.24;3299.15;1967.69;-1331.46;0.00
0.21;10.17;39.39;3151.60;1776.77;-1374.83;0.00
0.28;9.77;41.04;3282.91;2184.77;-1098.14;0.00
0.29;9.55;47.63;3810.40;2187.05;-1623.35;0.00
0.24;9.26;44.06;3525.07;1879.90;-1645.17;0.00
0.24;9.80;40.86;3268.44;1944.99;-1323.44;0.00
0.24;10.62;35.31;2825.12;1963.48;-861.64;0.00
0.26;8.51;34.35;2748.03;1986.41;-761.62;0.00
0.24;9.69;45.18;3614.36;1951.95;-1662.41;0.00
0.25;11.62;36.13;2890.09;2063.28;-826.81;0.00
0.24;9.92;35.89;2871.06;1951.39;-919.66;0.00
0.30;10.05;34.75;2779.92;2314.99;-464.93;0.00
0.29;8.60;41.21;3296.93;2136.77;-1160.16;0.00
0.21;12.30;45.73;3658.43;1907.87;-1750.56;0.00
0.23;12.00;45.35;3627.96;1988.31;-1639.65;0.00
0.30;8.72;38.82;3105.82;2230.23;-875.59;0.00
0.29;11.92;41.54;3322.88;2339.57;-983.31;0.00
0.28;9.90;41.99;3359.21;2140.38;-1218.83;0.00
0.27;9.65;37.61;3008.67;2070.15;-938.51;0.00
0.26;10.06;41.61;3328.65;2040.88;-1287.77;0.00
0.26;9.14;46.66;3732.61;2034.02;-1698.59;0.00
0.30;11.51;41.33;3306.10;2388.21;-917.89;0.00
0.28;12.34;41.27;3301.73;2322.93;-978.80;0.00
0.29;8.40;41.37;3309.66;2141.71;-1167.95;0.00
0.27;11.05;46.43;3714.10;2183.27;-1530.83;0.00
0.23;10.00;45.33;3626.30;1863.19;-1763.11;0.00
0.22;10.80;45.60;3648.35;1869.24;-1779.11;0.00
0.26;10.79;33.36;2668.51;2095.66;-572.86;0.00
0.22;11.37;40.59;3247.14;1921.05;-1326.09;0.00
0.23;11.57;41.88;3350.49;1975.41;-1375.07;0.00
0.29;11.45;37.62;3009.74;2299.85;-709.88;0.00
0.26;10.40;36.89;2951.20;2066.05;-885.15;0.00
0.25;10.93;43.79;3502.85;2067.83;-1435.02;0.00
0.27;10.12;37.66;3012.85;2118.23;-894.62;0.00
0.25;9.92;39.49;3159.29;1993.93;-1165.36;0.00
0.26;10.51;47.77;3821.86;2105.85;-1716.01;0.00
0.27;11.42;39.29;3142.83;2215.31;-927.52;0.00
0.23;12.61;34.47;2757.81;2042.21;-715.60;0.00
0.27;10.17;39.64;3171.16;2109.02;-1062.14;0.00
0.25;11.71;45.77;3661.36;2086.01;-1575.35;0.00
0.22;12.22;33.09;2647.52;1927.44;-720.08;0.00
0.23;10.01;43.69;3495.34;1908.53;-1586.81;0.00
0.23;10.73;42.70;3415.85;1928.05;-1487.80;0.00
0.25;12.34;47.29;3782.87;2128.69;-1654.18;0.00
0.22;7.73;34.14;2731.56;1707.46;-1024.09;0.00
0.27;10.45;38.29;3063.20;2166.58;-896.62;0.00
0.25;10.12;35.48;2838.65;1985.09;-853.56;0.00
0.27;11.29;39.22;3137.97;2189.36;-948.60;0.00
0.22;9.39;43.56;3485.07;1810.69;-1674.38;0.00
0.25;10.24;34.54;2763.10;2024.20;-738.90;0.00
0.24;11.48;37.41;2992.58;2007.99;-984.58;0.00
0.28;11.38;42.34;3387.29;2243.54;-1143.75;0.00
0.23;8.28;37.53;3002.43;1798.33;-1204.10;0.00
0.22;9.47;40.48;3238.00;1820.98;-1417.02;0.00
0.20;10.27;36.52;2921.60;1695.19;-1226.41;0.00
0.27;9.18;39.18;3134.06;2068.72;-1065.35;0.00
0.26;11.64;31.17;2493.71;2146.24;-347.47;0.00
0.21;10.88;47.83;3826.47;1825.98;-2000.49;0.00
0.25;8.71;48.50;3879.93;1933.26;-1946.66;0.00
0.24;11.66;44.97;3597.29;2008.46;-1588.83;0.00
0.29;10.68;37.90;3032.21;2261.54;-770.67;0.00
0.24;12.33;40.72;3257.33;2083.60;-1173.73;0.00
0.27;9.19;42.90;3431.98;2075.43;-1356.55;0.00
0.26;11.12;37.93;3034.47;2123.67;-910.80;0.00
0.27;9.30;41.30;3304.28;2080.07;-1224.20;0.00
0.25;11.23;33.16;2652.67;2091.95;-560.72;0.00
0.27;10.37;29.67;2373.62;2141.20;-232.42;0.00
0.25;9.59;42.28;3382.03;1954.33;-1427.71;0.00
0.29;10.16;30.37;2429.30;2221.43;-207.87;0.00
0.28;11.35;34.16;2733.18;2233.47;-499.71;0.00
0.28;10.45;47.34;3786.96;2203.83;-1583.13;0.00
0.22;8.59;44.52;3561.69;1766.11;-1795.57;0.00
0.25;8.04;33.15;2651.62;1874.58;-777.04;0.00
0.25;12.45;47.91;3832.79;2103.40;-1729.39;0.00
0.26;9.98;35.36;2828.53;2029.84;-798.69;0.00
0.30;9.97;49.03;3922.11;2278.69;-1643.41;0.00
0.23;10.00;36.38;2910.60;1903.77;-1006.82;0.00
0.22;8.78;40.37;3229.71;1776.20;-1453.51;0.00
0.33;9.29;44.53;3562.20;2398.10;-1164.10;0.00
0.25;11.48;35.44;2835.23;2064.10;-771.13;0.00
0.24;11.36;43.15;3452.28;2002.30;-1449.98;0.00
0.24;10.44;40.41;3232.67;1958.83;-1273.84;0.00
0.27;8.42;40.44;3234.99;2016.47;-1218.53;0.00
0.23;11.82;53.97;4317.93;1964.83;-2353.10;0.00
0.26;8.52;40.99;3279.02;1952.93;-1326.09;0.00
0.24;11.04;46.16;3692.51;2015.67;-1676.84;0.00
0.27;9.83;44.67;3573.76;2096.81;-1476.96;0.00
0.27;11.38;36.77;2941.76;2199.70;-742.06;0.00
0.28;10.70;42.72;3417.25;2221.12;-1196.13;0.00
0.26;11.06;39.27;3141.63;2122.09;-1019.54;0.00
0.21;9.18;38.37;3069.96;1732.52;-1337.44;0.00
0.24;10.27;43.83;3506.26;1962.87;-1543.39;0.00
0.31;10.66;34.82;2785.80;2357.34;-428.45;0.00
0.20;11.25;34.16;2733.03;1784.98;-948.05;0.00
0.27;11.06;48.01;3840.85;2152.79;-1688.06;0.00
0.24;10.48;39.11;3128.53;1956.45;-1172.07;0.00
0.24;10.69;39.16;3132.88;1975.56;-1157.32;0.00
0.29;9.30;44.95;3595.91;2190.58;-1405.32;0.00
0.26;11.27;41.46;3316.77;2142.61;-1174.16;0.00
0.25;11.47;47.57;3805.66;2097.04;-1708.62;0.00
0.21;9.37;32.59;2607.24;1759.47;-847.78;0.00
0.25;9.72;31.58;2526.36;1958.61;-567.75;0.00
0.23;10.82;40.60;3247.62;1948.20;-1299.42;0.00
0.24;8.41;38.41;3072.82;1864.80;-1208.02;0.00
0.24;10.63;43.10;3448.38;1951.15;-1497.23;0.00
0.25;10.96;41.66;3332.48;2070.87;-1261.61;0.00
0.23;9.55;41.07;3285.69;1873.08;-1412.60;0.00
0.24;11.43;52.12;4169.97;2033.21;-2136.76;0.00
0.26;9.78;38.02;3041.51;2033.08;-1008.44;0.00
0.26;10.83;39.27;3141.34;2076.55;-1064.79;0.00
0.22;11.47;32.96;2636.85;1888.25;-748.60;0.00
0.25;9.33;44.27;3541.67;1976.40;-1565.27;0.00
0.32;11.11;35.39;2831.34;2446.44;-384.89;0.00
