# X_0;X_1;X_2;R_0;S_0;G_0;I_0
0.25;10.21;42.52;3401.51;2028.74;-1372.77;0.00
0.29;9.47;44.54;3562.99;2192.41;-1370.58;0.00
0.29;9.80;39.56;3164.62;2211.61;-953.02;0.00
0.25;10.54;46.62;3729.36;2032.86;-1696.50;0.00
0.24;8.74;46.47;3717.94;1851.17;-1866.77;0.00
0.26;11.73;37.98;3038.13;2132.14;-905.99;0.00
0.26;8.24;37.97;3037.64;1975.92;-1061.71;0.00
0.26;9.36;41.14;3291.03;2033.95;-1257.09;0.00
0.23;9.62;39.78;3182.79;1876.84;-1305.95;0.00
0.24;10.43;46.27;3701.30;1980.57;-1720.73;0.00
0.24;11.03;40.84;3267.44;1974.29;-1293.15;0.00
0.27;11.26;36.69;2935.13;2169.72;-765.42;0.00
0.24;8.72;43.08;3446.51;1850.78;-1595.74;0.00
0.24;11.73;40.39;3231.57;2043.78;-1187.79;0.00
0.20;11.88;28.27;2261.48;1810.78;-450.69;0.00
0.28;10.14;45.87;3669.60;2197.33;-1472.27;0.00
0.24;12.07;35.56;2844.50;2070.65;-773.85;0.00
0.29;10.02;47.75;3820.00;2250.25;-1569.75;0.00
0.29;12.12;40.34;3227.20;2346.25;-880.95;0.00
0.22;11.69;40.72;3257.69;1904.78;-1352.91;0.00
0.27;10.02;40.85;3268.08;2102.00;-1166.08;0.00
0.25;10.13;36.98;2958.75;1980.89;-977.86;0.00
0.22;8.90;43.09;3447.03;1777.65;-1669.38;0.00
0.22;10.34;32.54;2603.12;1869.69;-733.43;0.00
0.24;10.51;41.25;3299.87;1989.89;-1309.98;0.00
0.29;10.28;43.22;3457.58;2227.66;-1229.92;0.00
0.26;9.14;43.44;3475.36;2024.12;-1451.24;0.00
0.27;10.36;37.66;3012.91;2130.26;-882.66;0.00
0.27;10.56;33.29;2663.05;2158.13;-504.92;0.00
0.22;9.20;42.07;3365.92;1757.76;-1608.17;0.00
0.26;10.69;46.39;3711.21;2105.34;-1605.86;0.00
0.24;12.95;36.84;2947.60;2090.18;-857.42;0.00
0.22;10.66;40.43;3234.23;1861.89;-1372.34;0.00
0.20;10.09;50.62;4049.27;1718.82;-2330.45;0.00
0.28;9.67;45.98;3678.64;2166.39;-1512.25;0.00
0.24;9.35;39.75;3180.23;1918.27;-1261.96;0.00
0.25;11.10;47.09;3767.26;2065.50;-1701.76;0.00
0.24;10.83;45.83;3666.39;1968.23;-1698.17;0.00
0.21;10.08;34.01;2720.82;1766.40;-954.42;0.00
0.23;8.89;42.94;3435.51;1838.09;-1597.42;0.00
0.20;10.56;31.66;2532.76;1747.93;-784.83;0.00
0.25;9.02;42.98;3438.79;1970.93;-1467.85;0.00
0.25;11.64;44.14;3530.99;2059.81;-1471.18;0.00
0.24;11.10;37.52;3001.25;2017.08;-984.17;0.00
0.27;8.86;47.03;3762.22;2025.27;-1736.95;0.00
0.26;10.95;40.95;3275.68;2112.89;-1162.80;0.00
0.29;10.82;38.87;3109.44;2256.14;-853.30;0.00
0.29;10.36;45.40;3632.39;2269.47;-1362.92;0.00
0.22;9.71;34.64;2771.51;1819.03;-952.48;0.00
0.24;9.79;37.96;3037.02;1915.80;-1121.22;0.00
0.27;12.04;45.96;3676.59;2205.09;-1471.50;0.00
0.26;10.85;38.47;3077.71;2099.78;-977.93;0.00
0.22;9.10;43.45;3475.65;1792.22;-1683.43;0.00
0.26;11.36;39.15;3131.68;2123.47;-1008.22;0.00
0.27;12.72;36.45;2915.84;2243.09;-672.75;0.00
0.26;7.94;45.64;3650.84;1963.09;-1687.75;0.00
0.22;10.62;32.80;2624.30;1845.78;-778.51;0.00
0.25;10.36;36.24;2899.09;2017.81;-881.28;0.00
0.30;9.48;40.22;3217.74;2264.06;-953.68;0.00
0.26;9.78;51.15;4091.95;2017.51;-2074.44;0.00
0.30;8.76;39.76;3180.94;2206.29;-974.65;0.00
0.22;9.57;37.55;3004.18;1811.02;-1193.16;0.00
0.25;9.75;38.08;3046.73;1977.96;-1068.77;0.00
0.27;10.59;39.13;3130.28;2125.27;-1005.01;0.00
0.23;10.26;49.78;3982.63;1894.10;-2088.53;0.00
0.27;10.01;40.00;3199.73;2088.29;-1111.44;0.00
0.30;10.69;42.85;3428.35;2302.33;-1126.02;0.00
0.21;10.61;38.84;3106.87;1777.90;-1328.97;0.00
0.22;8.15;40.96;3276.91;1737.84;-1539.07;0.00
0.23;12.50;43.12;3449.70;2024.09;-1425.61;0.00
0.26;10.91;37.77;3021.31;2112.48;-908.83;0.00
0.26;7.70;42.19;3375.07;1949.44;-1425.63;0.00
0.23;9.91;43.98;3518.30;1896.43;-1621.87;0.00
0.27;11.39;49.55;3963.68;2187.48;-1776.20;0.00
0.26;11.33;38.32;3065.91;2108.41;-957.49;0.00
0.27;8.30;36.50;2920.00;2002.74;-917.27;0.00
0.24;10.08;41.70;3335.66;1924.42;-1411.24;0.00
0.25;11.68;36.36;2908.91;2076.22;-832.69;0.00
0.27;11.98;35.31;2824.89;2195.09;-629.80;0.00
0.22;10.03;40.57;3245.51;1814.23;-1431.28;0.00
0.28;9.39;40.06;3204.91;2134.94;-1069.97;0.00
0.25;8.39;42.03;3362.75;1915.07;-1447.68;0.00
0.27;11.73;36.38;2910.65;2209.15;-701.49;0.00
0.24;10.88;41.60;3328.29;1961.60;-1366.69;0.00
0.28;11.12;38.43;3074.29;2205.63;-868.66;0.00
0.26;11.56;44.42;3553.41;2128.41;-1425.00;0.00
0.24;10.22;33.76;2700.75;1971.41;-729.34;0.00
0.24;8.04;36.16;2892.59;1829.15;-1063.45;0.00
0.26;10.36;34.55;2763.92;2090.80;-673.12;0.00
0.25;9.15;36.39;2911.58;1963.65;-947.92;0.00
0.26;10.79;42.65;3412.21;2115.39;-1296.82;0.00
0.23;9.80;40.34;3227.07;1845.77;-1381.30;0.00
0.25;9.88;37.15;2971.65;1995.57;-976.08;0.00
0.24;10.00;38.84;3107.08;1960.48;-1146.60;0.00
0.30;10.21;35.72;2857.62;2324.79;-532.83;0.00
0.23;9.99;39.90;3191.67;1854.12;-1337.55;0.00
0.27;11.76;35.95;2875.69;2206.30;-669.38;0.00
0.26;8.60;34.95;2795.85;1951.74;-844.11;0.00
0.24;9.45;34.39;2751.47;1927.71;-823.76;0.00
0.25;11.30;37.75;3019.86;2048.82;-971.04;0.00
0.29;8.85;35.70;2855.93;2148.90;-707.03;0.00
0.23;7.80;42.61;3409.06;1778.05;-1631.01;0.00
0.28;10.76;46.66;3732.62;2195.33;-1537.29;0.00
0.24;8.23;37.17;2973.77;1844.31;-1129.46;0.00
0.24;10.32;45.84;3667.51;1928.49;-1739.02;0.00
0.23;10.64;38.84;3106.98;1928.43;-1178.55;0.00
0.28;10.87;38.61;3088.75;2246.29;-842.46;0.00
0.28;9.76;48.24;3859.37;2184.30;-1675.07;0.00
0.21;10.17;37.33;2986.32;1778.83;-1207.50;0.00
0.25;9.22;41.90;3352.24;1979.37;-1372.87;0.00
0.27;9.47;37.55;3003.98;2111.75;-892.23;0.00
0.25;9.34;36.11;2889.10;1976.26;-912.85;0.00
0.27;11.77;38.04;3043.05;2192.03;-851.02;0.00
0.29;7.74;38.20;3056.28;2080.58;-975.70;0.00
0.22;10.58;36.50;2920.39;1831.31;-1089.08;0.00
0.26;10.02;38.60;3087.69;2067.72;-1019.97;0.00
0.25;9.53;40.85;3267.78;1991.62;-1276.16;0.00
0.22;11.90;37.00;2959.83;1914.29;-1045.54;0.00
0.21;11.18;41.31;3304.44;1835.12;-1469.32;0.00
0.30;8.36;40.88;3270.30;2187.43;-1082.87;0.00
0.25;11.17;35.93;2874.32;2055.53;-818.79;0.00
0.20;8.70;28.81;2304.45;1610.10;-694.35;0.00
0.24;10.07;28.59;2287.03;1916.55;-370.47;0.00
0.29;10.77;35.86;2868.71;2262.92;-605.79;0.00
0.27;9.69;42.97;3437.22;2108.48;-1328.74;0.00
0.24;12.83;37.22;2977.60;2095.97;-881.63;0.00
0.28;10.05;43.19;3454.86;2184.47;-1270.40;0.00
0.24;10.00;36.36;2908.43;1931.34;-977.09;0.00
0.22;10.39;38.80;3103.83;1871.29;-1232.54;0.00
0.24;10.98;34.59;2767.42;2017.68;-749.74;0.00
0.26;11.11;39.95;3195.63;2087.44;-1108.19;0.00
0.26;11.53;45.16;3612.55;2135.14;-1477.41;0.00
0.17;8.83;36.58;2926.60;1473.92;-1452.68;0.00
0.27;9.40;30.62;2449.82;2084.49;-365.33;0.00
0.30;11.83;35.33;2826.51;2400.91;-425.60;0.00
0.25;8.63;38.39;3071.36;1933.46;-1137.90;0.00
0.27;8.98;38.53;3082.41;2030.61;-1051.80;0.00
0.27;9.83;37.88;3030.48;2124.85;-905.63;0.00
0.23;8.63;40.78;3262.39;1806.02;-1456.37;0.00
0.25;10.18;43.66;3492.86;1987.22;-1505.64;0.00
0.26;8.59;35.93;2874.57;1954.64;-919.93;0.00
0.28;9.80;38.62;3089.86;2183.13;-906.73;0.00
0.25;10.48;40.25;3220.32;2001.34;-1218.98;0.00
0.27;8.37;44.08;3526.08;2000.59;-1525.48;0.00
0.21;9.98;38.36;3069.01;1768.16;-1300.85;0.00
0.23;10.57;34.95;2795.81;1922.44;-873.37;0.00
0.24;11.64;41.39;3310.90;2026.45;-1284.45;0.00
0.25;9.78;43.70;3495.99;1957.96;-1538.04;0.00
0.24;9.29;37.96;3036.76;1901.01;-1135.75;0.00
0.24;9.69;43.79;3502.97;1899.59;-1603.38;0.00
0.24;10.13;34.07;2725.86;1956.78;-769.08;0.00
0.21;9.20;31.19;2495.27;1737.66;-757.61;0.00
0.26;11.87;38.55;3083.99;2183.46;-900.53;0.00
0.26;11.40;48.20;3855.69;2152.10;-1703.59;0.00
0.24;8.89;38.50;3079.74;1861.31;-1218.42;0.00
0.24;9.38;41.84;3347.06;1914.93;-1432.13;0.00
0.25;10.66;39.73;3178.75;2061.25;-1117.50;0.00
0.28;9.50;33.34;2667.29;2173.97;-493.32;0.00
0.30;10.58;43.26;3460.51;2311.96;-1148.54;0.00
0.27;9.93;43.71;3497.12;2107.20;-1389.92;0.00
0.27;10.38;40.36;3228.42;2150.89;-1077.53;0.00
0.20;9.97;45.51;3640.81;1688.10;-1952.70;0.00
0.23;12.19;45.01;3601.14;2014.02;-1587.12;0.00
0.25;9.75;35.04;2803.57;1986.41;-817.16;0.00
0.27;11.24;38.06;3044.70;2194.90;-849.81;0.00
0.27;9.83;33.72;2697.30;2077.80;-619.51;0.00
0.25;10.88;50.16;4013.10;2042.66;-1970.43;0.00
0.22;11.49;37.96;3036.74;1931.07;-1105.67;0.00
0.29;9.36;42.83;3426.37;2175.04;-1251.33;0.00
0.21;9.85;42.49;3399.14;1780.89;-1618.25;0.00
0.27;8.64;42.73;3418.56;2040.96;-1377.60;0.00
0.28;10.39;43.81;3504.56;2170.24;-1334.32;0.00
0.25;10.55;38.09;3047.20;2027.97;-1019.23;0.00
0.25;6.77;47.13;3770.26;1848.56;-1921.70;0.00
0.24;10.58;41.36;3308.90;1956.09;-1352.81;0.00
0.25;10.84;44.54;3563.47;2028.33;-1535.14;0.00
0.25;9.75;31.50;2520.16;2011.30;-508.86;0.00
0.23;8.53;37.79;3023.26;1813.19;-1210.07;0.00
0.25;11.25;38.84;3106.94;2060.00;-1046.94;0.00
0.25;11.11;39.45;3155.97;2054.79;-1101.18;0.00
0.25;10.10;36.43;2914.06;2019.03;-895.03;0.00
0.29;12.35;42.64;3411.23;2355.31;-1055.91;0.00
0.23;9.54;42.57;3405.82;1855.64;-1550.18;0.00
0.23;10.01;43.34;3466.94;1865.93;-1601.00;0.00
0.29;11.11;34.51;2760.73;2269.87;-490.86;0.00
0.25;9.39;42.17;3373.23;1973.52;-1399.71;0.00
0.29;10.38;41.30;3304.02;2259.02;-1045.00;0.00
0.23;11.87;45.04;3603.34;1953.33;-1650.01;0.00
0.23;11.48;43.94;3514.87;1954.13;-1560.74;0.00
0.25;7.81;38.25;3059.66;1882.50;-1177.16;0.00
0.25;9.96;30.48;2438.76;2023.72;-415.05;0.00
0.28;9.10;39.00;3120.26;2103.91;-1016.35;0.00
0.30;9.19;45.23;3618.22;2274.58;-1343.64;0.00
0.20;9.71;35.80;2863.66;1708.49;-1155.17;0.00
0.19;9.14;40.99;3279.47;1613.11;-1666.36;0.00
0.24;11.39;38.35;3068.22;2032.82;-1035.40;0.00
0.29;9.38;37.00;2960.02;2203.21;-756.81;0.00
0.29;10.38;48.38;3870.65;2243.42;-1627.23;0.00
0.27;8.63;37.44;2995.00;2040.51;-954.49;0.00
0.29;10.87;36.98;2958.27;2262.03;-696.24;0.00
0.23;9.58;34.21;2736.72;1844.22;-892.49;0.00
0.28;10.19;39.41;3152.65;2186.71;-965.94;0.00
0.25;10.59;42.67;3413.73;2046.48;-1367.25;0.00
0.28;10.85;32.85;2627.67;2215.95;-411.72;0.00
0.26;9.78;44.09;3527.29;2046.71;-1480.58;0.00
0.23;11.47;43.15;3452.24;1972.03;-1480.21;0.00
0.26;9.93;38.61;3088.72;2028.71;-1060.01;0.00
0.25;8.91;39.02;3121.66;1953.31;-1168.35;0.00
0.25;10.27;39.53;3162.30;2031.48;-1130.82;0.00
0.28;9.78;45.00;3599.65;2165.84;-1433.81;0.00
0.30;10.04;43.22;3457.68;2278.73;-1178.95;0.00
0.27;9.49;40.05;3203.74;2082.72;-1121.02;0.00
0.22;9.21;35.94;2875.37;1752.20;-1123.17;0.00
0.30;8.77;38.40;3072.32;2223.97;-848.35;0.00
0.23;11.11;38.89;3111.55;1913.54;-1198.01;0.00
0.18;10.18;43.01;3440.41;1581.48;-1858.92;0.00
0.24;11.26;46.48;3718.69;2003.18;-1715.50;0.00
0.24;9.68;44.80;3583.99;1940.50;-1643.49;0.00
0.28;10.67;37.53;3002.45;2203.22;-799.23;0.00
0.27;13.09;41.36;3309.18;2300.33;-1008.84;0.00
0.25;9.93;40.02;3201.68;2007.48;-1194.20;0.00
0.26;11.76;33.50;2679.70;2157.74;-521.95;0.00
0.29;12.93;47.32;3785.70;2392.72;-1392.97;0.00
0.26;9.16;36.44;2914.96;1984.66;-930.30;0.00
0.22;10.20;49.63;3970.09;1821.27;-2148.81;0.00
0.26;9.84;42.25;3380.01;2045.67;-1334.34;0.00
0.26;11.92;38.67;3093.77;2155.01;-938.76;0.00
0.28;11.80;36.06;2884.59;2292.78;-591.82;0.00
0.24;9.57;41.04;3283.15;1919.43;-1363.72;0.00
0.28;9.69;36.15;2892.01;2141.52;-750.49;0.00
0.26;10.11;37.07;2965.88;2084.57;-881.31;0.00
0.26;8.72;39.73;3178.16;1975.68;-1202.48;0.00
0.20;10.13;39.70;3176.32;1723.86;-1452.46;0.00
0.22;11.63;40.19;3215.15;1887.19;-1327.96;0.00
0.28;10.00;46.19;3695.09;2199.58;-1495.51;0.00
0.24;8.91;34.66;2773.01;1905.84;-867.17;0.00
0.28;9.97;36.27;2901.81;2168.96;-732.86;0.00
0.27;10.17;43.63;3490.25;2119.60;-1370.65;0.00
0.27;11.59;40.26;3220.79;2223.72;-997.07;0.00
0.22;10.33;44.32;3545.42;1848.05;-1697.38;0.00
0.23;10.10;33.05;2644.36;1875.22;-769.14;0.00
0.29;11.39;44.28;3542.44;2295.55;-1246.89;0.00
0.22;7.71;46.11;3689.06;1714.28;-1974.79;0.00
0.23;9.50;37.94;3035.12;1858.47;-1176.65;0.00
0.22;11.91;44.47;3557.38;1925.91;-1631.47;0.00
0.24;10.21;39.54;3163.51;1965.77;-1197.73;0.00
0.23;8.59;35.64;2851.23;1817.67;-1033.57;0.00
0.25;9.90;46.37;3709.61;1987.11;-1722.50;0.00
0.23;10.17;32.41;2592.79;1918.67;-674.12;0.00
0.25;10.66;41.18;3294.05;2013.40;-1280.65;0.00
0.25;10.86;38.46;3076.83;2062.40;-1014.44;0.00
0.22;10.99;46.00;3679.82;1889.80;-1790.03;0.00
0.25;9.06;41.00;3279.88;1942.54;-1337.34;0.00
0.24;10.77;33.31;2664.94;1997.70;-667.23;0.00
0.22;10.67;42.79;3423.03;1880.96;-1542.07;0.00
0.28;10.45;46.16;3692.48;2204.97;-1487.51;0.00
0.27;8.37;42.49;3398.89;2050.23;-1348.66;0.00
0.27;8.74;40.91;3272.89;2030.05;-1242.84;0.00
0.23;9.32;44.22;3537.59;1871.07;-1666.53;0.00
0.25;10.65;40.42;3233.37;2017.70;-1215.67;0.00
0.21;9.63;34.00;2720.19;1761.20;-958.99;0.00
0.26;9.68;44.17;3533.61;2023.79;-1509.81;0.00
0.25;10.93;41.49;3318.96;2027.01;-1291.95;0.00
0.21;10.22;45.56;3644.56;1766.56;-1877.99;0.00
0.24;10.34;45.04;3603.10;1980.78;-1622.32;0.00
0.23;11.47;50.64;4051.34;1981.65;-2069.69;0.00
0.22;11.20;33.93;2714.48;1863.06;-851.42;0.00
0.22;9.66;42.79;3423.23;1806.74;-1616.49;0.00
0.30;10.22;45.81;3664.94;2306.27;-1358.68;0.00
0.26;9.99;34.04;2722.93;2060.80;-662.13;0.00
0.19;8.75;33.60;2688.06;1608.08;-1079.98;0.00
0.27;9.43;42.85;3427.74;2088.85;-1338.88;0.00
0.27;9.44;37.27;2981.59;2111.98;-869.61;0.00
0.23;10.11;42.76;3421.08;1902.19;-1518.89;0.00
0.24;11.57;37.88;3030.34;2005.78;-1024.56;0.00
0.25;8.52;42.53;3402.06;1926.08;-1475.98;0.00
0.25;10.96;36.13;2890.28;2020.59;-869.69;0.00
0.27;10.22;40.08;3206.17;2136.47;-1069.71;0.00
0.22;10.28;37.73;3018.41;1842.65;-1175.76;0.00
0.27;12.96;40.16;3213.14;2253.45;-959.69;0.00
0.24;12.35;42.02;3361.71;2089.90;-1271.81;0.00
0.29;11.47;41.22;3297.75;2296.81;-1000.94;0.00
0.27;9.81;34.53;2762.05;2110.15;-651.91;0.00
0.28;10.65;37.11;2968.42;2224.24;-744.18;0.00
0.28;8.89;38.14;3051.20;2085.89;-965.31;0.00
0.26;9.89;43.99;3519.08;2031.17;-1487.91;0.00
0.27;10.13;48.00;3839.92;2126.00;-1713.92;0.00
0.28;9.37;41.14;3291.55;2152.31;-1139.23;0.00
0.30;8.17;47.25;3780.01;2163.22;-1616.79;0.00
0.24;9.58;37.35;2988.27;1905.27;-1082.99;0.00
0.28;9.41;48.13;3850.55;2150.25;-1700.29;0.00
0.26;9.86;41.09;3286.80;2034.48;-1252.32;0.00
0.27;11.92;38.50;3079.79;2190.29;-889.51;0.00
0.24;10.91;38.03;3042.71;1987.34;-1055.37;0.00
0.21;9.32;44.77;3581.52;1708.16;-1873.36;0.00
0.23;10.52;41.74;3339.28;1892.04;-1447.24;0.00
0.25;9.89;39.58;3166.62;1968.87;-1197.74;0.00
0.26;9.80;42.39;3391.12;2067.44;-1323.68;0.00
0.26;10.73;42.58;3406.50;2084.57;-1321.92;0.00
0.27;12.41;40.50;3240.06;2271.50;-968.56;0.00
0.23;8.64;45.60;3648.28;1806.73;-1841.55;0.00
0.23;9.62;39.95;3195.65;1853.19;-1342.46;0.00
0.29;9.56;44.19;3535.34;2225.27;-1310.07;0.00
0.29;9.57;43.89;3511.35;2197.72;-1313.63;0.00
0.29;8.72;34.67;2773.35;2173.93;-599.42;0.00
0.25;10.48;42.81;3424.45;1999.69;-1424.75;0.00
0.26;9.32;43.54;3483.29;2007.59;-1475.70;0.00
0.26;10.01;41.52;3321.35;2076.09;-1245.25;0.00
0.25;10.57;41.24;3299.12;2030.79;-1268.33;0.00
0.21;9.44;37.77;3021.55;1750.98;-1270.57;0.00
0.27;9.03;43.41;3472.58;2078.87;-1393.71;0.00
0.25;11.22;39.55;3164.22;2087.34;-1076.88;0.00
0.27;11.35;38.62;3089.64;2209.57;-880.07;0.00
0.30;11.16;40.60;3248.15;2360.11;-888.04;0.00
0.26;11.18;33.46;2676.56;2105.50;-571.05;0.00
0.26;11.35;33.84;2707.29;2131.26;-576.03;0.00
0.27;10.62;42.74;3419.35;2132.38;-1286.97;0.00
0.23;9.52;46.21;3696.68;1861.06;-1835.62;0.00
0.25;12.48;36.69;2935.57;2136.00;-799.57;0.00
0.27;9.90;38.74;3098.98;2091.92;-1007.06;0.00
0.26;11.66;43.03;3442.07;2124.99;-1317.08;0.00
0.24;12.60;48.47;3877.80;2074.77;-1803.03;0.00
0.25;12.47;49.38;3950.61;2152.25;-1798.35;0.00
0.25;9.98;43.18;3454.36;2022.75;-1431.61;0.00
0.23;11.01;49.86;3988.97;1951.10;-2037.87;0.00
0.27;10.60;39.23;3138.33;2162.08;-976.25;0.00
0.28;9.46;44.55;3563.66;2132.48;-1431.18;0.00
0.27;11.70;38.29;3062.81;2199.80;-863.01;0.00
0.28;8.68;39.28;3142.56;2095.23;-1047.33;0.00
0.22;10.78;41.86;3348.62;1844.70;-1503.92;0.00
0.26;11.89;38.44;3074.89;2134.19;-940.70;0.00
0.24;9.33;49.59;3967.12;1917.15;-2049.97;0.00
0.23;7.92;39.95;3196.21;1757.56;-1438.65;0.00
0.25;11.51;25.80;2064.27;2053.52;-10.75;0.00
0.27;8.20;42.31;3384.53;2009.95;-1374.59;0.00
0.27;9.70;44.83;3586.25;2078.81;-1507.44;0.00
0.21;9.17;53.18;4254.75;1733.24;-2521.51;0.00
0.25;10.09;34.87;2789.26;2006.62;-782.65;0.00
0.27;10.35;44.91;3592.71;2107.31;-1485.40;0.00
0.27;8.75;32.83;2626.67;2022.42;-604.25;0.00
0.28;10.06;35.10;2807.61;2158.51;-649.11;0.00
0.26;10.34;42.36;3388.46;2071.34;-1317.12;0.00
0.20;11.05;48.11;3848.55;1770.20;-2078.35;0.00
0.28;10.48;41.06;3284.62;2216.85;-1067.76;0.00
0.26;9.57;46.78;3742.54;2029.38;-1713.15;0.00
0.24;9.35;46.09;3687.26;1897.37;-1789.89;0.00
0.22;10.75;35.04;2803.48;1892.46;-911.02;0.00
0.24;9.16;42.69;3414.92;1900.55;-1514.36;0.00
0.29;9.21;39.54;3162.87;2179.44;-983.43;0.00
0.27;9.85;38.41;3072.55;2103.21;-969.34;0.00
0.27;8.69;40.07;3205.63;2070.26;-1135.36;0.00
0.23;9.51;44.14;3530.99;1878.75;-1652.24;0.00
0.26;10.16;44.42;3553.96;2084.29;-1469.67;0.00
0.26;12.83;37.62;3009.93;2207.82;-802.11;0.00
0.23;8.73;44.42;3553.36;1816.64;-1736.72;0.00
0.21;8.12;37.54;3002.94;1643.45;-1359.48;0.00
0.24;11.88;37.37;2989.24;2064.76;-924.48;0.00
0.28;10.99;40.35;3227.87;2239.22;-988.65;0.00
0.26;10.14;42.46;3397.17;2047.07;-1350.10;0.00
0.30;11.45;40.47;3237.36;2379.44;-857.91;0.00
0.25;11.09;47.47;3797.64;2072.03;-1725.61;0.00
0.24;8.90;36.37;2909.37;1872.00;-1037.37;0.00
0.26;10.48;49.72;3977.29;2067.42;-1909.87;0.00
0.26;10.14;39.95;3195.78;2075.51;-1120.28;0.00
0.26;9.94;40.62;3249.69;2071.23;-1178.46;0.00
0.27;11.94;42.55;3403.81;2192.47;-1211.34;0.00
0.27;9.64;37.52;3001.95;2117.23;-884.72;0.00
0.26;7.72;43.96;3516.86;1936.72;-1580.14;0.00
0.27;10.11;36.27;2901.51;2138.44;-763.08;0.00
0.24;9.98;32.93;2634.29;1912.73;-721.56;0.00
0.26;9.64;39.13;3130.17;2062.09;-1068.07;0.00
0.21;9.94;43.27;3461.60;1744.22;-1717.38;0.00
0.22;9.49;42.11;3369.03;1819.63;-1549.40;0.00
0.20;11.16;38.11;3048.87;1755.71;-1293.16;0.00
0.25;10.93;38.86;3109.18;2022.75;-1086.42;0.00
0.27;10.35;33.91;2712.53;2152.07;-560.46;0.00
0.24;10.75;43.92;3513.25;1951.82;-1561.42;0.00
0.25;10.00;41.82;3345.82;2023.31;-1322.52;0.00
0.32;10.37;41.75;3339.80;2413.12;-926.68;0.00
0.25;8.42;37.24;2978.99;1937.65;-1041.35;0.00
0.29;10.26;40.52;3241.33;2259.70;-981.63;0.00
0.21;10.20;38.09;3047.23;1794.07;-1253.16;0.00
0.26;10.96;45.99;3678.83;2108.88;-1569.95;0.00
0.31;8.90;37.29;2983.58;2265.17;-718.41;0.00
0.27;10.15;45.93;3674.16;2109.60;-1564.56;0.00
0.27;11.83;43.68;3494.76;2217.85;-1276.91;0.00
0.25;8.91;40.87;3269.43;1950.42;-1319.01;0.00
0.23;11.26;37.30;2984.18;1965.90;-1018.28;0.00
0.28;9.25;38.72;3097.48;2143.80;-953.68;0.00
0.23;11.06;48.60;3888.37;1924.14;-1964.23;0.00
0.24;11.75;33.43;2674.00;2042.83;-631.17;0.00
0.25;12.07;37.74;3019.05;2131.90;-887.15;0.00
0.24;8.10;36.61;2928.57;1834.55;-1094.01;0.00
0.22;11.81;42.73;3418.66;1931.11;-1487.55;0.00
0.27;11.57;43.59;3487.59;2201.50;-1286.09;0.00
0.28;11.40;36.95;2955.70;2269.70;-686.00;0.00
0.21;12.89;38.74;3098.91;1943.30;-1155.61;0.00
0.25;9.52;50.35;4027.81;1946.69;-2081.12;0.00
0.26;9.13;34.47;2757.59;2001.74;-755.85;0.00
0.26;9.27;42.16;3372.49;2000.73;-1371.76;0.00
0.24;11.82;38.68;3094.62;2032.84;-1061.77;0.00
0.22;10.27;42.59;3406.97;1817.88;-1589.08;0.00
0.20;10.33;41.36;3308.73;1732.83;-1575.89;0.00
0.25;8.38;38.43;3074.00;1911.63;-1162.38;0.00
0.29;9.33;39.34;3146.89;2173.71;-973.18;0.00
0.25;10.60;41.24;3299.00;2015.52;-1283.48;0.00
0.25;10.42;43.29;3463.11;2033.32;-1429.79;0.00
0.27;11.39;42.80;3423.65;2201.21;-1222.43;0.00
0.23;10.22;44.38;3550.23;1869.90;-1680.33;0.00
0.27;11.15;36.42;2913.61;2159.23;-754.39;0.00
0.24;9.29;40.72;3257.96;1881.63;-1376.33;0.00
0.30;11.41;37.73;3018.27;2361.87;-656.40;0.00
0.27;11.85;36.06;2884.49;2216.47;-668.02;0.00
0.19;11.06;38.52;3081.81;1732.88;-1348.93;0.00
0.20;9.96;40.55;3243.68;1676.59;-1567.09;0.00
0.26;10.52;31.10;2487.89;2091.15;-396.73;0.00
0.24;10.85;39.70;3176.10;1971.80;-1204.30;0.00
0.28;11.15;42.71;3416.68;2228.14;-1188.54;0.00
0.28;10.60;41.49;3319.16;2200.90;-1118.26;0.00
0.26;8.73;38.95;3116.08;1990.83;-1125.25;0.00
0.30;8.73;38.56;3084.80;2202.62;-882.17;0.00
0.25;13.22;40.36;3229.17;2177.12;-1052.05;0.00
0.26;10.03;37.42;2993.99;2062.50;-931.49;0.00
0.26;9.52;37.13;2970.76;2024.76;-946.00;0.00
0.23;8.68;43.96;3516.44;1813.33;-1703.11;0.00
0.22;10.34;36.00;2880.18;1863.67;-1016.51;0.00
0.25;10.59;40.75;3259.72;2026.99;-1232.73;0.00
0.25;9.92;45.79;3662.91;2003.13;-1659.79;0.00
0.24;10.15;45.01;3601.16;1939.96;-1661.20;0.00
0.25;9.58;43.92;3513.45;1992.67;-1520.78;0.00
0.26;12.39;36.21;2897.13;2179.51;-717.62;0.00
0.22;10.74;39.63;3170.71;1859.82;-1310.89;0.00
0.23;10.87;47.39;3791.56;1938.31;-1853.25;0.00
0.23;10.13;38.99;3119.40;1890.66;-1228.75;0.00
0.27;11.60;40.53;3242.31;2230.13;-1012.18;0.00
0.27;11.86;36.81;2944.58;2189.75;-754.83;0.00
0.24;10.64;45.36;3629.14;1952.46;-1676.69;0.00
0.25;8.37;39.44;3155.20;1890.67;-1264.52;0.00
0.26;9.23;45.45;3636.37;2026.35;-1610.02;0.00
0.22;10.12;46.51;3720.81;1835.77;-1885.04;0.00
0.26;10.95;37.78;3022.19;2101.28;-920.91;0.00
0.25;9.90;46.14;3691.34;1994.67;-1696.68;0.00
0.23;11.36;35.41;2832.65;1965.50;-867.14;0.00
0.24;10.49;41.20;3295.74;1983.55;-1312.19;0.00
0.28;9.87;37.18;2974.14;2145.05;-829.09;0.00
0.20;8.15;39.74;3179.43;1618.71;-1560.72;0.00
0.23;11.90;41.40;3312.11;2008.97;-1303.14;0.00
0.24;8.41;39.48;3158.75;1826.95;-1331.80;0.00
0.28;10.75;48.36;3868.64;2192.95;-1675.69;0.00
0.23;8.30;46.22;3697.98;1782.00;-1915.98;0.00
0.30;9.12;33.65;2692.02;2241.92;-450.10;0.00
0.23;10.00;46.03;3682.66;1900.37;-1782.29;0.00
0.28;10.32;46.18;3694.65;2207.48;-1487.17;0.00
0.21;9.84;38.33;3066.54;1762.12;-1304.42;0.00
0.24;10.95;40.19;3215.09;2014.28;-1200.81;0.00
0.24;11.38;35.82;2865.44;2030.49;-834.96;0.00
0.24;11.66;37.52;3001.74;2040.29;-961.45;0.00
0.28;10.88;37.40;2992.16;2208.37;-783.79;0.00
0.24;9.29;50.10;4008.23;1919.52;-2088.72;0.00
0.25;11.26;38.31;3064.65;2058.54;-1006.11;0.00
0.24;9.95;41.54;3323.46;1932.43;-1391.03;0.00
0.21;9.84;45.34;3627.16;1763.82;-1863.34;0.00
0.27;10.91;39.66;3172.79;2152.54;-1020.25;0.00
0.27;11.09;41.48;3318.75;2147.67;-1171.08;0.00
0.26;10.89;33.27;2661.56;2125.86;-535.70;0.00
0.23;9.04;51.14;4091.22;1818.75;-2272.47;0.00
0.23;9.77;35.73;2858.13;1897.48;-960.65;0.00
0.27;8.52;37.63;3010.69;2054.48;-956.22;0.00
0.22;9.62;46.86;3748.40;1830.82;-1917.58;0.00
0.26;9.60;36.99;2959.13;2019.84;-939.29;0.00
0.25;8.95;41.26;3300.84;1926.87;-1373.97;0.00
0.25;9.16;35.91;2872.56;1976.06;-896.50;0.00
0.20;9.45;47.79;3822.86;1683.96;-2138.90;0.00
0.24;9.69;46.72;3737.98;1935.74;-1802.24;0.00
0.24;10.46;38.01;3040.69;1962.95;-1077.74;0.00
0.25;10.10;48.10;3847.97;1976.65;-1871.32;0.00
0.22;9.63;45.19;3615.07;1792.04;-1823.04;0.00
0.29;10.96;42.98;3438.20;2296.60;-1141.60;0.00
0.25;10.40;38.02;3041.58;2007.57;-1034.01;0.00
0.25;9.44;41.68;3334.22;1981.61;-1352.61;0.00
0.22;10.57;40.90;3271.91;1878.59;-1393.33;0.00
0.28;11.83;37.69;3015.52;2253.06;-762.46;0.00
0.24;11.85;40.74;3259.14;2049.12;-1210.03;0.00
0.28;10.91;34.21;2737.18;2212.60;-524.58;0.00
0.22;10.99;46.77;3741.29;1857.73;-1883.56;0.00
0.28;10.05;32.41;2592.89;2167.30;-425.59;0.00
0.26;11.03;39.55;3164.24;2099.18;-1065.06;0.00
0.25;10.10;42.80;3424.14;2000.80;-1423.34;0.00
0.30;9.57;30.93;2474.42;2251.98;-222.44;0.00
0.22;9.54;49.86;3988.48;1803.71;-2184.77;0.00
0.26;11.10;35.08;2806.17;2111.42;-694.76;0.00
0.25;10.46;37.20;2976.17;2003.18;-972.99;0.00
0.25;10.82;46.23;3698.28;2063.59;-1634.69;0.00
0.26;11.40;35.15;2811.79;2110.64;-701.14;0.00
0.23;11.39;43.87;3509.76;1971.96;-1537.80;0.00
0.25;10.08;37.55;3003.95;2021.30;-982.65;0.00
0.22;12.22;41.35;3308.08;1920.45;-1387.63;0.00
0.22;9.60;35.42;2833.73;1798.05;-1035.69;0.00
0.25;9.99;39.13;3130.51;2022.42;-1108.09;0.00
0.23;11.02;41.93;3354.16;1949.46;-1404.71;0.00
0.23;10.81;36.40;2912.25;1948.35;-963.90;0.00
0.29;9.51;44.24;3539.01;2207.79;-1331.22;0.00
0.24;9.14;38.58;3086.37;1897.54;-1188.83;0.00
0.25;13.07;43.73;3498.32;2161.17;-1337.16;0.00
0.24;9.30;47.41;3792.58;1887.61;-1904.97;0.00
0.24;11.67;40.19;3214.80;2010.36;-1204.44;0.00
0.25;10.30;45.43;3634.50;2043.39;-1591.11;0.00
0.28;12.28;46.05;3684.02;2307.64;-1376.39;0.00
0.26;10.33;39.34;3147.21;2072.39;-1074.82;0.00
0.25;10.99;41.47;3317.37;2063.22;-1254.14;0.00
0.27;10.37;36.25;2899.71;2108.42;-791.28;0.00
0.26;10.81;43.19;3455.05;2098.61;-1356.44;0.00
0.23;10.52;46.51;3720.41;1904.25;-1816.15;0.00
0.25;10.43;44.57;3565.31;2005.61;-1559.70;0.00
0.29;11.06;35.72;2857.49;2291.04;-566.45;0.00
0.28;10.36;38.09;3047.59;2178.99;-868.60;0.00
0.23;10.32;42.09;3367.12;1900.86;-1466.26;0.00
0.22;9.37;44.53;3562.63;1765.73;-1796.90;0.00
0.25;10.02;40.94;3275.50;2010.30;-1265.20;0.00
0.29;10.64;39.10;3128.39;2249.10;-879.30;0.00
0.25;10.85;42.16;3372.63;2042.93;-1329.70;0.00
0.25;10.67;41.69;3335.20;2048.10;-1287.10;0.00
0.29;11.46;39.98;3198.33;2305.52;-892.81;0.00
0.22;10.98;35.19;2815.46;1867.24;-948.22;0.00
0.25;10.04;36.42;2914.00;2012.14;-901.86;0.00
0.27;9.62;43.86;3508.41;2075.73;-1432.68;0.00
0.27;9.85;43.15;3451.97;2117.92;-1334.05;0.00
0.30;12.25;43.23;3458.51;2381.89;-1076.61;0.00
0.26;10.39;33.66;2692.98;2057.61;-635.37;0.00
0.25;8.82;36.32;2905.52;1926.98;-978.54;0.00
0.28;11.38;40.98;3278.19;2269.40;-1008.78;0.00
0.22;9.09;41.61;3329.20;1793.99;-1535.21;0.00
0.28;10.83;40.35;3228.07;2238.93;-989.14;0.00
0.28;12.25;41.59;3327.28;2273.58;-1053.70;0.00
0.23;11.55;37.76;3020.47;1983.61;-1036.85;0.00
0.24;10.22;32.91;2632.92;1928.28;-704.64;0.00
0.29;10.85;44.97;3597.37;2248.95;-1348.41;0.00
0.32;8.33;40.08;3206.07;2312.82;-893.25;0.00
0.30;8.22;43.19;3455.28;2175.34;-1279.93;0.00
0.23;11.58;53.52;4281.23;1944.14;-2337.09;0.00
0.26;9.93;45.64;3651.19;2081.00;-1570.19;0.00
0.24;8.75;40.67;3253.66;1886.94;-1366.72;0.00
0.21;11.43;40.14;3211.23;1825.96;-1385.27;0.00
0.26;9.79;39.85;3187.77;2021.97;-1165.80;0.00
0.21;10.39;35.97;2877.66;1783.14;-1094.52;0.00
0.30;9.28;35.39;2831.08;2230.91;-600.18;0.00
0.18;9.65;37.36;2989.04;1577.07;-1411.96;0.00
0.23;9.97;47.92;3833.50;1865.92;-1967.58;0.00
0.25;12.01;34.86;2788.99;2117.64;-671.35;0.00
0.25;9.98;49.19;3934.96;1996.45;-1938.51;0.00
0.26;10.92;42.43;3394.71;2124.83;-1269.88;0.00
0.21;10.09;30.87;2470.00;1772.27;-697.73;0.00
0.23;11.59;36.35;2908.35;1956.21;-952.14;0.00
0.23;11.51;31.11;2488.62;1969.84;-518.78;0.00
0.27;11.44;35.83;2866.67;2183.73;-682.94;0.00
0.19;12.75;39.01;3121.03;1816.41;-1304.62;0.00
0.26;9.49;41.74;3339.25;2017.60;-1321.65;0.00
0.22;9.42;40.15;3211.97;1787.82;-1424.14;0.00
0.27;9.13;42.68;3414.29;2070.76;-1343.53;0.00
0.22;8.68;39.73;3178.36;1747.74;-1430.62;0.00
0.27;8.62;39.92;3193.38;2029.64;-1163.74;0.00
0.24;9.62;36.74;2938.92;1939.85;-999.07;0.00
0.23;11.93;34.08;2726.46;1973.54;-752.92;0.00
0.27;10.91;38.90;3112.39;2160.53;-951.86;0.00
0.20;10.99;33.45;2676.13;1764.46;-911.67;0.00
0.25;10.42;37.08;2966.18;2044.97;-921.22;0.00
0.25;10.60;42.03;3362.14;2049.18;-1312.96;0.00
0.26;10.78;43.15;3451.91;2122.20;-1329.71;0.00
0.24;10.29;36.63;2930.51;1949.03;-981.48;0.00
0.29;11.26;34.36;2748.77;2287.06;-461.71;0.00
0.24;9.52;29.32;2345.46;1907.66;-437.80;0.00
0.26;10.21;36.83;2946.58;2089.87;-856.71;0.00
0.24;9.82;43.40;3472.25;1946.39;-1525.86;0.00
0.23;9.72;39.09;3127.19;1860.94;-1266.25;0.00
0.25;11.62;34.92;2793.34;2067.25;-726.10;0.00
0.24;11.80;43.65;3492.23;2024.11;-1468.12;0.00
0.25;11.13;46.29;3702.95;2071.26;-1631.69;0.00
0.27;11.68;43.30;3463.90;2221.08;-1242.81;0.00
0.26;9.87;46.41;3712.53;2040.15;-1672.38;0.00
0.32;10.45;39.25;3139.60;2404.75;-734.85;0.00
0.21;11.08;41.06;3284.86;1814.25;-1470.61;0.00
0.21;8.48;32.07;2565.73;1660.08;-905.65;0.00
0.21;9.82;43.56;3485.01;1774.06;-1710.94;0.00
0.25;10.18;38.15;3051.80;2021.57;-1030.24;0.00
0.26;11.27;27.59;2206.85;2150.42;-56.43;0.00
0.22;10.99;35.93;2874.44;1888.56;-985.87;0.00
0.19;12.20;40.34;3227.26;1795.63;-1431.63;0.00
0.25;9.52;34.00;2719.82;1954.98;-764.83;0.00
0.27;11.67;46.96;3757.11;2199.15;-1557.96;0.00
0.29;11.12;34.56;2764.80;2291.69;-473.11;0.00
0.24;10.35;37.79;3022.91;1942.67;-1080.24;0.00
0.25;9.25;47.66;3812.44;1978.85;-1833.59;0.00
0.29;9.63;40.68;3254.10;2238.56;-1015.54;0.00
0.25;8.34;38.76;3101.05;1936.73;-1164.32;0.00
0.24;7.87;44.57;3565.99;1802.08;-1763.92;0.00
0.23;9.37;29.67;2373.66;1853.31;-520.35;0.00
0.24;8.26;46.12;3689.64;1868.42;-1821.22;0.00
0.24;11.86;46.79;3743.25;2049.12;-1694.13;0.00
0.26;11.65;37.15;2972.01;2118.35;-853.67;0.00
0.25;11.98;41.76;3340.52;2090.88;-1249.64;0.00
0.19;11.51;38.95;3115.71;1731.50;-1384.21;0.00
0.25;9.72;38.78;3102.23;1991.65;-1110.58;0.00
0.28;10.30;41.52;3321.85;2191.03;-1130.82;0.00
0.27;9.70;45.09;3606.87;2085.38;-1521.49;0.00
0.22;10.14;40.75;3259.61;1856.32;-1403.29;0.00
0.23;9.23;43.69;3495.25;1828.36;-1666.89;0.00
0.22;10.77;41.23;3298.59;1837.82;-1460.77;0.00
0.29;11.82;39.45;3155.70;2345.99;-809.71;0.00
0.31;8.32;30.37;2429.38;2276.06;-153.32;0.00
0.24;10.13;42.12;3369.60;1972.82;-1396.78;0.00
0.24;10.38;37.10;2968.27;1965.91;-1002.35;0.00
0.24;10.23;36.91;2952.98;1964.79;-988.19;0.00
0.23;9.68;38.98;3118.02;1851.33;-1266.70;0.00
0.26;10.16;46.67;3733.89;2091.44;-1642.44;0.00
0.26;10.22;41.71;3336.45;2086.89;-1249.56;0.00
0.26;10.30;46.09;3687.48;2091.93;-1595.56;0.00
0.26;9.45;43.53;3482.63;2023.29;-1459.34;0.00
0.25;11.01;34.81;2784.92;2068.51;-716.41;0.00
0.26;9.78;39.95;3196.28;2030.11;-1166.16;0.00
0.24;11.14;35.01;2800.65;2010.38;-790.27;0.00
0.23;10.21;38.84;3107.16;1910.25;-1196.90;0.00
0.22;12.02;43.55;3484.17;1936.94;-1547.23;0.00
0.25;10.91;34.20;2735.67;2039.05;-696.62;0.00
0.28;10.86;39.47;3157.92;2225.46;-932.46;0.00
0.22;10.82;36.71;2936.81;1841.01;-1095.80;0.00
0.24;9.38;39.04;3122.92;1934.36;-1188.56;0.00
0.18;10.24;41.20;3295.95;1618.17;-1677.79;0.00
0.26;10.19;44.19;3535.00;2095.42;-1439.58;0.00
0.26;11.43;46.79;3743.57;2150.67;-1592.90;0.00
0.22;8.50;41.45;3315.65;1748.96;-1566.69;0.00
0.20;11.17;43.86;3508.47;1767.14;-1741.33;0.00
0.23;10.46;40.22;3217.24;1925.46;-1291.78;0.00
0.24;9.02;43.41;3472.46;1914.65;-1557.81;0.00
0.26;9.55;45.97;3677.64;2020.80;-1656.85;0.00
0.26;8.73;36.70;2936.23;1974.11;-962.12;0.00
0.22;10.76;36.00;2880.37;1844.45;-1035.92;0.00
0.27;11.06;45.50;3639.64;2188.61;-1451.03;0.00
0.31;10.10;47.34;3787.43;2328.82;-1458.61;0.00
0.26;9.98;34.38;2750.13;2050.02;-700.11;0.00
0.27;8.88;32.86;2629.06;2030.99;-598.07;0.00
0.28;8.72;39.70;3176.37;2081.54;-1094.83;0.00
0.25;10.18;36.56;2924.60;1993.35;-931.25;0.00
0.23;12.47;35.99;2878.90;2038.02;-840.88;0.00
0.25;11.21;43.58;3486.19;2073.68;-1412.52;0.00
0.26;10.56;38.53;3082.53;2065.26;-1017.27;0.00
0.24;9.90;40.23;3218.45;1956.01;-1262.44;0.00
0.21;11.72;33.53;2682.62;1874.43;-808.19;0.00
0.23;9.44;40.04;3203.34;1839.91;-1363.43;0.00
0.25;10.51;30.48;2438.06;2038.03;-400.04;0.00
0.22;12.50;34.33;2746.01;1981.47;-764.54;0.00
0.24;9.41;43.25;3460.24;1887.19;-1573.05;0.00
0.29;11.75;44.13;3530.76;2302.26;-1228.50;0.00
0.26;10.20;42.47;3397.61;2059.98;-1337.63;0.00
0.23;13.88;38.29;3063.39;2111.86;-951.53;0.00
0.28;10.15;44.87;3589.28;2165.80;-1423.47;0.00
0.32;11.51;40.85;3267.87;2473.42;-794.46;0.00
0.32;10.11;42.73;3418.35;2385.56;-1032.78;0.00
0.25;11.67;38.17;3053.27;2093.55;-959.72;0.00
0.23;11.95;40.80;3264.19;1987.93;-1276.26;0.00
0.25;8.94;39.30;3143.97;1941.06;-1202.92;0.00
0.28;8.76;39.51;3160.71;2082.67;-1078.04;0.00
0.26;9.75;41.67;3333.86;2055.66;-1278.21;0.00
0.27;9.67;47.03;3762.55;2124.10;-1638.45;0.00
0.25;10.34;40.09;3207.40;2014.25;-1193.15;0.00
0.21;10.31;39.91;3193.03;1780.82;-1412.21;0.00
0.22;10.92;39.72;3177.24;1876.28;-1300.96;0.00
0.27;9.43;41.68;3334.04;2112.57;-1221.47;0.00
0.26;9.23;37.83;3026.73;1999.83;-1026.90;0.00
0.29;7.12;35.54;2843.41;2093.96;-749.45;0.00
0.24;10.12;53.36;4269.19;1936.19;-2333.00;0.00
0.22;9.75;41.28;3302.20;1826.29;-1475.91;0.00
0.22;9.31;43.15;3451.74;1797.97;-1653.77;0.00
0.24;11.98;40.97;3277.97;2059.29;-1218.68;0.00
0.27;10.16;33.19;2655.24;2108.46;-546.78;0.00
0.25;11.69;42.26;3380.82;2117.59;-1263.23;0.00
0.22;11.39;45.84;3667.34;1879.52;-1787.82;0.00
0.27;10.19;41.65;3332.38;2114.80;-1217.58;0.00
0.26;11.28;39.30;3143.84;2128.92;-1014.92;0.00
0.25;9.24;31.39;2510.99;1971.84;-539.16;0.00
0.26;11.55;32.87;2629.78;2114.89;-514.89;0.00
0.26;11.00;37.78;3022.72;2087.74;-934.97;0.00
0.31;10.01;41.24;3299.04;2331.57;-967.47;0.00
0.28;9.86;38.59;3086.96;2175.96;-911.00;0.00
0.26;10.26;42.11;3368.75;2072.45;-1296.30;0.00
0.21;9.02;47.53;3802.36;1726.31;-2076.05;0.00
0.27;12.60;42.37;3389.99;2234.97;-1155.02;0.00
0.20;10.18;38.39;3071.47;1700.09;-1371.38;0.00
0.25;10.10;31.58;2526.41;1987.14;-539.27;0.00
0.24;10.55;44.89;3591.01;1989.19;-1601.82;0.00
0.25;10.48;41.45;3315.78;2009.81;-1305.97;0.00
0.21;8.99;39.32;3145.56;1715.53;-1430.03;0.00
0.27;10.97;37.75;3019.72;2175.98;-843.74;0.00
0.24;7.15;40.68;3254.24;1801.26;-1452.98;0.00
0.27;10.39;44.26;3541.08;2158.36;-1382.72;0.00
0.25;12.73;36.74;2938.99;2133.94;-805.05;0.00
0.24;11.88;45.53;3642.43;2051.29;-1591.15;0.00
0.22;9.91;39.23;3138.43;1835.07;-1303.36;0.00
0.21;8.13;36.13;2890.16;1679.45;-1210.71;0.00
0.22;9.64;44.24;3539.24;1810.57;-1728.67;0.00
0.21;11.27;42.19;3375.42;1849.76;-1525.66;0.00
0.23;11.29;35.32;2825.74;1978.98;-846.75;0.00
0.25;10.10;37.68;3014.60;1993.43;-1021.17;0.00
0.28;9.32;41.24;3299.30;2109.42;-1189.88;0.00
0.30;11.79;40.17;3213.23;2357.08;-856.15;0.00
0.24;8.98;38.61;3089.00;1881.40;-1207.61;0.00
0.22;9.31;40.83;3266.80;1813.32;-1453.48;0.00
0.22;9.81;36.84;2947.14;1834.93;-1112.21;0.00
0.26;9.35;38.90;3111.73;2001.84;-1109.89;0.00
0.29;8.39;40.81;3264.50;2161.17;-1103.33;0.00
0.25;8.75;36.60;2928.20;1915.09;-1013.11;0.00
0.20;8.53;36.71;2936.44;1601.13;-1335.31;0.00
0.27;9.59;38.49;3079.03;2114.63;-964.40;0.00
0.21;7.63;42.46;3397.17;1641.58;-1755.58;0.00
0.30;10.38;40.64;3251.24;2287.00;-964.24;0.00
0.23;11.28;36.58;2926.28;1955.67;-970.61;0.00
0.22;9.99;41.08;3286.22;1803.58;-1482.64;0.00
0.27;9.25;43.15;3452.01;2092.89;-1359.12;0.00
0.24;8.64;43.12;3449.20;1889.96;-1559.24;0.00
0.26;8.77;34.64;2771.14;1968.07;-803.07;0.00
0.25;10.11;36.18;2894.55;1975.81;-918.74;0.00
0.26;11.15;39.02;3121.30;2110.29;-1011.01;0.00
0.21;9.41;42.06;3364.66;1754.95;-1609.71;0.00
0.27;9.44;42.83;3426.63;2093.37;-1333.26;0.00
0.24;10.19;36.72;2937.28;1952.21;-985.07;0.00
0.28;12.18;42.29;3382.98;2264.73;-1118.24;0.00
0.27;9.25;38.23;3058.08;2061.72;-996.36;0.00
0.25;9.85;44.78;3582.61;1986.83;-1595.78;0.00
0.21;10.85;47.14;3771.45;1817.43;-1954.02;0.00
0.26;12.05;34.19;2734.92;2166.64;-568.28;0.00
0.28;9.80;41.75;3339.76;2138.44;-1201.32;0.00
0.27;10.44;39.87;3189.79;2147.43;-1042.36;0.00
0.30;10.10;41.27;3301.95;2314.17;-987.78;0.00
0.24;9.28;40.19;3215.55;1918.35;-1297.20;0.00
0.24;9.73;41.09;3286.86;1907.60;-1379.26;0.00
0.26;10.14;39.94;3195.09;2044.68;-1150.41;0.00
0.25;10.87;39.73;3178.16;2026.30;-1151.86;0.00
0.25;9.34;41.61;3328.87;1937.83;-1391.04;0.00
0.26;8.25;39.70;3176.24;1950.24;-1226.00;0.00
0.25;10.88;43.57;3485.25;2029.56;-1455.69;0.00
0.29;8.91;39.27;3141.41;2182.03;-959.38;0.00
0.24;10.87;32.43;2594.66;1971.11;-623.55;0.00
0.24;10.37;41.65;3331.98;1939.78;-1392.20;0.00
0.26;10.25;43.57;3485.51;2055.82;-1429.69;0.00
0.23;8.67;39.37;3149.76;1810.71;-1339.05;0.00
0.26;10.66;45.60;3647.64;2062.87;-1584.77;0.00
0.26;10.31;44.35;3548.24;2072.45;-1475.80;0.00
0.25;10.15;37.46;2996.86;2004.27;-992.59;0.00
0.27;9.26;41.83;3346.60;2085.03;-1261.57;0.00
0.26;9.54;43.52;3481.86;2021.20;-1460.67;0.00
0.24;8.99;32.38;2590.53;1857.75;-732.78;0.00
0.25;11.75;43.31;3464.79;2104.74;-1360.05;0.00
0.31;8.89;48.49;3879.04;2261.91;-1617.14;0.00
0.26;9.85;35.93;2874.10;2077.40;-796.70;0.00
0.27;8.00;47.77;3821.39;2005.26;-1816.13;0.00
0.24;10.53;45.20;3615.90;1942.81;-1673.09;0.00
0.24;9.33;43.00;3440.09;1914.95;-1525.14;0.00
0.22;10.03;40.29;3223.15;1842.30;-1380.85;0.00
0.24;10.79;33.16;2652.52;1981.44;-671.08;0.00
0.24;10.76;40.90;3271.87;1980.48;-1291.39;0.00
0.25;7.97;40.82;3265.57;1902.49;-1363.07;0.00
0.27;9.75;41.24;3298.84;2087.08;-1211.76;0.00
0.22;11.21;34.81;2784.63;1901.29;-883.34;0.00
0.24;9.24;39.62;3169.50;1893.07;-1276.43;0.00
0.24;9.60;49.08;3926.31;1890.99;-2035.33;0.00
0.28;10.08;35.06;2804.63;2154.76;-649.87;0.00
0.25;10.06;41.84;3347.14;1996.37;-1350.77;0.00
0.23;9.60;39.04;3122.95;1851.91;-1271.04;0.00
0.25;11.06;41.54;3323.29;2076.62;-1246.67;0.00
0.24;10.07;43.97;3517.97;1942.04;-1575.94;0.00
0.28;9.40;37.70;3015.90;2141.21;-874.70;0.00
0.29;10.47;47.66;3813.01;2229.31;-1583.70;0.00
0.24;7.68;37.63;3010.14;1797.27;-1212.88;0.00
0.18;10.83;52.00;4160.12;1649.54;-2510.59;0.00
0.22;8.54;37.58;3006.07;1744.08;-1261.99;0.00
0.25;9.22;37.58;3006.08;1973.77;-1032.31;0.00
0.25;9.68;35.72;2857.42;1997.42;-859.99;0.00
0.26;9.88;36.31;2904.83;2062.69;-842.15;0.00
0.24;10.18;45.91;3672.59;1924.98;-1747.61;0.00
0.29;10.97;34.40;2752.11;2265.82;-486.29;0.00
0.24;9.96;40.96;3276.55;1954.73;-1321.82;0.00
0.28;10.96;43.08;3446.55;2211.18;-1235.36;0.00
0.23;10.83;38.33;3066.51;1946.00;-1120.51;0.00
0.25;10.38;36.25;2899.94;2021.48;-878.46;0.00
0.21;11.52;39.69;3175.00;1819.93;-1355.07;0.00
0.27;8.72;37.35;2988.03;2064.85;-923.18;0.00
0.24;10.20;50.37;4029.74;1967.08;-2062.66;0.00
0.27;8.58;37.78;3022.51;2054.31;-968.21;0.00
0.27;9.32;43.11;3448.93;2066.40;-1382.53;0.00
0.23;10.10;43.25;3459.66;1885.89;-1573.77;0.00
0.26;7.20;41.49;3318.99;1900.81;-1418.19;0.00
0.28;9.03;36.26;2900.94;2093.85;-807.09;0.00
0.20;8.36;43.22;3457.98;1645.43;-1812.55;0.00
0.23;10.41;44.53;3562.72;1916.65;-1646.07;0.00
0.26;9.19;44.02;3521.79;2027.78;-1494.01;0.00
0.25;11.58;40.99;3279.03;2087.86;-1191.17;0.00
0.23;8.60;44.37;3549.70;1822.87;-1726.83;0.00
0.26;9.40;39.15;3132.29;2049.75;-1082.54;0.00
0.22;11.80;36.79;2943.15;1911.06;-1032.09;0.00
0.23;10.81;45.02;3601.97;1906.64;-1695.34;0.00
0.23;8.53;34.42;2753.60;1776.57;-977.03;0.00
0.22;9.64;32.88;2630.59;1825.18;-805.42;0.00
0.24;10.05;41.61;3329.16;1951.74;-1377.42;0.00
0.23;10.89;36.07;2885.29;1954.96;-930.33;0.00
0.26;12.01;38.71;3096.48;2173.85;-922.63;0.00
0.25;10.33;35.31;2825.15;2017.73;-807.42;0.00
0.25;10.14;41.43;3314.68;2010.93;-1303.75;0.00
0.25;9.80;40.23;3218.54;1984.82;-1233.72;0.00
0.24;11.26;38.76;3100.85;1985.16;-1115.70;0.00
0.26;10.66;38.69;3095.41;2072.36;-1023.05;0.00
0.24;10.67;39.36;3149.05;1984.84;-1164.21;0.00
0.26;9.29;25.84;2066.96;2046.97;-19.99;0.00
0.25;9.49;33.11;2649.18;1984.04;-665.14;0.00
0.29;10.06;38.84;3106.91;2249.12;-857.80;0.00
0.21;11.12;37.53;3002.01;1848.32;-1153.69;0.00
0.22;9.13;35.26;2820.56;1789.38;-1031.18;0.00
0.28;10.34;40.18;3214.39;2176.71;-1037.68;0.00
0.28;12.17;45.74;3658.97;2297.14;-1361.84;0.00
0.26;11.27;41.28;3302.46;2125.28;-1177.17;0.00
0.24;7.71;33.84;2707.33;1801.06;-906.27;0.00
0.25;11.17;37.61;3009.17;2060.61;-948.56;0.00
0.24;9.35;39.93;3194.21;1924.61;-1269.60;0.00
0.22;10.67;45.37;3629.49;1886.81;-1742.68;0.00
0.30;9.23;37.16;2972.61;2260.64;-711.97;0.00
0.23;9.31;37.28;2982.61;1842.83;-1139.79;0.00
0.23;8.73;36.26;2900.97;1832.22;-1068.76;0.00
0.26;10.35;44.60;3567.95;2066.36;-1501.59;0.00
0.28;10.27;43.27;3461.47;2194.40;-1267.07;0.00
0.27;11.64;44.08;3526.44;2198.61;-1327.83;0.00
0.26;8.63;47.00;3759.94;1992.40;-1767.54;0.00
0.27;11.08;39.13;3130.49;2174.11;-956.38;0.00
0.26;10.87;35.63;2850.46;2101.70;-748.75;0.00
0.27;9.09;31.59;2526.86;2038.36;-488.50;0.00
0.24;9.17;40.99;3278.94;1913.60;-1365.34;0.00
0.27;9.18;42.62;3409.98;2056.17;-1353.81;0.00
0.21;10.13;37.49;2999.10;1764.29;-1234.81;0.00
0.26;8.95;30.60;2448.15;2027.77;-420.38;0.00
0.25;9.36;34.55;2764.34;1976.52;-787.82;0.00
0.26;10.26;34.31;2745.13;2095.72;-649.42;0.00
0.25;9.89;41.79;3343.33;2005.97;-1337.36;0.00
0.25;10.33;33.91;2712.89;2004.95;-707.94;0.00
0.25;9.71;32.95;2636.00;1996.43;-639.58;0.00
0.23;10.64;44.93;3594.16;1912.07;-1682.09;0.00
0.27;12.55;46.56;3724.74;2274.48;-1450.26;0.00
0.27;9.01;34.72;2777.92;2036.54;-741.38;0.00
0.22;10.02;31.77;2541.84;1843.31;-698.53;0.00
0.23;10.93;39.46;3156.52;1914.75;-1241.77;0.00
0.20;9.09;35.51;2840.75;1683.92;-1156.82;0.00
0.27;8.93;42.63;3410.44;2030.97;-1379.48;0.00
0.23;10.91;46.66;3733.15;1905.90;-1827.26;0.00
0.28;10.42;44.20;3536.16;2179.31;-1356.84;0.00
0.24;10.68;44.70;3575.67;1975.25;-1600.42;0.00
0.26;9.35;37.66;3012.89;2023.14;-989.75;0.00
0.24;10.78;45.74;3658.92;1994.09;-1664.84;0.00
0.21;11.45;34.46;2756.41;1849.85;-906.56;0.00
0.23;12.27;38.90;3112.01;2004.61;-1107.40;0.00
0.28;10.31;41.59;3327.46;2186.83;-1140.63;0.00
0.24;9.29;31.70;2536.13;1913.03;-623.10;0.00
0.26;11.10;39.69;3175.26;2106.06;-1069.20;0.00
0.27;12.00;38.49;3079.58;2214.90;-864.68;0.00
0.24;9.33;40.25;3219.60;1926.55;-1293.05;0.00
0.27;9.41;41.76;3340.78;2090.75;-1250.03;0.00
0.23;10.87;34.25;2740.27;1911.07;-829.20;0.00
0.21;9.33;40.29;3223.43;1749.80;-1473.64;0.00
0.23;9.77;35.82;2865.84;1845.72;-1020.12;0.00
0.24;10.67;30.81;2464.45;1969.48;-494.96;0.00
0.18;9.76;38.17;3053.25;1603.80;-1449.44;0.00
0.26;8.65;36.22;2897.63;1957.99;-939.64;0.00
0.29;10.49;31.17;2493.93;2239.41;-254.52;0.00
0.26;10.15;37.92;3033.73;2054.52;-979.21;0.00
0.26;10.32;41.56;3324.44;2077.96;-1246.48;0.00
0.26;9.83;47.82;3825.63;2019.05;-1806.58;0.00
0.25;9.08;38.58;3086.57;1930.71;-1155.86;0.00
0.27;9.55;33.97;2717.61;2107.80;-609.81;0.00
0.27;11.58;41.16;3293.00;2181.48;-1111.52;0.00
0.27;7.48;41.42;3313.60;1954.64;-1358.96;0.00
0.25;12.93;37.14;2971.47;2179.49;-791.98;0.00
0.32;8.84;45.23;3618.63;2328.13;-1290.51;0.00
0.26;9.04;38.68;3094.32;2017.55;-1076.77;0.00
0.23;10.83;43.09;3447.17;1901.16;-1546.01;0.00
0.26;9.85;42.62;3409.97;2041.58;-1368.39;0.00
0.24;12.39;41.17;3293.90;2053.35;-1240.55;0.00
0.26;10.47;43.33;3466.04;2067.03;-1399.02;0.00
0.27;9.59;39.98;3198.36;2076.75;-1121.61;0.00
0.27;10.16;47.70;3815.96;2119.65;-1696.31;0.00
0.23;9.34;44.02;3521.41;1852.60;-1668.81;0.00
0.28;11.75;41.27;3301.81;2292.62;-1009.19;0.00
0.25;9.27;34.45;2755.91;1957.03;-798.88;0.00
0.25;7.49;35.33;2826.12;1862.75;-963.37;0.00
0.26;9.01;45.78;3662.07;1985.37;-1676.71;0.00
0.26;7.29;38.74;3098.87;1889.47;-1209.41;0.00
0.24;10.00;53.55;4283.61;1948.56;-2335.05;0.00
0.25;11.12;47.38;3790.09;2084.98;-1705.11;0.00
0.22;10.92;29.85;2388.00;1900.19;-487.81;0.00
0.25;10.83;41.27;3301.33;2070.81;-1230.52;0.00
0.23;8.64;42.32;3385.93;1805.24;-1580.69;0.00
0.22;10.37;41.76;3340.46;1865.72;-1474.74;0.00
0.26;8.72;40.99;3278.94;1990.88;-1288.07;0.00
0.22;10.55;40.85;3268.33;1827.92;-1440.41;0.00
0.27;9.76;28.80;2304.24;2095.76;-208.48;0.00
0.26;9.93;53.15;4251.94;2040.69;-2211.24;0.00
0.19;9.15;45.65;3651.87;1595.97;-2055.90;0.00
0.25;8.58;36.87;2949.43;1931.68;-1017.75;0.00
0.26;10.48;41.75;3339.86;2101.90;-1237.96;0.00
0.24;11.11;43.46;3476.93;1990.10;-1486.83;0.00
0.28;9.97;40.89;3271.44;2151.31;-1120.13;0.00
0.25;11.31;37.85;3028.24;2062.29;-965.94;0.00
0.24;13.37;42.99;3439.54;2110.75;-1328.79;0.00
0.24;9.21;39.35;3148.37;1876.03;-1272.34;0.00
0.25;11.30;37.47;2997.39;2084.35;-913.04;0.00
0.24;11.41;42.25;3380.04;2032.40;-1347.64;0.00
0.24;9.71;42.29;3382.96;1901.20;-1481.76;0.00
0.21;8.94;44.58;3566.06;1727.14;-1838.93;0.00
0.25;8.94;44.86;3589.09;1944.61;-1644.49;0.00
0.25;9.22;34.39;2751.44;1933.35;-818.09;0.00
0.26;8.65;43.17;3453.52;1986.67;-1466.85;0.00
0.23;9.92;40.70;3255.70;1892.43;-1363.28;0.00
0.24;9.61;43.80;3503.67;1929.66;-1574.01;0.00
0.23;11.89;35.69;2855.14;2007.45;-847.68;0.00
0.27;11.31;41.62;3329.23;2203.22;-1126.01;0.00
0.21;9.30;38.50;3080.28;1699.62;-1380.66;0.00
0.29;10.92;37.93;3034.47;2263.51;-770.96;0.00
0.22;9.89;46.68;3734.66;1803.25;-1931.41;0.00
0.27;9.63;39.73;3178.32;2066.84;-1111.48;0.00
0.29;9.53;41.35;3308.33;2213.25;-1095.08;0.00
0.21;10.28;44.73;3578.07;1806.74;-1771.33;0.00
0.26;10.65;44.24;3539.34;2097.41;-1441.93;0.00
0.24;9.95;36.25;2900.37;1950.80;-949.57;0.00
0.25;7.78;41.83;3346.04;1865.15;-1480.89;0.00
0.20;9.60;42.06;3364.87;1661.13;-1703.74;0.00
0.27;10.71;44.54;3563.14;2140.06;-1423.08;0.00
0.21;11.22;39.31;3144.45;1835.96;-1308.49;0.00
0.28;8.98;42.26;3380.74;2091.14;-1289.60;0.00
0.24;9.28;49.66;3973.13;1904.05;-2069.08;0.00
0.24;9.88;31.25;2499.81;1950.75;-549.05;0.00
0.25;10.56;35.56;2845.15;2053.10;-792.06;0.00
0.27;11.15;37.35;2987.85;2175.41;-812.44;0.00
0.22;9.19;43.32;3465.60;1764.39;-1701.20;0.00
0.21;9.93;35.98;2878.19;1745.24;-1132.95;0.00
0.28;9.27;37.99;3039.27;2155.72;-883.54;0.00
0.26;10.86;40.07;3205.86;2105.49;-1100.37;0.00
0.25;12.00;33.34;2666.99;2112.59;-554.40;0.00
0.24;9.31;42.63;3410.54;1891.34;-1519.20;0.00
0.27;9.94;38.01;3040.87;2083.28;-957.58;0.00
0.25;9.74;35.69;2854.91;1976.05;-878.86;0.00
0.28;9.74;38.80;3104.21;2136.70;-967.51;0.00
0.24;12.95;39.93;3194.76;2081.76;-1113.01;0.00
0.22;11.76;39.52;3161.65;1909.44;-1252.21;0.00
0.23;10.05;41.63;3330.51;1886.29;-1444.22;0.00
0.25;10.97;40.64;3251.22;2043.75;-1207.47;0.00
0.26;10.50;40.84;3267.35;2080.39;-1186.96;0.00
0.30;10.75;48.60;3888.27;2328.97;-1559.29;0.00
0.27;11.08;34.09;2727.26;2198.19;-529.08;0.00
0.23;11.00;41.41;3312.78;1912.83;-1399.94;0.00
0.25;9.97;33.42;2673.94;2024.42;-649.53;0.00
0.24;9.47;36.93;2954.18;1891.51;-1062.66;0.00
0.22;10.44;46.71;3736.56;1828.17;-1908.39;0.00
0.27;9.75;35.27;2821.86;2083.99;-737.86;0.00
0.23;10.40;44.79;3583.56;1927.10;-1656.46;0.00
0.24;9.97;33.53;2682.72;1949.38;-733.33;0.00
0.22;10.22;30.49;2439.35;1828.69;-610.66;0.00
0.25;9.80;36.72;2937.64;1978.62;-959.01;0.00
0.19;11.50;41.17;3293.61;1716.74;-1576.88;0.00
0.21;9.96;39.84;3187.39;1789.35;-1398.04;0.00
0.27;9.20;32.47;2597.64;2088.06;-509.57;0.00
0.28;11.03;35.57;2845.93;2248.76;-597.17;0.00
0.21;9.07;34.88;2790.19;1717.97;-1072.23;0.00
0.26;7.36;44.99;3599.01;1916.73;-1682.28;0.00
0.26;13.18;33.88;2710.75;2256.53;-454.21;0.00
0.27;7.59;47.13;3770.19;2009.73;-1760.46;0.00
0.29;9.27;40.74;3259.53;2213.66;-1045.86;0.00
0.28;9.04;47.17;3773.99;2100.80;-1673.18;0.00
0.24;9.20;47.32;3785.26;1894.34;-1890.92;0.00
0.29;10.49;39.98;3198.71;2261.53;-937.19;0.00
0.22;8.51;39.43;3154.33;1752.97;-1401.36;0.00
0.21;10.45;39.22;3137.40;1775.33;-1362.07;0.00
0.22;10.86;39.73;3178.63;1853.57;-1325.06;0.00
0.23;9.56;49.51;3961.12;1873.48;-2087.64;0.00
0.26;9.19;39.66;3172.93;1999.69;-1173.24;0.00
0.24;10.08;44.17;3533.32;1962.75;-1570.57;0.00
0.24;11.14;39.43;3154.14;1980.13;-1174.02;0.00
0.23;8.33;39.51;3160.73;1789.39;-1371.34;0.00
0.29;9.09;35.93;2874.76;2158.81;-715.95;0.00
0.22;9.50;39.06;3124.95;1818.69;-1306.26;0.00
0.25;9.55;39.95;3196.03;1944.77;-1251.26;0.00
0.26;9.64;45.18;3614.06;2022.89;-1591.17;0.00
0.24;9.17;36.97;2957.61;1920.98;-1036.63;0.00
0.22;10.90;32.16;2572.45;1894.87;-677.58;0.00
0.27;10.44;45.90;3672.25;2124.52;-1547.73;0.00
0.28;12.83;38.21;3056.95;2341.69;-715.26;0.00
0.29;10.00;41.50;3320.34;2254.32;-1066.02;0.00
0.23;9.22;43.33;3466.42;1811.40;-1655.02;0.00
0.26;11.12;37.44;2995.43;2107.72;-887.71;0.00
0.24;12.37;42.88;3430.32;2074.72;-1355.61;0.00
0.24;7.92;30.94;2474.87;1835.55;-639.32;0.00
0.21;10.21;36.89;2951.41;1767.30;-1184.11;0.00
0.25;8.80;40.61;3249.08;1934.12;-1314.96;0.00
0.23;9.75;31.84;2547.05;1866.47;-680.58;0.00
0.27;11.50;41.87;3349.74;2219.37;-1130.37;0.00
0.32;8.21;44.19;3535.37;2326.81;-1208.56;0.00
0.24;9.08;36.62;2929.32;1862.65;-1066.67;0.00
0.24;10.08;35.10;2808.13;1970.95;-837.19;0.00
0.20;10.88;42.42;3393.27;1775.31;-1617.96;0.00
0.25;10.59;49.73;3978.63;2016.14;-1962.49;0.00
0.24;10.62;36.43;2914.52;1995.59;-918.93;0.00
0.27;10.51;49.73;3978.23;2152.86;-1825.37;0.00
0.29;8.41;40.17;3213.31;2173.03;-1040.28;0.00
0.24;10.29;44.32;3545.85;1943.52;-1602.33;0.00
0.28;8.21;34.40;2751.64;2066.56;-685.08;0.00
0.24;9.84;33.45;2675.72;1929.47;-746.25;0.00
0.27;9.61;40.36;3228.49;2068.25;-1160.24;0.00
0.25;11.42;39.49;3159.10;2069.48;-1089.62;0.00
0.24;10.84;37.76;3021.08;1973.30;-1047.78;0.00
0.26;11.64;40.36;3229.18;2149.13;-1080.04;0.00
0.22;10.61;42.92;3433.41;1847.38;-1586.03;0.00
0.25;11.22;40.10;3208.36;2068.08;-1140.27;0.00
0.21;8.92;40.65;3251.65;1725.37;-1526.29;0.00
0.22;7.59;40.85;3268.29;1666.92;-1601.38;0.00
0.27;9.13;43.85;3507.61;2070.28;-1437.33;0.00
0.22;10.80;41.49;3319.08;1882.76;-1436.32;0.00
0.23;9.87;39.80;3184.11;1875.95;-1308.17;0.00
0.25;11.05;35.86;2868.70;2048.81;-819.89;0.00
0.27;12.15;42.59;3407.15;2202.10;-1205.05;0.00
0.26;11.70;36.94;2955.29;2131.12;-824.17;0.00
0.27;9.98;48.96;3917.15;2119.47;-1797.67;0.00
0.31;8.50;40.26;3221.10;2247.84;-973.27;0.00
0.27;8.36;43.93;3514.43;2049.04;-1465.39;0.00
0.25;10.66;42.24;3379.01;2057.45;-1321.56;0.00
0.27;9.13;38.75;3099.98;2081.64;-1018.34;0.00
0.26;11.12;37.62;3009.87;2143.41;-866.45;0.00
0.27;8.01;37.93;3034.42;2016.83;-1017.59;0.00
0.25;8.39;33.29;2662.96;1936.14;-726.82;0.00
0.25;9.90;43.18;3454.53;1966.13;-1488.40;0.00
0.23;10.27;38.83;3106.54;1871.71;-1234.83;0.00
0.31;8.73;34.30;2744.18;2290.99;-453.19;0.00
0.24;9.65;43.42;3473.28;1901.60;-1571.68;0.00
0.23;9.07;44.67;3573.49;1835.32;-1738.17;0.00
0.30;12.33;48.42;3873.49;2394.70;-1478.78;0.00
0.23;10.71;38.96;3116.69;1932.46;-1184.22;0.00
0.21;9.57;49.51;3961.15;1762.21;-2198.94;0.00
0.25;10.85;33.43;2674.55;2028.64;-645.91;0.00
0.25;10.61;39.70;3175.69;2053.22;-1122.47;0.00
0.24;8.92;43.65;3492.18;1857.63;-1634.54;0.00
0.24;9.15;35.45;2836.12;1913.48;-922.64;0.00
0.27;11.06;37.50;2999.87;2174.75;-825.12;0.00
0.25;11.14;39.46;3156.59;2038.85;-1117.74;0.00
0.26;9.72;35.92;2873.63;2050.98;-822.65;0.00
0.27;10.05;40.57;3245.93;2111.92;-1134.00;0.00
0.19;8.69;38.88;3110.72;1593.65;-1517.08;0.00
0.22;9.17;35.28;2822.50;1795.21;-1027.29;0.00
0.24;10.23;41.52;3321.80;1973.73;-1348.07;0.00
0.24;10.63;45.85;3667.75;1976.02;-1691.73;0.00
0.24;9.71;42.74;3419.38;1935.89;-1483.49;0.00
0.25;9.97;26.88;2150.64;1985.22;-165.43;0.00
0.29;9.53;42.20;3376.28;2210.53;-1165.75;0.00
0.28;11.04;37.37;2989.64;2252.42;-737.23;0.00
0.23;9.50;34.18;2734.77;1859.38;-875.39;0.00
0.24;10.34;38.35;3068.30;1958.26;-1110.03;0.00
0.29;10.77;44.69;3575.12;2253.47;-1321.65;0.00
0.23;9.05;44.11;3529.02;1838.82;-1690.19;0.00
0.30;10.14;38.17;3053.71;2320.82;-732.89;0.00
0.23;9.23;41.44;3315.54;1858.34;-1457.20;0.00
0.24;9.74;35.02;2802.00;1949.81;-852.19;0.00
0.28;9.47;37.75;3019.67;2148.21;-871.46;0.00
0.27;11.16;39.90;3192.14;2193.21;-998.93;0.00
0.25;12.02;35.34;2826.81;2121.77;-705.04;0.00
0.28;10.49;38.91;3112.99;2174.77;-938.21;0.00
0.25;11.90;39.35;3148.05;2078.98;-1069.08;0.00
0.28;11.02;39.19;3134.84;2204.76;-930.08;0.00
0.23;9.20;44.38;3550.55;1845.79;-1704.76;0.00
0.25;12.07;36.58;2926.70;2112.12;-814.59;0.00
0.24;10.43;36.01;2880.93;1989.75;-891.18;0.00
0.26;8.80;40.82;3265.92;2003.32;-1262.60;0.00
0.21;11.52;42.75;3419.74;1822.41;-1597.32;0.00
0.20;10.42;47.06;3764.62;1747.56;-2017.05;0.00
0.27;11.11;42.21;3376.43;2182.74;-1193.69;0.00
0.31;8.52;42.93;3434.11;2287.13;-1146.97;0.00
0.28;9.94;41.88;3350.09;2156.36;-1193.73;0.00
0.19;9.33;46.21;3696.94;1630.37;-2066.57;0.00
0.23;8.57;42.98;3438.45;1786.09;-1652.36;0.00
0.22;11.16;46.53;3722.49;1864.32;-1858.17;0.00
0.25;9.25;47.99;3838.91;1968.58;-1870.32;0.00
0.24;10.68;37.96;3036.44;1989.54;-1046.90;0.00
0.21;11.64;39.21;3136.93;1882.46;-1254.47;0.00
0.23;8.68;39.17;3133.81;1834.25;-1299.56;0.00
0.25;12.17;34.88;2790.16;2095.76;-694.40;0.00
0.24;9.15;42.91;3432.99;1903.40;-1529.59;0.00
0.25;9.59;40.45;3235.77;1968.84;-1266.93;0.00
0.21;9.81;36.61;2928.89;1733.68;-1195.22;0.00
0.23;8.99;31.20;2495.68;1832.23;-663.45;0.00
0.25;8.67;35.85;2867.98;1949.84;-918.14;0.00
0.26;11.70;34.44;2755.30;2176.76;-578.54;0.00
0.27;10.41;37.21;2977.05;2134.47;-842.57;0.00
0.27;10.65;40.54;3243.04;2138.09;-1104.95;0.00
0.27;11.36;40.94;3275.41;2183.40;-1092.01;0.00
0.22;10.30;42.69;3415.27;1845.14;-1570.13;0.00
0.27;9.62;43.84;3507.08;2074.51;-1432.57;0.00
0.30;10.27;36.23;2898.49;2324.33;-574.16;0.00
0.22;9.78;39.79;3183.15;1807.85;-1375.30;0.00
0.23;11.54;45.27;3621.36;1961.01;-1660.35;0.00
0.24;8.85;42.48;3398.31;1849.22;-1549.09;0.00
0.24;10.40;33.12;2649.40;1964.08;-685.31;0.00
0.26;10.39;34.24;2739.03;2061.61;-677.42;0.00
0.23;10.69;45.69;3654.94;1943.33;-1711.61;0.00
0.24;10.81;40.85;3268.16;1986.51;-1281.65;0.00
0.25;10.90;33.05;2644.36;2029.88;-614.48;0.00
0.23;11.22;33.15;2652.18;1947.43;-704.76;0.00
0.24;9.34;28.52;2281.98;1877.60;-404.38;0.00
0.22;9.35;32.90;2632.40;1810.78;-821.62;0.00
0.27;10.99;36.82;2945.60;2195.82;-749.79;0.00
0.24;9.54;42.71;3416.77;1937.97;-1478.79;0.00
0.26;10.62;44.09;3527.53;2083.95;-1443.58;0.00
0.22;11.56;35.73;2858.62;1893.32;-965.30;0.00
0.24;12.07;41.46;3316.60;2023.12;-1293.49;0.00
0.25;10.42;45.24;3619.34;2018.07;-1601.28;0.00
0.26;11.51;40.50;3239.77;2132.48;-1107.29;0.00
0.25;11.40;39.23;3138.11;2064.29;-1073.82;0.00
0.26;9.89;41.77;3341.22;2066.72;-1274.50;0.00
0.23;12.01;40.30;3224.33;1978.15;-1246.17;0.00
0.22;10.36;37.20;2975.99;1840.58;-1135.41;0.00
0.27;10.37;45.02;3601.63;2149.45;-1452.18;0.00
0.29;9.92;40.44;3235.38;2234.73;-1000.64;0.00
0.24;10.33;33.70;2695.88;1947.10;-748.79;0.00
0.30;7.12;44.87;3589.64;2138.84;-1450.80;0.00
0.26;9.96;41.67;3333.74;2080.33;-1253.41;0.00
0.27;10.73;39.33;3146.55;2174.18;-972.37;0.00
0.22;10.69;46.29;3703.48;1865.46;-1838.02;0.00
0.23;10.22;40.19;3215.32;1921.03;-1294.29;0.00
0.20;11.89;40.13;3210.37;1782.39;-1427.98;0.00
0.31;11.74;42.17;3373.20;2456.07;-917.13;0.00
0.21;9.55;40.80;3264.33;1758.53;-1505.80;0.00
0.23;11.41;39.77;3181.80;1977.95;-1203.85;0.00
0.27;11.07;43.16;3452.79;2167.83;-1284.96;0.00
0.23;10.44;27.58;2206.40;1930.91;-275.49;0.00
0.26;10.53;44.96;3596.83;2085.69;-1511.15;0.00
0.26;10.95;46.03;3682.34;2100.11;-1582.23;0.00
0.24;9.55;48.15;3852.40;1925.66;-1926.74;0.00
0.27;11.94;44.47;3557.43;2242.90;-1314.53;0.00
0.23;10.84;40.77;3261.41;1901.67;-1359.73;0.00
0.25;10.47;42.36;3389.10;2018.70;-1370.40;0.00
0.29;8.88;43.08;3446.53;2146.92;-1299.61;0.00
0.24;10.80;49.60;3968.33;1977.49;-1990.85;0.00
0.24;9.93;37.73;3018.25;1915.63;-1102.62;0.00
0.27;9.16;37.01;2961.07;2060.76;-900.31;0.00
0.28;9.98;31.34;2507.08;2153.72;-353.36;0.00
0.20;9.60;34.84;2787.07;1710.10;-1076.97;0.00
0.26;9.77;39.80;3184.04;2015.16;-1168.88;0.00
0.24;10.75;46.24;3698.83;1988.23;-1710.60;0.00
0.27;11.05;41.59;3326.96;2162.62;-1164.34;0.00
0.22;8.74;42.36;3389.12;1777.57;-1611.55;0.00
0.24;9.41;35.31;2824.54;1884.38;-940.16;0.00
0.21;9.62;38.15;3052.17;1758.37;-1293.80;0.00
0.25;9.92;41.24;3299.49;1974.76;-1324.73;0.00
0.22;10.52;43.01;3440.63;1827.26;-1613.37;0.00
0.25;11.99;45.97;3677.86;2109.91;-1567.95;0.00
0.27;7.80;37.23;2978.58;1968.49;-1010.10;0.00
0.23;8.91;47.35;3787.83;1840.34;-1947.48;0.00
0.26;10.16;45.02;3601.39;2061.04;-1540.36;0.00
0.29;12.02;31.82;2545.84;2330.75;-215.10;0.00
0.26;9.51;45.85;3668.19;2045.55;-1622.64;0.00
0.27;10.01;50.40;4032.15;2142.86;-1889.29;0.00
0.20;10.49;49.48;3958.60;1745.01;-2213.59;0.00
0.28;10.06;39.62;3169.81;2167.66;-1002.15;0.00
0.26;7.60;44.48;3558.24;1954.47;-1603.77;0.00
0.23;8.26;36.13;2890.16;1801.17;-1088.99;0.00
0.24;8.88;48.21;3856.41;1905.31;-1951.10;0.00
0.29;11.64;37.79;3023.02;2296.35;-726.67;0.00
0.25;10.29;38.95;3115.91;2012.12;-1103.79;0.00
0.25;10.49;42.59;3407.06;2019.20;-1387.86;0.00
0.28;12.14;36.82;2945.28;2278.22;-667.05;0.00
0.30;10.88;43.79;3503.24;2338.64;-1164.60;0.00
0.26;10.81;43.88;3510.64;2100.04;-1410.60;0.00
0.23;9.67;36.53;2922.27;1875.06;-1047.22;0.00
0.25;10.26;45.77;3661.25;1995.34;-1665.91;0.00
0.26;8.87;39.09;3127.45;1995.56;-1131.89;0.00
0.27;9.34;44.86;3588.71;2059.35;-1529.35;0.00
0.26;9.78;38.23;3058.74;2037.95;-1020.79;0.00
0.28;9.73;31.09;2487.60;2130.69;-356.90;0.00
0.24;7.65;38.86;3108.70;1819.44;-1289.26;0.00
0.25;8.69;41.30;3304.05;1923.98;-1380.08;0.00
0.22;8.90;42.11;3369.12;1755.02;-1614.10;0.00
0.29;9.25;43.42;3473.88;2161.81;-1312.07;0.00
0.25;10.79;39.58;3166.25;2029.33;-1136.92;0.00
0.24;9.76;49.00;3919.87;1920.20;-1999.67;0.00
0.25;10.74;42.70;3416.19;2030.93;-1385.27;0.00
0.25;11.61;43.68;3494.05;2079.34;-1414.71;0.00
0.24;8.36;38.02;3041.22;1878.33;-1162.88;0.00
0.25;11.47;43.06;3444.60;2070.38;-1374.22;0.00
0.24;10.26;30.64;2451.31;1954.91;-496.40;0.00
0.24;10.28;34.90;2791.89;1938.06;-853.83;0.00
0.27;9.75;37.50;3000.10;2094.94;-905.16;0.00
0.24;11.03;35.78;2862.66;1994.75;-867.91;0.00
0.26;8.91;41.47;3317.53;2003.50;-1314.03;0.00
0.23;9.78;38.22;3057.97;1878.70;-1179.27;0.00
0.28;10.47;43.37;3469.79;2211.83;-1257.96;0.00
0.23;10.11;37.73;3018.09;1900.20;-1117.89;0.00
0.25;10.82;38.60;3088.09;2057.59;-1030.50;0.00
0.25;10.75;44.95;3596.19;2043.03;-1553.16;0.00
0.25;10.67;42.37;3389.57;2013.44;-1376.13;0.00
0.28;10.94;39.45;3156.34;2203.09;-953.25;0.00
0.25;9.98;41.02;3281.95;1989.51;-1292.44;0.00
0.26;9.21;42.53;3402.60;2032.33;-1370.26;0.00
0.20;11.54;40.08;3206.33;1805.32;-1401.00;0.00
0.23;11.20;33.20;2655.86;1948.53;-707.33;0.00
0.30;8.98;42.15;3371.62;2223.53;-1148.09;0.00
0.25;11.36;43.06;3444.70;2044.54;-1400.16;0.00
0.23;10.61;40.08;3206.73;1899.80;-1306.93;0.00
0.27;10.25;35.42;2833.54;2109.55;-724.00;0.00
0.23;8.13;44.85;3587.97;1781.72;-1806.25;0.00
0.25;10.60;47.90;3831.94;2048.59;-1783.35;0.00
0.26;9.07;42.85;3428.20;1978.33;-1449.87;0.00
0.24;9.14;44.18;3534.18;1879.76;-1654.42;0.00
0.22;11.25;39.67;3173.30;1876.30;-1297.00;0.00
0.23;9.84;39.42;3153.26;1880.32;-1272.93;0.00
0.23;11.64;33.27;2661.23;1943.57;-717.65;0.00
0.23;7.25;37.84;3027.57;1721.08;-1306.49;0.00
0.21;9.06;33.15;2652.17;1706.71;-945.45;0.00
0.25;9.40;39.32;3145.44;1965.59;-1179.86;0.00
0.22;13.62;38.61;3089.18;2011.81;-1077.38;0.00
0.25;11.52;38.15;3052.11;2087.97;-964.14;0.00
0.23;11.48;37.22;2977.61;1989.11;-988.50;0.00
0.22;10.15;37.96;3036.61;1845.69;-1190.92;0.00
0.25;10.42;41.46;3316.50;2029.87;-1286.63;0.00
0.22;10.01;37.17;2973.90;1848.52;-1125.38;0.00
0.28;12.01;47.53;3802.52;2266.28;-1536.24;0.00
0.21;10.48;41.33;3306.11;1778.36;-1527.75;0.00
0.23;11.04;43.13;3450.32;1963.39;-1486.93;0.00
0.23;10.49;44.80;3583.63;1905.74;-1677.90;0.00
0.24;11.06;36.46;2917.09;1975.60;-941.49;0.00
0.24;10.99;33.92;2713.88;1991.42;-722.46;0.00
0.23;12.44;40.47;3237.43;2036.64;-1200.79;0.00
0.27;10.76;44.42;3553.41;2166.25;-1387.16;0.00
0.28;11.02;41.94;3355.31;2203.91;-1151.40;0.00
0.25;10.54;39.39;3151.04;2045.55;-1105.49;0.00
0.22;10.26;33.38;2670.72;1836.70;-834.02;0.00
0.25;8.78;46.60;3728.29;1924.22;-1804.06;0.00
0.23;10.34;42.84;3426.89;1908.33;-1518.56;0.00
0.25;9.41;42.72;3417.85;1960.08;-1457.77;0.00
0.24;12.11;39.50;3159.90;2052.57;-1107.33;0.00
0.30;8.84;42.40;3391.64;2250.22;-1141.42;0.00
0.20;11.68;44.53;3562.70;1817.33;-1745.37;0.00
0.26;10.50;37.35;2988.33;2059.94;-928.39;0.00
0.23;9.15;45.43;3634.52;1840.33;-1794.19;0.00
0.26;10.10;37.89;3031.31;2047.29;-984.01;0.00
0.24;9.33;39.53;3162.22;1918.68;-1243.54;0.00
0.25;10.25;40.80;3264.14;1985.70;-1278.44;0.00
0.22;8.43;35.46;2836.67;1742.31;-1094.36;0.00
0.27;9.01;41.30;3303.99;2050.97;-1253.02;0.00
0.26;10.35;45.16;3612.63;2078.14;-1534.49;0.00
0.19;12.33;37.14;2971.14;1803.09;-1168.05;0.00
0.25;10.22;40.92;3273.31;2022.74;-1250.57;0.00
0.28;10.00;36.90;2952.30;2195.14;-757.16;0.00
0.25;8.04;45.48;3638.60;1897.35;-1741.25;0.00
0.21;8.72;41.89;3351.36;1708.79;-1642.57;0.00
0.28;10.07;38.94;3115.34;2169.17;-946.17;0.00
0.26;10.33;42.86;3428.99;2095.37;-1333.62;0.00
0.24;8.58;43.17;3453.64;1842.41;-1611.23;0.00
0.23;10.02;33.14;2650.85;1905.66;-745.19;0.00
0.24;9.86;37.75;3020.33;1927.88;-1092.45;0.00
0.25;9.68;35.84;2866.84;2004.59;-862.25;0.00
0.25;9.38;42.83;3426.71;1940.92;-1485.79;0.00
0.24;11.42;36.52;2921.87;2028.73;-893.14;0.00
0.28;10.89;36.47;2917.98;2235.96;-682.03;0.00
0.24;9.96;42.80;3423.96;1930.14;-1493.83;0.00
0.26;12.06;42.96;3436.99;2196.01;-1240.97;0.00
0.23;9.99;35.99;2879.23;1900.47;-978.76;0.00
0.28;8.41;39.31;3144.61;2091.87;-1052.74;0.00
0.23;10.82;37.17;2973.68;1938.37;-1035.31;0.00
0.27;10.45;31.53;2522.28;2151.16;-371.12;0.00
0.26;10.35;40.10;3207.85;2062.64;-1145.21;0.00
0.22;10.22;39.59;3166.95;1809.74;-1357.20;0.00
0.25;9.74;34.63;2770.29;1955.80;-814.49;0.00
0.25;11.49;35.42;2833.67;2105.18;-728.49;0.00
0.26;9.75;37.66;3012.44;2026.58;-985.86;0.00
0.23;11.02;37.70;3015.79;1957.71;-1058.08;0.00
0.25;8.48;40.15;3211.61;1886.87;-1324.74;0.00
0.26;9.21;40.81;3265.09;1995.87;-1269.22;0.00
0.27;8.78;33.28;2662.18;2036.91;-625.27;0.00
0.27;8.48;36.37;2909.60;2054.41;-855.19;0.00
0.26;7.76;43.49;3479.09;1958.75;-1520.34;0.00
0.24;10.22;45.05;3604.33;1953.19;-1651.14;0.00
0.22;10.94;40.63;3250.60;1889.23;-1361.37;0.00
0.27;11.61;41.53;3322.52;2223.72;-1098.80;0.00
0.21;10.07;38.05;3044.12;1742.55;-1301.57;0.00
0.24;11.48;37.22;2977.98;2001.15;-976.83;0.00
0.20;9.42;49.99;3998.87;1659.50;-2339.37;0.00
0.23;9.05;46.31;3704.43;1837.33;-1867.10;0.00
0.24;10.36;41.29;3303.30;1935.11;-1368.19;0.00
0.23;11.00;38.91;3112.46;1960.60;-1151.85;0.00
0.27;7.61;33.99;2719.21;1971.31;-747.91;0.00
0.27;10.24;43.90;3511.89;2109.02;-1402.87;0.00
0.28;9.91;47.19;3775.60;2160.98;-1614.61;0.00
0.24;11.15;42.31;3384.65;1990.71;-1393.93;0.00
0.21;11.78;45.21;3617.15;1862.89;-1754.26;0.00
0.21;10.37;32.72;2617.66;1784.02;-833.64;0.00
0.30;9.96;36.64;2931.16;2280.43;-650.73;0.00
0.26;10.89;40.58;3246.48;2122.65;-1123.83;0.00
0.26;9.32;38.30;3063.89;2018.34;-1045.55;0.00
0.24;12.00;28.69;2295.39;2031.33;-264.06;0.00
0.26;10.91;39.96;3196.42;2086.11;-1110.30;0.00
0.25;10.28;48.68;3894.08;2021.36;-1872.73;0.00
0.29;8.62;44.64;3570.99;2127.53;-1443.46;0.00
0.28;11.15;45.33;3626.50;2233.21;-1393.29;0.00
0.27;10.32;36.50;2919.95;2127.73;-792.21;0.00
0.21;8.45;35.54;2842.99;1693.19;-1149.79;0.00
0.25;11.40;31.12;2489.88;2062.96;-426.92;0.00
0.26;8.74;42.59;3407.16;1980.35;-1426.81;0.00
0.29;10.40;47.47;3797.42;2232.03;-1565.39;0.00
0.25;7.92;56.67;4533.37;1866.36;-2667.01;0.00
0.21;10.44;40.08;3206.45;1791.57;-1414.88;0.00
0.25;9.58;37.19;2975.30;1991.10;-984.20;0.00
0.25;10.39;43.36;3468.93;1995.01;-1473.93;0.00
0.26;10.76;34.10;2728.11;2072.96;-655.15;0.00
0.25;10.11;32.29;2583.01;2024.05;-558.96;0.00
0.26;8.84;35.49;2838.86;1998.83;-840.02;0.00
0.27;9.39;38.52;3081.27;2060.44;-1020.84;0.00
0.23;10.09;47.61;3808.94;1903.39;-1905.55;0.00
0.26;8.09;32.61;2609.08;1930.39;-678.69;0.00
0.23;7.80;46.62;3729.57;1786.34;-1943.23;0.00
0.23;12.00;46.75;3740.37;1999.74;-1740.64;0.00
0.23;9.46;33.88;2710.23;1845.88;-864.36;0.00
0.26;9.85;39.74;3178.87;2066.93;-1111.94;0.00
0.27;10.51;43.15;3451.76;2143.66;-1308.09;0.00
0.25;9.64;40.31;3224.92;1968.70;-1256.22;0.00
0.23;8.32;37.80;3023.74;1797.70;-1226.04;0.00
0.26;9.50;39.78;3182.27;2022.92;-1159.34;0.00
0.25;11.03;40.48;3238.56;2051.77;-1186.79;0.00
0.28;10.06;28.85;2307.93;2183.16;-124.76;0.00
0.27;11.34;41.11;3288.75;2171.46;-1117.29;0.00
0.24;9.37;41.44;3315.48;1929.30;-1386.18;0.00
0.22;11.15;34.58;2766.77;1904.27;-862.50;0.00
0.26;7.97;42.84;3427.53;1942.78;-1484.75;0.00
0.21;9.21;35.45;2836.33;1726.68;-1109.65;0.00
0.28;10.59;44.28;3542.20;2211.57;-1330.63;0.00
0.27;10.74;45.84;3666.90;2127.99;-1538.91;0.00
0.25;9.59;30.26;2421.10;1960.47;-460.63;0.00
0.29;9.98;48.96;3916.70;2205.93;-1710.77;0.00
0.24;11.79;36.08;2886.24;2044.61;-841.62;0.00
0.22;11.39;38.00;3040.07;1889.29;-1150.78;0.00
0.27;10.12;41.55;3323.82;2112.96;-1210.86;0.00
0.25;8.26;39.21;3136.52;1928.00;-1208.52;0.00
0.22;9.04;37.57;3005.45;1766.08;-1239.37;0.00
0.24;10.20;37.97;3037.90;1971.94;-1065.96;0.00
0.27;7.89;39.03;3122.68;2017.88;-1104.80;0.00
0.26;10.99;49.96;3996.83;2133.56;-1863.28;0.00
0.22;9.26;37.53;3002.70;1791.36;-1211.34;0.00
0.24;12.27;51.47;4117.97;2048.01;-2069.96;0.00
0.23;10.46;48.74;3898.87;1884.13;-2014.73;0.00
0.25;11.82;50.22;4017.62;2104.35;-1913.27;0.00
0.28;11.99;42.99;3439.48;2265.18;-1174.30;0.00
0.22;12.08;37.20;2975.95;1928.48;-1047.47;0.00
0.29;10.19;49.09;3927.26;2258.42;-1668.84;0.00
0.27;10.63;40.21;3216.61;2131.52;-1085.09;0.00
0.27;9.43;39.46;3157.14;2107.07;-1050.07;0.00
0.25;8.93;41.01;3280.74;1912.38;-1368.36;0.00
0.27;11.59;38.25;3059.66;2211.39;-848.27;0.00
0.29;10.07;36.69;2935.55;2242.25;-693.30;0.00
0.25;10.57;39.56;3165.05;2013.68;-1151.37;0.00
0.26;10.20;39.89;3191.11;2066.21;-1124.90;0.00
0.27;10.27;45.82;3665.70;2142.10;-1523.59;0.00
0.22;11.24;47.15;3771.97;1865.36;-1906.61;0.00
0.27;10.93;38.45;3076.14;2189.73;-886.41;0.00
0.24;9.93;37.41;2993.10;1927.90;-1065.20;0.00
0.26;9.67;36.96;2957.19;2017.84;-939.36;0.00
0.25;9.69;43.81;3505.17;1998.56;-1506.61;0.00
0.24;10.23;34.39;2751.42;1974.29;-777.12;0.00
0.24;9.55;45.32;3625.39;1899.71;-1725.68;0.00
0.20;10.68;44.54;3563.38;1751.21;-1812.17;0.00
0.23;9.89;41.13;3290.16;1871.35;-1418.82;0.00
0.24;8.54;42.76;3420.53;1847.99;-1572.54;0.00
0.31;9.24;35.68;2854.37;2310.58;-543.79;0.00
0.22;10.70;29.40;2352.12;1852.75;-499.38;0.00
0.24;9.25;47.27;3781.22;1911.38;-1869.84;0.00
0.25;11.26;34.76;2780.51;2038.00;-742.51;0.00
0.22;9.73;33.81;2704.62;1824.45;-880.17;0.00
0.31;7.96;35.80;2864.33;2262.79;-601.54;0.00
0.24;10.57;36.27;2901.21;1965.39;-935.82;0.00
0.19;10.68;36.61;2928.47;1660.10;-1268.37;0.00
0.25;10.20;37.21;2977.10;2020.07;-957.03;0.00
0.24;10.49;32.97;2637.29;1962.83;-674.46;0.00
0.27;10.46;38.23;3058.79;2127.41;-931.39;0.00
0.27;11.65;41.80;3344.08;2226.94;-1117.14;0.00
0.23;9.77;37.87;3029.88;1873.86;-1156.02;0.00
0.23;10.88;39.83;3186.39;1915.59;-1270.80;0.00
0.22;9.57;40.58;3246.27;1825.99;-1420.27;0.00
0.26;10.46;44.03;3522.64;2066.55;-1456.09;0.00
0.24;12.32;44.35;3547.80;2086.21;-1461.59;0.00
0.23;11.10;33.79;2703.36;1913.15;-790.22;0.00
0.28;10.22;35.92;2873.48;2211.64;-661.84;0.00
0.24;7.99;43.69;3494.84;1805.92;-1688.92;0.00
0.24;8.15;43.04;3443.37;1816.40;-1626.97;0.00
0.24;9.08;38.74;3098.84;1902.72;-1196.12;0.00
0.23;10.48;34.48;2758.62;1934.86;-823.76;0.00
0.29;11.97;32.99;2639.26;2324.23;-315.03;0.00
0.24;10.72;42.37;3389.45;1986.07;-1403.38;0.00
0.28;9.39;36.24;2899.03;2153.13;-745.90;0.00
0.27;9.82;42.45;3396.22;2114.70;-1281.52;0.00
0.26;10.44;38.55;3083.67;2071.91;-1011.76;0.00
0.25;7.05;43.41;3473.12;1810.14;-1662.98;0.00
0.24;9.06;34.82;2785.89;1877.71;-908.18;0.00
0.25;7.07;39.96;3196.70;1840.92;-1355.78;0.00
0.24;10.61;43.19;3455.31;1953.37;-1501.93;0.00
0.27;9.56;40.11;3209.03;2081.66;-1127.38;0.00
0.27;9.97;39.37;3149.58;2112.72;-1036.85;0.00
0.29;10.82;36.44;2915.43;2260.65;-654.78;0.00
0.28;9.65;42.62;3409.86;2143.78;-1266.08;0.00
0.25;11.45;34.60;2767.91;2102.18;-665.73;0.00
0.22;11.50;40.95;3275.83;1930.52;-1345.31;0.00
0.25;9.84;40.70;3256.23;1966.83;-1289.40;0.00
0.25;9.68;41.27;3301.78;1962.66;-1339.12;0.00
0.25;10.94;39.47;3157.60;2019.87;-1137.73;0.00
