# X_0;X_1;X_2;R_0;S_0;G_0;I_0
0.23;8.39;46.12;3689.40;1799.53;-1889.87;0.00
0.28;10.82;42.83;3426.56;2224.40;-1202.15;0.00
0.22;9.67;47.46;3797.06;1819.80;-1977.26;0.00
0.25;11.27;41.19;3295.54;2093.53;-1202.01;0.00
0.25;10.66;41.40;3312.34;2019.84;-1292.51;0.00
0.22;11.18;37.01;2960.75;1904.89;-1055.85;0.00
0.22;13.25;31.79;2543.02;1986.74;-556.28;0.00
0.26;9.40;45.29;3622.87;2004.34;-1618.53;0.00
0.21;10.16;46.25;3699.62;1760.96;-1938.66;0.00
0.27;11.51;33.98;2718.29;2211.40;-506.89;0.00
0.26;7.27;45.64;3651.34;1899.43;-1751.91;0.00
0.25;7.12;42.07;3365.73;1860.30;-1505.43;0.00
0.22;10.95;37.50;2999.73;1888.53;-1111.20;0.00
0.25;12.55;39.05;3124.31;2114.78;-1009.52;0.00
0.27;11.12;42.65;3412.23;2189.14;-1223.10;0.00
0.30;11.87;37.93;3034.25;2380.29;-653.96;0.00
0.28;11.16;40.25;3220.26;2237.05;-983.21;0.00
0.25;11.14;41.52;3321.59;2070.59;-1251.00;0.00
0.25;8.77;43.33;3466.17;1946.36;-1519.81;0.00
0.22;10.12;43.54;3483.57;1828.76;-1654.81;0.00
0.26;10.79;41.30;3303.66;2080.47;-1223.19;0.00
0.27;10.03;36.47;2917.74;2113.33;-804.41;0.00
0.23;9.23;38.55;3084.31;1854.35;-1229.96;0.00
0.24;10.36;39.59;3167.01;1975.69;-1191.32;0.00
0.29;11.12;46.26;3700.96;2296.60;-1404.36;0.00
0.21;9.87;30.89;2471.13;1742.74;-728.39;0.00
0.21;10.34;43.85;3507.62;1802.66;-1704.96;0.00
0.23;10.60;40.67;3253.31;1928.68;-1324.64;0.00
0.23;10.00;36.86;2948.57;1884.26;-1064.31;0.00
0.28;11.34;37.81;3025.03;2247.39;-777.64;0.00
0.21;10.58;31.88;2550.48;1775.53;-774.95;0.00
0.26;10.97;33.21;2656.73;2080.28;-576.45;0.00
0.25;10.46;45.29;3623.12;2010.21;-1612.91;0.00
0.26;12.96;38.25;3059.88;2210.59;-849.29;0.00
0.26;10.96;35.44;2835.07;2114.26;-720.82;0.00
0.22;8.86;46.86;3748.55;1786.09;-1962.46;0.00
0.22;10.77;45.13;3610.52;1887.70;-1722.82;0.00
0.29;10.13;45.40;3632.03;2227.07;-1404.96;0.00
0.26;10.71;30.98;2478.03;2113.09;-364.94;0.00
0.28;10.16;39.33;3146.21;2179.16;-967.05;0.00
0.23;11.39;38.26;3061.14;1968.01;-1093.13;0.00
0.26;9.48;44.43;3554.18;2039.34;-1514.84;0.00
0.24;9.81;43.19;3454.96;1930.25;-1524.72;0.00
0.23;9.71;50.25;4020.11;1882.17;-2137.95;0.00
0.26;9.95;47.49;3798.92;2034.31;-1764.60;0.00
0.23;9.43;38.97;3117.60;1876.72;-1240.88;0.00
0.28;10.30;42.88;3430.16;2203.83;-1226.33;0.00
0.24;10.97;33.28;2662.61;1998.57;-664.04;0.00
0.28;12.05;42.04;3363.10;2275.47;-1087.62;0.00
0.24;10.24;39.20;3136.33;1945.73;-1190.60;0.00
0.25;10.00;39.00;3119.62;1995.99;-1123.63;0.00
0.24;9.59;41.44;3315.27;1916.93;-1398.34;0.00
0.25;7.05;38.27;3061.85;1823.83;-1238.02;0.00
0.27;9.86;35.21;2817.06;2105.90;-711.15;0.00
0.24;9.85;44.09;3527.23;1903.93;-1623.30;0.00
0.27;9.25;39.41;3152.41;2083.81;-1068.60;0.00
0.22;11.08;30.10;2408.25;1858.14;-550.10;0.00
0.21;10.41;39.19;3135.51;1797.10;-1338.41;0.00
0.30;9.69;45.73;3658.68;2247.59;-1411.09;0.00
0.25;11.28;45.05;3603.80;2075.38;-1528.41;0.00
0.24;11.59;38.46;3076.71;2023.35;-1053.36;0.00
0.27;9.77;32.54;2603.28;2125.38;-477.90;0.00
0.29;8.83;41.24;3299.06;2166.58;-1132.48;0.00
0.28;11.00;46.26;3700.83;2225.28;-1475.55;0.00
0.21;11.94;37.77;3021.51;1897.41;-1124.11;0.00
0.23;12.18;49.92;3993.98;1985.91;-2008.07;0.00
0.26;9.47;32.64;2611.22;2012.37;-598.85;0.00
0.24;9.33;40.68;3254.25;1888.84;-1365.40;0.00
0.27;12.27;36.69;2935.52;2216.62;-718.90;0.00
0.26;9.64;47.29;3783.43;2062.67;-1720.76;0.00
0.26;8.71;38.97;3117.47;1992.23;-1125.23;0.00
0.20;8.38;42.36;3388.99;1647.50;-1741.48;0.00
0.26;8.45;38.39;3071.37;1969.03;-1102.35;0.00
0.28;10.87;43.48;3478.13;2203.85;-1274.29;0.00
0.25;9.85;46.25;3699.73;2000.10;-1699.63;0.00
0.27;8.86;40.15;3212.15;2074.43;-1137.71;0.00
0.25;10.17;36.57;2925.83;2021.38;-904.45;0.00
0.27;10.15;44.91;3593.10;2120.89;-1472.22;0.00
0.21;10.23;38.19;3055.57;1800.88;-1254.69;0.00
0.24;12.56;36.93;2954.64;2057.38;-897.26;0.00
0.26;8.92;39.14;3131.38;1976.37;-1155.01;0.00
0.27;10.41;39.68;3174.62;2145.14;-1029.48;0.00
0.24;10.22;38.09;3047.41;1943.49;-1103.92;0.00
0.26;9.93;40.10;3208.06;2058.47;-1149.59;0.00
0.22;7.94;36.77;2941.65;1720.31;-1221.34;0.00
0.24;12.00;38.55;3083.82;2028.90;-1054.92;0.00
0.21;13.05;40.06;3204.66;1945.25;-1259.41;0.00
0.28;10.36;45.68;3654.24;2211.71;-1442.53;0.00
0.27;10.96;38.02;3041.29;2186.19;-855.10;0.00
0.27;10.02;40.96;3276.58;2096.31;-1180.27;0.00
0.22;9.33;42.99;3439.50;1759.98;-1679.52;0.00
0.27;11.44;45.46;3636.74;2168.38;-1468.36;0.00
0.23;9.61;44.55;3564.18;1869.15;-1695.03;0.00
0.28;11.42;40.21;3216.78;2245.04;-971.74;0.00
0.26;9.56;36.87;2949.32;2053.28;-896.04;0.00
0.23;9.69;33.45;2675.80;1844.78;-831.02;0.00
0.23;9.53;34.45;2755.99;1881.82;-874.17;0.00
0.26;9.79;44.98;3598.41;2029.24;-1569.17;0.00
0.25;10.22;46.60;3727.85;2025.50;-1702.36;0.00
0.24;9.39;44.69;3575.26;1917.56;-1657.70;0.00
0.26;10.98;45.73;3658.37;2127.98;-1530.39;0.00
0.23;9.09;43.82;3505.94;1839.20;-1666.74;0.00
0.21;10.37;40.28;3222.20;1791.84;-1430.37;0.00
0.28;11.33;37.74;3018.89;2261.03;-757.86;0.00
0.23;9.96;42.54;3403.27;1892.44;-1510.84;0.00
0.27;11.53;46.45;3715.71;2206.36;-1509.34;0.00
0.28;8.63;33.88;2710.40;2083.50;-626.90;0.00
0.21;10.95;36.33;2906.57;1791.26;-1115.31;0.00
0.28;12.37;36.77;2941.23;2305.24;-635.99;0.00
0.24;10.45;38.03;3042.68;1942.95;-1099.73;0.00
0.24;11.11;39.96;3196.75;2019.38;-1177.37;0.00
0.24;10.76;45.03;3602.55;1961.00;-1641.55;0.00
0.22;9.50;42.70;3415.73;1797.98;-1617.75;0.00
0.24;10.67;37.30;2983.80;1980.77;-1003.04;0.00
0.24;10.10;40.53;3242.02;1968.72;-1273.30;0.00
0.20;9.48;40.50;3240.06;1700.16;-1539.90;0.00
0.27;11.00;34.73;2778.26;2189.83;-588.43;0.00
0.26;8.11;35.89;2871.27;1932.98;-938.29;0.00
0.28;11.30;41.48;3318.73;2220.23;-1098.50;0.00
0.25;10.91;43.10;3447.65;2072.19;-1375.46;0.00
0.26;10.86;46.50;3720.08;2090.96;-1629.11;0.00
0.24;9.44;31.26;2501.10;1899.34;-601.76;0.00
0.24;7.63;41.66;3332.59;1826.77;-1505.82;0.00
0.25;11.69;38.81;3104.61;2108.38;-996.22;0.00
0.26;10.64;36.09;2887.11;2105.75;-781.36;0.00
0.25;10.06;35.47;2837.29;1998.70;-838.59;0.00
0.28;8.45;38.04;3043.47;2108.81;-934.66;0.00
0.21;10.09;35.41;2833.04;1760.65;-1072.39;0.00
0.22;9.47;35.12;2809.50;1782.39;-1027.11;0.00
0.22;9.75;39.32;3145.25;1831.49;-1313.76;0.00
0.25;11.39;31.14;2491.32;2048.62;-442.70;0.00
0.22;8.76;40.40;3232.22;1752.95;-1479.27;0.00
0.24;9.18;43.18;3454.57;1907.54;-1547.04;0.00
0.27;9.62;43.43;3474.06;2070.59;-1403.47;0.00
0.24;10.91;43.36;3469.00;1973.76;-1495.24;0.00
0.27;11.77;37.54;3003.21;2225.47;-777.73;0.00
0.26;11.17;38.91;3112.93;2147.04;-965.88;0.00
0.24;9.58;40.28;3222.56;1893.38;-1329.18;0.00
0.21;11.02;43.98;3518.40;1842.75;-1675.65;0.00
0.28;11.54;47.46;3796.57;2237.05;-1559.52;0.00
0.27;12.46;48.48;3878.15;2259.30;-1618.85;0.00
0.24;11.05;41.51;3320.58;2014.82;-1305.75;0.00
0.22;9.24;48.13;3850.73;1798.86;-2051.86;0.00
0.27;8.89;32.19;2574.96;2054.77;-520.19;0.00
0.27;10.69;37.83;3026.63;2131.97;-894.66;0.00
0.27;11.51;37.51;3001.20;2182.86;-818.33;0.00
0.25;8.10;45.52;3641.97;1878.59;-1763.38;0.00
0.22;10.61;40.74;3259.50;1854.64;-1404.86;0.00
0.26;8.77;38.03;3042.08;2005.53;-1036.55;0.00
0.23;8.31;36.97;2957.80;1767.17;-1190.63;0.00
0.22;10.41;36.47;2917.80;1862.88;-1054.91;0.00
0.24;10.56;34.50;2760.09;1957.90;-802.18;0.00
0.24;10.92;37.15;2971.96;1972.42;-999.54;0.00
0.26;9.33;41.93;3354.70;2043.48;-1311.22;0.00
0.21;10.58;42.18;3374.69;1808.09;-1566.59;0.00
0.27;8.32;33.34;2666.99;2020.70;-646.29;0.00
0.23;10.14;43.53;3482.35;1879.37;-1602.98;0.00
0.27;10.81;47.42;3793.22;2152.03;-1641.20;0.00
0.25;9.12;38.35;3067.88;1939.00;-1128.88;0.00
0.24;11.82;38.41;3072.71;2047.19;-1025.52;0.00
0.29;9.79;31.85;2548.09;2224.46;-323.63;0.00
0.25;9.30;41.15;3291.94;1942.92;-1349.02;0.00
0.26;10.75;36.42;2913.75;2117.39;-796.36;0.00
0.24;9.64;41.57;3325.99;1891.71;-1434.27;0.00
0.27;10.14;28.16;2253.12;2115.79;-137.32;0.00
0.30;11.77;32.45;2596.26;2367.96;-228.29;0.00
0.24;9.34;42.73;3418.75;1893.69;-1525.07;0.00
0.27;10.48;38.10;3048.26;2113.44;-934.82;0.00
0.25;9.38;33.41;2672.51;1939.39;-733.12;0.00
0.26;8.70;38.12;3049.47;1981.85;-1067.63;0.00
0.24;9.41;37.56;3005.16;1917.49;-1087.67;0.00
0.29;10.61;37.54;3002.92;2272.54;-730.38;0.00
0.21;11.83;39.65;3172.21;1892.41;-1279.80;0.00
0.29;10.57;41.60;3327.88;2267.58;-1060.29;0.00
0.24;10.46;39.32;3145.37;1950.29;-1195.08;0.00
0.26;9.42;45.96;3677.01;2004.68;-1672.33;0.00
0.19;10.56;36.10;2887.99;1707.24;-1180.75;0.00
0.26;10.32;48.25;3860.17;2057.91;-1802.26;0.00
0.22;10.78;40.81;3264.94;1883.06;-1381.88;0.00
0.21;11.50;41.01;3281.13;1816.83;-1464.30;0.00
0.31;12.28;32.04;2563.42;2456.20;-107.21;0.00
0.27;10.32;37.44;2995.56;2122.31;-873.25;0.00
0.22;11.22;39.44;3155.46;1884.50;-1270.96;0.00
0.26;9.63;36.89;2951.17;2014.44;-936.73;0.00
0.27;9.87;37.96;3036.54;2100.92;-935.63;0.00
0.24;11.14;45.45;3636.19;1985.59;-1650.59;0.00
0.26;10.49;48.09;3847.14;2093.00;-1754.14;0.00
0.24;10.81;40.78;3262.47;1978.75;-1283.72;0.00
0.24;9.79;36.95;2955.95;1948.77;-1007.18;0.00
0.25;10.04;44.45;3556.17;1997.60;-1558.57;0.00
0.24;7.74;39.08;3126.10;1829.39;-1296.71;0.00
0.27;8.48;44.92;3593.92;2048.06;-1545.86;0.00
0.24;10.77;41.33;3306.04;1988.64;-1317.40;0.00
0.26;9.30;36.88;2950.49;2030.77;-919.71;0.00
0.24;8.22;42.96;3436.57;1818.88;-1617.69;0.00
0.23;11.67;41.98;3358.71;1948.57;-1410.14;0.00
0.26;9.71;40.69;3255.18;2044.88;-1210.31;0.00
0.27;9.97;33.27;2661.80;2129.24;-532.56;0.00
0.22;9.02;38.23;3058.77;1778.74;-1280.03;0.00
0.25;9.25;39.29;3143.53;1952.47;-1191.06;0.00
0.25;10.53;40.52;3241.51;2007.60;-1233.91;0.00
0.23;8.68;36.60;2927.81;1805.56;-1122.26;0.00
0.31;9.89;39.94;3195.43;2357.77;-837.66;0.00
0.23;10.57;37.06;2964.46;1928.55;-1035.91;0.00
0.27;10.80;30.06;2404.88;2141.64;-263.24;0.00
0.25;11.20;37.23;2978.36;2051.86;-926.50;0.00
0.29;10.87;40.26;3220.58;2269.62;-950.96;0.00
0.22;11.06;42.12;3369.82;1905.99;-1463.83;0.00
0.25;9.44;36.74;2939.11;1978.59;-960.52;0.00
0.25;8.74;45.66;3652.81;1953.52;-1699.29;0.00
0.26;10.16;34.93;2794.65;2058.29;-736.35;0.00
0.26;9.31;40.55;3243.73;1993.79;-1249.94;0.00
0.24;8.65;43.67;3493.52;1840.76;-1652.76;0.00
0.21;8.73;41.85;3348.39;1684.21;-1664.19;0.00
0.24;10.82;42.84;3427.22;1959.97;-1467.25;0.00
0.28;11.44;49.05;3924.04;2222.59;-1701.46;0.00
0.25;9.48;35.30;2823.86;1986.42;-837.44;0.00
0.28;9.26;38.61;3088.61;2131.19;-957.42;0.00
0.24;12.11;51.10;4087.92;2055.60;-2032.32;0.00
0.25;12.31;39.55;3163.94;2113.77;-1050.17;0.00
0.24;11.59;35.80;2863.72;2038.43;-825.28;0.00
0.20;10.12;37.36;2989.12;1734.87;-1254.26;0.00
0.30;10.13;42.80;3423.85;2285.60;-1138.26;0.00
0.23;8.46;38.98;3118.19;1792.46;-1325.73;0.00
0.29;10.46;40.99;3279.13;2248.82;-1030.31;0.00
0.26;12.37;38.86;3108.54;2164.32;-944.23;0.00
0.24;9.54;32.70;2616.35;1909.22;-707.12;0.00
0.25;9.42;40.50;3240.08;1989.27;-1250.80;0.00
0.27;10.01;36.96;2957.10;2125.51;-831.59;0.00
0.22;9.55;47.47;3797.90;1801.68;-1996.22;0.00
0.26;11.56;43.85;3508.07;2138.82;-1369.25;0.00
0.24;10.10;46.42;3713.66;1962.45;-1751.21;0.00
0.25;8.79;38.23;3058.12;1957.62;-1100.50;0.00
0.24;13.37;36.60;2928.00;2105.06;-822.94;0.00
0.25;11.93;40.77;3261.83;2078.46;-1183.37;0.00
0.22;10.16;40.65;3251.93;1822.08;-1429.85;0.00
0.22;10.38;40.60;3248.12;1824.27;-1423.86;0.00
0.26;9.70;43.06;3444.55;2034.77;-1409.79;0.00
0.24;11.93;31.04;2483.27;2036.15;-447.12;0.00
0.27;7.38;44.55;3563.73;1950.48;-1613.25;0.00
0.16;12.34;40.87;3269.80;1616.74;-1653.06;0.00
0.27;11.47;47.64;3811.43;2174.46;-1636.97;0.00
0.26;10.74;37.55;3004.19;2094.09;-910.11;0.00
0.26;9.99;35.36;2828.56;2048.01;-780.55;0.00
0.30;10.84;42.08;3366.15;2316.01;-1050.14;0.00
0.27;10.66;38.86;3108.99;2179.21;-929.79;0.00
0.25;10.24;41.86;3348.78;1991.55;-1357.24;0.00
0.22;11.63;40.71;3256.98;1891.83;-1365.16;0.00
0.22;9.33;36.89;2951.25;1803.27;-1147.98;0.00
0.26;9.26;36.90;2952.39;2040.78;-911.61;0.00
0.23;10.52;33.25;2659.64;1911.20;-748.44;0.00
0.27;10.16;44.69;3575.10;2131.34;-1443.76;0.00
0.24;10.92;45.43;3634.30;1971.08;-1663.23;0.00
0.25;10.93;46.82;3745.47;2022.50;-1722.97;0.00
0.28;9.69;43.54;3483.24;2147.77;-1335.47;0.00
0.26;11.57;42.70;3416.27;2154.56;-1261.71;0.00
0.26;9.76;33.62;2689.89;2057.11;-632.78;0.00
0.29;10.65;41.30;3303.82;2263.99;-1039.84;0.00
0.25;11.00;34.98;2798.69;2044.55;-754.14;0.00
0.24;11.24;47.78;3822.36;2030.14;-1792.23;0.00
0.26;11.52;30.91;2472.44;2149.38;-323.06;0.00
0.29;8.27;36.08;2886.55;2166.74;-719.80;0.00
0.25;10.01;37.94;3035.58;1983.29;-1052.29;0.00
0.23;11.53;40.43;3234.29;1948.62;-1285.67;0.00
0.28;10.71;43.08;3446.63;2211.43;-1235.21;0.00
0.27;16.02;42.25;3380.31;2465.75;-914.56;0.00
0.26;11.91;44.46;3556.47;2134.45;-1422.02;0.00
0.30;9.78;41.92;3353.59;2291.92;-1061.66;0.00
0.23;9.88;36.76;2941.16;1890.58;-1050.58;0.00
0.26;9.78;41.52;3321.52;2038.43;-1283.08;0.00
0.28;10.49;39.82;3185.96;2182.84;-1003.12;0.00
0.28;10.33;50.36;4029.01;2188.38;-1840.62;0.00
0.27;9.19;33.75;2699.88;2043.32;-656.56;0.00
0.24;11.12;30.44;2435.06;2008.20;-426.87;0.00
0.23;9.78;44.02;3521.32;1861.06;-1660.26;0.00
0.25;11.81;41.46;3317.19;2102.66;-1214.53;0.00
0.25;9.77;34.84;2787.13;1970.98;-816.15;0.00
0.23;10.64;44.35;3547.86;1909.29;-1638.58;0.00
0.24;9.60;35.29;2823.09;1929.47;-893.62;0.00
0.23;10.78;38.91;3113.15;1901.96;-1211.19;0.00
0.25;10.91;41.96;3356.43;2070.66;-1285.76;0.00
0.25;10.49;38.24;3059.44;1998.58;-1060.86;0.00
0.24;8.56;38.41;3073.04;1873.91;-1199.12;0.00
0.26;10.72;28.65;2292.29;2102.74;-189.55;0.00
0.24;7.88;33.51;2680.52;1820.42;-860.10;0.00
0.28;11.98;36.36;2909.16;2280.29;-628.87;0.00
0.22;7.84;41.11;3289.15;1734.28;-1554.87;0.00
0.26;11.44;35.16;2812.93;2153.89;-659.04;0.00
0.27;10.75;45.35;3627.94;2177.90;-1450.04;0.00
0.26;8.51;42.99;3439.43;1950.80;-1488.63;0.00
0.24;11.76;37.90;3032.26;2064.04;-968.21;0.00
0.23;10.49;37.94;3034.84;1922.65;-1112.18;0.00
0.24;12.85;37.56;3005.19;2083.92;-921.27;0.00
0.25;9.22;43.24;3458.85;1936.90;-1521.95;0.00
0.27;10.25;35.84;2867.35;2123.12;-744.23;0.00
0.27;9.88;43.12;3449.64;2111.90;-1337.75;0.00
0.29;10.42;43.10;3448.11;2246.76;-1201.35;0.00
0.23;11.19;41.58;3326.25;1941.12;-1385.13;0.00
0.24;8.74;37.83;3026.04;1842.45;-1183.58;0.00
0.22;9.61;42.65;3411.86;1801.42;-1610.44;0.00
0.23;11.65;37.38;2990.52;1947.42;-1043.10;0.00
0.27;12.43;38.60;3088.21;2253.59;-834.62;0.00
0.26;9.22;26.78;2142.61;2018.29;-124.33;0.00
0.25;10.20;41.27;3301.59;1996.77;-1304.83;0.00
0.24;11.32;40.55;3243.70;2020.05;-1223.64;0.00
0.28;7.76;26.25;2100.37;2030.96;-69.41;0.00
0.26;7.87;36.76;2940.73;1958.55;-982.18;0.00
0.27;8.04;38.47;3077.65;2004.04;-1073.61;0.00
0.21;8.71;36.86;2948.84;1679.82;-1269.02;0.00
0.25;9.11;38.26;3060.93;1965.44;-1095.49;0.00
0.23;9.76;39.74;3179.28;1854.59;-1324.69;0.00
0.27;10.79;36.41;2912.56;2146.54;-766.02;0.00
0.28;11.98;41.65;3332.04;2275.06;-1056.97;0.00
0.25;10.08;40.33;3226.57;2022.24;-1204.33;0.00
0.25;10.92;36.63;2930.40;2032.44;-897.96;0.00
0.23;10.97;39.63;3170.61;1959.74;-1210.87;0.00
0.25;10.73;44.15;3532.25;2035.91;-1496.34;0.00
0.21;10.76;36.96;2956.86;1778.99;-1177.87;0.00
0.29;10.33;43.76;3500.98;2273.91;-1227.07;0.00
0.26;11.01;47.80;3824.07;2085.78;-1738.30;0.00
0.23;9.70;39.00;3120.32;1879.53;-1240.79;0.00
0.28;9.49;39.70;3176.05;2161.83;-1014.22;0.00
0.26;8.77;47.52;3801.68;1972.49;-1829.19;0.00
0.26;9.73;39.75;3180.26;2034.77;-1145.50;0.00
0.28;8.03;38.64;3091.46;2081.22;-1010.24;0.00
0.27;11.83;42.66;3412.59;2204.34;-1208.25;0.00
0.26;10.15;42.54;3403.50;2043.63;-1359.87;0.00
0.27;9.90;33.44;2675.10;2111.01;-564.09;0.00
0.28;10.57;41.60;3328.31;2196.82;-1131.49;0.00
0.22;9.25;32.90;2632.06;1771.69;-860.37;0.00
0.21;10.44;40.60;3248.15;1772.22;-1475.93;0.00
0.21;9.57;34.21;2736.87;1760.72;-976.15;0.00
0.27;10.17;38.75;3100.14;2120.02;-980.12;0.00
0.27;11.16;35.68;2854.06;2155.25;-698.81;0.00
0.23;11.25;38.58;3086.70;1928.38;-1158.32;0.00
0.28;11.36;37.84;3026.95;2232.50;-794.45;0.00
0.26;11.06;36.67;2933.35;2142.70;-790.65;0.00
0.28;10.03;35.59;2846.82;2152.52;-694.30;0.00
0.25;8.16;34.04;2723.32;1888.92;-834.40;0.00
0.25;9.53;45.06;3605.19;1956.52;-1648.67;0.00
0.25;11.55;35.89;2870.98;2072.02;-798.97;0.00
0.23;10.45;33.66;2692.50;1902.77;-789.73;0.00
0.24;9.47;39.57;3165.69;1884.40;-1281.29;0.00
0.28;11.05;34.24;2739.56;2201.80;-537.76;0.00
0.27;11.58;45.27;3621.26;2191.45;-1429.81;0.00
0.31;10.37;38.52;3081.97;2356.73;-725.25;0.00
0.26;10.72;47.07;3765.86;2098.43;-1667.43;0.00
0.20;9.28;51.99;4159.02;1677.88;-2481.14;0.00
0.28;10.38;45.20;3615.78;2181.18;-1434.60;0.00
0.25;9.78;32.99;2638.88;1969.57;-669.31;0.00
0.27;11.90;37.39;2991.30;2205.11;-786.18;0.00
0.25;11.29;47.92;3833.78;2075.80;-1757.97;0.00
0.22;9.47;33.15;2652.02;1822.04;-829.98;0.00
0.30;10.19;44.69;3575.13;2285.59;-1289.54;0.00
0.27;10.60;33.19;2655.01;2170.27;-484.74;0.00
0.26;11.19;42.25;3379.93;2112.68;-1267.26;0.00
0.22;9.83;43.93;3514.77;1822.60;-1692.17;0.00
0.27;11.25;39.24;3139.20;2158.13;-981.07;0.00
0.24;11.84;39.48;3158.01;2034.27;-1123.74;0.00
0.22;11.93;44.70;3575.76;1904.73;-1671.03;0.00
0.26;8.81;37.00;2959.73;2019.26;-940.47;0.00
0.26;9.60;45.95;3675.90;2050.08;-1625.82;0.00
0.23;10.25;44.66;3572.60;1905.45;-1667.15;0.00
0.25;7.46;39.36;3148.79;1887.83;-1260.96;0.00
0.25;11.42;33.72;2697.35;2072.05;-625.29;0.00
0.24;10.63;43.70;3495.65;1996.24;-1499.41;0.00
0.26;8.91;39.52;3161.51;1999.33;-1162.18;0.00
0.25;10.29;44.13;3530.52;2010.62;-1519.90;0.00
0.21;11.28;40.04;3202.95;1825.41;-1377.53;0.00
0.25;9.68;40.87;3269.34;1987.77;-1281.57;0.00
0.29;9.73;32.86;2628.42;2188.80;-439.62;0.00
0.23;8.78;39.65;3171.70;1832.63;-1339.07;0.00
0.23;10.49;38.37;3069.65;1904.34;-1165.31;0.00
0.24;11.77;42.04;3363.44;2050.48;-1312.96;0.00
0.33;11.50;38.72;3097.33;2547.97;-549.36;0.00
0.28;11.16;34.13;2730.19;2208.75;-521.44;0.00
0.26;9.97;50.13;4010.44;2065.62;-1944.82;0.00
0.25;11.42;33.02;2641.85;2045.49;-596.36;0.00
0.26;10.71;38.22;3057.34;2094.67;-962.67;0.00
0.26;9.29;44.54;3562.82;2045.97;-1516.84;0.00
0.27;9.77;42.92;3433.94;2076.59;-1357.34;0.00
0.27;9.46;39.43;3154.01;2076.47;-1077.54;0.00
0.26;10.36;31.57;2525.58;2060.31;-465.28;0.00
0.21;11.59;42.55;3403.95;1870.09;-1533.86;0.00
0.26;10.66;36.23;2898.11;2107.45;-790.66;0.00
0.28;10.84;40.34;3227.52;2192.80;-1034.72;0.00
0.22;9.94;39.25;3139.78;1826.24;-1313.53;0.00
0.23;9.46;39.27;3141.59;1877.08;-1264.51;0.00
0.27;9.82;40.11;3208.62;2120.94;-1087.67;0.00
0.24;11.41;47.95;3836.05;1993.09;-1842.95;0.00
0.24;12.44;38.82;3105.62;2084.04;-1021.58;0.00
0.25;9.05;39.19;3135.11;1956.32;-1178.79;0.00
0.29;12.02;39.08;3126.59;2360.71;-765.88;0.00
0.21;10.17;35.13;2810.14;1803.24;-1006.90;0.00
0.25;9.75;36.58;2926.58;1965.16;-961.42;0.00
0.23;7.16;47.04;3763.17;1723.46;-2039.70;0.00
0.20;8.00;38.82;3105.53;1621.68;-1483.85;0.00
0.28;8.20;50.25;4020.24;2065.81;-1954.42;0.00
0.24;9.59;37.29;2983.31;1928.53;-1054.78;0.00
0.29;9.71;35.87;2869.48;2207.79;-661.70;0.00
0.22;9.46;36.34;2907.08;1783.53;-1123.55;0.00
0.25;10.45;39.98;3198.25;1995.37;-1202.88;0.00
0.22;11.43;41.06;3284.77;1924.75;-1360.02;0.00
0.26;10.02;44.41;3552.87;2081.87;-1471.01;0.00
0.18;11.62;46.10;3687.63;1674.53;-2013.10;0.00
0.22;9.26;39.26;3140.94;1765.09;-1375.85;0.00
0.25;10.43;38.89;3111.14;2034.88;-1076.26;0.00
0.24;10.49;48.32;3865.42;1987.19;-1878.23;0.00
0.29;10.98;38.62;3089.61;2256.41;-833.20;0.00
0.27;10.19;46.00;3679.97;2101.65;-1578.32;0.00
0.25;9.33;35.48;2838.47;1973.97;-864.50;0.00
0.26;10.55;43.16;3452.58;2058.20;-1394.38;0.00
0.28;10.37;39.47;3157.56;2188.28;-969.28;0.00
0.28;10.15;39.86;3189.13;2195.96;-993.18;0.00
0.26;9.62;39.48;3158.24;2034.57;-1123.68;0.00
0.23;10.99;37.50;3000.34;1963.59;-1036.75;0.00
0.24;10.48;34.36;2748.51;1982.12;-766.38;0.00
0.26;9.83;38.23;3058.41;2021.52;-1036.88;0.00
0.19;8.70;45.69;3655.51;1595.59;-2059.92;0.00
0.22;10.53;33.14;2650.82;1840.82;-809.99;0.00
0.28;11.06;44.26;3540.87;2259.24;-1281.63;0.00
0.25;10.01;40.21;3216.47;2025.58;-1190.89;0.00
0.28;9.29;42.57;3405.26;2155.36;-1249.90;0.00
0.26;9.24;40.12;3209.50;2042.68;-1166.82;0.00
0.25;10.61;32.81;2624.41;2005.96;-618.45;0.00
0.20;10.37;43.77;3501.47;1700.90;-1800.57;0.00
0.22;13.28;48.77;3901.41;1994.67;-1906.75;0.00
0.24;10.03;40.84;3267.10;1920.44;-1346.67;0.00
0.24;10.50;43.62;3489.74;1948.19;-1541.55;0.00
0.25;9.73;43.36;3469.12;1966.00;-1503.12;0.00
0.28;11.02;46.58;3726.51;2216.35;-1510.16;0.00
0.20;11.44;40.36;3228.57;1782.94;-1445.63;0.00
0.24;10.07;43.71;3496.83;1925.31;-1571.52;0.00
0.28;11.22;28.46;2276.60;2230.95;-45.65;0.00
0.32;9.52;50.26;4020.48;2358.33;-1662.15;0.00
0.24;9.62;46.61;3728.71;1929.46;-1799.25;0.00
0.27;9.40;38.08;3046.44;2056.19;-990.25;0.00
0.21;9.15;36.68;2934.55;1727.73;-1206.81;0.00
0.24;10.33;45.95;3675.63;1949.88;-1725.75;0.00
0.28;10.47;41.69;3334.87;2220.75;-1114.12;0.00
0.24;11.91;42.16;3372.61;2029.57;-1343.04;0.00
0.28;9.77;39.41;3152.66;2185.64;-967.02;0.00
0.26;9.41;34.43;2754.56;2026.51;-728.05;0.00
0.24;9.87;38.21;3056.88;1949.06;-1107.82;0.00
0.28;10.54;33.77;2701.38;2222.83;-478.55;0.00
0.25;11.74;41.10;3288.14;2089.91;-1198.23;0.00
0.27;10.56;36.79;2943.36;2117.01;-826.35;0.00
0.23;10.58;35.84;2867.16;1915.15;-952.00;0.00
0.25;9.14;34.65;2771.62;1965.40;-806.22;0.00
0.23;10.08;38.10;3048.11;1858.27;-1189.84;0.00
0.30;10.04;38.35;3067.85;2280.25;-787.60;0.00
0.30;10.84;39.16;3132.79;2337.34;-795.44;0.00
0.25;9.01;45.82;3665.58;1924.77;-1740.81;0.00
0.25;10.14;39.31;3144.48;1987.26;-1157.23;0.00
0.28;11.90;36.31;2905.16;2259.02;-646.14;0.00
0.25;10.90;38.14;3050.80;2048.37;-1002.43;0.00
0.26;11.53;48.68;3894.44;2146.57;-1747.87;0.00
0.22;9.69;37.78;3022.33;1811.35;-1210.98;0.00
0.26;9.45;36.72;2937.59;2014.28;-923.30;0.00
0.25;9.47;40.37;3229.53;1970.02;-1259.50;0.00
0.24;9.14;35.99;2879.33;1893.81;-985.51;0.00
0.27;10.40;40.10;3207.62;2118.52;-1089.10;0.00
0.22;10.83;35.72;2857.24;1885.03;-972.21;0.00
0.27;11.09;41.78;3342.52;2199.74;-1142.79;0.00
0.27;7.66;42.92;3433.85;1996.93;-1436.91;0.00
0.25;8.49;40.55;3243.78;1920.05;-1323.74;0.00
0.24;9.96;39.23;3138.58;1939.95;-1198.63;0.00
0.22;10.22;42.26;3380.92;1849.97;-1530.95;0.00
0.23;10.40;33.76;2700.74;1878.89;-821.85;0.00
0.22;11.33;39.80;3184.08;1903.86;-1280.22;0.00
0.24;10.31;43.00;3440.36;1954.76;-1485.59;0.00
0.21;10.56;37.27;2981.69;1818.81;-1162.88;0.00
0.24;10.90;40.31;3225.10;2014.98;-1210.12;0.00
0.26;9.06;41.81;3344.71;1980.17;-1364.54;0.00
0.30;12.44;51.63;4130.74;2423.51;-1707.23;0.00
0.21;9.46;37.52;3001.81;1716.94;-1284.88;0.00
0.25;10.95;39.61;3168.68;2047.83;-1120.84;0.00
0.25;8.79;35.06;2804.45;1903.97;-900.48;0.00
0.24;10.24;37.91;3033.04;1954.84;-1078.19;0.00
0.24;9.97;38.83;3106.22;1938.53;-1167.69;0.00
0.27;8.76;47.54;3803.46;2042.53;-1760.94;0.00
0.29;9.17;41.90;3352.16;2207.84;-1144.32;0.00
0.25;8.91;36.19;2894.85;1961.08;-933.76;0.00
0.29;9.82;35.52;2841.48;2233.62;-607.86;0.00
0.24;10.49;46.59;3727.22;1941.07;-1786.15;0.00
0.21;9.97;44.28;3542.01;1742.04;-1799.97;0.00
0.29;8.61;43.51;3480.87;2133.25;-1347.62;0.00
0.23;10.37;36.42;2913.89;1909.85;-1004.04;0.00
0.26;10.31;37.31;2985.16;2056.48;-928.68;0.00
0.30;10.31;29.86;2388.84;2294.28;-94.55;0.00
0.24;10.15;42.82;3425.74;1934.69;-1491.05;0.00
0.23;8.75;40.48;3238.71;1802.99;-1435.72;0.00
0.23;10.41;44.77;3581.72;1903.99;-1677.73;0.00
0.25;9.93;32.34;2587.45;2001.40;-586.05;0.00
0.26;11.67;45.44;3635.03;2152.17;-1482.87;0.00
0.31;13.20;39.82;3185.21;2504.20;-681.01;0.00
0.25;10.77;38.42;3073.80;2020.27;-1053.53;0.00
0.26;11.23;45.08;3606.65;2141.32;-1465.34;0.00
0.26;11.54;43.04;3443.60;2143.46;-1300.13;0.00
0.28;11.06;46.38;3710.72;2219.12;-1491.60;0.00
0.27;9.76;47.98;3838.58;2109.47;-1729.11;0.00
0.26;10.78;34.32;2745.31;2103.51;-641.80;0.00
0.24;9.39;40.40;3231.81;1927.35;-1304.46;0.00
0.21;7.17;47.51;3800.92;1631.07;-2169.86;0.00
0.26;7.13;37.67;3013.23;1890.56;-1122.67;0.00
0.24;11.90;38.27;3061.21;2052.17;-1009.03;0.00
0.27;11.65;32.16;2572.86;2182.76;-390.10;0.00
0.26;9.82;45.25;3619.96;2050.58;-1569.38;0.00
0.22;8.96;34.50;2760.39;1794.79;-965.60;0.00
0.27;11.07;36.27;2901.58;2177.31;-724.28;0.00
0.23;12.03;35.60;2847.88;1964.05;-883.83;0.00
0.30;10.33;39.98;3198.52;2334.25;-864.27;0.00
0.23;10.34;43.93;3514.25;1889.12;-1625.13;0.00
0.25;11.52;41.91;3352.73;2092.30;-1260.43;0.00
0.25;11.57;39.98;3198.64;2054.87;-1143.77;0.00
0.23;10.30;36.83;2946.68;1891.64;-1055.04;0.00
0.23;10.96;42.45;3395.72;1935.97;-1459.75;0.00
0.27;9.08;36.37;2909.93;2060.23;-849.70;0.00
0.27;9.16;31.88;2550.30;2085.03;-465.27;0.00
0.26;9.51;47.70;3816.29;2029.61;-1786.68;0.00
0.27;9.19;37.94;3035.54;2076.44;-959.10;0.00
0.25;11.46;41.99;3359.01;2055.66;-1303.35;0.00
0.29;9.04;42.34;3386.85;2161.47;-1225.38;0.00
0.29;10.53;32.05;2563.95;2239.47;-324.47;0.00
0.24;10.10;41.56;3324.44;1934.89;-1389.55;0.00
0.25;9.12;30.59;2446.83;1954.70;-492.12;0.00
0.23;10.61;45.87;3669.49;1895.74;-1773.75;0.00
0.27;9.16;34.34;2747.60;2047.04;-700.56;0.00
0.22;9.24;34.68;2774.47;1769.72;-1004.75;0.00
0.26;10.99;43.70;3496.07;2103.05;-1393.03;0.00
0.19;11.50;45.24;3619.13;1728.16;-1890.97;0.00
0.26;8.98;38.44;3074.82;2001.66;-1073.16;0.00
0.28;9.50;39.57;3165.34;2173.77;-991.57;0.00
0.27;7.88;37.40;2992.22;1976.94;-1015.27;0.00
0.28;9.66;33.30;2664.18;2143.51;-520.68;0.00
0.28;9.85;44.85;3587.82;2139.65;-1448.17;0.00
0.24;9.26;38.50;3079.88;1891.44;-1188.45;0.00
0.24;10.84;37.46;2996.55;1998.29;-998.26;0.00
0.24;10.04;41.90;3351.64;1928.63;-1423.02;0.00
0.28;9.03;41.20;3296.12;2130.19;-1165.93;0.00
0.27;10.44;44.90;3592.30;2151.04;-1441.26;0.00
0.29;10.05;33.76;2700.50;2215.20;-485.31;0.00
0.27;11.17;33.67;2693.92;2202.27;-491.66;0.00
0.26;9.11;43.81;3504.53;2003.13;-1501.40;0.00
0.23;11.07;32.95;2635.90;1937.57;-698.33;0.00
0.23;9.51;34.58;2766.50;1868.31;-898.19;0.00
0.29;11.90;38.71;3096.53;2329.89;-766.64;0.00
0.23;9.67;33.94;2715.11;1851.74;-863.37;0.00
0.29;8.67;39.14;3130.91;2155.31;-975.60;0.00
0.24;9.33;43.95;3516.22;1929.57;-1586.65;0.00
0.23;9.39;40.53;3242.55;1862.41;-1380.14;0.00
0.27;11.46;28.46;2276.46;2201.01;-75.45;0.00
0.22;11.02;33.90;2712.17;1890.35;-821.82;0.00
0.27;11.12;35.07;2805.42;2153.24;-652.18;0.00
0.28;10.78;41.65;3331.64;2219.35;-1112.29;0.00
0.27;7.64;36.79;2943.54;1961.93;-981.60;0.00
0.26;11.15;43.82;3505.37;2104.71;-1400.66;0.00
0.27;10.50;46.66;3732.90;2124.25;-1608.65;0.00
0.22;10.37;42.72;3417.98;1837.97;-1580.01;0.00
0.26;10.32;38.37;3069.98;2063.85;-1006.12;0.00
0.24;10.27;44.85;3588.02;1940.65;-1647.37;0.00
0.21;12.68;37.73;3018.78;1885.21;-1133.57;0.00
0.25;9.55;43.25;3459.97;1983.09;-1476.88;0.00
0.26;9.83;44.77;3581.94;2061.53;-1520.41;0.00
0.25;11.72;41.21;3296.44;2069.73;-1226.71;0.00
0.25;10.16;37.72;3018.00;2007.19;-1010.81;0.00
0.24;10.52;38.74;3099.27;1943.85;-1155.42;0.00
0.22;10.26;37.30;2983.79;1822.31;-1161.48;0.00
0.22;11.03;34.77;2781.27;1884.78;-896.49;0.00
0.24;12.15;35.31;2824.54;2043.58;-780.96;0.00
0.26;11.79;37.68;3014.08;2154.99;-859.09;0.00
0.26;10.07;37.84;3027.06;2033.97;-993.10;0.00
0.24;10.72;43.97;3517.79;1956.07;-1561.71;0.00
0.24;9.39;36.14;2890.85;1902.28;-988.57;0.00
0.27;10.24;39.90;3192.17;2110.83;-1081.34;0.00
0.25;10.17;39.41;3152.71;2007.34;-1145.38;0.00
0.23;9.26;38.97;3117.94;1844.93;-1273.00;0.00
0.26;9.30;37.81;3025.20;2028.71;-996.49;0.00
0.28;11.91;37.26;2981.19;2276.24;-704.95;0.00
0.28;11.49;43.13;3450.40;2257.03;-1193.38;0.00
0.21;10.71;32.40;2592.15;1779.06;-813.09;0.00
0.29;10.45;32.69;2615.52;2234.42;-381.11;0.00
0.27;9.11;44.52;3561.90;2051.26;-1510.64;0.00
0.23;9.43;42.00;3360.11;1875.62;-1484.49;0.00
0.24;12.69;47.12;3769.38;2110.80;-1658.58;0.00
0.24;10.28;50.39;4031.02;1952.73;-2078.29;0.00
0.28;10.26;38.58;3086.58;2191.30;-895.28;0.00
0.25;12.22;37.36;2988.56;2139.44;-849.12;0.00
0.20;11.27;36.65;2931.86;1757.48;-1174.38;0.00
0.23;12.04;41.37;3309.89;1984.96;-1324.93;0.00
0.25;9.05;42.42;3393.50;1944.29;-1449.21;0.00
0.23;11.02;41.31;3304.78;1963.88;-1340.90;0.00
0.29;9.97;43.28;3462.11;2227.66;-1234.46;0.00
0.25;12.16;42.30;3384.23;2125.98;-1258.25;0.00
0.29;10.88;38.86;3108.95;2252.49;-856.45;0.00
0.29;8.67;34.74;2779.50;2167.10;-612.41;0.00
0.26;9.32;43.20;3456.31;2007.26;-1449.06;0.00
0.24;9.42;34.61;2769.02;1907.92;-861.10;0.00
0.24;10.09;38.55;3083.88;1927.10;-1156.78;0.00
0.27;10.75;32.58;2606.29;2158.80;-447.49;0.00
0.21;10.00;42.36;3388.44;1787.46;-1600.99;0.00
0.21;10.72;40.46;3237.19;1797.71;-1439.48;0.00
0.26;10.60;45.32;3625.97;2078.53;-1547.44;0.00
0.24;10.54;41.45;3315.96;1993.54;-1322.41;0.00
0.23;8.74;52.05;4163.62;1840.72;-2322.89;0.00
0.22;11.56;35.01;2801.01;1920.71;-880.30;0.00
0.21;9.76;34.19;2735.49;1771.35;-964.14;0.00
0.21;10.00;40.89;3271.40;1766.75;-1504.65;0.00
0.24;9.81;35.67;2853.40;1916.39;-937.00;0.00
0.26;10.57;41.17;3293.25;2091.39;-1201.86;0.00
0.27;8.90;37.17;2973.28;2050.13;-923.15;0.00
0.26;8.98;41.31;3304.99;2011.15;-1293.85;0.00
0.29;9.50;35.27;2821.38;2187.45;-633.93;0.00
0.28;11.75;38.58;3086.29;2244.54;-841.75;0.00
0.27;11.03;34.10;2727.60;2142.48;-585.12;0.00
0.27;10.84;44.20;3535.83;2182.58;-1353.24;0.00
0.25;11.78;42.11;3368.41;2113.23;-1255.18;0.00
0.30;9.08;38.33;3066.12;2255.59;-810.53;0.00
0.22;9.31;30.50;2440.26;1808.26;-632.00;0.00
0.26;12.03;37.86;3028.57;2160.13;-868.44;0.00
0.25;10.56;46.87;3749.63;2028.31;-1721.32;0.00
0.29;8.96;43.42;3473.52;2152.54;-1320.98;0.00
0.24;10.33;44.73;3578.68;1928.49;-1650.19;0.00
0.26;10.77;49.41;3952.67;2123.66;-1829.01;0.00
0.26;9.37;47.24;3779.20;2014.57;-1764.63;0.00
0.28;9.39;41.51;3320.59;2140.06;-1180.53;0.00
0.29;11.72;41.96;3356.75;2307.08;-1049.67;0.00
0.30;10.26;38.64;3091.33;2282.64;-808.69;0.00
0.24;10.12;42.57;3405.72;1961.22;-1444.50;0.00
0.25;9.03;44.10;3527.94;1920.75;-1607.19;0.00
0.31;9.65;45.21;3616.51;2300.38;-1316.12;0.00
0.22;9.33;42.76;3420.84;1770.75;-1650.09;0.00
0.26;10.98;47.55;3803.90;2128.69;-1675.21;0.00
0.22;10.36;41.46;3316.75;1866.07;-1450.68;0.00
0.22;9.38;36.88;2950.12;1802.49;-1147.63;0.00
0.25;9.58;38.43;3074.65;1960.46;-1114.19;0.00
0.23;9.59;42.53;3402.59;1868.67;-1533.91;0.00
0.23;8.19;39.76;3180.63;1781.26;-1399.37;0.00
0.25;9.30;41.88;3350.39;1953.37;-1397.01;0.00
0.25;10.77;35.35;2828.15;2050.27;-777.88;0.00
0.20;9.78;32.82;2625.71;1670.28;-955.43;0.00
0.20;10.80;41.91;3352.73;1762.95;-1589.79;0.00
0.24;10.42;37.95;3036.38;1961.65;-1074.73;0.00
0.23;9.31;43.23;3458.30;1855.67;-1602.63;0.00
0.27;7.36;42.26;3380.64;1983.41;-1397.23;0.00
0.23;10.32;42.27;3381.32;1919.37;-1461.95;0.00
0.24;9.37;38.46;3076.87;1921.90;-1154.97;0.00
0.24;9.90;42.11;3368.78;1917.76;-1451.02;0.00
0.25;12.30;46.54;3723.24;2147.77;-1575.47;0.00
0.28;8.11;38.67;3093.46;2059.17;-1034.29;0.00
0.22;9.32;42.27;3381.53;1782.70;-1598.83;0.00
0.28;11.65;39.74;3179.12;2237.28;-941.84;0.00
0.25;10.11;38.19;3055.48;2032.13;-1023.34;0.00
0.21;10.35;32.68;2614.51;1782.87;-831.64;0.00
0.28;11.27;30.03;2402.46;2245.06;-157.40;0.00
0.23;10.61;46.69;3735.59;1916.07;-1819.53;0.00
0.26;9.43;37.25;2980.32;1997.62;-982.70;0.00
0.26;9.06;33.17;2653.64;2034.70;-618.94;0.00
0.27;8.53;36.56;2925.04;2042.74;-882.29;0.00
0.23;10.04;34.84;2786.99;1859.53;-927.46;0.00
0.24;11.59;42.11;3368.79;1996.52;-1372.27;0.00
0.22;9.40;49.71;3976.97;1805.91;-2171.05;0.00
0.25;10.20;37.29;2983.23;2020.23;-963.01;0.00
0.29;9.54;41.54;3323.27;2181.14;-1142.13;0.00
0.19;10.72;44.13;3530.02;1689.79;-1840.23;0.00
0.24;11.14;47.21;3776.58;1989.08;-1787.50;0.00
0.24;10.79;44.82;3585.37;1955.07;-1630.30;0.00
0.26;9.13;42.04;3363.12;2011.16;-1351.96;0.00
0.27;10.81;36.54;2923.09;2159.72;-763.36;0.00
0.29;10.11;43.51;3480.84;2251.98;-1228.86;0.00
0.21;9.01;39.72;3177.93;1700.94;-1476.99;0.00
0.22;9.57;47.59;3806.98;1812.44;-1994.53;0.00
0.24;12.17;45.62;3649.73;2042.21;-1607.52;0.00
0.23;8.79;43.55;3483.89;1806.26;-1677.62;0.00
0.23;8.79;34.64;2771.39;1836.38;-935.01;0.00
0.23;10.57;38.81;3104.54;1911.41;-1193.14;0.00
0.21;10.35;38.21;3056.86;1763.68;-1293.18;0.00
0.25;10.80;34.49;2759.16;2068.42;-690.74;0.00
0.26;10.87;31.28;2502.03;2115.90;-386.13;0.00
0.23;10.33;39.05;3124.30;1903.61;-1220.70;0.00
0.26;10.09;44.42;3553.31;2041.16;-1512.15;0.00
0.24;11.64;44.70;3575.89;2010.09;-1565.80;0.00
0.27;10.66;43.63;3490.20;2177.29;-1312.92;0.00
0.18;9.84;43.20;3456.04;1575.52;-1880.52;0.00
0.26;9.16;39.67;3173.52;1999.95;-1173.57;0.00
0.23;11.92;41.62;3329.31;1998.87;-1330.44;0.00
0.27;10.87;44.45;3556.22;2157.25;-1398.97;0.00
0.28;10.51;37.38;2990.35;2190.11;-800.24;0.00
0.26;9.21;36.67;2933.62;2035.55;-898.06;0.00
0.27;10.52;35.90;2872.01;2141.37;-730.64;0.00
0.24;10.70;38.61;3089.01;1984.37;-1104.64;0.00
0.24;10.03;34.84;2786.82;1969.08;-817.75;0.00
0.21;11.12;43.80;3504.11;1827.49;-1676.62;0.00
0.26;9.72;38.95;3115.74;2053.35;-1062.39;0.00
0.24;11.18;31.36;2508.73;2009.68;-499.05;0.00
0.24;12.54;42.97;3437.50;2082.76;-1354.74;0.00
0.24;10.93;38.11;3049.12;1981.29;-1067.83;0.00
0.21;10.20;38.08;3046.67;1773.95;-1272.72;0.00
0.24;11.09;45.49;3639.38;1994.55;-1644.84;0.00
0.24;11.24;39.44;3155.09;2008.90;-1146.20;0.00
