# X_0;X_1;X_2;R_0;S_0;G_0;I_0
0.26;10.15;38.20;3056.39;2089.42;-966.98;0.00
0.21;9.59;44.27;3541.82;1729.48;-1812.34;0.00
0.28;8.30;38.49;3079.07;2092.04;-987.03;0.00
0.23;9.20;43.31;3465.06;1821.04;-1644.03;0.00
0.25;10.15;48.69;3895.02;2023.84;-1871.18;0.00
0.23;10.72;42.54;3402.96;1938.71;-1464.25;0.00
0.28;9.23;41.62;3329.45;2105.17;-1224.28;0.00
0.25;11.70;44.90;3592.29;2112.74;-1479.55;0.00
0.29;10.75;44.45;3555.72;2280.33;-1275.39;0.00
0.23;9.30;36.88;2950.17;1868.63;-1081.54;0.00
0.26;12.35;39.86;3188.50;2204.79;-983.71;0.00
0.24;11.40;45.27;3621.24;2012.47;-1608.77;0.00
0.22;11.71;38.59;3086.97;1891.41;-1195.56;0.00
0.24;10.27;30.29;2423.31;1930.30;-493.01;0.00
0.25;9.52;40.57;3245.50;1975.12;-1270.38;0.00
0.28;10.76;36.11;2888.82;2207.36;-681.46;0.00
0.28;10.15;41.58;3326.14;2159.95;-1166.18;0.00
0.23;9.99;40.50;3239.68;1854.29;-1385.39;0.00
0.24;10.63;40.59;3247.14;1947.48;-1299.67;0.00
0.26;9.49;42.80;3423.79;2025.26;-1398.53;0.00
0.24;9.84;37.93;3034.58;1946.31;-1088.27;0.00
0.27;10.43;41.53;3322.63;2145.98;-1176.65;0.00
0.25;10.40;41.09;3286.87;2007.40;-1279.47;0.00
0.22;10.58;43.41;3473.10;1831.40;-1641.70;0.00
0.24;11.25;36.12;2889.36;2029.42;-859.94;0.00
0.24;9.21;42.11;3368.94;1870.37;-1498.57;0.00
0.29;9.47;41.99;3358.82;2175.11;-1183.71;0.00
0.24;10.24;45.95;3675.91;1980.87;-1695.04;0.00
0.26;9.35;32.73;2618.49;2040.16;-578.32;0.00
0.22;13.13;41.61;3329.19;1981.61;-1347.59;0.00
0.26;10.95;41.27;3301.60;2104.89;-1196.72;0.00
0.25;11.16;40.05;3204.08;2046.16;-1157.92;0.00
0.25;7.17;37.06;2965.05;1820.17;-1144.89;0.00
0.23;10.04;33.15;2651.75;1867.52;-784.23;0.00
0.26;8.39;48.14;3850.99;1948.45;-1902.55;0.00
0.23;9.92;43.02;3441.88;1903.77;-1538.11;0.00
0.19;10.41;42.25;3380.37;1662.42;-1717.94;0.00
0.28;11.76;31.89;2550.84;2248.38;-302.46;0.00
0.23;10.05;43.66;3492.82;1881.27;-1611.54;0.00
0.27;7.09;40.38;3230.32;1956.94;-1273.37;0.00
0.26;8.59;41.33;3306.76;1993.69;-1313.07;0.00
0.23;10.26;40.43;3234.46;1911.26;-1323.20;0.00
0.23;10.20;40.50;3239.82;1885.31;-1354.51;0.00
0.24;11.03;45.60;3648.27;2011.75;-1636.52;0.00
0.26;11.34;36.70;2935.71;2136.62;-799.09;0.00
0.25;10.61;44.35;3547.62;2050.36;-1497.26;0.00
0.24;8.85;38.38;3070.61;1871.28;-1199.34;0.00
0.25;9.85;36.89;2950.86;1961.22;-989.64;0.00
0.24;9.72;39.56;3164.68;1932.51;-1232.17;0.00
0.28;11.18;39.00;3119.69;2231.18;-888.51;0.00
0.26;11.52;41.38;3310.60;2110.80;-1199.80;0.00
0.26;10.86;41.11;3288.97;2130.39;-1158.57;0.00
0.24;8.90;40.98;3278.34;1870.40;-1407.95;0.00
0.26;10.45;33.35;2667.85;2093.25;-574.60;0.00
0.26;10.46;48.47;3877.30;2074.45;-1802.86;0.00
0.25;9.14;33.42;2673.79;1950.45;-723.34;0.00
0.24;10.45;36.41;2912.61;1936.65;-975.96;0.00
0.23;9.96;36.45;2915.91;1863.65;-1052.26;0.00
0.27;9.75;41.74;3338.91;2100.78;-1238.13;0.00
0.24;9.28;35.43;2834.41;1902.90;-931.51;0.00
0.24;9.64;44.49;3559.13;1909.84;-1649.28;0.00
0.29;10.59;41.93;3354.57;2265.03;-1089.53;0.00
0.26;9.63;42.11;3368.84;2007.86;-1360.98;0.00
0.27;9.84;37.91;3032.68;2099.98;-932.69;0.00
0.26;11.33;34.30;2743.89;2124.70;-619.19;0.00
0.24;9.43;29.13;2330.62;1915.74;-414.88;0.00
0.28;8.53;38.82;3105.54;2100.55;-1005.00;0.00
0.22;11.02;46.18;3694.32;1905.00;-1789.32;0.00
0.23;10.81;41.78;3342.02;1952.27;-1389.74;0.00
0.24;9.74;46.71;3736.52;1896.97;-1839.55;0.00
0.24;8.82;39.83;3186.75;1880.79;-1305.96;0.00
0.23;12.72;39.06;3124.91;2035.78;-1089.12;0.00
0.22;11.15;41.14;3291.50;1873.31;-1418.19;0.00
0.24;10.50;41.65;3332.00;1966.80;-1365.21;0.00
0.20;8.84;44.99;3599.44;1670.89;-1928.54;0.00
0.25;10.62;35.45;2836.37;2054.24;-782.13;0.00
0.27;10.60;43.55;3483.91;2137.95;-1345.96;0.00
0.33;10.14;38.80;3103.98;2493.84;-610.15;0.00
0.25;9.77;48.78;3902.12;1969.01;-1933.11;0.00
0.25;11.87;46.94;3755.18;2090.86;-1664.31;0.00
0.30;9.34;41.86;3348.82;2281.58;-1067.24;0.00
0.26;11.85;43.29;3463.57;2165.27;-1298.30;0.00
0.25;10.23;38.88;3110.73;1991.44;-1119.29;0.00
0.28;10.46;39.57;3165.77;2191.54;-974.23;0.00
0.24;10.70;49.26;3940.55;1971.86;-1968.69;0.00
0.23;10.87;39.10;3127.67;1945.84;-1181.83;0.00
0.22;10.93;37.64;3010.96;1859.41;-1151.55;0.00
0.22;10.21;40.34;3226.89;1811.42;-1415.48;0.00
0.27;9.53;40.65;3251.76;2088.98;-1162.78;0.00
0.25;9.62;35.92;2873.28;1950.53;-922.75;0.00
0.21;8.54;41.34;3307.29;1710.73;-1596.56;0.00
0.23;10.87;40.32;3225.29;1943.25;-1282.04;0.00
0.25;10.41;40.40;3232.19;2017.30;-1214.88;0.00
0.23;12.34;39.39;3151.41;2001.08;-1150.33;0.00
0.25;9.97;44.93;3594.23;2014.20;-1580.03;0.00
0.19;13.08;42.61;3408.89;1796.87;-1612.02;0.00
0.30;9.37;35.71;2856.61;2247.98;-608.63;0.00
0.24;10.25;39.07;3125.42;1980.77;-1144.65;0.00
0.21;10.55;37.33;2986.68;1786.94;-1199.73;0.00
0.27;9.59;33.10;2648.31;2109.17;-539.14;0.00
0.23;9.36;41.75;3339.82;1846.76;-1493.06;0.00
0.24;10.89;37.76;3021.17;2009.11;-1012.06;0.00
0.23;11.51;40.43;3234.07;1934.53;-1299.55;0.00
0.24;8.93;37.48;2998.09;1884.68;-1113.41;0.00
0.21;9.92;40.93;3274.32;1772.01;-1502.31;0.00
0.24;10.92;42.44;3394.92;1977.35;-1417.56;0.00
0.25;10.20;32.49;2599.55;1996.75;-602.79;0.00
0.21;10.70;37.75;3020.03;1783.97;-1236.06;0.00
0.24;9.54;37.22;2977.55;1935.04;-1042.51;0.00
0.25;11.85;53.24;4259.15;2124.02;-2135.12;0.00
0.26;9.55;31.17;2493.36;2007.31;-486.05;0.00
0.25;11.16;47.06;3764.49;2033.33;-1731.16;0.00
0.22;10.70;35.96;2877.10;1834.67;-1042.43;0.00
0.27;9.19;38.16;3052.93;2069.24;-983.69;0.00
0.24;10.74;37.89;3031.48;2004.50;-1026.98;0.00
0.25;11.13;32.81;2625.06;2037.57;-587.49;0.00
0.31;9.74;46.40;3712.11;2309.24;-1402.87;0.00
0.21;10.54;39.75;3179.97;1789.65;-1390.32;0.00
0.25;10.28;43.82;3505.64;2021.87;-1483.78;0.00
0.25;10.13;49.08;3926.75;2016.17;-1910.58;0.00
0.26;9.79;37.13;2970.26;2054.41;-915.86;0.00
0.26;9.39;43.05;3444.11;2025.52;-1418.59;0.00
0.19;12.47;41.28;3302.16;1771.90;-1530.26;0.00
0.25;10.76;42.64;3410.83;2042.58;-1368.24;0.00
0.28;10.97;43.65;3492.09;2222.60;-1269.50;0.00
0.25;9.51;35.65;2852.30;1999.95;-852.35;0.00
0.25;9.51;39.24;3139.38;1975.84;-1163.54;0.00
0.23;8.70;39.02;3121.92;1795.53;-1326.39;0.00
0.26;10.87;35.67;2853.24;2079.45;-773.79;0.00
0.29;8.40;35.28;2822.06;2121.55;-700.51;0.00
0.27;9.07;50.41;4032.69;2077.69;-1955.00;0.00
0.24;11.28;43.25;3459.70;1999.45;-1460.25;0.00
0.28;10.24;52.10;4168.16;2183.21;-1984.95;0.00
0.26;8.55;36.76;2940.62;1963.63;-976.99;0.00
0.25;10.70;38.57;3085.41;2053.67;-1031.74;0.00
0.29;8.75;48.60;3887.81;2150.59;-1737.22;0.00
0.25;9.88;45.36;3628.57;1972.62;-1655.95;0.00
0.23;9.69;37.16;2972.74;1889.03;-1083.71;0.00
0.26;9.47;43.23;3458.20;2003.46;-1454.73;0.00
0.23;8.14;35.41;2832.61;1761.39;-1071.22;0.00
0.28;10.28;33.75;2699.65;2212.19;-487.46;0.00
0.21;9.89;44.27;3541.59;1747.44;-1794.15;0.00
0.22;8.82;41.97;3357.31;1763.67;-1593.64;0.00
0.26;9.86;37.82;3025.87;2056.31;-969.56;0.00
0.23;9.91;49.37;3949.74;1867.83;-2081.91;0.00
0.21;12.22;45.72;3657.88;1885.54;-1772.34;0.00
0.25;9.42;41.47;3317.83;1983.33;-1334.51;0.00
0.28;9.13;43.23;3458.59;2138.19;-1320.41;0.00
0.31;9.45;39.47;3157.20;2290.67;-866.54;0.00
0.26;10.56;40.95;3275.60;2080.55;-1195.05;0.00
0.25;10.19;46.47;3717.25;2026.03;-1691.22;0.00
0.28;12.14;36.93;2954.45;2286.68;-667.77;0.00
0.28;11.45;47.87;3829.89;2258.74;-1571.15;0.00
0.24;7.74;39.37;3149.92;1817.56;-1332.37;0.00
0.24;9.60;35.90;2872.30;1889.46;-982.84;0.00
0.27;9.61;45.20;3615.91;2074.25;-1541.66;0.00
0.21;8.00;40.10;3207.83;1668.21;-1539.63;0.00
0.23;10.96;39.94;3195.49;1948.26;-1247.23;0.00
0.24;9.10;38.93;3114.78;1863.95;-1250.83;0.00
0.23;6.94;42.59;3407.19;1725.96;-1681.22;0.00
0.24;7.44;40.27;3221.95;1801.32;-1420.63;0.00
0.27;9.41;39.69;3175.42;2082.24;-1093.18;0.00
0.27;9.17;40.13;3210.20;2048.87;-1161.33;0.00
0.28;10.33;33.95;2716.25;2197.70;-518.55;0.00
0.28;9.41;38.95;3115.77;2163.34;-952.43;0.00
0.21;10.32;49.57;3965.49;1757.14;-2208.35;0.00
0.26;8.90;39.16;3132.64;2006.63;-1126.01;0.00
0.27;10.86;39.37;3149.27;2184.24;-965.04;0.00
0.24;9.82;43.62;3489.74;1914.51;-1575.23;0.00
0.30;10.07;48.27;3861.97;2288.85;-1573.12;0.00
0.29;10.29;34.98;2798.26;2218.41;-579.85;0.00
0.28;8.26;42.25;3379.86;2053.54;-1326.31;0.00
0.28;10.96;33.52;2681.26;2240.70;-440.56;0.00
0.24;10.05;39.23;3138.60;1933.92;-1204.67;0.00
0.26;12.18;38.23;3058.11;2169.06;-889.06;0.00
0.24;10.54;39.39;3151.00;1964.51;-1186.49;0.00
0.27;11.32;46.29;3703.52;2159.20;-1544.33;0.00
0.24;10.83;40.27;3221.38;1990.17;-1231.21;0.00
0.26;9.34;28.43;2274.57;1994.42;-280.14;0.00
0.22;10.88;35.73;2858.35;1893.53;-964.82;0.00
0.24;10.25;45.58;3646.74;1953.41;-1693.33;0.00
0.26;9.79;42.28;3382.47;2027.52;-1354.95;0.00
0.24;11.15;45.37;3629.77;2030.17;-1599.60;0.00
0.23;10.96;45.59;3647.09;1948.00;-1699.10;0.00
0.24;10.08;37.94;3035.55;1917.32;-1118.24;0.00
0.25;9.93;43.98;3518.55;1994.77;-1523.78;0.00
0.26;11.65;45.04;3602.99;2134.68;-1468.31;0.00
0.25;10.82;34.77;2781.22;2017.71;-763.51;0.00
0.25;8.91;40.83;3266.27;1937.44;-1328.84;0.00
0.23;12.67;43.76;3500.83;2052.80;-1448.03;0.00
0.26;11.64;34.46;2756.99;2141.03;-615.96;0.00
0.21;8.74;30.05;2404.10;1710.53;-693.57;0.00
0.23;9.86;41.07;3285.91;1897.21;-1388.70;0.00
0.29;9.61;39.21;3136.98;2202.18;-934.79;0.00
0.26;9.67;52.17;4173.35;2050.30;-2123.05;0.00
0.21;10.34;48.82;3905.52;1789.89;-2115.63;0.00
0.20;9.24;36.76;2940.78;1655.31;-1285.47;0.00
0.26;9.17;35.11;2808.41;2037.45;-770.96;0.00
0.28;9.90;40.59;3247.11;2179.67;-1067.43;0.00
0.28;12.47;37.62;3009.86;2307.94;-701.92;0.00
0.22;9.82;46.30;3704.14;1820.89;-1883.25;0.00
0.27;11.46;35.96;2876.50;2170.85;-705.65;0.00
0.22;11.45;42.85;3428.17;1899.85;-1528.31;0.00
0.22;11.48;39.70;3176.01;1929.84;-1246.17;0.00
0.26;9.91;37.47;2997.94;2078.11;-919.83;0.00
0.25;10.56;39.68;3174.20;2032.29;-1141.90;0.00
0.29;9.57;39.28;3142.06;2219.44;-922.62;0.00
0.28;10.88;35.69;2855.57;2231.24;-624.33;0.00
0.23;10.76;41.40;3312.38;1914.45;-1397.92;0.00
0.26;8.09;47.44;3795.07;1929.48;-1865.59;0.00
0.22;9.98;42.74;3419.46;1833.27;-1586.19;0.00
0.25;12.38;37.30;2984.36;2148.96;-835.40;0.00
0.26;9.31;41.54;3322.84;2047.07;-1275.77;0.00
0.33;9.98;39.98;3198.60;2455.25;-743.35;0.00
0.28;10.53;33.23;2658.34;2202.55;-455.78;0.00
0.26;11.56;41.10;3288.13;2127.98;-1160.15;0.00
0.29;11.15;38.51;3081.04;2274.57;-806.47;0.00
0.27;9.16;35.27;2821.63;2048.44;-773.18;0.00
0.24;9.61;31.67;2533.63;1891.69;-641.94;0.00
0.22;10.56;35.43;2834.24;1881.14;-953.11;0.00
0.23;10.37;44.82;3585.36;1873.85;-1711.51;0.00
0.23;11.89;34.41;2752.45;1959.94;-792.52;0.00
0.28;10.91;36.23;2898.36;2215.19;-683.18;0.00
0.23;9.77;41.75;3340.31;1853.45;-1486.87;0.00
0.26;9.31;37.45;2995.97;2023.12;-972.84;0.00
0.25;11.56;31.68;2534.05;2107.76;-426.29;0.00
0.27;10.44;36.38;2910.24;2164.26;-745.98;0.00
0.26;11.30;40.83;3266.34;2120.66;-1145.68;0.00
0.26;9.50;45.98;3678.24;2009.12;-1669.11;0.00
0.27;9.76;48.05;3843.86;2123.35;-1720.51;0.00
0.23;11.25;47.17;3773.27;1932.04;-1841.22;0.00
0.28;9.20;37.78;3022.77;2133.06;-889.71;0.00
0.23;9.39;37.72;3017.39;1828.92;-1188.47;0.00
0.25;10.43;41.21;3296.56;2015.45;-1281.12;0.00
0.19;10.40;45.01;3600.78;1676.05;-1924.73;0.00
0.23;10.57;35.71;2857.04;1936.35;-920.70;0.00
0.24;11.21;36.86;2948.45;1984.83;-963.63;0.00
0.26;8.45;32.23;2578.61;1946.02;-632.59;0.00
0.29;10.32;31.17;2493.62;2223.00;-270.63;0.00
0.23;10.94;37.30;2983.80;1929.44;-1054.36;0.00
0.27;10.91;41.60;3327.62;2163.75;-1163.87;0.00
0.25;10.35;49.63;3970.21;1999.25;-1970.96;0.00
0.24;10.32;35.77;2861.99;1971.02;-890.97;0.00
0.23;7.71;42.58;3406.72;1736.49;-1670.23;0.00
0.28;10.83;38.18;3054.51;2218.11;-836.40;0.00
0.23;8.49;39.97;3197.85;1802.26;-1395.59;0.00
0.25;10.28;35.31;2824.74;2030.65;-794.09;0.00
0.25;9.30;30.39;2431.13;1941.70;-489.43;0.00
0.26;10.96;38.57;3085.95;2111.50;-974.45;0.00
0.19;11.01;34.74;2778.95;1718.71;-1060.24;0.00
0.25;9.20;42.30;3383.87;1960.93;-1422.95;0.00
0.26;9.20;41.32;3305.67;2028.71;-1276.96;0.00
0.27;11.70;35.22;2817.46;2181.59;-635.87;0.00
0.27;9.51;44.52;3561.90;2086.39;-1475.51;0.00
0.26;12.36;32.95;2636.17;2175.77;-460.40;0.00
0.26;9.45;35.17;2813.56;1998.16;-815.39;0.00
0.26;10.45;41.27;3301.46;2059.74;-1241.72;0.00
0.26;10.88;41.98;3358.60;2095.29;-1263.32;0.00
0.29;10.80;30.34;2427.16;2269.69;-157.47;0.00
0.25;11.83;42.83;3426.18;2077.63;-1348.55;0.00
0.24;11.55;32.57;2605.87;2042.55;-563.32;0.00
0.24;8.56;34.81;2784.91;1862.79;-922.12;0.00
0.22;9.64;35.37;2829.62;1831.33;-998.29;0.00
0.27;12.04;49.30;3944.36;2223.31;-1721.05;0.00
0.23;11.19;41.60;3328.25;1943.87;-1384.38;0.00
0.25;8.39;39.07;3125.40;1913.42;-1211.98;0.00
0.23;9.36;43.88;3510.77;1867.23;-1643.54;0.00
0.26;9.23;41.63;3330.32;1993.18;-1337.14;0.00
0.23;8.63;44.18;3534.16;1835.05;-1699.11;0.00
0.28;9.84;55.29;4423.21;2162.07;-2261.14;0.00
0.27;12.96;45.52;3641.74;2283.02;-1358.72;0.00
0.23;9.05;40.08;3206.45;1841.48;-1364.97;0.00
0.27;10.03;34.99;2799.43;2089.91;-709.52;0.00
0.24;9.51;40.63;3250.30;1916.82;-1333.47;0.00
0.25;11.73;40.74;3259.15;2081.15;-1178.01;0.00
0.26;10.85;49.81;3984.63;2092.72;-1891.91;0.00
0.27;10.13;45.06;3605.13;2147.17;-1457.96;0.00
0.23;11.01;40.94;3275.04;1914.80;-1360.24;0.00
0.25;10.64;38.85;3107.85;2045.62;-1062.23;0.00
0.22;10.75;45.85;3667.99;1841.03;-1826.95;0.00
0.23;11.66;31.83;2546.07;1948.69;-597.38;0.00
0.26;10.42;41.21;3296.56;2100.25;-1196.31;0.00
0.22;8.81;45.33;3626.13;1762.39;-1863.75;0.00
0.21;10.74;41.76;3340.82;1832.73;-1508.10;0.00
0.30;10.67;36.90;2951.71;2318.13;-633.59;0.00
0.23;11.05;35.98;2878.79;1940.89;-937.90;0.00
0.22;8.25;35.16;2813.10;1754.47;-1058.63;0.00
0.26;11.60;46.92;3753.41;2144.50;-1608.91;0.00
0.25;10.39;45.82;3665.46;2014.69;-1650.77;0.00
0.23;10.73;42.14;3370.84;1913.06;-1457.79;0.00
0.24;10.79;42.13;3370.58;2002.73;-1367.85;0.00
0.21;9.91;42.60;3408.38;1766.08;-1642.31;0.00
0.25;9.06;41.60;3327.88;1951.92;-1375.96;0.00
0.24;10.88;43.57;3485.72;2012.65;-1473.07;0.00
0.23;12.01;49.70;3976.28;1993.83;-1982.45;0.00
0.23;10.84;42.12;3369.52;1922.44;-1447.08;0.00
0.26;8.56;46.72;3737.23;1990.86;-1746.38;0.00
0.26;7.90;43.80;3503.94;1925.34;-1578.60;0.00
0.24;10.23;43.11;3449.06;1957.70;-1491.36;0.00
0.24;12.85;38.57;3085.20;2103.45;-981.76;0.00
0.21;10.40;37.45;2995.64;1798.38;-1197.26;0.00
0.21;11.05;36.29;2903.23;1824.81;-1078.42;0.00
0.25;10.01;34.42;2753.50;2011.15;-742.35;0.00
0.23;11.35;44.75;3580.13;1982.11;-1598.03;0.00
0.26;10.47;38.81;3104.70;2054.10;-1050.60;0.00
0.26;11.27;31.67;2533.98;2141.43;-392.56;0.00
0.24;11.12;39.28;3142.16;1971.42;-1170.74;0.00
0.27;10.17;34.33;2746.07;2127.31;-618.76;0.00
0.27;9.29;41.59;3327.06;2062.92;-1264.14;0.00
0.25;9.38;39.38;3150.06;1967.12;-1182.94;0.00
0.30;9.36;44.89;3591.29;2240.57;-1350.73;0.00
0.26;9.18;40.86;3268.45;2001.70;-1266.75;0.00
0.22;10.06;39.43;3154.46;1807.15;-1347.31;0.00
0.28;10.22;37.20;2976.23;2204.40;-771.83;0.00
0.24;7.94;43.53;3482.07;1804.50;-1677.58;0.00
0.25;8.46;36.03;2882.28;1906.25;-976.03;0.00
0.25;9.32;38.59;3087.09;1963.60;-1123.49;0.00
0.30;9.83;39.74;3178.95;2259.25;-919.70;0.00
0.27;10.96;47.81;3824.70;2192.55;-1632.15;0.00
0.25;9.63;37.93;3034.51;2001.14;-1033.37;0.00
0.25;8.69;31.75;2539.76;1952.41;-587.35;0.00
0.28;9.08;39.19;3135.26;2150.81;-984.45;0.00
0.24;10.28;41.63;3330.44;1949.40;-1381.04;0.00
0.26;12.21;36.65;2931.80;2201.34;-730.46;0.00
0.25;9.34;38.71;3097.15;1956.82;-1140.32;0.00
0.22;10.94;43.24;3459.24;1869.74;-1589.50;0.00
0.28;11.40;36.87;2949.48;2271.46;-678.01;0.00
0.24;10.31;49.09;3926.96;1965.74;-1961.22;0.00
0.26;10.45;37.53;3002.51;2069.33;-933.18;0.00
0.25;9.18;43.45;3476.21;1928.45;-1547.76;0.00
0.26;9.16;37.05;2963.95;2019.68;-944.27;0.00
0.19;9.96;46.80;3744.13;1640.21;-2103.91;0.00
0.22;9.72;36.68;2934.75;1813.87;-1120.88;0.00
0.22;10.10;44.23;3538.06;1826.86;-1711.20;0.00
0.20;11.51;36.84;2947.35;1815.01;-1132.34;0.00
0.22;10.79;39.89;3190.81;1875.68;-1315.12;0.00
0.23;10.06;39.18;3134.68;1900.90;-1233.78;0.00
0.29;10.51;47.51;3800.43;2254.56;-1545.87;0.00
0.26;11.04;45.37;3629.84;2099.56;-1530.28;0.00
0.23;11.32;43.88;3510.52;1935.33;-1575.18;0.00
0.28;10.97;38.77;3101.77;2199.11;-902.66;0.00
0.23;9.21;40.83;3266.80;1844.56;-1422.24;0.00
0.27;8.26;45.51;3640.49;2017.63;-1622.85;0.00
0.24;11.11;38.57;3085.81;1988.76;-1097.04;0.00
0.27;11.65;36.95;2955.80;2194.13;-761.67;0.00
0.23;12.11;44.81;3585.05;1966.58;-1618.47;0.00
0.24;10.56;38.23;3058.53;1988.78;-1069.75;0.00
0.25;10.37;43.16;3453.05;2000.67;-1452.39;0.00
0.24;7.87;40.59;3247.39;1802.97;-1444.42;0.00
0.28;10.69;41.58;3326.56;2206.77;-1119.79;0.00
0.28;11.95;29.78;2382.58;2290.57;-92.01;0.00
0.23;8.24;36.22;2897.75;1792.91;-1104.84;0.00
0.23;11.05;32.68;2614.74;1939.32;-675.43;0.00
0.18;11.58;34.04;2723.07;1651.46;-1071.61;0.00
0.23;12.00;45.36;3628.97;2010.96;-1618.01;0.00
0.25;10.57;46.12;3689.77;2030.08;-1659.68;0.00
0.21;9.07;39.39;3151.47;1730.42;-1421.05;0.00
0.27;11.61;47.02;3761.54;2188.50;-1573.04;0.00
0.28;11.04;42.76;3420.61;2257.25;-1163.36;0.00
0.23;9.14;36.02;2881.23;1822.53;-1058.71;0.00
0.22;12.15;40.83;3266.60;1913.43;-1353.16;0.00
0.30;8.87;38.70;3096.08;2203.75;-892.33;0.00
0.21;11.27;41.84;3346.98;1856.76;-1490.22;0.00
0.23;10.49;41.27;3301.48;1909.79;-1391.69;0.00
0.28;11.71;42.87;3429.33;2263.40;-1165.93;0.00
0.28;9.99;41.63;3330.32;2177.96;-1152.36;0.00
0.22;11.99;42.21;3376.53;1941.02;-1435.51;0.00
0.24;10.59;45.05;3604.08;1993.55;-1610.53;0.00
0.20;10.44;36.34;2907.01;1700.87;-1206.14;0.00
0.24;10.41;39.98;3198.52;1978.93;-1219.60;0.00
0.23;11.74;46.50;3720.28;1975.94;-1744.34;0.00
0.25;11.33;41.32;3305.35;2051.94;-1253.41;0.00
0.20;9.08;45.02;3601.60;1653.76;-1947.84;0.00
0.25;10.66;42.54;3403.33;2013.21;-1390.12;0.00
0.28;10.11;36.84;2947.50;2204.78;-742.72;0.00
0.25;10.27;43.16;3452.57;2012.46;-1440.10;0.00
0.22;12.85;42.75;3419.90;1957.81;-1462.09;0.00
0.25;10.37;41.47;3317.92;2045.49;-1272.43;0.00
0.23;10.53;46.48;3718.01;1926.92;-1791.10;0.00
0.24;9.18;45.97;3677.77;1871.84;-1805.93;0.00
0.24;11.35;44.72;3577.83;1995.19;-1582.64;0.00
0.26;10.74;40.76;3260.45;2093.03;-1167.41;0.00
0.25;12.77;42.40;3392.30;2130.18;-1262.12;0.00
0.19;10.44;46.65;3731.94;1648.39;-2083.55;0.00
0.28;11.36;35.32;2825.45;2246.54;-578.91;0.00
0.27;11.60;44.25;3540.22;2192.08;-1348.13;0.00
0.24;10.06;32.63;2610.52;1923.38;-687.13;0.00
0.22;11.17;38.40;3072.20;1867.91;-1204.28;0.00
0.28;9.28;31.30;2504.19;2161.84;-342.35;0.00
0.27;10.82;36.50;2920.35;2147.65;-772.70;0.00
0.25;12.49;37.46;2996.90;2122.81;-874.08;0.00
0.24;9.53;41.54;3323.50;1929.22;-1394.28;0.00
0.25;11.70;47.84;3827.28;2086.61;-1740.66;0.00
0.26;10.77;36.01;2880.77;2080.49;-800.28;0.00
0.22;9.66;36.58;2926.03;1805.07;-1120.96;0.00
0.25;9.62;46.13;3690.53;1982.48;-1708.05;0.00
0.24;10.29;36.99;2959.01;1969.12;-989.89;0.00
0.24;8.78;42.23;3378.30;1849.88;-1528.42;0.00
0.27;9.76;40.05;3203.80;2122.62;-1081.18;0.00
0.23;9.33;44.19;3535.13;1872.72;-1662.41;0.00
0.27;11.80;41.94;3355.30;2234.33;-1120.98;0.00
0.25;10.44;38.13;3050.21;2025.62;-1024.59;0.00
0.25;9.04;39.23;3138.70;1934.47;-1204.23;0.00
0.30;9.72;37.51;3000.96;2255.23;-745.73;0.00
0.22;8.98;47.12;3769.38;1756.52;-2012.86;0.00
0.24;10.57;34.74;2779.15;1946.35;-832.80;0.00
0.23;9.83;34.90;2791.68;1885.76;-905.93;0.00
0.26;10.27;41.75;3339.89;2050.17;-1289.73;0.00
0.21;11.40;41.07;3285.86;1849.62;-1436.24;0.00
0.23;11.26;51.38;4110.72;1964.21;-2146.50;0.00
0.24;9.97;42.15;3371.85;1934.43;-1437.42;0.00
0.23;10.21;43.06;3445.12;1882.58;-1562.54;0.00
0.26;10.45;35.31;2824.71;2076.29;-748.42;0.00
0.23;9.88;41.30;3303.75;1901.26;-1402.49;0.00
0.29;11.85;32.72;2617.62;2308.08;-309.55;0.00
0.23;7.60;45.51;3641.05;1761.63;-1879.42;0.00
0.26;10.78;40.87;3269.44;2078.14;-1191.30;0.00
0.29;8.05;41.37;3309.56;2113.62;-1195.94;0.00
0.23;10.24;36.44;2915.05;1885.98;-1029.06;0.00
0.29;10.49;33.58;2686.12;2250.72;-435.39;0.00
0.24;8.34;44.36;3548.83;1878.44;-1670.39;0.00
0.25;10.99;35.80;2864.38;2068.57;-795.81;0.00
0.25;10.99;39.48;3158.02;2080.02;-1078.01;0.00
0.28;11.55;37.09;2967.36;2279.93;-687.44;0.00
0.22;9.99;48.87;3909.23;1824.07;-2085.16;0.00
0.23;9.70;39.16;3132.77;1884.67;-1248.10;0.00
0.25;10.22;41.52;3321.63;2009.47;-1312.16;0.00
0.26;8.80;42.37;3389.69;2002.85;-1386.84;0.00
0.24;9.82;42.02;3361.76;1910.50;-1451.26;0.00
0.28;10.45;45.48;3638.70;2177.12;-1461.58;0.00
0.23;11.79;42.97;3437.80;1992.65;-1445.14;0.00
0.26;9.72;41.78;3342.64;2018.62;-1324.02;0.00
0.26;9.02;29.64;2371.42;1978.77;-392.65;0.00
0.28;10.06;40.84;3267.39;2155.48;-1111.91;0.00
0.27;9.34;37.72;3017.25;2099.03;-918.22;0.00
0.30;9.82;42.63;3410.23;2273.18;-1137.05;0.00
0.24;8.73;42.57;3405.34;1870.69;-1534.64;0.00
0.25;11.35;41.67;3333.76;2068.08;-1265.67;0.00
0.25;8.81;42.60;3408.35;1948.75;-1459.61;0.00
0.23;9.50;35.64;2851.22;1856.45;-994.77;0.00
0.29;12.12;41.54;3322.90;2366.31;-956.58;0.00
0.23;10.82;34.09;2726.85;1937.00;-789.85;0.00
0.22;9.94;46.38;3710.67;1797.87;-1912.80;0.00
0.28;10.89;38.36;3068.66;2223.92;-844.75;0.00
0.25;10.21;38.64;3090.93;2001.11;-1089.83;0.00
0.24;8.98;47.28;3782.14;1871.26;-1910.88;0.00
0.24;9.09;36.10;2888.19;1862.72;-1025.47;0.00
0.25;11.48;44.15;3532.04;2075.62;-1456.42;0.00
0.22;9.09;46.94;3755.58;1802.65;-1952.93;0.00
0.21;9.39;27.78;2222.15;1703.51;-518.64;0.00
0.30;10.64;38.87;3109.97;2346.29;-763.68;0.00
0.25;10.56;41.85;3348.09;2001.77;-1346.32;0.00
0.27;10.19;32.61;2608.88;2126.55;-482.32;0.00
0.25;11.82;41.44;3315.01;2086.33;-1228.68;0.00
0.23;10.33;31.69;2534.99;1880.13;-654.86;0.00
0.29;8.99;44.90;3592.25;2157.25;-1435.00;0.00
0.16;10.24;32.25;2579.86;1504.10;-1075.76;0.00
0.24;8.51;40.16;3212.87;1857.24;-1355.63;0.00
0.28;9.37;39.42;3153.58;2131.35;-1022.23;0.00
0.25;10.35;35.86;2868.86;2036.58;-832.28;0.00
0.24;11.84;48.55;3884.38;2024.78;-1859.61;0.00
0.22;10.01;39.45;3155.83;1802.49;-1353.34;0.00
0.24;9.86;37.92;3033.73;1923.14;-1110.59;0.00
0.22;10.78;37.67;3013.30;1859.32;-1153.98;0.00
0.29;11.56;35.78;2862.53;2304.93;-557.60;0.00
0.28;9.64;42.46;3397.09;2153.74;-1243.35;0.00
0.28;11.28;38.63;3090.26;2239.83;-850.43;0.00
0.25;9.41;34.91;2792.41;1969.44;-822.97;0.00
0.24;9.53;31.50;2519.60;1902.85;-616.75;0.00
0.24;11.12;40.71;3257.09;2015.21;-1241.88;0.00
0.28;10.35;37.84;3027.11;2210.79;-816.32;0.00
0.30;8.33;40.35;3227.96;2198.31;-1029.65;0.00
0.23;9.69;40.40;3232.14;1892.12;-1340.02;0.00
0.29;10.48;41.21;3296.97;2264.01;-1032.97;0.00
0.26;10.04;35.50;2839.96;2058.19;-781.77;0.00
0.22;12.77;40.43;3234.21;2001.39;-1232.82;0.00
0.27;9.97;37.40;2992.11;2106.29;-885.83;0.00
0.24;9.01;37.63;3010.22;1860.77;-1149.45;0.00
0.28;10.82;41.27;3301.50;2200.17;-1101.33;0.00
0.23;11.82;45.33;3626.45;1998.81;-1627.64;0.00
0.24;9.97;38.22;3057.56;1964.18;-1093.38;0.00
0.23;11.26;42.03;3362.30;1924.52;-1437.78;0.00
0.21;9.77;42.21;3376.65;1752.56;-1624.09;0.00
0.26;11.86;48.55;3884.10;2139.15;-1744.95;0.00
0.26;11.02;42.03;3362.10;2092.15;-1269.96;0.00
0.23;10.18;37.32;2985.56;1880.44;-1105.12;0.00
0.27;9.67;28.75;2299.90;2070.02;-229.88;0.00
0.26;11.43;43.27;3461.36;2122.27;-1339.09;0.00
0.25;9.89;34.86;2789.00;1992.31;-796.69;0.00
0.24;12.30;36.43;2914.67;2068.41;-846.26;0.00
0.27;10.36;43.91;3512.44;2149.13;-1363.31;0.00
0.25;9.14;38.85;3108.00;1973.76;-1134.24;0.00
0.22;10.29;37.91;3033.06;1854.22;-1178.84;0.00
0.24;8.10;41.72;3337.42;1859.56;-1477.86;0.00
0.24;10.28;36.09;2887.14;1939.88;-947.26;0.00
0.24;9.07;37.34;2987.19;1863.41;-1123.78;0.00
0.24;10.37;38.21;3056.57;1970.43;-1086.15;0.00
0.23;8.90;38.32;3065.72;1826.68;-1239.04;0.00
0.23;9.16;43.20;3455.70;1855.49;-1600.20;0.00
0.23;9.03;42.13;3370.66;1849.98;-1520.69;0.00
0.27;8.71;31.45;2515.96;2047.09;-468.87;0.00
0.26;10.41;35.83;2866.59;2060.70;-805.89;0.00
0.22;10.59;37.39;2991.45;1836.35;-1155.09;0.00
0.29;10.50;43.18;3454.37;2266.94;-1187.43;0.00
0.28;10.47;47.78;3822.45;2184.50;-1637.95;0.00
0.21;10.80;34.23;2738.69;1810.92;-927.76;0.00
0.24;10.35;36.51;2921.20;1954.72;-966.47;0.00
0.25;10.25;32.18;2574.29;1983.70;-590.59;0.00
0.26;8.21;47.22;3777.35;1935.63;-1841.71;0.00
0.26;11.15;42.72;3417.80;2144.66;-1273.14;0.00
0.25;8.31;43.64;3491.46;1902.73;-1588.73;0.00
0.24;9.24;40.15;3212.38;1918.01;-1294.37;0.00
0.24;11.60;36.06;2885.06;2017.45;-867.61;0.00
0.22;9.10;41.03;3282.75;1765.17;-1517.58;0.00
0.21;9.92;35.77;2861.25;1769.34;-1091.91;0.00
0.29;9.04;41.59;3327.50;2162.87;-1164.63;0.00
0.25;10.42;43.11;3448.63;2012.38;-1436.25;0.00
0.29;7.90;34.03;2722.67;2115.25;-607.43;0.00
0.21;10.22;39.29;3143.30;1753.84;-1389.46;0.00
0.22;10.30;42.25;3379.83;1827.82;-1552.02;0.00
0.23;9.85;38.91;3113.19;1882.61;-1230.58;0.00
0.24;11.05;40.10;3207.98;1999.84;-1208.14;0.00
0.27;10.63;39.68;3174.42;2172.30;-1002.13;0.00
0.21;11.02;37.49;2999.30;1793.38;-1205.92;0.00
0.29;9.97;45.79;3662.89;2216.68;-1446.21;0.00
0.29;12.15;52.93;4234.22;2320.63;-1913.58;0.00
0.27;10.01;46.22;3697.92;2129.07;-1568.85;0.00
0.27;10.93;40.74;3259.11;2149.29;-1109.82;0.00
0.27;9.51;34.41;2752.79;2108.31;-644.48;0.00
0.29;9.10;39.72;3177.98;2196.66;-981.33;0.00
0.20;9.32;39.63;3170.32;1683.80;-1486.52;0.00
0.27;10.18;34.28;2742.08;2150.79;-591.28;0.00
0.26;8.74;47.37;3789.38;1993.28;-1796.10;0.00
0.23;8.96;38.18;3054.07;1825.70;-1228.38;0.00
0.24;8.53;37.30;2983.63;1871.39;-1112.24;0.00
0.30;9.86;43.65;3492.19;2254.95;-1237.24;0.00
0.26;7.69;46.94;3755.49;1960.34;-1795.15;0.00
0.30;10.92;46.93;3754.55;2323.24;-1431.31;0.00
0.28;10.72;41.75;3340.16;2233.98;-1106.19;0.00
0.23;12.29;40.52;3241.42;2024.27;-1217.15;0.00
0.29;9.67;33.59;2687.10;2199.15;-487.95;0.00
0.25;13.21;36.76;2940.61;2152.03;-788.58;0.00
0.26;9.83;37.98;3038.72;2062.89;-975.82;0.00
0.21;8.56;38.18;3054.10;1673.82;-1380.28;0.00
0.27;10.50;38.39;3071.39;2131.36;-940.03;0.00
0.25;12.47;42.83;3426.79;2158.23;-1268.56;0.00
0.22;9.57;40.64;3250.86;1815.02;-1435.84;0.00
0.24;9.79;46.79;3743.06;1915.93;-1827.13;0.00
0.23;9.90;35.27;2821.29;1891.64;-929.65;0.00
0.27;9.90;37.11;2968.92;2103.16;-865.77;0.00
0.24;11.45;35.12;2809.69;2023.69;-786.01;0.00
0.24;9.85;42.89;3431.36;1935.23;-1496.13;0.00
0.25;12.18;39.89;3190.99;2116.23;-1074.76;0.00
0.24;10.51;47.64;3810.93;1984.92;-1826.02;0.00
0.27;11.96;37.14;2971.40;2206.87;-764.54;0.00
0.22;9.93;42.81;3424.66;1848.33;-1576.32;0.00
0.26;10.17;40.31;3224.92;2040.80;-1184.12;0.00
0.27;8.43;36.16;2893.16;2037.30;-855.86;0.00
0.27;10.02;40.19;3215.03;2090.29;-1124.73;0.00
0.23;9.19;39.68;3174.63;1808.50;-1366.13;0.00
0.29;10.85;33.69;2695.39;2251.06;-444.33;0.00
0.19;10.17;40.10;3207.82;1650.64;-1557.18;0.00
0.22;10.68;46.73;3738.12;1869.56;-1868.56;0.00
0.25;10.14;35.43;2834.57;2028.07;-806.50;0.00
0.28;9.53;35.72;2857.89;2147.97;-709.92;0.00
0.28;9.11;33.64;2691.06;2122.20;-568.86;0.00
0.26;10.26;45.64;3651.31;2042.16;-1609.15;0.00
0.23;10.42;40.58;3246.76;1893.96;-1352.80;0.00
0.27;9.33;37.36;2988.88;2074.88;-914.00;0.00
0.25;10.90;43.39;3471.28;2032.16;-1439.12;0.00
0.25;11.68;43.82;3505.47;2109.97;-1395.51;0.00
0.30;11.63;38.58;3086.10;2386.06;-700.04;0.00
0.20;10.37;43.85;3508.38;1741.77;-1766.60;0.00
0.26;8.14;33.98;2718.07;1971.32;-746.75;0.00
0.29;8.86;39.84;3187.36;2177.68;-1009.68;0.00
0.29;10.58;48.44;3875.54;2287.43;-1588.11;0.00
0.24;11.15;36.14;2890.88;1986.57;-904.31;0.00
0.28;11.57;34.88;2790.10;2275.16;-514.93;0.00
0.25;9.66;39.02;3121.50;1974.93;-1146.56;0.00
0.25;8.83;44.66;3572.42;1911.37;-1661.05;0.00
0.27;9.36;38.72;3097.85;2076.08;-1021.77;0.00
0.24;6.92;39.92;3193.57;1793.21;-1400.36;0.00
0.24;10.28;40.06;3205.12;1976.39;-1228.72;0.00
0.26;8.71;41.14;3291.58;1968.79;-1322.79;0.00
0.26;10.62;38.71;3096.75;2105.94;-990.82;0.00
0.26;8.06;37.39;2991.36;1944.81;-1046.56;0.00
0.26;11.37;44.76;3581.14;2133.72;-1447.41;0.00
0.24;11.74;40.28;3222.35;2016.64;-1205.71;0.00
0.25;10.29;35.35;2827.90;1985.06;-842.84;0.00
0.24;10.72;42.82;3425.98;1958.14;-1467.85;0.00
0.21;10.41;39.16;3132.44;1810.41;-1322.03;0.00
0.21;8.31;37.70;3015.97;1688.77;-1327.20;0.00
0.22;9.70;37.87;3029.83;1811.86;-1217.97;0.00
0.25;11.12;38.62;3089.31;2083.72;-1005.59;0.00
0.24;11.35;43.64;3491.47;1989.02;-1502.45;0.00
0.24;11.89;46.71;3736.43;2021.56;-1714.87;0.00
0.24;10.09;43.85;3507.86;1932.56;-1575.30;0.00
0.25;10.96;33.73;2698.77;2075.09;-623.68;0.00
0.28;9.63;37.59;3007.56;2143.01;-864.55;0.00
0.23;10.96;36.30;2904.01;1911.90;-992.12;0.00
0.22;9.03;55.68;4454.07;1777.76;-2676.31;0.00
0.27;9.59;41.52;3321.58;2069.35;-1252.23;0.00
0.22;9.34;36.20;2895.74;1787.34;-1108.40;0.00
0.28;11.40;35.35;2827.92;2249.01;-578.91;0.00
0.26;9.99;34.64;2771.21;2032.21;-739.01;0.00
0.26;8.73;31.47;2517.55;1965.54;-552.02;0.00
0.24;9.93;37.92;3033.24;1917.46;-1115.78;0.00
0.23;11.71;43.67;3493.51;1980.33;-1513.18;0.00
0.23;8.42;48.98;3918.32;1785.00;-2133.32;0.00
0.26;10.37;42.64;3411.48;2078.32;-1333.16;0.00
0.29;9.83;35.68;2854.14;2213.36;-640.77;0.00
0.25;10.83;36.69;2935.47;2054.30;-881.17;0.00
0.27;11.65;42.24;3379.36;2214.09;-1165.27;0.00
0.25;10.11;38.39;3071.07;2027.40;-1043.68;0.00
0.24;11.28;35.95;2876.09;1991.10;-884.99;0.00
0.27;9.53;37.88;3030.36;2076.30;-954.06;0.00
0.26;11.50;44.59;3567.20;2124.50;-1442.70;0.00
0.23;9.17;47.51;3800.84;1858.10;-1942.74;0.00
0.22;9.94;37.34;2987.00;1840.49;-1146.51;0.00
0.22;10.33;44.05;3524.23;1843.87;-1680.36;0.00
0.22;8.74;42.99;3439.21;1780.61;-1658.60;0.00
0.26;12.18;36.50;2920.25;2151.83;-768.42;0.00
0.28;9.37;48.13;3850.22;2115.18;-1735.03;0.00
0.28;10.31;38.63;3090.02;2185.73;-904.29;0.00
0.22;10.44;48.70;3895.66;1863.31;-2032.35;0.00
0.26;10.87;40.71;3257.16;2074.46;-1182.70;0.00
0.24;11.64;40.12;3209.94;2025.50;-1184.44;0.00
0.29;9.89;36.89;2951.51;2199.51;-752.00;0.00
0.19;10.36;42.75;3419.80;1691.22;-1728.59;0.00
0.26;10.57;46.46;3716.67;2087.97;-1628.70;0.00
0.25;8.95;45.27;3621.27;1929.27;-1692.00;0.00
0.19;8.70;36.35;2908.00;1603.82;-1304.17;0.00
0.26;9.67;40.17;3213.23;2028.45;-1184.78;0.00
0.26;9.13;38.51;3080.90;2031.21;-1049.69;0.00
0.23;9.22;41.41;3312.64;1858.16;-1454.48;0.00
0.26;10.39;35.81;2864.51;2051.21;-813.30;0.00
0.23;9.61;33.76;2701.17;1842.15;-859.01;0.00
0.26;10.34;42.57;3405.83;2096.91;-1308.92;0.00
0.25;11.06;40.56;3245.06;2075.39;-1169.67;0.00
0.25;10.26;41.86;3348.43;1983.49;-1364.94;0.00
0.30;10.18;36.02;2881.41;2315.82;-565.59;0.00
0.30;11.56;32.22;2577.72;2388.23;-189.49;0.00
0.25;10.66;32.20;2576.08;2017.68;-558.40;0.00
0.22;10.58;39.51;3160.56;1868.88;-1291.68;0.00
0.25;9.99;38.14;3051.57;2015.12;-1036.45;0.00
0.26;9.41;46.11;3688.44;2024.10;-1664.34;0.00
0.25;10.40;43.67;3493.65;2015.59;-1478.05;0.00
0.31;9.37;41.88;3350.16;2287.29;-1062.86;0.00
0.19;9.09;52.30;4183.79;1589.10;-2594.68;0.00
0.27;12.69;38.31;3064.87;2248.53;-816.35;0.00
0.22;7.46;41.08;3286.39;1706.35;-1580.04;0.00
0.23;11.57;41.68;3334.79;1974.17;-1360.62;0.00
0.25;11.99;42.12;3369.23;2090.19;-1279.04;0.00
0.25;10.46;42.96;3436.72;2036.92;-1399.79;0.00
0.26;8.20;40.37;3229.37;1976.42;-1252.95;0.00
0.26;10.50;43.38;3470.60;2109.65;-1360.95;0.00
0.20;9.86;47.37;3789.23;1726.07;-2063.16;0.00
0.26;9.35;38.97;3117.60;2010.51;-1107.09;0.00
0.27;9.66;52.44;4195.06;2071.84;-2123.22;0.00
0.27;12.03;44.02;3521.55;2233.62;-1287.93;0.00
0.21;11.61;43.79;3503.19;1854.12;-1649.07;0.00
0.22;10.91;35.24;2819.55;1850.37;-969.18;0.00
0.22;9.22;47.85;3827.72;1762.77;-2064.94;0.00
0.27;11.39;45.60;3647.93;2177.76;-1470.17;0.00
0.22;11.10;47.23;3778.19;1909.25;-1868.94;0.00
0.24;9.96;43.38;3470.56;1930.62;-1539.94;0.00
0.27;9.05;35.44;2835.34;2084.71;-750.62;0.00
0.26;10.77;35.24;2819.06;2098.34;-720.72;0.00
0.25;11.21;42.97;3437.56;2036.52;-1401.05;0.00
0.21;7.99;44.95;3596.16;1664.77;-1931.39;0.00
0.27;10.67;34.25;2740.03;2165.87;-574.16;0.00
0.21;9.67;32.58;2606.65;1740.90;-865.75;0.00
0.28;8.71;49.81;3984.42;2079.26;-1905.16;0.00
0.25;11.79;44.18;3534.02;2120.14;-1413.88;0.00
0.26;9.47;39.19;3134.91;2022.62;-1112.30;0.00
0.22;10.99;42.17;3373.73;1874.05;-1499.68;0.00
0.26;6.66;44.83;3586.56;1849.38;-1737.19;0.00
0.24;9.67;40.12;3209.32;1950.49;-1258.83;0.00
0.26;10.29;37.77;3021.29;2054.02;-967.27;0.00
0.24;9.17;38.14;3051.48;1902.12;-1149.36;0.00
0.26;9.81;35.69;2854.87;2030.74;-824.13;0.00
0.26;10.89;35.60;2848.22;2106.54;-741.67;0.00
0.27;11.94;37.53;3002.48;2248.05;-754.43;0.00
0.20;9.92;48.01;3840.53;1726.52;-2114.01;0.00
0.23;11.29;45.74;3659.55;1979.07;-1680.48;0.00
0.27;9.99;44.04;3522.82;2133.46;-1389.37;0.00
0.25;10.54;41.58;3326.70;2014.41;-1312.29;0.00
0.24;8.70;40.75;3260.39;1851.39;-1409.00;0.00
0.28;9.32;39.00;3119.61;2160.11;-959.51;0.00
0.30;9.32;41.22;3298.00;2226.02;-1071.98;0.00
0.23;9.27;34.20;2735.85;1837.51;-898.34;0.00
0.25;9.33;49.52;3961.78;1946.03;-2015.75;0.00
0.29;11.11;45.31;3625.14;2262.42;-1362.72;0.00
0.24;11.10;30.58;2446.77;2010.28;-436.49;0.00
0.22;10.81;48.85;3907.94;1881.34;-2026.60;0.00
0.26;9.21;38.63;3090.66;2023.98;-1066.69;0.00
0.31;9.40;38.75;3100.26;2334.49;-765.77;0.00
0.24;10.35;40.00;3199.87;1941.35;-1258.51;0.00
0.25;11.18;44.69;3574.89;2085.61;-1489.27;0.00
0.23;9.96;32.38;2590.05;1898.38;-691.66;0.00
0.23;10.65;44.22;3537.23;1892.48;-1644.76;0.00
0.26;10.85;43.46;3476.75;2106.06;-1370.69;0.00
0.21;10.42;32.03;2562.45;1805.34;-757.10;0.00
0.27;9.46;41.50;3320.38;2088.57;-1231.81;0.00
0.21;10.52;41.80;3343.68;1818.95;-1524.73;0.00
0.24;9.22;35.68;2854.61;1894.48;-960.13;0.00
0.21;10.96;39.65;3171.81;1831.81;-1340.00;0.00
0.29;11.44;33.84;2707.40;2284.04;-423.36;0.00
0.23;8.93;45.48;3638.14;1852.24;-1785.90;0.00
0.25;11.51;44.52;3561.39;2068.55;-1492.84;0.00
0.23;11.64;32.94;2635.45;1986.76;-648.68;0.00
0.22;10.85;29.47;2357.92;1881.23;-476.69;0.00
0.24;11.93;46.32;3705.35;2017.33;-1688.02;0.00
0.26;9.83;36.83;2946.10;2051.14;-894.96;0.00
0.26;10.55;33.97;2717.74;2099.85;-617.89;0.00
0.28;10.75;41.46;3316.56;2186.21;-1130.35;0.00
0.26;10.59;45.82;3665.71;2106.73;-1558.98;0.00
0.21;10.46;38.62;3089.89;1817.60;-1272.29;0.00
0.23;8.27;38.50;3080.12;1763.21;-1316.90;0.00
0.29;11.37;41.76;3340.64;2312.36;-1028.28;0.00
0.26;10.55;39.62;3169.60;2083.09;-1086.51;0.00
0.31;11.36;44.00;3520.27;2396.54;-1123.73;0.00
0.26;7.79;40.60;3247.91;1934.38;-1313.53;0.00
0.22;10.66;37.85;3027.73;1840.01;-1187.72;0.00
0.23;9.75;43.76;3500.60;1879.18;-1621.42;0.00
0.26;9.93;45.41;3632.76;2035.58;-1597.19;0.00
0.26;9.66;44.86;3588.98;2042.29;-1546.70;0.00
0.28;9.89;46.79;3743.33;2174.49;-1568.84;0.00
0.22;10.25;44.46;3556.47;1816.10;-1740.37;0.00
0.24;9.55;38.65;3092.29;1894.70;-1197.59;0.00
0.24;10.58;42.61;3408.76;1975.44;-1433.31;0.00
0.20;10.82;37.28;2982.43;1778.57;-1203.86;0.00
0.22;10.21;41.71;3337.15;1842.27;-1494.88;0.00
0.30;10.61;41.37;3309.67;2302.46;-1007.21;0.00
0.28;11.02;44.11;3529.07;2224.74;-1304.33;0.00
0.25;10.51;37.32;2985.38;2053.24;-932.14;0.00
0.20;9.31;32.95;2636.00;1667.31;-968.69;0.00
0.29;8.42;32.63;2610.52;2124.24;-486.28;0.00
0.24;10.01;40.01;3201.09;1937.71;-1263.39;0.00
0.24;9.10;44.46;3556.65;1863.55;-1693.09;0.00
0.27;9.78;38.32;3065.82;2125.02;-940.80;0.00
0.26;12.35;43.67;3493.71;2207.98;-1285.73;0.00
0.25;9.41;44.01;3520.90;1986.58;-1534.32;0.00
0.24;10.13;38.69;3095.46;1972.14;-1123.32;0.00
0.26;11.68;34.25;2739.80;2153.18;-586.62;0.00
0.22;10.22;43.24;3458.99;1844.27;-1614.72;0.00
0.30;11.09;37.07;2965.86;2348.56;-617.30;0.00
0.26;10.29;35.24;2819.06;2050.55;-768.51;0.00
0.22;9.28;34.51;2761.10;1789.53;-971.57;0.00
0.33;10.38;44.41;3552.49;2460.44;-1092.05;0.00
0.22;10.38;35.22;2817.73;1821.88;-995.86;0.00
0.24;10.99;44.07;3525.48;1981.77;-1543.71;0.00
0.27;11.75;48.58;3886.60;2230.93;-1655.67;0.00
0.22;9.70;43.14;3451.27;1799.77;-1651.51;0.00
0.22;8.25;44.85;3587.96;1713.59;-1874.37;0.00
0.22;9.71;33.49;2679.10;1789.17;-889.93;0.00
0.22;11.17;36.33;2906.01;1874.87;-1031.14;0.00
0.22;9.62;37.42;2993.35;1799.75;-1193.60;0.00
0.23;10.29;35.85;2867.75;1899.64;-968.12;0.00
0.26;11.51;44.66;3572.72;2165.85;-1406.87;0.00
0.25;10.23;45.89;3671.26;2018.45;-1652.80;0.00
0.26;10.12;38.69;3095.04;2039.51;-1055.53;0.00
0.26;9.70;46.72;3737.45;2065.95;-1671.50;0.00
0.25;10.07;41.49;3319.27;1983.15;-1336.12;0.00
0.25;10.30;46.66;3733.00;2008.25;-1724.75;0.00
0.26;12.92;41.25;3300.24;2239.95;-1060.28;0.00
0.22;9.33;48.99;3919.43;1794.58;-2124.85;0.00
0.24;12.27;32.86;2629.16;2081.07;-548.09;0.00
0.21;9.27;44.88;3590.79;1706.46;-1884.33;0.00
0.27;9.15;39.07;3125.58;2045.15;-1080.42;0.00
0.24;12.56;39.53;3162.67;2059.32;-1103.35;0.00
0.24;11.93;49.71;3977.08;2031.18;-1945.90;0.00
0.26;10.69;35.37;2829.78;2078.39;-751.39;0.00
0.24;10.69;45.11;3608.82;1977.16;-1631.66;0.00
0.25;10.48;42.60;3408.35;2051.65;-1356.69;0.00
0.24;8.56;40.75;3260.18;1848.42;-1411.76;0.00
0.25;11.37;34.19;2735.45;2093.97;-641.48;0.00
0.29;12.24;43.68;3494.56;2337.60;-1156.96;0.00
0.21;11.50;34.47;2757.38;1848.53;-908.85;0.00
0.25;10.80;40.59;3247.59;2050.47;-1197.12;0.00
0.26;12.21;44.44;3555.22;2178.79;-1376.43;0.00
0.23;9.85;36.39;2911.56;1859.50;-1052.05;0.00
0.27;10.31;50.20;4016.26;2117.93;-1898.34;0.00
0.31;11.00;39.95;3195.96;2384.39;-811.57;0.00
0.26;9.34;32.77;2621.23;2017.71;-603.51;0.00
0.24;8.82;49.20;3936.10;1857.59;-2078.50;0.00
0.28;8.74;29.72;2377.47;2096.69;-280.78;0.00
0.29;12.47;38.95;3116.04;2389.04;-727.01;0.00
0.23;10.81;47.54;3802.91;1926.64;-1876.27;0.00
0.22;8.05;44.01;3520.42;1718.06;-1802.36;0.00
0.25;11.09;42.06;3365.09;2066.39;-1298.70;0.00
0.25;11.12;36.65;2932.40;2039.05;-893.35;0.00
0.26;11.21;45.08;3606.28;2121.85;-1484.43;0.00
0.24;9.46;40.15;3211.99;1906.99;-1305.00;0.00
0.26;9.27;48.10;3848.04;1997.88;-1850.16;0.00
0.29;9.97;41.33;3306.05;2234.40;-1071.65;0.00
0.22;9.84;42.97;3437.54;1800.72;-1636.82;0.00
0.25;12.99;38.81;3104.57;2172.38;-932.18;0.00
0.25;8.73;35.90;2871.89;1922.69;-949.21;0.00
0.23;9.49;34.56;2764.60;1839.01;-925.59;0.00
0.25;10.32;38.06;3044.44;2025.60;-1018.84;0.00
0.27;11.51;46.77;3741.86;2192.05;-1549.81;0.00
0.22;11.19;41.26;3300.98;1905.46;-1395.52;0.00
0.26;10.52;42.26;3381.01;2089.53;-1291.48;0.00
0.25;9.03;37.20;2976.15;1972.34;-1003.81;0.00
0.25;8.59;35.88;2870.50;1948.85;-921.65;0.00
0.26;10.12;36.91;2953.11;2090.24;-862.87;0.00
0.29;10.33;43.87;3509.47;2248.17;-1261.30;0.00
0.26;10.22;39.95;3195.66;2048.24;-1147.42;0.00
0.23;9.56;39.16;3132.82;1850.63;-1282.19;0.00
0.20;7.73;36.15;2892.22;1558.21;-1334.01;0.00
0.26;8.44;44.67;3573.90;1983.17;-1590.73;0.00
0.26;7.15;41.30;3303.66;1897.76;-1405.90;0.00
0.24;9.90;37.37;2989.82;1962.92;-1026.90;0.00
0.24;12.27;40.55;3244.07;2057.99;-1186.08;0.00
0.26;12.40;42.36;3389.02;2178.62;-1210.41;0.00
0.25;9.03;38.91;3112.89;1962.95;-1149.94;0.00
0.23;10.41;46.10;3687.81;1875.24;-1812.57;0.00
0.28;12.21;43.88;3510.71;2280.88;-1229.83;0.00
0.25;9.86;32.06;2565.15;1970.55;-594.61;0.00
0.28;8.41;34.20;2735.87;2077.75;-658.13;0.00
0.25;8.99;41.34;3306.90;1935.47;-1371.42;0.00
0.26;8.15;39.19;3135.23;1932.18;-1203.06;0.00
0.30;9.84;46.97;3757.33;2259.59;-1497.74;0.00
0.27;10.43;47.06;3765.09;2152.86;-1612.24;0.00
0.26;11.86;42.34;3387.43;2154.89;-1232.55;0.00
0.24;9.33;39.41;3152.41;1916.60;-1235.81;0.00
0.28;10.30;44.12;3529.36;2173.87;-1355.50;0.00
0.33;9.06;35.09;2806.96;2417.13;-389.82;0.00
0.23;10.14;41.12;3289.21;1883.23;-1405.98;0.00
0.28;10.14;30.78;2462.50;2204.07;-258.43;0.00
0.28;10.53;34.62;2769.38;2194.98;-574.40;0.00
0.25;9.46;39.35;3148.23;1942.34;-1205.89;0.00
0.21;10.11;36.50;2920.37;1766.63;-1153.74;0.00
0.24;10.38;36.37;2909.68;1938.46;-971.22;0.00
0.22;8.18;42.09;3367.07;1719.12;-1647.96;0.00
0.24;10.39;37.99;3039.21;1987.23;-1051.97;0.00
0.26;11.46;43.34;3467.28;2114.13;-1353.15;0.00
0.26;10.45;39.87;3189.91;2066.16;-1123.75;0.00
0.24;11.55;41.85;3348.29;2051.58;-1296.71;0.00
0.22;9.92;35.96;2877.07;1834.28;-1042.78;0.00
0.27;9.85;34.83;2786.79;2104.45;-682.34;0.00
0.20;9.63;36.34;2907.17;1674.77;-1232.40;0.00
0.29;11.28;31.93;2554.63;2315.84;-238.79;0.00
0.26;10.72;36.68;2934.75;2122.57;-812.17;0.00
0.26;12.70;34.42;2753.55;2180.56;-572.99;0.00
0.31;10.13;29.70;2376.08;2335.56;-40.52;0.00
0.22;10.19;41.21;3296.49;1826.21;-1470.28;0.00
0.24;10.03;40.01;3201.00;1952.12;-1248.88;0.00
0.27;10.12;30.76;2460.71;2135.26;-325.45;0.00
0.29;11.08;41.21;3297.03;2283.85;-1013.18;0.00
0.22;8.03;30.07;2405.24;1708.40;-696.84;0.00
0.22;11.11;39.44;3155.45;1862.76;-1292.70;0.00
0.21;10.27;39.19;3134.85;1794.80;-1340.05;0.00
0.24;9.00;49.24;3939.44;1902.70;-2036.74;0.00
0.20;10.37;38.46;3077.07;1724.17;-1352.90;0.00
0.23;11.25;40.45;3236.04;1963.57;-1272.48;0.00
0.19;9.95;61.10;4887.71;1661.64;-3226.07;0.00
0.26;10.73;38.93;3114.07;2095.10;-1018.96;0.00
0.30;10.09;39.29;3143.05;2315.34;-827.71;0.00
0.25;11.25;35.06;2804.67;2051.16;-753.51;0.00
0.24;10.04;44.52;3561.70;1968.07;-1593.63;0.00
0.22;10.04;38.73;3098.12;1818.82;-1279.30;0.00
0.17;11.69;39.49;3159.07;1645.35;-1513.72;0.00
0.23;8.59;39.63;3170.15;1804.40;-1365.75;0.00
0.28;11.17;45.07;3605.47;2216.31;-1389.16;0.00
0.22;10.21;44.00;3520.17;1830.61;-1689.56;0.00
0.25;11.64;36.22;2897.72;2099.93;-797.79;0.00
0.25;9.28;38.54;3082.90;1980.60;-1102.30;0.00
0.27;9.02;42.29;3383.33;2063.22;-1320.11;0.00
0.29;8.57;39.00;3120.24;2169.72;-950.52;0.00
0.22;9.97;35.63;2850.49;1827.25;-1023.24;0.00
0.28;8.41;37.14;2971.17;2093.30;-877.87;0.00
0.23;10.70;46.38;3710.55;1924.95;-1785.60;0.00
0.27;10.24;45.28;3622.56;2148.50;-1474.06;0.00
0.27;9.69;49.76;3981.04;2097.46;-1883.58;0.00
0.27;9.54;44.11;3528.42;2100.16;-1428.26;0.00
0.27;9.04;45.62;3649.49;2038.98;-1610.52;0.00
0.23;8.63;36.71;2936.48;1827.10;-1109.38;0.00
0.28;9.77;38.47;3077.41;2158.20;-919.21;0.00
0.25;9.99;43.17;3453.68;2005.74;-1447.94;0.00
0.26;10.01;42.92;3433.99;2044.57;-1389.43;0.00
0.26;11.12;39.14;3130.97;2097.91;-1033.06;0.00
0.23;9.09;41.34;3307.44;1830.83;-1476.61;0.00
0.23;9.77;48.46;3876.62;1866.73;-2009.89;0.00
0.25;9.71;45.71;3656.84;1980.44;-1676.41;0.00
0.25;11.67;36.81;2945.15;2070.28;-874.88;0.00
0.27;9.99;42.51;3400.84;2099.56;-1301.28;0.00
0.26;11.00;41.77;3341.83;2130.30;-1211.52;0.00
0.21;6.83;46.94;3755.56;1615.51;-2140.05;0.00
0.29;9.45;52.42;4193.30;2188.93;-2004.36;0.00
0.29;11.31;39.27;3141.91;2312.68;-829.23;0.00
0.29;10.24;35.83;2866.31;2225.69;-640.62;0.00
0.25;9.04;42.12;3369.32;1937.73;-1431.58;0.00
0.22;11.52;36.96;2956.63;1909.04;-1047.59;0.00
0.22;11.86;47.37;3789.78;1929.35;-1860.43;0.00
0.22;10.58;40.60;3248.28;1853.24;-1395.04;0.00
0.23;10.96;37.79;3023.45;1949.77;-1073.68;0.00
0.29;10.24;38.05;3044.38;2228.81;-815.57;0.00
0.23;9.67;35.73;2858.06;1866.64;-991.41;0.00
0.26;10.47;44.00;3520.12;2067.83;-1452.29;0.00
0.25;10.71;37.72;3017.69;2060.83;-956.86;0.00
0.25;10.30;44.12;3529.96;2023.20;-1506.75;0.00
0.24;8.68;31.57;2525.65;1861.02;-664.62;0.00
0.23;11.72;37.16;2972.41;1958.54;-1013.87;0.00
0.24;10.33;37.86;3028.57;1977.67;-1050.89;0.00
0.22;10.69;38.65;3092.33;1845.12;-1247.21;0.00
0.23;10.43;36.30;2903.92;1905.42;-998.50;0.00
0.24;10.81;43.05;3443.84;1995.18;-1448.66;0.00
0.24;10.73;44.50;3560.11;1994.06;-1566.05;0.00
0.24;11.39;40.14;3210.92;2011.26;-1199.66;0.00
0.27;10.83;36.28;2902.22;2150.39;-751.83;0.00
0.25;9.48;50.65;4052.25;1951.69;-2100.55;0.00
0.27;11.57;35.13;2810.65;2216.18;-594.47;0.00
0.27;10.58;37.89;3030.98;2130.31;-900.67;0.00
0.24;11.25;42.56;3404.53;1991.87;-1412.66;0.00
0.24;11.22;41.58;3326.52;2005.33;-1321.19;0.00
0.23;10.98;42.85;3428.37;1953.30;-1475.08;0.00
0.25;10.50;45.13;3610.45;2023.67;-1586.78;0.00
0.32;10.58;49.12;3929.46;2446.29;-1483.16;0.00
0.21;9.10;43.74;3499.42;1742.34;-1757.08;0.00
0.28;10.77;42.71;3417.11;2235.88;-1181.22;0.00
0.23;7.81;44.02;3521.27;1750.66;-1770.62;0.00
0.25;11.01;37.52;3001.28;2048.70;-952.58;0.00
0.25;9.82;41.07;3285.25;1968.94;-1316.31;0.00
0.28;10.38;34.46;2757.13;2208.20;-548.92;0.00
0.24;11.30;42.95;3435.73;1981.93;-1453.80;0.00
0.26;7.64;44.24;3538.84;1906.36;-1632.48;0.00
0.25;10.05;39.09;3127.02;1999.31;-1127.71;0.00
0.31;11.22;35.71;2856.81;2393.91;-462.89;0.00
0.24;9.21;34.75;2779.93;1911.59;-868.34;0.00
0.18;10.81;41.93;3354.03;1632.39;-1721.63;0.00
0.25;10.64;39.59;3166.98;2022.33;-1144.65;0.00
0.21;9.98;41.44;3315.01;1788.57;-1526.44;0.00
0.26;9.50;53.24;4259.55;2024.38;-2235.16;0.00
0.26;9.84;34.28;2742.08;2033.06;-709.02;0.00
0.26;10.53;44.93;3594.30;2062.10;-1532.20;0.00
0.21;9.79;41.93;3354.52;1736.82;-1617.70;0.00
0.22;8.29;48.57;3885.27;1741.04;-2144.22;0.00
0.25;9.03;47.21;3776.96;1960.21;-1816.75;0.00
0.25;10.10;40.90;3271.83;2005.19;-1266.64;0.00
0.24;10.98;44.00;3519.92;2015.10;-1504.82;0.00
0.27;10.95;36.93;2954.51;2181.92;-772.58;0.00
0.24;13.17;42.06;3364.53;2102.63;-1261.91;0.00
0.20;10.90;39.93;3194.36;1756.56;-1437.80;0.00
0.25;8.91;31.69;2534.90;1941.06;-593.84;0.00
0.28;9.75;32.81;2625.09;2147.86;-477.23;0.00
0.28;9.78;35.11;2808.52;2147.46;-661.06;0.00
0.23;11.59;38.15;3052.26;1945.18;-1107.08;0.00
0.26;8.60;34.59;2767.57;2006.77;-760.80;0.00
0.24;11.66;41.90;3352.34;2007.30;-1345.04;0.00
0.25;11.88;37.08;2966.01;2095.44;-870.57;0.00
0.24;8.35;39.41;3152.70;1877.56;-1275.14;0.00
0.25;11.63;41.24;3299.21;2095.46;-1203.75;0.00
0.27;9.58;45.56;3644.62;2100.02;-1544.60;0.00
0.30;9.10;44.14;3531.12;2228.02;-1303.10;0.00
0.27;10.63;46.46;3716.49;2129.38;-1587.12;0.00
0.26;9.93;37.74;3019.28;2068.93;-950.35;0.00
0.24;12.02;38.15;3052.23;2059.18;-993.06;0.00
0.26;9.02;37.37;2989.37;2010.42;-978.95;0.00
0.21;10.01;43.27;3461.67;1752.46;-1709.21;0.00
0.26;10.63;42.26;3381.12;2107.32;-1273.80;0.00
0.22;10.01;43.20;3455.90;1816.85;-1639.05;0.00
0.28;10.65;29.34;2347.44;2207.17;-140.27;0.00
0.22;11.26;36.65;2931.67;1866.26;-1065.41;0.00
0.22;11.90;34.74;2778.89;1907.94;-870.95;0.00
0.28;9.79;39.70;3176.12;2156.42;-1019.70;0.00
0.28;9.54;38.15;3052.17;2128.19;-923.98;0.00
0.28;9.03;31.72;2537.36;2112.25;-425.11;0.00
0.24;9.77;35.84;2867.04;1937.53;-929.51;0.00
0.29;9.15;42.42;3393.87;2168.15;-1225.72;0.00
0.21;10.51;36.17;2893.89;1810.00;-1083.89;0.00
0.25;10.93;33.49;2678.81;2034.76;-644.06;0.00
0.23;8.57;36.07;2885.39;1807.59;-1077.80;0.00
0.25;11.04;38.20;3055.88;2028.10;-1027.78;0.00
0.25;9.30;39.67;3173.89;1935.90;-1237.99;0.00
0.29;10.81;46.98;3758.46;2299.27;-1459.18;0.00
0.26;10.82;35.92;2873.47;2079.97;-793.51;0.00
0.23;10.48;42.92;3433.30;1916.10;-1517.20;0.00
0.23;9.95;40.38;3230.55;1879.44;-1351.12;0.00
0.23;9.54;40.40;3232.17;1860.87;-1371.30;0.00
0.24;10.14;37.94;3035.12;1919.61;-1115.50;0.00
0.25;11.09;35.60;2847.86;2065.58;-782.28;0.00
0.28;11.43;45.80;3664.11;2249.86;-1414.25;0.00
0.22;7.96;30.66;2452.45;1739.85;-712.60;0.00
0.23;11.06;48.33;3866.64;1928.94;-1937.70;0.00
0.29;11.10;34.82;2785.33;2296.54;-488.79;0.00
0.23;10.11;45.71;3656.46;1877.04;-1779.42;0.00
0.29;10.91;33.86;2708.61;2285.76;-422.86;0.00
0.24;9.63;45.31;3624.53;1924.68;-1699.85;0.00
0.22;9.12;32.56;2604.71;1788.47;-816.24;0.00
0.28;11.97;39.32;3145.39;2257.45;-887.95;0.00
0.25;11.58;45.54;3642.89;2059.83;-1583.07;0.00
0.24;11.04;37.20;2975.89;2009.08;-966.81;0.00
0.27;9.17;37.32;2985.58;2061.12;-924.46;0.00
0.24;11.84;39.28;3142.14;2036.63;-1105.51;0.00
0.27;11.50;47.06;3765.05;2189.10;-1575.96;0.00
0.25;9.18;39.38;3150.69;1927.62;-1223.07;0.00
0.30;11.23;46.16;3693.14;2328.01;-1365.13;0.00
0.26;11.09;41.94;3354.97;2118.31;-1236.65;0.00
0.24;9.38;33.22;2657.20;1933.25;-723.95;0.00
0.24;9.79;48.24;3859.53;1923.42;-1936.11;0.00
0.22;8.13;41.92;3353.87;1695.14;-1658.72;0.00
0.31;11.65;36.85;2948.23;2414.14;-534.10;0.00
0.25;10.84;36.57;2925.64;2043.09;-882.56;0.00
0.26;8.85;41.44;3315.10;1969.39;-1345.71;0.00
0.28;9.38;43.14;3450.91;2167.88;-1283.03;0.00
0.28;11.52;38.85;3108.27;2282.95;-825.32;0.00
0.24;9.05;42.66;3412.93;1894.35;-1518.58;0.00
0.24;10.09;39.76;3180.47;1972.17;-1208.30;0.00
0.24;10.19;30.34;2427.15;1973.35;-453.80;0.00
0.28;8.60;38.78;3102.01;2073.17;-1028.84;0.00
0.27;7.72;48.02;3841.59;1977.92;-1863.68;0.00
0.23;11.05;50.08;4006.23;1933.54;-2072.69;0.00
0.23;11.41;34.79;2783.27;1976.28;-806.99;0.00
0.26;11.19;39.98;3198.19;2108.59;-1089.60;0.00
0.26;10.73;40.70;3256.18;2079.11;-1177.08;0.00
0.24;10.41;44.30;3543.94;1962.92;-1581.02;0.00
0.21;8.86;41.45;3315.81;1690.54;-1625.27;0.00
0.28;11.27;42.36;3388.83;2231.22;-1157.62;0.00
0.26;9.52;39.81;3184.40;2018.74;-1165.66;0.00
0.25;12.30;42.23;3378.22;2127.72;-1250.50;0.00
0.28;9.68;36.94;2955.44;2155.38;-800.06;0.00
0.25;10.14;37.80;3024.14;2018.19;-1005.95;0.00
0.23;10.11;45.94;3675.07;1863.66;-1811.41;0.00
0.22;9.92;42.71;3417.13;1798.48;-1618.65;0.00
0.27;8.81;38.61;3089.17;2027.47;-1061.70;0.00
0.25;11.37;31.23;2498.74;2096.44;-402.30;0.00
0.24;9.04;46.74;3739.19;1890.35;-1848.84;0.00
0.21;10.80;41.63;3330.21;1809.07;-1521.14;0.00
0.26;10.32;45.10;3608.26;2053.81;-1554.45;0.00
0.24;9.23;36.76;2940.72;1876.61;-1064.11;0.00
0.22;10.51;46.07;3685.31;1869.02;-1816.29;0.00
0.24;11.61;42.08;3366.03;2046.84;-1319.19;0.00
0.24;10.95;42.97;3437.54;1986.79;-1450.75;0.00
0.27;8.23;44.64;3571.34;1995.87;-1575.47;0.00
0.22;10.35;34.10;2727.64;1867.89;-859.75;0.00
0.23;10.12;36.48;2918.04;1867.80;-1050.24;0.00
0.25;9.36;41.87;3349.83;1965.55;-1384.28;0.00
0.23;10.07;39.95;3196.35;1868.65;-1327.70;0.00
0.26;10.83;41.61;3329.11;2089.99;-1239.12;0.00
0.27;10.07;39.69;3174.88;2130.14;-1044.74;0.00
0.22;11.83;40.50;3240.38;1946.69;-1293.69;0.00
0.25;10.00;34.80;2784.03;1985.42;-798.61;0.00
0.24;12.27;35.03;2802.55;2080.88;-721.67;0.00
0.23;9.01;39.25;3140.01;1805.26;-1334.75;0.00
0.24;11.01;45.06;3604.85;2022.28;-1582.57;0.00
0.22;11.86;37.82;3025.92;1909.94;-1115.98;0.00
0.24;12.51;50.37;4029.70;2062.57;-1967.14;0.00
0.24;11.33;46.75;3740.20;2034.49;-1705.71;0.00
0.22;9.13;42.05;3364.10;1755.51;-1608.60;0.00
0.23;9.64;38.63;3090.60;1843.97;-1246.63;0.00
0.24;10.55;41.13;3290.19;1965.72;-1324.47;0.00
0.25;10.77;40.48;3238.00;2016.13;-1221.87;0.00
0.23;9.81;39.97;3197.71;1867.29;-1330.42;0.00
0.27;10.23;47.95;3836.36;2133.84;-1702.51;0.00
0.29;9.19;34.18;2734.79;2197.12;-537.67;0.00
0.28;11.66;28.55;2283.97;2249.70;-34.27;0.00
0.23;10.55;33.70;2696.28;1933.01;-763.26;0.00
0.27;7.25;45.32;3625.67;1991.73;-1633.93;0.00
0.23;9.56;46.48;3718.66;1842.59;-1876.07;0.00
0.25;10.01;33.47;2677.97;1996.10;-681.88;0.00
0.28;12.70;41.06;3284.86;2338.20;-946.67;0.00
0.23;10.75;40.98;3278.12;1937.61;-1340.50;0.00
0.27;10.04;48.24;3859.35;2145.99;-1713.36;0.00
0.26;10.14;40.03;3202.06;2043.48;-1158.58;0.00
0.24;10.44;48.46;3876.66;1936.54;-1940.12;0.00
0.27;9.83;31.79;2543.02;2081.29;-461.73;0.00
0.25;11.12;34.02;2721.56;2038.92;-682.64;0.00
0.23;12.82;40.78;3262.33;2044.41;-1217.92;0.00
0.24;9.04;39.69;3174.95;1910.80;-1264.14;0.00
0.30;9.67;39.05;3124.17;2268.92;-855.25;0.00
0.29;10.37;32.24;2579.38;2252.66;-326.72;0.00
0.23;12.83;40.33;3226.36;2011.85;-1214.52;0.00
0.21;11.44;39.78;3182.18;1857.09;-1325.09;0.00
0.23;9.53;43.65;3492.34;1876.22;-1616.12;0.00
0.28;9.64;39.21;3136.92;2177.34;-959.58;0.00
0.22;8.61;35.40;2832.09;1772.71;-1059.37;0.00
0.25;9.82;40.44;3235.24;1986.76;-1248.47;0.00
0.27;11.08;42.92;3433.46;2145.87;-1287.59;0.00
0.25;12.11;39.96;3197.01;2094.72;-1102.28;0.00
0.21;9.22;37.08;2966.09;1733.95;-1232.14;0.00
0.25;10.91;36.78;2942.13;2047.08;-895.04;0.00
0.22;10.13;40.67;3253.60;1838.12;-1415.48;0.00
0.25;10.76;41.64;3330.82;2024.60;-1306.22;0.00
0.23;9.98;37.55;3003.71;1853.86;-1149.85;0.00
0.26;10.50;44.06;3524.49;2058.37;-1466.12;0.00
0.24;10.96;42.94;3435.33;1981.42;-1453.91;0.00
0.25;10.35;32.44;2595.19;2044.68;-550.51;0.00
0.25;10.76;34.51;2761.05;2059.34;-701.70;0.00
0.25;10.48;34.64;2771.27;1995.59;-775.68;0.00
0.24;10.52;41.80;3344.38;1950.86;-1393.52;0.00
0.27;11.91;39.82;3185.91;2221.29;-964.63;0.00
0.23;10.14;39.31;3144.55;1915.23;-1229.32;0.00
0.23;10.63;46.17;3693.76;1922.36;-1771.39;0.00
0.19;10.68;45.16;3612.73;1699.69;-1913.04;0.00
0.26;10.68;48.24;3859.03;2092.79;-1766.24;0.00
0.27;9.02;48.17;3853.88;2065.42;-1788.46;0.00
0.27;8.22;46.78;3742.14;2024.54;-1717.60;0.00
0.26;9.76;35.95;2876.02;2057.72;-818.30;0.00
0.27;11.02;31.93;2554.44;2150.33;-404.11;0.00
0.24;10.67;37.45;2995.64;1987.72;-1007.92;0.00
0.25;9.37;37.48;2998.42;1985.31;-1013.11;0.00
0.26;9.97;43.60;3488.12;2035.75;-1452.37;0.00
0.27;10.79;35.57;2845.65;2133.96;-711.69;0.00
0.25;10.38;42.31;3384.95;2011.77;-1373.18;0.00
0.23;10.77;36.77;2941.43;1935.05;-1006.39;0.00
0.22;10.97;41.99;3358.91;1859.34;-1499.57;0.00
0.29;10.33;35.37;2829.46;2258.42;-571.04;0.00
0.24;11.01;38.60;3088.05;1988.01;-1100.04;0.00
0.27;9.41;40.98;3278.51;2101.45;-1177.07;0.00
0.27;8.10;39.10;3128.25;2033.78;-1094.47;0.00
0.21;11.21;36.25;2900.08;1822.66;-1077.42;0.00
0.24;10.31;46.43;3714.48;1984.03;-1730.46;0.00
0.27;10.78;44.98;3598.03;2141.99;-1456.04;0.00
0.22;7.77;45.56;3644.63;1720.71;-1923.92;0.00
0.23;10.25;48.61;3888.46;1893.57;-1994.89;0.00
0.27;10.70;47.41;3792.58;2163.79;-1628.79;0.00
0.28;10.88;41.44;3315.20;2213.83;-1101.37;0.00
0.23;10.83;41.77;3341.87;1917.02;-1424.85;0.00
0.24;9.69;35.21;2817.18;1947.30;-869.88;0.00
0.24;12.56;45.14;3611.20;2077.71;-1533.49;0.00
0.28;7.63;38.72;3097.80;2052.81;-1044.99;0.00
0.26;11.18;39.32;3145.76;2130.94;-1014.83;0.00
0.29;11.30;45.70;3655.86;2284.00;-1371.85;0.00
0.23;11.51;39.15;3131.74;1971.40;-1160.34;0.00
0.24;9.15;41.85;3347.82;1903.22;-1444.60;0.00
0.26;9.12;39.00;3120.01;2030.82;-1089.19;0.00
0.25;10.68;32.92;2633.79;2015.48;-618.30;0.00
0.22;9.98;34.22;2737.48;1824.17;-913.31;0.00
0.27;11.69;44.10;3528.22;2179.64;-1348.58;0.00
0.27;12.28;38.71;3096.43;2226.75;-869.67;0.00
0.25;8.11;46.93;3754.01;1874.33;-1879.69;0.00
0.26;10.34;40.44;3235.51;2091.48;-1144.03;0.00
0.25;8.86;38.24;3059.13;1954.54;-1104.59;0.00
0.28;10.02;40.90;3271.94;2196.50;-1075.43;0.00
0.23;10.61;30.56;2444.53;1891.54;-552.99;0.00
0.28;8.89;33.11;2648.90;2115.45;-533.45;0.00
0.27;11.13;40.65;3251.61;2147.70;-1103.91;0.00
0.23;11.49;45.95;3676.11;1970.45;-1705.66;0.00
0.22;12.06;33.86;2708.56;1956.80;-751.75;0.00
0.24;11.02;42.33;3386.47;2011.44;-1375.03;0.00
0.23;10.88;34.23;2738.66;1904.71;-833.95;0.00
0.28;10.44;36.29;2902.82;2174.51;-728.32;0.00
0.26;9.90;43.91;3512.42;2051.50;-1460.92;0.00
0.26;10.06;39.13;3130.72;2038.40;-1092.32;0.00
0.28;11.41;37.30;2984.25;2268.55;-715.70;0.00
0.22;9.25;40.59;3247.36;1792.38;-1454.98;0.00
0.23;10.35;31.52;2521.98;1916.95;-605.04;0.00
0.29;9.59;42.65;3412.04;2227.70;-1184.34;0.00
0.25;10.90;43.44;3475.51;2041.89;-1433.62;0.00
0.26;10.35;42.63;3410.74;2087.59;-1323.15;0.00
0.25;9.47;37.30;2983.66;1992.36;-991.30;0.00
0.24;9.80;42.76;3420.71;1947.90;-1472.80;0.00
0.19;9.13;38.58;3086.07;1598.34;-1487.73;0.00
0.22;10.68;39.34;3147.29;1873.42;-1273.88;0.00
0.20;9.51;37.89;3031.23;1702.48;-1328.74;0.00
0.27;11.60;43.42;3473.77;2219.83;-1253.94;0.00
0.27;9.31;39.30;3144.39;2059.85;-1084.54;0.00
0.25;11.40;44.07;3525.63;2065.70;-1459.93;0.00
0.27;10.35;41.95;3356.00;2111.64;-1244.36;0.00
0.22;9.14;44.76;3580.58;1774.61;-1805.97;0.00
0.24;9.71;33.67;2693.85;1936.21;-757.64;0.00
0.26;11.33;38.48;3078.60;2108.84;-969.77;0.00
0.27;9.13;45.87;3669.75;2052.16;-1617.59;0.00
0.21;11.33;23.34;1867.42;1849.56;-17.86;0.00
0.25;10.88;40.01;3200.96;2021.25;-1179.71;0.00
0.24;10.10;37.92;3033.89;1957.57;-1076.32;0.00
0.27;10.44;36.08;2886.42;2124.51;-761.91;0.00
0.19;10.88;40.77;3261.33;1722.09;-1539.24;0.00
0.26;9.79;37.46;2996.58;2045.74;-950.84;0.00
0.22;9.01;37.17;2973.23;1796.99;-1176.24;0.00
0.24;8.97;39.68;3174.70;1893.88;-1280.83;0.00
0.26;10.54;35.42;2833.67;2065.27;-768.39;0.00
0.25;9.64;50.29;4022.89;1987.53;-2035.36;0.00
0.23;10.36;36.16;2892.87;1872.51;-1020.37;0.00
0.25;10.21;36.10;2888.13;2032.47;-855.66;0.00
0.23;10.64;34.71;2776.42;1891.93;-884.49;0.00
0.21;9.74;44.10;3527.98;1746.34;-1781.64;0.00
0.26;9.59;44.68;3574.21;2032.77;-1541.44;0.00
0.22;12.05;36.64;2930.99;1934.34;-996.64;0.00
0.25;10.29;47.32;3785.23;2037.39;-1747.84;0.00
0.27;9.98;34.65;2771.69;2141.23;-630.47;0.00
0.21;11.05;46.71;3737.08;1832.67;-1904.41;0.00
0.26;12.21;34.70;2776.13;2202.66;-573.47;0.00
0.26;9.27;42.83;3426.06;2045.02;-1381.04;0.00
0.26;10.66;39.82;3185.27;2106.12;-1079.15;0.00
0.26;12.19;44.44;3555.38;2196.15;-1359.23;0.00
0.28;9.42;47.66;3812.42;2128.43;-1683.99;0.00
0.29;9.74;35.75;2859.70;2223.70;-636.00;0.00
0.24;13.23;46.03;3682.60;2138.17;-1544.43;0.00
0.25;10.06;38.89;3111.24;2026.12;-1085.11;0.00
0.28;9.22;35.29;2823.44;2136.25;-687.19;0.00
0.23;8.88;43.14;3451.04;1817.77;-1633.28;0.00
0.22;10.62;47.67;3813.80;1862.56;-1951.24;0.00
0.26;9.94;41.18;3294.41;2063.73;-1230.69;0.00
0.22;9.72;37.91;3033.18;1787.55;-1245.62;0.00
0.25;11.00;39.94;3195.57;2039.54;-1156.03;0.00
0.27;9.36;40.57;3245.62;2084.62;-1161.00;0.00
0.25;9.67;37.15;2971.86;1999.16;-972.71;0.00
0.28;11.98;49.40;3951.98;2259.63;-1692.35;0.00
0.27;11.21;45.87;3669.61;2206.89;-1462.72;0.00
0.23;8.95;47.35;3787.61;1834.70;-1952.90;0.00
0.21;9.64;34.97;2797.95;1721.16;-1076.80;0.00
0.27;12.14;35.72;2857.34;2233.03;-624.31;0.00
0.27;10.39;35.74;2858.89;2162.47;-696.41;0.00
0.26;11.61;41.73;3338.30;2154.02;-1184.28;0.00
0.24;10.25;38.04;3042.91;1960.85;-1082.06;0.00
0.25;8.48;45.91;3673.08;1900.00;-1773.08;0.00
0.22;11.10;42.75;3419.77;1886.84;-1532.93;0.00
0.21;9.70;39.50;3160.08;1770.99;-1389.09;0.00
0.26;9.60;39.57;3165.24;2022.98;-1142.26;0.00
0.24;10.70;38.16;3052.93;1950.18;-1102.75;0.00
0.21;9.76;44.53;3562.74;1730.10;-1832.64;0.00
0.21;8.09;46.76;3740.55;1669.03;-2071.52;0.00
0.31;8.18;41.37;3309.78;2231.93;-1077.86;0.00
0.22;9.43;35.93;2874.10;1821.52;-1052.58;0.00
0.25;10.39;46.06;3685.17;2016.11;-1669.06;0.00
0.26;11.48;41.32;3305.82;2162.13;-1143.69;0.00
0.28;10.75;42.10;3367.82;2214.99;-1152.83;0.00
0.24;10.03;41.69;3335.35;1945.07;-1390.28;0.00
0.24;9.21;37.84;3027.12;1888.83;-1138.29;0.00
0.21;11.42;37.65;3011.62;1858.77;-1152.85;0.00
0.21;10.63;36.45;2915.89;1770.68;-1145.21;0.00
0.21;10.16;50.27;4021.55;1751.53;-2270.02;0.00
0.24;11.41;35.37;2829.20;1993.09;-836.11;0.00
0.22;10.09;37.93;3034.65;1837.83;-1196.82;0.00
0.27;10.33;37.57;3005.78;2104.19;-901.60;0.00
0.28;9.18;48.22;3857.26;2120.40;-1736.86;0.00
0.21;11.24;41.93;3354.17;1825.29;-1528.87;0.00
0.28;9.72;53.19;4255.36;2170.33;-2085.03;0.00
0.23;10.55;39.42;3153.67;1893.24;-1260.43;0.00
0.18;11.07;42.23;3378.53;1668.45;-1710.08;0.00
0.25;9.06;40.70;3256.19;1929.10;-1327.09;0.00
0.25;10.84;35.58;2846.78;2021.37;-825.40;0.00
0.30;11.20;28.28;2262.79;2337.81;75.02;1.00
0.25;10.61;37.40;2991.61;2039.32;-952.28;0.00
0.23;9.47;41.82;3345.76;1838.54;-1507.22;0.00
0.23;9.63;35.25;2820.09;1875.44;-944.66;0.00
0.23;10.52;36.44;2915.36;1907.59;-1007.77;0.00
0.30;7.90;40.04;3203.24;2169.01;-1034.24;0.00
0.26;8.38;40.83;3266.71;1978.79;-1287.91;0.00
0.26;11.41;52.45;4196.07;2160.76;-2035.31;0.00
0.27;8.37;35.14;2811.48;2006.55;-804.93;0.00
0.30;11.34;42.23;3378.52;2359.96;-1018.55;0.00
0.25;11.00;39.57;3165.72;2073.39;-1092.34;0.00
0.21;11.39;36.57;2925.61;1843.20;-1082.41;0.00
0.25;11.25;34.88;2790.08;2071.17;-718.91;0.00
0.23;8.37;47.70;3816.30;1796.80;-2019.49;0.00
0.25;6.48;41.52;3321.32;1802.03;-1519.28;0.00
0.21;11.89;47.73;3818.14;1846.18;-1971.96;0.00
0.22;10.20;49.27;3941.22;1833.08;-2108.14;0.00
0.26;10.39;41.22;3297.46;2074.62;-1222.84;0.00
0.22;8.80;40.82;3265.71;1736.15;-1529.56;0.00
0.24;10.89;41.87;3349.91;2011.26;-1338.65;0.00
0.24;11.11;50.21;4016.71;1971.17;-2045.54;0.00
0.22;8.94;39.83;3186.71;1779.09;-1407.63;0.00
0.26;10.46;49.99;3998.92;2096.42;-1902.50;0.00
0.25;9.12;53.40;4271.73;1976.26;-2295.47;0.00
0.24;9.62;45.14;3611.22;1916.34;-1694.88;0.00
0.24;9.20;43.55;3483.73;1905.90;-1577.83;0.00
0.22;9.02;35.89;2871.33;1786.04;-1085.29;0.00
0.23;10.35;30.88;2470.17;1877.27;-592.90;0.00
0.24;11.20;46.13;3690.15;2031.26;-1658.88;0.00
0.27;10.19;36.05;2884.21;2151.26;-732.94;0.00
0.25;11.26;39.27;3141.52;2075.04;-1066.48;0.00
0.27;10.29;38.85;3107.76;2151.80;-955.96;0.00
0.27;9.53;37.18;2974.55;2105.24;-869.31;0.00
0.23;8.24;41.53;3322.14;1793.22;-1528.93;0.00
0.26;12.11;49.22;3937.89;2198.39;-1739.50;0.00
0.27;9.68;36.58;2926.57;2120.67;-805.90;0.00
0.26;11.15;36.95;2955.75;2141.95;-813.79;0.00
0.25;9.90;39.40;3151.86;1970.36;-1181.50;0.00
0.21;8.41;37.69;3015.57;1681.86;-1333.71;0.00
0.28;10.70;40.97;3277.92;2198.19;-1079.74;0.00
0.26;10.18;39.67;3173.72;2061.41;-1112.31;0.00
0.28;9.05;41.15;3292.38;2134.45;-1157.93;0.00
0.26;10.06;44.14;3531.02;2048.41;-1482.61;0.00
0.30;9.95;42.94;3435.15;2303.98;-1131.17;0.00
0.24;11.38;38.49;3079.48;2000.36;-1079.12;0.00
0.25;9.01;38.94;3115.20;1957.35;-1157.85;0.00
0.26;9.92;39.08;3126.07;2039.29;-1086.77;0.00
0.20;10.75;42.58;3406.58;1740.67;-1665.91;0.00
0.26;10.67;45.48;3638.38;2104.55;-1533.83;0.00
0.25;11.23;44.31;3544.62;2092.69;-1451.94;0.00
0.24;9.66;38.22;3057.77;1913.66;-1144.11;0.00
0.26;11.85;40.95;3276.11;2143.34;-1132.77;0.00
0.22;10.36;42.92;3433.89;1813.69;-1620.20;0.00
0.24;8.26;38.98;3118.37;1846.84;-1271.52;0.00
0.24;11.66;31.68;2534.71;2008.96;-525.75;0.00
0.23;9.32;44.65;3571.83;1851.28;-1720.55;0.00
0.28;9.97;38.59;3087.56;2165.75;-921.80;0.00
0.22;8.19;34.95;2796.15;1705.20;-1090.94;0.00
0.31;12.17;41.33;3306.15;2446.44;-859.71;0.00
0.29;11.22;40.87;3269.26;2314.08;-955.18;0.00
0.25;9.01;33.73;2698.48;1944.08;-754.40;0.00
0.28;11.22;40.42;3233.66;2210.20;-1023.46;0.00
0.26;9.99;41.31;3305.11;2043.77;-1261.34;0.00
0.25;10.01;37.27;2981.38;1969.62;-1011.76;0.00
0.26;9.46;38.34;3067.42;2041.32;-1026.10;0.00
0.24;11.24;39.81;3184.43;2007.68;-1176.75;0.00
0.24;10.45;44.07;3525.76;1947.42;-1578.34;0.00
0.26;9.63;43.03;3442.76;2021.79;-1420.96;0.00
0.26;10.88;36.28;2902.48;2093.36;-809.12;0.00
0.25;11.64;41.42;3313.77;2099.91;-1213.86;0.00
0.26;9.48;44.80;3583.79;2026.42;-1557.38;0.00
0.23;7.60;33.74;2699.43;1759.84;-939.59;0.00
0.21;9.19;39.53;3162.32;1722.67;-1439.65;0.00
0.24;10.64;40.00;3200.34;1952.94;-1247.40;0.00
0.23;11.89;37.28;2982.37;1994.95;-987.42;0.00
0.25;9.55;41.32;3305.49;1994.98;-1310.51;0.00
0.27;10.91;40.93;3274.75;2165.36;-1109.39;0.00
0.21;11.07;36.26;2900.85;1796.30;-1104.56;0.00
0.24;8.24;39.34;3146.97;1830.13;-1316.85;0.00
0.24;8.52;42.40;3392.16;1856.01;-1536.15;0.00
0.27;12.23;36.61;2929.10;2211.66;-717.44;0.00
0.24;10.35;38.25;3060.19;1983.31;-1076.89;0.00
0.20;10.25;41.36;3309.11;1731.59;-1577.52;0.00
0.27;8.20;44.04;3523.07;2008.33;-1514.74;0.00
0.24;10.14;45.26;3620.70;1957.02;-1663.67;0.00
0.24;10.21;43.51;3481.03;1945.05;-1535.98;0.00
0.23;9.31;42.97;3437.85;1870.03;-1567.83;0.00
0.28;9.91;43.46;3477.15;2159.15;-1318.01;0.00
0.25;11.26;27.64;2210.90;2085.13;-125.77;0.00
0.23;11.73;38.38;3070.69;1989.08;-1081.61;0.00
0.26;10.78;41.10;3287.82;2121.31;-1166.51;0.00
0.33;8.55;38.13;3050.26;2383.54;-666.71;0.00
0.24;8.77;35.00;2799.87;1869.61;-930.26;0.00
0.21;9.79;47.08;3766.76;1772.94;-1993.83;0.00
0.30;9.71;41.39;3310.96;2292.11;-1018.85;0.00
0.25;11.57;39.18;3134.68;2076.96;-1057.73;0.00
0.23;9.66;41.22;3297.37;1874.96;-1422.41;0.00
0.27;9.43;35.11;2808.79;2073.93;-734.87;0.00
0.27;9.31;37.42;2993.66;2083.41;-910.25;0.00
0.28;10.36;35.64;2850.99;2168.25;-682.74;0.00
0.22;12.04;46.45;3716.26;1935.93;-1780.33;0.00
0.26;10.08;31.78;2542.11;2035.19;-506.91;0.00
0.24;9.09;32.62;2609.34;1911.50;-697.84;0.00
0.27;9.96;43.24;3458.81;2118.28;-1340.53;0.00
0.28;11.88;35.41;2832.62;2291.10;-541.53;0.00
0.28;10.03;39.31;3145.03;2186.33;-958.70;0.00
0.28;13.27;36.74;2939.11;2367.54;-571.57;0.00
0.23;10.93;31.67;2533.87;1904.43;-629.44;0.00
0.27;10.64;37.54;3002.90;2159.17;-843.73;0.00
0.21;10.37;40.55;3244.22;1779.07;-1465.16;0.00
0.24;11.60;41.93;3354.33;2006.96;-1347.37;0.00
0.27;11.30;41.09;3286.83;2156.33;-1130.49;0.00
0.21;9.63;36.33;2906.33;1752.39;-1153.94;0.00
0.25;9.75;45.49;3639.16;1968.22;-1670.94;0.00
0.23;9.74;43.06;3444.67;1880.92;-1563.75;0.00
0.26;8.86;37.94;3035.37;1980.77;-1054.60;0.00
0.23;10.74;45.95;3675.72;1907.58;-1768.14;0.00
0.22;10.95;37.22;2977.87;1897.48;-1080.39;0.00
0.28;10.84;34.87;2789.60;2219.28;-570.32;0.00
0.21;9.14;41.65;3332.16;1730.45;-1601.70;0.00
0.21;10.01;34.61;2768.89;1763.99;-1004.90;0.00
0.27;10.98;35.54;2842.95;2154.65;-688.30;0.00
0.21;11.25;41.64;3330.97;1821.73;-1509.24;0.00
0.25;10.81;31.61;2529.07;2016.64;-512.43;0.00
0.24;10.41;43.16;3452.85;1988.97;-1463.87;0.00
0.23;8.16;41.06;3285.12;1803.28;-1481.84;0.00
0.25;11.17;41.40;3311.95;2046.96;-1265.00;0.00
0.26;9.24;50.66;4053.06;2008.72;-2044.33;0.00
0.24;11.60;39.35;3148.28;2027.15;-1121.13;0.00
0.25;9.46;43.93;3514.47;1982.07;-1532.40;0.00
0.25;11.37;35.63;2850.66;2069.18;-781.48;0.00
0.24;12.16;45.29;3623.17;2053.25;-1569.92;0.00
0.26;10.75;38.49;3079.43;2102.89;-976.54;0.00
0.24;9.27;45.00;3599.71;1899.71;-1700.00;0.00
0.25;9.56;40.80;3264.06;1987.15;-1276.91;0.00
0.26;9.10;44.89;3591.01;1990.16;-1600.85;0.00
0.22;11.81;44.55;3563.85;1915.07;-1648.78;0.00
0.24;10.66;35.71;2856.42;1987.90;-868.52;0.00
0.29;9.59;46.11;3688.74;2198.45;-1490.29;0.00
0.23;9.93;47.84;3827.03;1860.80;-1966.24;0.00
0.28;10.67;37.96;3036.88;2207.52;-829.37;0.00
0.22;11.99;38.04;3042.91;1904.75;-1138.16;0.00
0.27;9.28;41.38;3310.14;2086.76;-1223.39;0.00
0.29;10.44;50.13;4010.54;2236.61;-1773.94;0.00
0.21;8.05;38.17;3053.62;1637.70;-1415.92;0.00
0.22;10.98;39.24;3139.32;1872.36;-1266.96;0.00
0.29;9.31;41.22;3297.76;2205.03;-1092.73;0.00
0.24;9.05;41.25;3300.39;1878.03;-1422.35;0.00
0.24;10.06;36.63;2930.28;1929.37;-1000.91;0.00
0.26;8.56;43.27;3461.31;1955.01;-1506.30;0.00
0.24;8.11;38.51;3080.66;1815.51;-1265.16;0.00
0.25;10.52;40.94;3275.55;2040.19;-1235.36;0.00
0.28;10.44;40.33;3226.68;2194.00;-1032.68;0.00
0.24;9.74;47.31;3784.80;1925.29;-1859.51;0.00
0.24;8.31;39.03;3122.35;1861.87;-1260.48;0.00
0.23;10.78;35.26;2820.78;1927.78;-893.00;0.00
0.29;10.94;31.63;2530.57;2277.86;-252.71;0.00
0.24;8.29;50.02;4001.68;1835.16;-2166.51;0.00
0.28;9.38;39.52;3161.93;2116.87;-1045.07;0.00
0.18;9.53;40.51;3240.41;1554.77;-1685.64;0.00
0.24;10.53;42.05;3364.37;1982.60;-1381.77;0.00
0.29;10.41;46.50;3719.97;2244.57;-1475.40;0.00
0.26;10.65;47.48;3798.59;2088.71;-1709.88;0.00
0.27;8.34;32.51;2600.84;2035.38;-565.46;0.00
0.25;11.38;34.12;2729.79;2084.44;-645.35;0.00
0.29;11.09;46.83;3746.78;2294.72;-1452.06;0.00
0.25;11.12;48.37;3869.98;2082.40;-1787.58;0.00
0.22;9.65;36.59;2927.28;1777.34;-1149.94;0.00
0.30;10.62;42.28;3382.37;2304.81;-1077.56;0.00
0.21;7.57;40.79;3263.56;1653.15;-1610.42;0.00
0.24;10.18;40.19;3214.88;1945.74;-1269.14;0.00
0.24;8.42;38.17;3053.27;1840.18;-1213.08;0.00
0.26;12.82;39.76;3180.52;2192.36;-988.17;0.00
0.24;9.42;33.50;2679.63;1932.73;-746.90;0.00
0.25;10.13;48.18;3854.26;2011.09;-1843.18;0.00
0.25;11.29;34.83;2786.54;2047.95;-738.59;0.00
0.27;8.99;36.06;2884.89;2088.13;-796.76;0.00
0.24;10.78;44.06;3524.52;1979.97;-1544.55;0.00
0.22;8.33;43.48;3478.47;1745.61;-1732.85;0.00
0.26;9.72;37.72;3017.24;2030.24;-987.00;0.00
0.25;11.20;37.69;3014.94;2068.63;-946.32;0.00
0.32;10.08;36.35;2907.63;2404.74;-502.89;0.00
0.22;10.88;29.96;2397.14;1864.07;-533.06;0.00
0.23;10.64;40.65;3251.72;1901.41;-1350.30;0.00
0.27;10.36;42.19;3375.37;2127.84;-1247.53;0.00
0.23;9.79;41.97;3357.59;1887.47;-1470.11;0.00
0.23;11.57;40.59;3247.29;1993.60;-1253.69;0.00
0.27;10.23;39.71;3176.47;2142.79;-1033.68;0.00
0.26;9.26;37.95;3036.12;2037.67;-998.46;0.00
0.23;11.23;44.83;3586.07;1972.63;-1613.43;0.00
0.25;12.33;36.49;2918.86;2119.25;-799.61;0.00
0.23;11.64;34.99;2799.50;1943.01;-856.49;0.00
0.27;8.80;35.38;2830.21;2068.34;-761.86;0.00
0.23;10.72;43.09;3447.54;1893.66;-1553.88;0.00
0.22;10.39;47.26;3780.88;1858.13;-1922.75;0.00
0.27;10.67;46.07;3685.66;2161.83;-1523.83;0.00
0.24;11.51;39.11;3128.53;2048.96;-1079.57;0.00
0.24;8.60;45.16;3612.81;1846.29;-1766.53;0.00
0.29;10.85;43.29;3463.30;2294.95;-1168.35;0.00
0.20;12.09;39.00;3120.22;1836.16;-1284.06;0.00
0.26;10.97;38.88;3110.02;2103.41;-1006.61;0.00
0.31;10.63;42.02;3361.34;2404.15;-957.20;0.00
0.25;10.21;46.01;3680.90;2032.97;-1647.93;0.00
0.23;9.62;32.96;2637.17;1886.88;-750.29;0.00
0.23;11.67;40.69;3255.33;1982.16;-1273.17;0.00
0.27;9.83;36.21;2896.72;2111.87;-784.85;0.00
0.24;11.05;42.24;3379.26;1989.47;-1389.79;0.00
0.26;10.28;33.26;2660.96;2072.51;-588.45;0.00
0.27;10.68;41.74;3339.52;2150.15;-1189.37;0.00
0.28;9.52;45.06;3605.18;2127.24;-1477.94;0.00
0.22;11.68;43.88;3510.50;1899.94;-1610.56;0.00
0.30;10.37;44.83;3586.79;2325.85;-1260.94;0.00
0.26;7.93;35.21;2817.14;1929.31;-887.82;0.00
0.22;9.09;32.69;2614.81;1785.05;-829.76;0.00
0.26;11.26;42.90;3431.71;2118.36;-1313.35;0.00
0.23;12.61;42.15;3371.75;2031.17;-1340.58;0.00
0.23;10.94;28.22;2257.32;1905.44;-351.88;0.00
0.27;11.10;34.99;2799.34;2145.24;-654.10;0.00
0.23;9.79;33.58;2686.40;1893.53;-792.87;0.00
0.28;10.89;37.62;3009.36;2241.82;-767.54;0.00
0.24;10.56;36.75;2939.85;1978.70;-961.15;0.00
0.30;10.31;36.83;2946.44;2331.67;-614.77;0.00
0.24;9.98;49.77;3981.77;1910.57;-2071.21;0.00
0.24;9.73;34.98;2798.10;1951.55;-846.55;0.00
0.26;9.90;45.98;3678.52;2045.74;-1632.78;0.00
0.23;10.80;39.60;3168.08;1944.93;-1223.15;0.00
0.28;10.08;32.21;2577.12;2168.18;-408.93;0.00
0.27;10.73;44.45;3556.26;2140.77;-1415.50;0.00
0.22;10.08;46.75;3739.61;1829.08;-1910.53;0.00
0.23;12.45;45.44;3635.35;2002.84;-1632.51;0.00
0.23;9.96;27.23;2178.14;1882.10;-296.03;0.00
0.26;8.31;37.39;2991.00;1986.41;-1004.59;0.00
0.22;9.73;39.36;3148.48;1832.35;-1316.13;0.00
0.26;10.19;46.37;3709.39;2060.76;-1648.64;0.00
0.24;10.80;30.35;2427.72;1979.96;-447.75;0.00
0.28;8.80;40.78;3262.12;2101.48;-1160.64;0.00
0.24;9.76;34.41;2752.62;1955.11;-797.51;0.00
0.29;9.06;33.72;2697.52;2166.12;-531.40;0.00
0.27;9.75;32.46;2597.01;2128.94;-468.08;0.00
0.24;10.64;34.71;2776.54;1986.89;-789.65;0.00
0.26;10.93;51.68;4134.76;2092.06;-2042.70;0.00
0.30;9.42;44.30;3544.18;2273.55;-1270.63;0.00
0.23;9.36;42.50;3400.34;1819.22;-1581.12;0.00
0.20;11.92;46.84;3747.58;1816.34;-1931.24;0.00
0.23;9.14;39.53;3162.59;1862.60;-1299.99;0.00
0.25;11.30;36.11;2888.64;2042.21;-846.44;0.00
0.24;7.96;40.35;3228.38;1850.88;-1377.50;0.00
0.25;11.06;40.74;3259.37;2041.94;-1217.43;0.00
0.22;9.76;36.47;2917.66;1825.69;-1091.97;0.00
0.24;10.50;33.90;2712.28;1957.22;-755.06;0.00
0.26;12.33;43.27;3461.35;2198.92;-1262.43;0.00
0.25;9.36;39.91;3193.17;1984.16;-1209.01;0.00
0.25;11.76;30.02;2401.57;2098.77;-302.80;0.00
0.27;9.48;35.89;2871.51;2073.87;-797.64;0.00
0.24;10.11;41.50;3320.25;1938.82;-1381.42;0.00
0.23;9.47;35.96;2876.58;1866.44;-1010.14;0.00
0.20;8.38;40.70;3255.73;1603.03;-1652.70;0.00
0.24;9.70;47.65;3811.89;1910.74;-1901.15;0.00
0.27;10.95;46.37;3709.42;2155.62;-1553.80;0.00
0.28;8.95;46.19;3695.01;2098.11;-1596.90;0.00
0.27;12.85;42.74;3419.40;2244.52;-1174.89;0.00
0.26;11.89;42.92;3433.35;2157.10;-1276.25;0.00
0.31;9.36;48.96;3917.13;2317.27;-1599.85;0.00
0.27;11.38;46.14;3691.25;2172.89;-1518.36;0.00
0.28;7.26;39.95;3195.91;2011.10;-1184.81;0.00
0.25;9.72;51.71;4136.47;1963.86;-2172.61;0.00
0.27;10.53;43.66;3492.95;2144.51;-1348.43;0.00
0.31;10.50;45.22;3617.94;2386.26;-1231.68;0.00
0.26;8.55;44.85;3588.26;1987.89;-1600.37;0.00
0.26;13.00;38.65;3092.26;2243.36;-848.90;0.00
0.26;8.94;34.03;2722.79;1984.75;-738.05;0.00
0.27;10.55;44.75;3579.89;2121.05;-1458.84;0.00
0.27;9.96;41.21;3296.60;2128.35;-1168.25;0.00
0.25;8.37;44.92;3593.26;1884.96;-1708.29;0.00
0.28;10.45;41.16;3292.40;2174.08;-1118.33;0.00
0.26;9.60;42.43;3394.47;2059.92;-1334.56;0.00
0.21;8.99;32.53;2602.57;1710.33;-892.24;0.00
0.21;10.35;30.03;2402.56;1774.70;-627.86;0.00
0.23;11.25;43.97;3517.37;1940.76;-1576.61;0.00
0.24;10.82;34.36;2748.98;2002.32;-746.66;0.00
0.25;8.62;45.76;3660.97;1928.84;-1732.13;0.00
0.26;9.86;37.67;3013.29;2069.03;-944.26;0.00
0.25;10.13;40.50;3239.66;1977.10;-1262.56;0.00
0.25;11.33;34.35;2747.66;2054.58;-693.08;0.00
0.25;12.85;34.87;2789.76;2150.71;-639.04;0.00
0.25;8.41;44.96;3596.80;1939.20;-1657.60;0.00
0.29;9.74;34.72;2777.79;2214.67;-563.11;0.00
0.25;12.25;45.31;3624.73;2136.15;-1488.59;0.00
0.28;9.95;42.80;3423.66;2144.26;-1279.39;0.00
0.25;11.21;49.95;3995.61;2066.63;-1928.98;0.00
0.26;9.48;42.54;3403.59;2003.38;-1400.21;0.00
0.22;10.23;43.27;3461.97;1820.41;-1641.55;0.00
0.28;9.07;39.69;3175.18;2146.33;-1028.85;0.00
0.22;11.28;41.34;3307.16;1919.48;-1387.68;0.00
0.28;11.70;41.75;3339.97;2260.69;-1079.28;0.00
0.25;9.55;46.95;3756.31;1979.25;-1777.06;0.00
0.28;11.45;41.44;3315.54;2259.62;-1055.91;0.00
0.22;10.78;44.34;3547.17;1846.52;-1700.66;0.00
0.23;10.00;41.38;3310.67;1906.38;-1404.28;0.00
0.24;9.32;33.94;2715.09;1926.22;-788.86;0.00
0.23;10.16;37.26;2980.92;1867.49;-1113.43;0.00
0.24;10.17;38.50;3080.06;1961.08;-1118.98;0.00
0.28;10.77;44.64;3571.14;2236.76;-1334.38;0.00
0.25;9.95;33.53;2682.09;2007.92;-674.16;0.00
0.19;9.07;40.51;3240.61;1597.56;-1643.05;0.00
0.27;9.91;42.82;3425.46;2081.26;-1344.19;0.00
0.26;8.72;39.39;3151.28;1966.54;-1184.74;0.00
0.23;10.85;40.52;3241.30;1954.86;-1286.44;0.00
0.29;7.60;44.42;3553.88;2078.19;-1475.69;0.00
0.24;10.23;42.16;3372.91;1932.20;-1440.71;0.00
0.24;11.86;44.16;3532.42;2027.56;-1504.86;0.00
0.25;12.14;36.23;2898.78;2116.24;-782.54;0.00
0.24;10.44;42.58;3406.34;1964.61;-1441.73;0.00
0.27;9.29;38.62;3089.37;2075.19;-1014.18;0.00
0.28;9.06;38.33;3066.55;2109.94;-956.61;0.00
0.22;11.06;42.94;3435.27;1888.05;-1547.22;0.00
0.25;9.97;46.15;3691.82;2008.52;-1683.30;0.00
0.20;11.59;35.38;2830.33;1815.30;-1015.02;0.00
0.24;12.08;34.97;2797.24;2046.35;-750.89;0.00
0.26;9.63;40.09;3206.84;2028.18;-1178.67;0.00
0.26;9.00;42.30;3383.62;1991.25;-1392.37;0.00
0.24;10.45;39.98;3198.69;1987.89;-1210.80;0.00
0.24;8.88;36.21;2896.59;1898.97;-997.62;0.00
0.26;12.11;38.43;3074.54;2182.54;-892.00;0.00
0.28;10.59;35.17;2813.77;2176.17;-637.60;0.00
0.25;12.36;41.52;3321.66;2139.02;-1182.64;0.00
0.23;9.15;40.13;3210.02;1824.15;-1385.87;0.00
0.25;10.73;44.83;3586.56;2044.08;-1542.48;0.00
0.20;9.69;39.10;3127.82;1695.87;-1431.95;0.00
0.31;11.36;47.45;3795.65;2401.64;-1394.00;0.00
0.24;9.33;37.67;3013.45;1880.51;-1132.95;0.00
0.29;11.49;40.17;3213.24;2284.09;-929.15;0.00
0.26;9.52;38.45;3075.87;2040.54;-1035.33;0.00
0.24;10.78;31.89;2551.09;1959.52;-591.57;0.00
0.24;10.68;35.75;2860.20;1998.33;-861.87;0.00
0.24;11.76;37.89;3031.46;2017.53;-1013.93;0.00
0.27;10.36;38.96;3116.42;2161.96;-954.46;0.00
0.25;7.35;42.42;3393.23;1857.72;-1535.50;0.00
0.28;9.03;43.45;3476.01;2134.10;-1341.91;0.00
0.20;8.31;38.49;3079.12;1587.97;-1491.14;0.00
0.23;10.02;42.29;3382.85;1857.18;-1525.67;0.00
0.25;10.68;38.80;3104.13;2055.38;-1048.75;0.00
0.28;10.76;43.22;3457.74;2231.15;-1226.59;0.00
0.25;8.07;36.94;2955.21;1906.52;-1048.69;0.00
0.30;11.68;37.64;3011.22;2354.40;-656.82;0.00
0.26;11.69;41.48;3318.06;2136.66;-1181.40;0.00
0.25;9.83;44.83;3586.01;1990.66;-1595.35;0.00
0.26;8.18;40.00;3199.70;1957.48;-1242.22;0.00
0.28;9.54;41.72;3337.95;2143.23;-1194.72;0.00
0.27;9.21;43.41;3472.71;2071.83;-1400.89;0.00
0.26;9.80;36.23;2898.15;2017.27;-880.88;0.00
0.26;9.25;42.53;3402.56;2004.28;-1398.29;0.00
0.28;11.02;39.51;3160.61;2217.77;-942.84;0.00
0.26;10.22;42.48;3398.69;2050.45;-1348.24;0.00
0.25;10.65;40.50;3239.90;2049.07;-1190.84;0.00
0.25;8.93;41.87;3349.65;1942.36;-1407.29;0.00
0.25;10.36;35.36;2828.64;2021.89;-806.75;0.00
0.26;10.89;37.21;2977.14;2130.27;-846.87;0.00
0.24;8.26;38.90;3112.37;1826.66;-1285.71;0.00
0.24;11.04;47.14;3771.14;1980.11;-1791.03;0.00
0.24;12.52;41.72;3337.47;2052.67;-1284.79;0.00
0.29;11.74;33.44;2675.02;2354.00;-321.02;0.00
0.20;9.47;39.05;3123.83;1677.45;-1446.38;0.00
0.25;9.66;45.26;3620.61;1963.50;-1657.11;0.00
0.23;10.06;39.29;3143.56;1861.86;-1281.70;0.00
0.26;10.72;33.53;2682.37;2089.40;-592.97;0.00
0.27;11.07;42.54;3403.34;2145.53;-1257.81;0.00
0.24;9.99;42.40;3391.67;1915.46;-1476.21;0.00
0.25;9.45;46.04;3683.01;1992.95;-1690.05;0.00
0.30;11.30;40.09;3207.41;2380.22;-827.19;0.00
0.29;10.22;39.76;3180.76;2259.63;-921.14;0.00
0.27;11.35;32.80;2623.78;2177.37;-446.41;0.00
0.29;10.31;35.63;2850.28;2260.23;-590.05;0.00
0.27;11.20;41.94;3354.96;2188.99;-1165.97;0.00
0.22;12.24;47.51;3800.81;1931.20;-1869.62;0.00
0.32;10.93;28.93;2314.68;2435.60;120.92;1.00
0.26;9.78;33.88;2710.17;2018.49;-691.68;0.00
0.26;10.17;37.96;3036.41;2047.76;-988.65;0.00
0.25;10.86;40.09;3207.50;2044.23;-1163.27;0.00
0.21;9.99;44.49;3559.46;1776.60;-1782.85;0.00
0.23;11.45;37.00;2959.99;1982.81;-977.18;0.00
0.27;10.20;33.75;2700.03;2113.81;-586.22;0.00
0.24;11.29;36.73;2938.45;2020.20;-918.25;0.00
0.20;9.11;36.43;2914.64;1684.52;-1230.12;0.00
0.26;8.86;41.54;3322.93;1984.95;-1337.98;0.00
0.26;11.85;41.13;3290.22;2183.28;-1106.94;0.00
0.22;11.45;35.58;2846.77;1899.27;-947.51;0.00
0.23;9.10;40.35;3228.00;1837.16;-1390.84;0.00
0.22;9.40;43.23;3458.76;1764.76;-1694.00;0.00
0.22;12.59;47.18;3774.13;1988.42;-1785.71;0.00
0.26;10.16;34.45;2755.85;2080.30;-675.55;0.00
0.21;8.86;44.41;3552.77;1683.95;-1868.82;0.00
0.25;9.78;37.99;3039.02;1999.40;-1039.63;0.00
0.25;7.89;44.03;3522.64;1876.67;-1645.96;0.00
0.26;9.19;47.59;3807.25;1990.16;-1817.09;0.00
0.27;10.12;41.46;3317.05;2131.46;-1185.59;0.00
0.28;10.23;51.12;4089.97;2185.53;-1904.44;0.00
0.24;11.31;41.47;3317.65;2020.02;-1297.63;0.00
0.23;11.22;39.71;3176.84;1964.81;-1212.02;0.00
0.28;9.29;41.58;3326.64;2110.54;-1216.10;0.00
0.27;9.66;45.63;3650.31;2075.17;-1575.14;0.00
0.30;11.13;40.55;3243.85;2327.24;-916.61;0.00
0.26;12.44;47.21;3777.19;2183.45;-1593.74;0.00
0.30;12.30;41.21;3297.05;2396.36;-900.68;0.00
0.22;9.31;44.17;3534.00;1799.18;-1734.81;0.00
0.28;11.00;33.61;2689.12;2202.37;-486.75;0.00
0.23;9.08;39.61;3168.50;1827.83;-1340.68;0.00
0.25;9.90;37.33;2986.16;1967.59;-1018.57;0.00
0.22;10.60;47.22;3777.39;1861.28;-1916.11;0.00
0.25;8.83;39.00;3119.95;1947.15;-1172.79;0.00
0.22;10.77;41.76;3340.94;1889.42;-1451.52;0.00
0.27;11.42;39.09;3127.36;2207.93;-919.43;0.00
0.22;11.70;44.97;3597.55;1898.52;-1699.03;0.00
0.24;10.97;29.21;2336.85;1985.26;-351.59;0.00
0.30;7.03;46.63;3730.70;2132.64;-1598.06;0.00
0.29;9.46;37.83;3026.19;2179.31;-846.87;0.00
0.22;9.27;37.00;2959.81;1789.86;-1169.96;0.00
0.23;9.28;41.05;3283.87;1822.73;-1461.13;0.00
0.24;10.74;48.53;3882.09;1993.14;-1888.95;0.00
0.26;11.94;32.77;2621.75;2149.34;-472.41;0.00
0.24;10.74;49.09;3927.29;1983.78;-1943.51;0.00
0.29;10.02;38.26;3061.17;2211.10;-850.07;0.00
0.27;9.26;40.34;3227.03;2078.32;-1148.71;0.00
0.28;12.54;47.55;3804.21;2294.55;-1509.66;0.00
0.28;9.90;47.42;3793.91;2141.67;-1652.24;0.00
0.28;9.66;43.75;3500.01;2140.57;-1359.44;0.00
0.21;10.75;34.22;2737.25;1827.91;-909.33;0.00
0.24;8.84;44.91;3592.80;1866.15;-1726.65;0.00
0.20;9.33;37.83;3026.61;1667.90;-1358.70;0.00
0.23;9.84;40.83;3266.22;1846.57;-1419.65;0.00
0.30;11.57;46.06;3684.84;2352.61;-1332.23;0.00
0.22;10.69;35.70;2855.67;1841.06;-1014.62;0.00
0.27;11.70;36.24;2899.08;2194.79;-704.29;0.00
0.22;9.42;37.86;3028.97;1809.43;-1219.55;0.00
0.22;11.41;39.29;3143.41;1901.89;-1241.52;0.00
0.27;11.84;42.98;3438.10;2195.42;-1242.68;0.00
0.29;10.90;37.52;3001.25;2271.95;-729.30;0.00
0.26;10.06;46.39;3711.19;2037.62;-1673.58;0.00
0.24;10.44;36.38;2910.69;1957.71;-952.98;0.00
0.25;10.47;42.05;3364.09;2025.99;-1338.10;0.00
0.26;10.52;33.24;2659.27;2097.64;-561.63;0.00
0.29;11.06;41.87;3349.95;2280.54;-1069.41;0.00
0.25;8.87;45.27;3621.34;1949.71;-1671.63;0.00
0.20;8.66;43.16;3452.79;1629.15;-1823.64;0.00
0.19;9.20;43.90;3512.04;1593.31;-1918.73;0.00
0.23;11.46;46.66;3732.46;1940.63;-1791.83;0.00
0.25;11.10;35.10;2807.79;2079.73;-728.06;0.00
0.23;9.37;44.28;3542.56;1873.35;-1669.21;0.00
0.26;9.87;37.87;3029.25;2023.58;-1005.68;0.00
0.29;10.64;34.52;2761.96;2281.91;-480.06;0.00
0.26;10.14;40.25;3219.88;2047.99;-1171.89;0.00
0.27;11.66;42.13;3370.57;2200.16;-1170.41;0.00
0.29;9.12;44.32;3545.20;2162.60;-1382.61;0.00
0.25;10.56;36.65;2931.93;2052.22;-879.70;0.00
0.25;9.87;36.95;2955.83;2003.99;-951.84;0.00
0.25;9.76;46.14;3690.97;1998.14;-1692.84;0.00
0.29;11.60;39.08;3126.56;2331.76;-794.80;0.00
0.22;9.76;41.24;3298.92;1802.95;-1495.97;0.00
0.24;9.24;36.77;2941.26;1915.53;-1025.73;0.00
0.27;10.17;42.99;3439.54;2145.09;-1294.44;0.00
0.27;10.71;48.28;3862.30;2136.89;-1725.41;0.00
0.20;11.57;41.01;3280.54;1763.90;-1516.64;0.00
0.24;10.13;33.31;2664.65;1931.36;-733.28;0.00
0.25;9.41;41.09;3286.87;1941.51;-1345.36;0.00
0.30;9.89;46.43;3714.77;2267.55;-1447.21;0.00
0.26;10.25;40.21;3216.58;2063.83;-1152.75;0.00
0.29;8.19;37.31;2984.46;2123.33;-861.13;0.00
0.28;10.25;36.55;2924.04;2204.60;-719.44;0.00
0.24;10.26;33.63;2690.72;1970.31;-720.41;0.00
0.25;9.95;35.88;2870.66;2017.20;-853.46;0.00
0.22;9.53;39.25;3140.24;1796.41;-1343.83;0.00
0.27;12.09;51.23;4098.66;2219.09;-1879.57;0.00
0.26;10.37;30.58;2446.41;2053.82;-392.60;0.00
0.27;9.97;38.19;3055.56;2102.63;-952.92;0.00
0.27;9.87;36.09;2887.04;2101.85;-785.19;0.00
