# X_0;X_1;X_2;R_0;S_0;G_0;I_0
0.28;11.31;42.17;3373.64;2260.93;-1112.71;0.00
0.26;11.69;39.85;3188.18;2124.43;-1063.75;0.00
0.25;11.29;35.13;2810.66;2070.19;-740.47;0.00
0.27;12.13;36.26;2901.02;2207.94;-693.08;0.00
0.22;8.83;40.42;3233.31;1758.48;-1474.82;0.00
0.25;11.53;40.20;3215.99;2059.59;-1156.39;0.00
0.27;10.73;48.14;3851.38;2142.21;-1709.17;0.00
0.30;8.02;39.47;3157.77;2161.12;-996.64;0.00
0.27;8.84;37.61;3008.58;2045.46;-963.12;0.00
0.26;9.41;38.58;3086.73;2027.95;-1058.78;0.00
0.26;12.69;39.97;3197.69;2182.82;-1014.87;0.00
0.24;9.04;44.02;3521.28;1912.65;-1608.62;0.00
0.23;12.04;39.65;3172.02;2016.61;-1155.41;0.00
0.29;9.65;43.32;3465.84;2189.69;-1276.15;0.00
0.28;7.83;46.97;3757.85;2049.89;-1707.96;0.00
0.26;9.98;40.82;3265.24;2073.11;-1192.13;0.00
0.27;9.85;41.31;3304.80;2086.33;-1218.47;0.00
0.32;10.09;43.51;3480.79;2383.81;-1096.98;0.00
0.31;9.67;40.34;3227.19;2314.63;-912.56;0.00
0.24;11.84;49.22;3937.57;2060.29;-1877.28;0.00
0.26;11.32;36.37;2909.97;2148.50;-761.47;0.00
0.25;10.78;42.18;3374.67;2057.13;-1317.54;0.00
0.26;11.91;38.38;3070.52;2181.74;-888.78;0.00
0.25;10.48;33.65;2692.15;2000.21;-691.94;0.00
0.25;11.72;39.26;3140.44;2069.84;-1070.60;0.00
0.24;12.01;40.99;3279.31;2055.90;-1223.41;0.00
0.22;10.39;39.32;3145.83;1817.04;-1328.79;0.00
0.24;9.16;40.50;3240.29;1887.84;-1352.45;0.00
0.23;9.97;42.45;3395.61;1862.60;-1533.00;0.00
0.26;10.25;39.46;3156.63;2054.11;-1102.52;0.00
0.23;12.60;43.67;3493.92;2018.48;-1475.45;0.00
0.25;9.35;38.81;3104.46;1939.69;-1164.77;0.00
0.28;12.48;43.76;3501.19;2285.61;-1215.58;0.00
0.24;11.18;43.21;3457.05;2015.97;-1441.08;0.00
0.22;11.14;39.56;3164.51;1898.36;-1266.15;0.00
0.25;8.84;36.65;2931.74;1927.92;-1003.82;0.00
0.28;10.71;42.43;3394.04;2198.89;-1195.15;0.00
0.26;11.08;37.71;3016.57;2090.66;-925.91;0.00
0.25;10.27;38.25;3060.29;1984.08;-1076.21;0.00
0.22;10.50;38.67;3093.94;1876.77;-1217.17;0.00
0.27;11.02;27.96;2236.49;2154.48;-82.01;0.00
0.26;10.78;40.83;3266.59;2089.56;-1177.02;0.00
0.25;10.86;35.06;2804.97;2040.62;-764.34;0.00
0.25;9.72;41.03;3282.19;1996.66;-1285.53;0.00
0.25;9.62;39.56;3164.48;1962.84;-1201.63;0.00
0.24;10.68;42.78;3422.50;1970.32;-1452.19;0.00
0.23;10.62;42.67;3413.28;1901.48;-1511.79;0.00
0.24;11.21;44.19;3535.04;1980.63;-1554.41;0.00
0.25;11.00;42.37;3389.77;2033.80;-1355.97;0.00
0.23;9.58;42.09;3367.34;1880.98;-1486.36;0.00
0.29;11.50;45.75;3660.08;2302.24;-1357.83;0.00
0.25;7.92;36.81;2944.43;1907.13;-1037.30;0.00
0.24;7.11;35.86;2869.00;1781.39;-1087.61;0.00
0.26;11.41;47.96;3836.49;2138.55;-1697.94;0.00
0.26;10.51;45.06;3605.18;2069.18;-1536.00;0.00
0.18;10.30;35.92;2873.69;1584.18;-1289.51;0.00
0.29;10.31;41.61;3328.47;2260.08;-1068.39;0.00
0.23;9.57;45.81;3664.50;1837.35;-1827.14;0.00
0.23;12.16;45.15;3611.88;2018.69;-1593.19;0.00
0.23;10.46;40.03;3202.64;1917.77;-1284.87;0.00
0.29;10.35;31.57;2525.59;2245.40;-280.19;0.00
0.27;9.27;37.25;2980.23;2086.61;-893.62;0.00
0.24;11.92;42.72;3417.62;2059.42;-1358.20;0.00
0.26;13.07;38.97;3117.69;2202.94;-914.75;0.00
0.26;10.15;46.58;3726.20;2084.68;-1641.52;0.00
0.28;8.76;44.20;3535.72;2108.45;-1427.27;0.00
0.25;8.83;41.40;3312.09;1936.00;-1376.09;0.00
0.29;9.45;41.70;3336.15;2217.20;-1118.95;0.00
0.26;9.69;46.03;3682.72;2068.33;-1614.39;0.00
0.22;8.87;39.30;3144.22;1762.75;-1381.46;0.00
0.28;12.39;47.62;3809.79;2281.86;-1527.92;0.00
0.23;11.40;37.72;3017.62;1970.45;-1047.17;0.00
0.22;9.67;45.12;3609.97;1800.00;-1809.97;0.00
0.21;11.97;38.81;3104.59;1869.86;-1234.73;0.00
0.27;10.13;37.22;2977.40;2099.71;-877.69;0.00
0.27;10.16;44.64;3571.45;2125.58;-1445.87;0.00
0.25;10.01;42.66;3412.55;2018.19;-1394.35;0.00
0.28;11.42;42.71;3417.09;2240.47;-1176.63;0.00
0.23;10.74;38.17;3053.96;1906.95;-1147.01;0.00
0.25;10.06;40.12;3209.23;2009.54;-1199.69;0.00
0.24;8.26;43.73;3498.65;1868.76;-1629.89;0.00
0.24;12.80;40.07;3205.51;2114.01;-1091.50;0.00
0.25;10.18;40.57;3245.44;2021.75;-1223.69;0.00
0.27;10.63;43.62;3489.57;2152.57;-1337.00;0.00
0.26;8.86;44.08;3526.15;1969.40;-1556.75;0.00
0.28;8.38;38.32;3065.78;2056.14;-1009.64;0.00
0.23;9.56;52.44;4195.46;1851.37;-2344.10;0.00
0.29;9.83;39.61;3168.62;2234.04;-934.59;0.00
0.26;9.66;38.41;3072.52;2032.98;-1039.54;0.00
0.26;10.04;31.92;2553.63;2071.69;-481.94;0.00
0.29;11.10;39.54;3163.22;2303.72;-859.50;0.00
0.26;9.48;38.52;3081.48;2048.91;-1032.57;0.00
0.23;10.16;38.95;3115.86;1872.23;-1243.63;0.00
0.27;10.11;42.16;3372.99;2132.89;-1240.10;0.00
0.24;11.51;43.00;3440.30;2035.35;-1404.95;0.00
0.25;9.11;35.18;2814.55;1946.23;-868.31;0.00
0.26;8.84;47.27;3781.99;1981.34;-1800.65;0.00
0.22;11.04;33.72;2697.72;1866.51;-831.21;0.00
0.25;7.40;41.77;3341.89;1874.29;-1467.60;0.00
0.27;11.18;37.14;2970.84;2149.91;-820.94;0.00
0.26;10.16;41.28;3302.75;2070.61;-1232.14;0.00
0.26;12.02;44.33;3546.64;2185.26;-1361.38;0.00
0.20;8.91;40.12;3209.61;1666.64;-1542.98;0.00
0.23;8.90;35.79;2863.53;1810.48;-1053.05;0.00
0.24;7.28;40.35;3228.27;1780.29;-1447.97;0.00
0.24;10.03;43.13;3450.53;1940.17;-1510.36;0.00
0.24;7.82;46.55;3723.81;1834.05;-1889.76;0.00
0.22;11.88;41.81;3344.40;1939.31;-1405.09;0.00
0.22;9.36;36.99;2959.43;1814.34;-1145.10;0.00
0.29;9.18;33.89;2711.27;2189.11;-522.16;0.00
0.23;10.34;43.51;3481.18;1914.72;-1566.46;0.00
0.23;11.47;42.85;3428.39;1932.09;-1496.31;0.00
0.23;9.32;36.85;2948.17;1850.84;-1097.33;0.00
0.24;10.03;35.66;2852.63;1931.25;-921.38;0.00
0.26;10.69;28.85;2307.74;2104.36;-203.38;0.00
0.22;11.01;41.43;3314.40;1889.92;-1424.48;0.00
0.26;9.47;55.77;4461.30;2031.19;-2430.11;0.00
0.25;10.61;43.10;3448.34;2038.60;-1409.75;0.00
0.24;9.81;38.36;3069.09;1912.34;-1156.74;0.00
0.25;12.07;37.34;2987.48;2114.97;-872.51;0.00
0.25;11.18;41.05;3283.90;2080.64;-1203.26;0.00
0.28;13.36;32.38;2590.05;2352.48;-237.56;0.00
0.21;7.99;41.66;3333.05;1679.83;-1653.22;0.00
0.28;11.56;44.12;3529.58;2257.55;-1272.03;0.00
0.22;9.85;38.86;3108.52;1791.52;-1317.01;0.00
0.22;9.53;40.03;3202.43;1798.46;-1403.97;0.00
0.27;9.13;42.63;3410.20;2056.60;-1353.60;0.00
0.26;8.19;44.22;3537.71;1938.43;-1599.28;0.00
0.28;10.70;44.27;3541.88;2191.91;-1349.97;0.00
0.24;8.73;47.60;3807.99;1867.77;-1940.22;0.00
0.30;8.52;37.14;2971.01;2187.27;-783.74;0.00
0.24;10.26;43.71;3497.18;1925.23;-1571.96;0.00
0.24;10.80;43.46;3476.46;1994.12;-1482.34;0.00
0.27;10.80;40.46;3236.67;2146.08;-1090.60;0.00
0.23;10.16;36.02;2881.94;1890.25;-991.69;0.00
0.29;10.91;45.16;3612.87;2281.92;-1330.95;0.00
0.23;10.97;34.75;2779.72;1908.32;-871.40;0.00
0.27;10.34;39.05;3124.03;2147.43;-976.60;0.00
0.29;9.86;39.82;3185.29;2250.13;-935.16;0.00
0.27;9.85;36.97;2957.44;2120.80;-836.64;0.00
0.25;10.04;47.86;3828.72;2000.60;-1828.12;0.00
0.24;8.63;50.22;4017.55;1865.19;-2152.36;0.00
0.24;9.23;41.57;3325.46;1899.84;-1425.62;0.00
0.23;8.86;41.70;3335.78;1826.56;-1509.22;0.00
0.22;12.67;49.22;3937.98;1951.54;-1986.44;0.00
0.25;9.22;41.76;3341.11;1947.36;-1393.75;0.00
0.28;7.91;46.69;3734.80;2031.35;-1703.46;0.00
0.25;10.32;44.52;3561.39;2001.06;-1560.33;0.00
0.24;10.63;39.88;3190.23;2001.28;-1188.95;0.00
0.28;11.83;35.11;2809.08;2266.74;-542.34;0.00
0.25;11.02;44.30;3543.81;2032.21;-1511.61;0.00
0.27;11.03;39.20;3136.31;2168.08;-968.24;0.00
0.24;8.66;39.36;3148.49;1840.68;-1307.81;0.00
0.33;7.89;39.42;3153.43;2328.94;-824.48;0.00
0.26;10.55;37.84;3027.17;2115.05;-912.11;0.00
0.27;10.33;41.15;3291.77;2129.20;-1162.56;0.00
0.28;10.75;48.62;3889.85;2200.06;-1689.79;0.00
0.27;11.02;45.03;3602.20;2170.37;-1431.83;0.00
0.26;11.49;45.91;3672.99;2125.79;-1547.20;0.00
0.24;11.15;42.81;3424.50;1983.77;-1440.73;0.00
0.29;11.57;41.88;3350.24;2338.20;-1012.03;0.00
0.27;11.39;29.32;2345.20;2164.58;-180.63;0.00
0.23;12.58;39.33;3146.47;2010.82;-1135.65;0.00
0.27;9.83;38.16;3052.63;2120.62;-932.01;0.00
0.24;10.16;43.19;3455.27;1956.24;-1499.03;0.00
0.24;9.60;35.69;2855.34;1908.26;-947.08;0.00
0.24;12.53;36.91;2952.74;2084.73;-868.01;0.00
0.25;10.24;43.76;3500.46;1984.75;-1515.71;0.00
0.20;11.84;35.70;2856.22;1785.81;-1070.41;0.00
0.28;12.32;48.50;3879.97;2286.70;-1593.27;0.00
0.28;10.71;43.28;3462.51;2214.51;-1248.00;0.00
0.24;10.11;46.74;3739.12;1959.38;-1779.74;0.00
0.24;7.03;34.09;2727.27;1787.93;-939.34;0.00
0.24;8.59;36.83;2946.62;1837.85;-1108.77;0.00
0.28;10.82;40.81;3264.77;2201.50;-1063.27;0.00
0.27;10.08;37.61;3009.17;2122.57;-886.60;0.00
0.29;11.31;40.03;3202.16;2329.09;-873.07;0.00
0.25;9.16;36.23;2898.49;1943.90;-954.60;0.00
0.24;11.80;39.81;3185.16;2027.54;-1157.62;0.00
0.30;8.18;39.88;3190.31;2169.70;-1020.61;0.00
0.26;10.78;38.81;3105.10;2085.33;-1019.77;0.00
0.24;10.87;33.04;2643.45;1968.44;-675.01;0.00
0.22;10.06;35.71;2856.49;1825.42;-1031.07;0.00
0.26;10.74;40.19;3215.47;2077.55;-1137.91;0.00
0.20;11.19;49.30;3943.64;1772.41;-2171.23;0.00
0.26;10.60;43.34;3467.49;2083.06;-1384.43;0.00
0.26;7.69;35.32;2825.22;1933.65;-891.57;0.00
0.27;9.42;42.70;3416.40;2075.48;-1340.91;0.00
0.28;9.73;43.56;3484.96;2175.92;-1309.04;0.00
0.20;10.05;37.78;3022.76;1724.59;-1298.17;0.00
0.24;9.74;45.92;3673.68;1953.93;-1719.76;0.00
0.23;9.61;40.44;3235.17;1881.32;-1353.85;0.00
0.24;10.14;41.76;3340.93;1923.63;-1417.29;0.00
0.22;10.76;36.87;2949.96;1864.86;-1085.09;0.00
0.26;11.00;48.52;3881.29;2109.84;-1771.44;0.00
0.26;11.03;36.15;2891.92;2087.92;-804.01;0.00
0.21;10.08;39.47;3157.31;1762.03;-1395.28;0.00
0.26;11.20;39.18;3134.78;2142.43;-992.36;0.00
0.24;10.62;36.88;2950.64;1967.92;-982.71;0.00
0.25;11.85;34.16;2732.93;2125.52;-607.41;0.00
0.27;11.33;41.30;3303.92;2184.43;-1119.49;0.00
0.22;9.83;34.01;2720.62;1839.87;-880.75;0.00
0.26;10.13;40.44;3235.24;2090.64;-1144.60;0.00
0.26;11.74;50.35;4027.66;2149.28;-1878.38;0.00
0.23;11.65;49.30;3944.23;1979.42;-1964.82;0.00
0.25;10.05;38.44;3075.14;1993.19;-1081.95;0.00
0.28;9.23;37.75;3020.06;2117.09;-902.97;0.00
0.25;10.32;35.96;2876.50;2000.63;-875.87;0.00
0.20;11.37;45.72;3657.93;1786.93;-1871.01;0.00
0.25;9.40;35.12;2809.23;1984.21;-825.02;0.00
0.28;9.10;50.44;4035.33;2137.30;-1898.03;0.00
0.26;9.45;42.84;3427.39;2012.72;-1414.66;0.00
0.28;10.01;48.53;3882.41;2176.69;-1705.71;0.00
0.26;11.74;39.81;3185.14;2133.82;-1051.32;0.00
0.25;10.18;32.08;2566.12;1982.55;-583.57;0.00
0.26;10.62;36.79;2943.04;2078.10;-864.94;0.00
0.22;8.68;36.70;2935.77;1775.81;-1159.96;0.00
0.20;9.80;41.58;3326.45;1688.86;-1637.58;0.00
0.23;11.85;43.23;3458.04;2009.77;-1448.28;0.00
0.28;9.45;39.17;3133.35;2132.09;-1001.26;0.00
0.24;10.15;42.69;3415.33;1955.00;-1460.32;0.00
0.27;8.94;43.88;3510.56;2042.90;-1467.66;0.00
0.19;11.16;45.90;3672.28;1710.62;-1961.66;0.00
0.28;8.38;46.19;3695.21;2060.92;-1634.28;0.00
0.24;11.39;40.26;3221.02;2029.19;-1191.83;0.00
0.27;9.47;42.55;3404.27;2091.99;-1312.28;0.00
0.26;9.98;38.27;3061.98;2075.69;-986.29;0.00
0.29;11.14;38.35;3067.97;2288.20;-779.77;0.00
0.25;11.69;45.33;3626.50;2067.23;-1559.28;0.00
0.26;10.82;40.83;3266.03;2126.79;-1139.23;0.00
0.23;10.40;42.30;3384.10;1895.59;-1488.51;0.00
0.26;11.31;42.67;3413.28;2145.20;-1268.08;0.00
0.23;9.31;47.69;3815.29;1856.54;-1958.76;0.00
0.26;9.94;38.96;3116.80;2073.95;-1042.85;0.00
0.25;10.92;38.36;3068.77;2036.75;-1032.01;0.00
0.20;10.49;41.35;3307.79;1744.55;-1563.24;0.00
0.28;10.15;50.21;4016.76;2204.77;-1811.99;0.00
0.23;10.51;45.26;3620.67;1887.39;-1733.28;0.00
0.25;9.73;34.28;2742.04;2002.88;-739.16;0.00
0.27;9.31;37.60;3008.16;2067.17;-940.99;0.00
0.26;13.48;46.07;3685.99;2231.85;-1454.14;0.00
0.24;9.95;43.55;3484.14;1952.96;-1531.18;0.00
0.26;10.83;33.90;2712.05;2124.64;-587.41;0.00
0.26;8.27;45.88;3670.09;1986.82;-1683.27;0.00
0.26;9.49;42.56;3404.86;2002.17;-1402.69;0.00
0.26;9.99;35.36;2828.90;2047.26;-781.64;0.00
0.25;9.53;36.17;2893.87;1955.16;-938.71;0.00
0.26;9.17;46.96;3757.12;2015.13;-1741.98;0.00
0.24;8.35;38.98;3118.31;1868.08;-1250.23;0.00
0.27;10.29;40.45;3236.39;2151.81;-1084.58;0.00
0.29;11.44;44.74;3579.33;2306.26;-1273.07;0.00
0.23;10.48;49.41;3952.80;1923.30;-2029.50;0.00
0.25;11.44;36.93;2954.19;2078.66;-875.53;0.00
0.25;11.73;42.41;3392.79;2084.28;-1308.51;0.00
0.24;7.09;36.55;2923.99;1807.92;-1116.07;0.00
0.26;12.41;40.88;3270.51;2176.90;-1093.61;0.00
0.24;9.22;42.94;3435.39;1897.29;-1538.10;0.00
0.24;8.59;45.87;3669.65;1861.11;-1808.54;0.00
0.26;8.83;38.99;3118.85;1987.30;-1131.55;0.00
0.30;9.90;43.13;3450.24;2272.64;-1177.59;0.00
0.25;9.61;41.63;3330.68;1970.31;-1360.37;0.00
0.25;8.35;36.55;2923.79;1909.28;-1014.51;0.00
0.26;8.98;36.38;2910.58;1987.52;-923.07;0.00
0.24;10.10;42.52;3401.77;1971.92;-1429.85;0.00
0.28;13.25;38.75;3100.12;2349.88;-750.24;0.00
0.27;10.65;39.55;3163.68;2120.89;-1042.79;0.00
0.33;10.29;39.50;3160.27;2493.82;-666.45;0.00
0.25;10.40;48.56;3884.57;2010.65;-1873.92;0.00
0.27;10.24;40.84;3266.80;2130.98;-1135.83;0.00
0.19;10.84;44.75;3579.93;1713.73;-1866.20;0.00
0.26;8.60;41.47;3317.57;1954.24;-1363.33;0.00
0.26;8.88;37.70;3015.78;1970.16;-1045.61;0.00
0.23;9.68;40.50;3239.86;1848.46;-1391.40;0.00
0.31;11.31;48.10;3848.34;2411.40;-1436.94;0.00
0.26;12.15;32.17;2573.82;2196.67;-377.15;0.00
0.27;10.64;38.95;3115.64;2165.46;-950.18;0.00
0.22;11.25;37.18;2974.38;1918.06;-1056.32;0.00
0.26;11.81;46.12;3689.35;2146.96;-1542.39;0.00
0.27;11.25;38.67;3093.77;2164.34;-929.43;0.00
0.33;11.52;43.01;3440.88;2535.62;-905.26;0.00
0.26;10.22;36.54;2923.24;2048.41;-874.83;0.00
0.24;10.06;31.50;2520.39;1924.48;-595.91;0.00
0.25;9.40;44.60;3568.27;1946.44;-1621.83;0.00
0.26;11.82;35.01;2800.91;2150.61;-650.30;0.00
0.25;8.73;37.73;3018.28;1910.25;-1108.03;0.00
0.25;10.04;43.37;3469.61;2001.99;-1467.62;0.00
0.23;11.15;41.79;3343.16;1968.99;-1374.17;0.00
0.27;10.88;48.48;3878.06;2134.45;-1743.61;0.00
0.28;10.40;44.18;3534.77;2193.72;-1341.05;0.00
0.27;10.14;46.72;3737.56;2106.21;-1631.35;0.00
0.25;9.36;40.54;3243.59;1980.06;-1263.52;0.00
0.26;8.71;31.39;2511.19;1968.61;-542.58;0.00
0.27;11.01;41.14;3291.32;2140.43;-1150.89;0.00
0.21;9.76;40.49;3239.54;1777.89;-1461.65;0.00
0.28;9.42;45.75;3660.18;2125.04;-1535.14;0.00
0.24;10.61;35.30;2823.79;1985.91;-837.88;0.00
0.27;9.98;37.69;3015.00;2111.27;-903.72;0.00
0.24;9.79;41.76;3340.95;1948.86;-1392.09;0.00
0.25;11.39;33.78;2702.70;2077.42;-625.28;0.00
0.26;11.23;41.78;3342.19;2129.92;-1212.27;0.00
0.21;9.37;39.92;3193.52;1715.58;-1477.95;0.00
0.25;9.48;41.83;3346.31;1945.79;-1400.53;0.00
0.30;10.73;37.69;3015.23;2334.83;-680.40;0.00
0.22;10.46;45.16;3612.72;1834.68;-1778.04;0.00
0.26;8.90;41.30;3303.82;2024.22;-1279.60;0.00
0.27;10.51;33.63;2690.33;2129.97;-560.35;0.00
0.25;9.41;41.26;3300.80;1954.80;-1346.00;0.00
0.29;8.99;36.60;2927.76;2186.28;-741.48;0.00
0.21;10.39;33.54;2683.47;1768.53;-914.94;0.00
0.23;10.97;41.01;3281.01;1941.94;-1339.07;0.00
0.23;9.74;39.23;3138.44;1872.12;-1266.31;0.00
0.28;9.52;37.30;2984.17;2134.27;-849.90;0.00
0.26;8.97;40.58;3246.31;2028.13;-1218.18;0.00
0.24;9.72;33.87;2709.29;1940.42;-768.87;0.00
0.20;8.54;46.37;3709.45;1603.14;-2106.32;0.00
0.23;9.24;38.35;3068.32;1826.19;-1242.13;0.00
0.25;9.88;44.28;3542.61;2018.09;-1524.52;0.00
0.25;11.46;40.73;3258.27;2097.06;-1161.20;0.00
0.25;11.55;43.54;3483.50;2058.70;-1424.80;0.00
0.26;7.70;43.76;3500.56;1928.20;-1572.36;0.00
0.27;9.68;37.74;3019.16;2085.49;-933.67;0.00
0.24;11.47;41.19;3295.13;2039.48;-1255.66;0.00
0.22;9.41;40.21;3216.58;1800.82;-1415.75;0.00
0.21;11.94;41.59;3327.35;1854.78;-1472.57;0.00
0.24;10.66;49.77;3981.84;1968.89;-2012.94;0.00
0.28;7.64;37.65;3012.28;2041.29;-970.99;0.00
0.22;8.77;45.82;3665.32;1762.41;-1902.90;0.00
0.27;9.66;33.76;2700.50;2070.79;-629.71;0.00
0.25;10.79;36.58;2926.13;2030.30;-895.83;0.00
0.23;12.71;37.01;2961.15;2035.95;-925.20;0.00
0.20;8.93;38.56;3084.54;1627.77;-1456.76;0.00
0.25;8.90;36.79;2942.90;1956.67;-986.22;0.00
0.23;12.47;44.07;3525.23;1995.45;-1529.78;0.00
0.24;8.59;38.12;3049.97;1844.17;-1205.80;0.00
0.23;9.64;45.57;3645.45;1868.60;-1776.84;0.00
0.26;9.17;37.55;3003.84;1993.35;-1010.50;0.00
0.24;8.34;40.76;3260.90;1827.35;-1433.55;0.00
0.26;9.05;43.31;3465.00;1997.80;-1467.20;0.00
0.21;10.94;39.79;3183.07;1799.06;-1384.01;0.00
0.27;9.31;44.89;3591.46;2062.36;-1529.10;0.00
0.24;8.97;46.33;3706.27;1891.78;-1814.48;0.00
0.21;10.30;48.30;3864.18;1801.17;-2063.01;0.00
0.28;9.45;37.74;3019.49;2134.84;-884.66;0.00
0.28;9.76;49.90;3992.28;2154.28;-1838.01;0.00
0.19;11.02;39.79;3183.18;1685.53;-1497.65;0.00
0.27;10.12;38.94;3115.10;2123.77;-991.34;0.00
0.26;9.00;42.49;3399.11;2026.87;-1372.24;0.00
0.24;9.46;40.59;3246.81;1894.55;-1352.26;0.00
0.22;9.35;42.42;3393.22;1793.58;-1599.65;0.00
0.26;9.71;37.88;3030.52;2022.37;-1008.15;0.00
0.22;10.87;38.06;3045.11;1855.71;-1189.40;0.00
0.23;11.50;40.59;3247.37;1964.44;-1282.93;0.00
0.24;11.65;45.32;3625.59;2036.83;-1588.77;0.00
0.22;11.25;38.18;3054.01;1876.34;-1177.68;0.00
0.23;8.67;40.28;3222.29;1805.44;-1416.85;0.00
0.21;9.70;43.24;3459.51;1734.61;-1724.90;0.00
0.27;11.58;51.04;4083.13;2217.30;-1865.83;0.00
0.18;10.33;47.25;3779.65;1619.00;-2160.65;0.00
0.24;8.91;46.57;3725.47;1906.11;-1819.36;0.00
0.27;10.60;49.76;3980.72;2150.74;-1829.98;0.00
0.25;10.54;37.07;2965.99;2006.75;-959.24;0.00
0.22;9.51;44.06;3524.60;1803.78;-1720.81;0.00
0.23;9.98;42.65;3411.89;1906.79;-1505.09;0.00
0.25;10.10;46.84;3747.28;1997.11;-1750.17;0.00
0.24;9.81;42.15;3371.94;1947.77;-1424.17;0.00
0.24;9.45;38.20;3056.35;1898.51;-1157.84;0.00
0.24;9.55;41.18;3294.19;1888.81;-1405.38;0.00
0.21;10.78;39.80;3183.81;1834.18;-1349.64;0.00
0.23;8.08;39.23;3138.58;1779.37;-1359.21;0.00
0.29;11.02;33.68;2694.26;2295.45;-398.80;0.00
0.25;10.76;41.72;3337.69;2020.35;-1317.35;0.00
0.23;11.19;38.51;3080.93;1944.18;-1136.75;0.00
0.23;8.35;41.82;3345.55;1794.30;-1551.25;0.00
0.22;10.65;40.91;3272.48;1861.18;-1411.31;0.00
0.25;11.57;40.45;3236.05;2090.48;-1145.57;0.00
0.22;9.96;38.99;3119.52;1831.49;-1288.02;0.00
0.26;9.18;37.87;3029.24;2019.56;-1009.68;0.00
0.19;10.01;38.39;3070.80;1647.76;-1423.04;0.00
0.23;9.20;48.12;3849.30;1867.09;-1982.21;0.00
0.25;8.64;40.45;3235.87;1939.34;-1296.54;0.00
0.25;11.08;34.61;2769.09;2076.34;-692.74;0.00
0.21;11.04;42.55;3403.91;1838.03;-1565.88;0.00
0.23;9.85;40.52;3241.68;1896.33;-1345.35;0.00
0.23;10.86;43.26;3460.79;1938.41;-1522.37;0.00
0.26;9.60;39.59;3167.44;2023.45;-1143.99;0.00
0.23;10.48;43.12;3449.22;1925.52;-1523.70;0.00
0.25;9.84;34.09;2727.49;1965.94;-761.55;0.00
0.23;10.91;36.22;2897.56;1949.46;-948.10;0.00
0.24;8.78;43.48;3478.57;1887.21;-1591.36;0.00
0.22;11.03;36.40;2912.38;1861.25;-1051.13;0.00
0.28;10.74;38.06;3045.05;2231.62;-813.43;0.00
0.24;8.52;40.39;3230.91;1884.87;-1346.04;0.00
0.26;10.63;43.78;3502.58;2095.35;-1407.23;0.00
0.28;9.30;46.45;3716.33;2132.14;-1584.19;0.00
0.30;9.18;33.64;2691.08;2217.76;-473.32;0.00
0.24;9.65;38.06;3044.65;1914.45;-1130.20;0.00
0.24;10.90;42.83;3426.18;1969.25;-1456.93;0.00
0.23;11.91;37.05;2963.85;1977.53;-986.32;0.00
0.22;10.10;34.53;2762.03;1846.30;-915.74;0.00
0.25;9.58;46.23;3698.80;1960.76;-1738.04;0.00
0.23;10.45;39.75;3179.92;1914.66;-1265.26;0.00
0.22;10.08;44.10;3528.17;1837.62;-1690.55;0.00
0.25;9.98;40.11;3208.61;1973.71;-1234.90;0.00
0.25;8.67;40.08;3206.42;1944.04;-1262.37;0.00
0.24;10.06;41.72;3337.50;1918.09;-1419.41;0.00
0.22;11.30;38.20;3055.91;1875.74;-1180.17;0.00
0.28;8.12;43.32;3466.00;2093.64;-1372.36;0.00
0.27;8.18;46.66;3732.93;1992.36;-1740.58;0.00
0.25;9.57;37.76;3020.86;1959.32;-1061.54;0.00
0.29;11.37;40.62;3249.58;2312.84;-936.74;0.00
0.25;10.88;44.43;3554.25;2070.61;-1483.64;0.00
0.24;9.64;37.25;2980.26;1948.33;-1031.93;0.00
0.29;10.99;41.79;3342.83;2278.00;-1064.83;0.00
0.23;10.03;43.24;3459.06;1862.85;-1596.21;0.00
0.22;10.06;38.20;3056.31;1827.99;-1228.32;0.00
0.25;9.42;42.99;3439.32;1956.94;-1482.38;0.00
0.26;9.45;36.80;2944.19;2014.38;-929.81;0.00
0.23;6.92;40.00;3200.34;1726.27;-1474.07;0.00
0.24;9.71;32.46;2596.73;1909.81;-686.92;0.00
0.23;10.84;39.35;3148.09;1905.67;-1242.42;0.00
0.25;10.88;41.17;3293.32;2074.55;-1218.78;0.00
0.30;9.36;43.45;3476.35;2254.69;-1221.66;0.00
0.28;9.90;45.85;3668.08;2178.25;-1489.83;0.00
0.27;9.46;37.76;3020.80;2079.96;-940.84;0.00
0.29;9.25;44.64;3571.08;2177.75;-1393.33;0.00
0.26;10.34;37.62;3009.77;2103.80;-905.97;0.00
0.25;10.47;38.22;3057.23;2036.96;-1020.27;0.00
0.26;9.64;36.27;2901.30;2065.53;-835.77;0.00
0.26;9.18;36.13;2890.62;2014.86;-875.77;0.00
0.25;9.89;44.51;3560.60;2002.05;-1558.55;0.00
0.23;10.60;45.78;3662.61;1936.76;-1725.86;0.00
0.27;10.58;43.14;3450.91;2160.89;-1290.02;0.00
0.27;10.27;46.04;3683.14;2116.99;-1566.15;0.00
0.29;9.92;47.97;3837.61;2256.09;-1581.53;0.00
0.28;11.25;38.63;3090.10;2263.18;-826.92;0.00
0.24;10.52;42.63;3410.01;1987.94;-1422.06;0.00
0.24;10.62;43.75;3500.03;1946.13;-1553.90;0.00
0.23;9.99;48.96;3916.87;1876.87;-2040.00;0.00
0.29;11.39;34.39;2751.32;2332.72;-418.60;0.00
0.24;8.31;47.24;3779.31;1821.24;-1958.07;0.00
0.28;9.83;43.70;3496.29;2168.14;-1328.14;0.00
0.29;10.48;41.40;3312.14;2254.69;-1057.45;0.00
0.23;10.26;33.80;2703.89;1910.27;-793.61;0.00
0.27;10.52;42.44;3395.45;2144.65;-1250.80;0.00
0.25;11.23;41.51;3320.74;2043.40;-1277.34;0.00
0.27;9.43;39.56;3164.65;2074.93;-1089.72;0.00
0.23;12.07;47.78;3822.43;2017.47;-1804.96;0.00
0.26;10.46;37.13;2970.25;2059.02;-911.23;0.00
0.27;9.16;41.32;3305.46;2044.23;-1261.23;0.00
0.26;8.60;41.80;3344.25;1960.43;-1383.83;0.00
0.23;8.80;48.66;3892.62;1829.70;-2062.92;0.00
0.25;9.40;32.25;2579.74;1959.64;-620.11;0.00
0.25;10.53;42.93;3434.31;1998.33;-1435.98;0.00
0.25;11.77;39.82;3185.36;2112.88;-1072.48;0.00
0.22;12.10;40.05;3203.70;1916.67;-1287.02;0.00
0.26;8.55;38.53;3082.58;1964.88;-1117.71;0.00
0.25;11.00;30.95;2476.32;2034.67;-441.66;0.00
0.28;11.24;40.82;3265.81;2258.74;-1007.08;0.00
0.23;11.25;37.54;3003.48;1934.17;-1069.31;0.00
0.23;11.12;48.70;3895.93;1937.63;-1958.30;0.00
0.29;9.92;40.33;3226.67;2210.73;-1015.94;0.00
0.24;11.40;39.87;3189.40;1999.01;-1190.39;0.00
0.25;8.82;44.80;3583.76;1919.07;-1664.69;0.00
0.21;10.33;37.24;2979.05;1801.83;-1177.23;0.00
0.20;8.66;47.41;3792.74;1652.05;-2140.68;0.00
0.23;8.02;43.82;3505.53;1783.47;-1722.06;0.00
0.28;10.20;44.69;3575.06;2208.71;-1366.35;0.00
0.19;10.15;43.51;3481.07;1665.49;-1815.58;0.00
0.26;9.22;43.65;3492.18;1993.55;-1498.62;0.00
0.23;9.75;45.33;3626.40;1867.30;-1759.10;0.00
0.28;10.17;34.31;2744.99;2191.94;-553.06;0.00
0.25;11.28;43.07;3445.98;2045.39;-1400.59;0.00
0.28;10.34;39.57;3165.95;2166.96;-999.00;0.00
0.21;9.62;38.79;3103.31;1718.79;-1384.53;0.00
0.18;9.58;46.24;3699.21;1558.39;-2140.83;0.00
0.27;9.47;40.75;3259.80;2108.15;-1151.65;0.00
0.24;10.18;36.07;2885.52;1933.90;-951.62;0.00
0.28;10.59;43.66;3492.82;2210.84;-1281.98;0.00
0.26;10.47;38.04;3043.52;2078.03;-965.49;0.00
0.23;9.43;39.72;3177.61;1865.28;-1312.33;0.00
0.26;11.01;38.82;3105.38;2127.33;-978.04;0.00
0.23;8.33;31.79;2543.22;1773.92;-769.30;0.00
0.26;10.03;42.95;3435.60;2049.73;-1385.87;0.00
0.22;8.84;40.94;3275.41;1787.56;-1487.85;0.00
0.28;10.95;50.80;4063.64;2234.57;-1829.07;0.00
0.23;10.44;34.22;2737.23;1911.22;-826.01;0.00
0.24;9.24;38.22;3057.89;1882.08;-1175.81;0.00
0.18;10.19;34.48;2758.66;1596.05;-1162.61;0.00
0.24;12.21;39.80;3183.71;2051.56;-1132.14;0.00
0.24;10.18;40.64;3251.47;1969.32;-1282.15;0.00
0.25;10.82;41.73;3338.02;2071.32;-1266.70;0.00
0.22;10.24;43.08;3446.39;1834.46;-1611.93;0.00
0.22;10.07;42.28;3382.74;1838.67;-1544.07;0.00
0.25;10.70;43.63;3490.26;2013.98;-1476.28;0.00
0.22;9.46;39.82;3185.25;1799.94;-1385.31;0.00
0.26;9.32;39.33;3146.63;2012.82;-1133.82;0.00
0.27;10.49;46.49;3718.84;2162.22;-1556.62;0.00
0.26;9.90;36.21;2896.58;2069.06;-827.52;0.00
0.28;10.93;43.76;3500.50;2209.81;-1290.68;0.00
0.26;8.74;46.59;3727.01;1971.74;-1755.27;0.00
0.24;10.79;44.10;3528.04;1967.37;-1560.67;0.00
0.22;10.68;42.23;3378.08;1862.31;-1515.77;0.00
0.23;10.48;42.01;3360.72;1897.22;-1463.50;0.00
0.23;10.58;37.82;3025.87;1930.76;-1095.11;0.00
0.26;9.74;43.32;3465.25;2067.50;-1397.75;0.00
0.29;9.99;39.19;3135.22;2258.54;-876.68;0.00
0.23;8.62;42.46;3397.11;1792.13;-1604.98;0.00
0.29;10.79;43.16;3452.83;2300.30;-1152.53;0.00
0.24;10.36;40.24;3219.10;1970.69;-1248.41;0.00
0.25;10.43;28.41;2272.79;2037.53;-235.26;0.00
0.27;9.24;40.84;3267.11;2058.85;-1208.26;0.00
0.24;8.75;35.77;2861.80;1893.46;-968.33;0.00
0.26;12.00;33.15;2652.35;2137.89;-514.47;0.00
0.24;10.55;43.83;3506.33;1993.00;-1513.32;0.00
0.23;9.27;38.03;3042.17;1854.40;-1187.77;0.00
0.24;11.71;41.97;3357.43;2017.12;-1340.32;0.00
0.23;11.63;39.48;3158.21;1965.72;-1192.48;0.00
0.27;9.07;34.87;2789.55;2067.78;-721.76;0.00
0.24;9.98;43.82;3505.69;1931.62;-1574.07;0.00
0.22;12.50;42.18;3374.04;1940.67;-1433.37;0.00
0.26;10.34;36.43;2914.29;2080.04;-834.25;0.00
0.25;8.69;41.08;3286.03;1935.13;-1350.90;0.00
0.24;10.33;39.28;3142.68;1935.22;-1207.46;0.00
0.27;9.40;35.38;2830.02;2075.99;-754.03;0.00
0.24;11.35;40.23;3218.50;1984.94;-1233.55;0.00
0.26;8.53;41.05;3284.17;1965.27;-1318.90;0.00
0.22;8.92;39.20;3135.71;1755.42;-1380.29;0.00
0.26;8.34;37.61;3008.98;1966.10;-1042.87;0.00
0.27;10.37;38.13;3050.24;2121.60;-928.65;0.00
0.25;10.60;39.16;3132.47;2035.00;-1097.47;0.00
0.27;10.05;37.72;3017.51;2116.93;-900.58;0.00
0.25;9.03;37.40;2992.07;1947.32;-1044.75;0.00
0.23;10.77;47.59;3806.94;1919.41;-1887.53;0.00
0.32;10.98;36.27;2901.76;2450.80;-450.96;0.00
0.26;9.41;45.83;3666.24;2028.71;-1637.53;0.00
0.25;12.60;43.10;3448.14;2157.68;-1290.46;0.00
0.25;9.96;44.76;3580.41;2012.63;-1567.78;0.00
0.25;10.17;40.05;3203.68;2022.12;-1181.56;0.00
0.25;11.20;40.78;3262.76;2039.51;-1223.25;0.00
0.26;10.28;40.88;3270.70;2064.78;-1205.92;0.00
0.29;10.87;37.74;3019.40;2277.13;-742.27;0.00
0.24;9.62;41.79;3342.81;1917.47;-1425.35;0.00
0.23;8.39;42.49;3398.83;1779.15;-1619.69;0.00
0.25;9.48;40.53;3242.69;1983.40;-1259.29;0.00
0.26;9.67;41.24;3298.99;2027.57;-1271.43;0.00
0.24;10.28;37.38;2990.28;1975.32;-1014.96;0.00
0.22;11.57;38.32;3065.70;1913.32;-1152.38;0.00
0.24;10.48;41.35;3307.84;1979.20;-1328.64;0.00
0.28;8.82;40.83;3266.60;2084.48;-1182.12;0.00
0.29;10.58;31.26;2501.19;2259.16;-242.03;0.00
0.24;9.86;39.17;3133.40;1926.78;-1206.61;0.00
0.22;10.51;31.24;2498.93;1822.67;-676.26;0.00
0.26;11.08;42.98;3438.20;2115.15;-1323.05;0.00
0.27;9.73;54.38;4350.22;2075.34;-2274.88;0.00
0.24;10.11;37.45;2996.14;1939.75;-1056.39;0.00
0.22;10.75;44.09;3527.15;1850.62;-1676.53;0.00
0.24;10.81;38.92;3113.21;1985.35;-1127.87;0.00
0.26;10.25;38.01;3041.17;2077.44;-963.73;0.00
0.28;10.75;33.11;2648.78;2209.71;-439.06;0.00
0.23;9.98;40.24;3219.31;1896.26;-1323.05;0.00
0.25;10.71;40.68;3254.80;2049.98;-1204.81;0.00
0.20;10.71;40.03;3202.56;1743.89;-1458.67;0.00
0.28;10.06;37.88;3030.30;2193.55;-836.75;0.00
0.24;11.94;35.03;2802.13;2015.64;-786.49;0.00
0.25;8.95;32.75;2620.38;1964.71;-655.66;0.00
0.32;12.56;40.28;3222.06;2535.76;-686.30;0.00
0.30;11.34;33.60;2687.82;2365.81;-322.01;0.00
0.23;9.81;32.45;2595.65;1893.75;-701.90;0.00
0.29;8.65;45.47;3637.34;2164.32;-1473.01;0.00
0.18;9.22;38.87;3109.61;1575.28;-1534.33;0.00
0.31;9.24;38.47;3077.83;2333.49;-744.34;0.00
0.23;9.42;44.49;3559.37;1862.89;-1696.48;0.00
0.21;9.09;35.29;2823.06;1726.87;-1096.19;0.00
0.25;9.99;33.25;2660.21;1991.79;-668.42;0.00
0.27;10.73;39.07;3125.94;2164.81;-961.13;0.00
0.24;10.47;34.74;2779.21;1958.68;-820.53;0.00
0.20;10.89;38.25;3059.75;1737.84;-1321.90;0.00
0.27;11.92;30.75;2459.87;2246.55;-213.32;0.00
0.29;11.03;45.72;3657.83;2259.38;-1398.45;0.00
0.23;9.33;33.51;2680.42;1832.91;-847.50;0.00
0.25;10.14;38.72;3097.58;2013.87;-1083.71;0.00
0.23;9.92;35.86;2869.09;1871.81;-997.28;0.00
0.24;10.90;43.64;3491.30;2005.73;-1485.57;0.00
0.26;10.69;41.47;3317.82;2103.73;-1214.09;0.00
0.22;12.36;41.60;3328.16;1932.29;-1395.88;0.00
0.24;11.79;30.74;2459.35;2011.15;-448.19;0.00
0.27;9.80;39.02;3121.24;2099.64;-1021.61;0.00
0.27;11.57;37.18;2974.65;2172.96;-801.69;0.00
0.24;8.43;43.18;3454.75;1826.57;-1628.18;0.00
0.21;10.39;36.30;2904.18;1807.94;-1096.23;0.00
0.26;11.41;43.35;3467.73;2105.49;-1362.24;0.00
0.27;10.70;36.04;2883.36;2142.39;-740.97;0.00
0.22;7.84;40.50;3239.98;1687.89;-1552.10;0.00
0.27;11.14;42.23;3378.64;2188.65;-1189.99;0.00
0.26;10.86;39.54;3163.55;2087.93;-1075.62;0.00
0.22;9.72;42.50;3399.94;1816.84;-1583.11;0.00
0.25;11.24;48.21;3857.04;2075.70;-1781.33;0.00
0.29;11.33;40.10;3208.24;2276.80;-931.44;0.00
0.26;8.72;34.59;2767.42;2002.85;-764.57;0.00
0.27;9.65;39.46;3156.42;2077.35;-1079.07;0.00
