# X_0;X_1;X_2;R_0;S_0;G_0;I_0
0.25;9.37;38.65;3091.67;1970.13;-1121.54;0.00
0.21;8.77;36.87;2949.22;1684.14;-1265.08;0.00
0.23;10.20;40.09;3207.21;1883.27;-1323.94;0.00
0.22;8.68;45.56;3644.79;1739.11;-1905.69;0.00
0.28;9.69;40.52;3241.99;2129.23;-1112.76;0.00
0.26;8.92;38.67;3093.49;1969.82;-1123.67;0.00
0.24;11.52;40.24;3219.42;2032.88;-1186.53;0.00
0.22;10.99;45.83;3666.74;1883.94;-1782.81;0.00
0.22;10.46;39.16;3132.44;1842.66;-1289.77;0.00
0.20;10.83;44.72;3577.89;1725.49;-1852.40;0.00
0.27;9.56;39.48;3158.41;2106.61;-1051.79;0.00
0.23;10.31;45.15;3612.36;1889.08;-1723.29;0.00
0.26;9.75;36.13;2890.73;2029.24;-861.49;0.00
0.26;11.07;34.37;2749.51;2131.79;-617.72;0.00
0.24;7.55;39.41;3152.83;1815.00;-1337.82;0.00
0.24;10.91;42.67;3413.68;1964.89;-1448.79;0.00
0.26;9.14;32.07;2565.63;1983.64;-581.99;0.00
0.26;10.24;38.43;3074.18;2054.55;-1019.63;0.00
0.25;9.46;39.65;3171.75;1944.10;-1227.65;0.00
0.27;8.46;38.07;3045.93;2018.62;-1027.31;0.00
0.24;10.86;43.71;3496.87;2009.78;-1487.09;0.00
0.22;12.05;49.30;3944.37;1923.20;-2021.17;0.00
0.29;10.93;40.96;3276.50;2299.07;-977.43;0.00
0.23;10.46;42.02;3361.63;1897.43;-1464.20;0.00
0.23;8.99;36.22;2897.24;1825.68;-1071.56;0.00
0.28;10.23;43.65;3492.25;2204.19;-1288.06;0.00
0.23;11.95;41.67;3333.31;1967.97;-1365.34;0.00
0.24;9.14;37.64;3011.45;1896.70;-1114.75;0.00
0.20;9.80;44.28;3542.31;1700.46;-1841.86;0.00
0.23;9.24;46.65;3731.92;1811.87;-1920.05;0.00
0.22;10.51;37.90;3032.04;1833.72;-1198.32;0.00
0.22;9.74;40.77;3261.42;1782.40;-1479.02;0.00
0.25;8.43;38.67;3093.55;1918.70;-1174.84;0.00
0.26;10.45;33.89;2711.07;2085.41;-625.66;0.00
0.25;8.08;35.58;2846.28;1899.05;-947.22;0.00
0.24;10.59;44.98;3598.04;1946.84;-1651.20;0.00
0.29;10.78;39.74;3179.48;2267.01;-912.47;0.00
0.27;9.22;42.19;3375.03;2079.51;-1295.52;0.00
0.27;12.18;38.60;3088.15;2220.01;-868.14;0.00
0.26;10.76;43.21;3456.64;2072.70;-1383.95;0.00
0.29;9.91;43.46;3477.07;2232.17;-1244.90;0.00
0.28;10.96;44.84;3587.04;2196.62;-1390.42;0.00
0.27;8.73;35.50;2840.11;2049.57;-790.54;0.00
0.27;11.52;37.79;3022.88;2219.04;-803.83;0.00
0.23;9.51;41.05;3283.97;1864.01;-1419.96;0.00
0.24;9.06;44.82;3585.88;1908.41;-1677.47;0.00
0.24;11.62;36.49;2918.82;2027.02;-891.79;0.00
0.26;8.87;43.14;3451.57;1967.72;-1483.85;0.00
0.22;7.59;40.79;3263.38;1680.65;-1582.73;0.00
0.24;9.13;38.23;3058.21;1919.84;-1138.37;0.00
0.24;10.30;37.59;3007.33;1944.74;-1062.59;0.00
0.27;9.65;39.09;3127.13;2095.61;-1031.53;0.00
0.26;11.41;53.63;4290.78;2131.16;-2159.61;0.00
0.26;9.38;43.59;3486.88;2009.08;-1477.80;0.00
0.26;9.42;40.79;3263.15;2053.82;-1209.33;0.00
0.22;9.76;36.96;2957.05;1796.62;-1160.43;0.00
0.22;10.00;40.65;3252.24;1831.76;-1420.48;0.00
0.23;9.63;43.60;3488.25;1875.88;-1612.37;0.00
0.25;9.26;38.52;3081.48;1941.92;-1139.56;0.00
0.26;10.91;36.04;2883.10;2101.55;-781.55;0.00
0.26;10.82;38.73;3098.16;2102.74;-995.42;0.00
0.26;10.21;41.20;3296.15;2047.04;-1249.10;0.00
0.24;10.62;43.08;3446.42;1988.68;-1457.74;0.00
0.25;8.15;47.48;3798.12;1922.93;-1875.19;0.00
0.25;10.82;41.94;3355.32;2043.92;-1311.41;0.00
0.22;8.77;31.72;2537.80;1774.82;-762.98;0.00
0.25;12.42;44.15;3531.77;2127.77;-1404.01;0.00
0.26;12.67;50.78;4062.11;2209.61;-1852.50;0.00
0.21;10.80;37.52;3001.82;1799.89;-1201.93;0.00
0.24;11.83;40.63;3250.14;2033.41;-1216.74;0.00
0.25;9.21;37.16;2973.11;1968.11;-1005.00;0.00
0.28;10.62;43.66;3493.17;2221.56;-1271.61;0.00
0.23;11.08;47.36;3788.69;1946.93;-1841.76;0.00
0.26;9.84;39.32;3145.95;2064.69;-1081.26;0.00
0.23;9.18;40.70;3256.10;1855.37;-1400.73;0.00
0.23;10.55;34.34;2747.52;1890.63;-856.88;0.00
0.24;9.60;34.46;2757.00;1929.86;-827.14;0.00
0.23;12.50;39.47;3157.77;2019.97;-1137.81;0.00
0.23;10.67;45.04;3603.05;1927.64;-1675.41;0.00
0.23;10.63;35.46;2836.47;1934.49;-901.98;0.00
0.23;9.71;42.58;3406.25;1855.83;-1550.42;0.00
0.27;11.64;37.57;3005.34;2194.30;-811.04;0.00
0.21;11.14;37.94;3035.55;1799.40;-1236.16;0.00
0.23;10.07;37.24;2979.58;1909.67;-1069.90;0.00
0.23;11.06;41.22;3297.62;1942.76;-1354.86;0.00
0.24;11.23;31.33;2506.30;1978.95;-527.35;0.00
0.24;7.36;32.83;2626.76;1821.62;-805.14;0.00
0.23;11.72;41.57;3325.67;1959.29;-1366.39;0.00
0.20;9.67;44.24;3538.85;1691.95;-1846.90;0.00
0.27;10.63;42.61;3409.19;2120.61;-1288.58;0.00
0.24;10.56;39.46;3156.69;1950.95;-1205.74;0.00
0.25;10.95;41.43;3314.66;2025.42;-1289.24;0.00
0.20;11.58;39.36;3149.17;1795.70;-1353.47;0.00
0.27;10.37;39.34;3147.53;2152.75;-994.78;0.00
0.17;9.00;46.33;3706.77;1497.53;-2209.24;0.00
0.22;12.63;35.98;2878.69;1993.51;-885.19;0.00
0.26;9.73;44.47;3557.53;2018.49;-1539.04;0.00
0.24;9.97;42.85;3427.76;1944.90;-1482.86;0.00
0.26;10.87;45.03;3602.19;2110.08;-1492.11;0.00
0.29;10.96;32.50;2600.26;2258.70;-341.56;0.00
0.29;9.92;43.45;3475.95;2246.70;-1229.24;0.00
0.19;9.82;41.97;3357.51;1621.76;-1735.76;0.00
0.26;11.61;38.66;3092.51;2128.90;-963.61;0.00
0.24;10.61;35.31;2824.56;1954.55;-870.00;0.00
0.21;11.52;44.51;3560.91;1849.68;-1711.22;0.00
0.26;10.53;41.95;3355.72;2105.59;-1250.13;0.00
0.25;8.15;41.75;3340.26;1917.41;-1422.85;0.00
0.28;11.15;38.98;3118.33;2228.50;-889.83;0.00
0.28;10.00;41.43;3314.11;2182.04;-1132.07;0.00
0.28;11.02;47.91;3832.60;2226.67;-1605.93;0.00
0.23;11.36;34.04;2722.80;1971.64;-751.16;0.00
0.22;11.26;34.03;2722.38;1919.70;-802.68;0.00
0.25;10.72;49.63;3970.67;2024.43;-1946.25;0.00
0.25;9.95;36.74;2939.36;2022.93;-916.43;0.00
0.25;11.30;41.52;3321.41;2082.54;-1238.86;0.00
0.24;9.11;36.97;2957.28;1887.40;-1069.88;0.00
0.25;9.12;40.11;3208.64;1932.07;-1276.57;0.00
0.24;7.41;39.28;3142.12;1802.71;-1339.42;0.00
0.24;10.78;41.44;3315.58;1972.10;-1343.47;0.00
0.28;11.14;37.33;2986.45;2242.13;-744.32;0.00
0.27;10.80;41.11;3288.79;2131.03;-1157.75;0.00
0.22;10.03;42.04;3363.13;1811.80;-1551.33;0.00
0.27;9.93;39.05;3123.87;2125.39;-998.48;0.00
0.26;10.49;37.41;2992.92;2104.33;-888.59;0.00
0.24;10.54;40.46;3236.65;1979.43;-1257.23;0.00
0.24;10.00;42.25;3380.07;1953.10;-1426.98;0.00
0.26;13.03;39.36;3149.05;2221.05;-928.00;0.00
0.24;10.21;41.61;3329.07;1940.69;-1388.38;0.00
0.28;9.19;38.16;3052.84;2151.56;-901.29;0.00
0.30;9.92;40.13;3210.50;2283.06;-927.44;0.00
0.19;11.09;34.79;2783.44;1700.14;-1083.30;0.00
0.28;8.84;43.72;3497.20;2087.29;-1409.92;0.00
0.26;10.30;40.58;3246.50;2052.34;-1194.16;0.00
0.20;11.33;40.41;3232.56;1801.17;-1431.39;0.00
0.27;10.57;44.24;3538.99;2126.98;-1412.01;0.00
0.24;9.53;36.81;2944.96;1892.27;-1052.70;0.00
0.25;8.09;43.24;3459.06;1917.59;-1541.46;0.00
0.30;12.26;34.88;2790.78;2431.38;-359.40;0.00
0.25;10.95;38.86;3109.17;2066.08;-1043.10;0.00
0.24;10.45;39.15;3131.80;1970.59;-1161.21;0.00
0.26;9.78;46.68;3734.25;2046.69;-1687.56;0.00
0.26;10.08;33.33;2666.24;2049.70;-616.54;0.00
0.25;9.92;39.72;3177.50;1976.95;-1200.54;0.00
0.20;10.40;40.22;3217.30;1713.68;-1503.63;0.00
0.24;11.97;46.21;3696.60;2051.15;-1645.45;0.00
0.22;8.72;45.76;3660.71;1780.25;-1880.46;0.00
0.23;9.41;42.71;3416.90;1820.79;-1596.11;0.00
0.26;10.70;41.57;3325.42;2113.49;-1211.93;0.00
0.24;11.05;33.06;2645.10;2013.34;-631.75;0.00
0.19;11.00;32.75;2620.03;1692.69;-927.34;0.00
0.22;12.29;34.68;2774.49;1958.00;-816.50;0.00
0.24;10.39;46.44;3715.04;1960.53;-1754.51;0.00
0.25;9.12;36.76;2940.78;1964.69;-976.09;0.00
0.28;7.75;43.17;3453.63;2043.87;-1409.76;0.00
0.24;9.66;33.78;2702.24;1911.78;-790.46;0.00
0.23;10.34;41.04;3283.39;1904.92;-1378.47;0.00
0.26;9.11;38.19;3055.54;2022.08;-1033.45;0.00
0.30;9.89;38.65;3091.73;2256.50;-835.23;0.00
0.24;10.34;46.70;3735.83;1942.70;-1793.12;0.00
0.24;9.57;38.48;3078.71;1941.03;-1137.68;0.00
0.21;7.68;44.11;3528.75;1651.16;-1877.58;0.00
0.18;11.41;42.51;3400.78;1659.49;-1741.28;0.00
0.27;10.71;39.95;3195.77;2152.74;-1043.03;0.00
0.26;10.60;37.97;3037.96;2078.89;-959.07;0.00
0.21;9.97;40.48;3238.67;1789.98;-1448.69;0.00
0.25;9.89;46.01;3681.02;2011.62;-1669.40;0.00
0.25;11.30;37.48;2998.20;2057.69;-940.51;0.00
0.27;10.92;41.77;3341.97;2153.08;-1188.89;0.00
0.21;8.07;36.83;2946.20;1631.72;-1314.48;0.00
0.28;12.77;37.05;2963.96;2311.89;-652.08;0.00
0.25;10.30;34.62;2769.89;2013.78;-756.11;0.00
0.23;9.86;36.87;2949.39;1879.15;-1070.25;0.00
0.25;12.38;36.41;2912.71;2148.68;-764.03;0.00
0.29;9.40;44.53;3562.29;2171.39;-1390.90;0.00
0.20;10.78;34.64;2770.92;1734.29;-1036.63;0.00
0.22;10.64;33.43;2674.26;1871.91;-802.35;0.00
0.28;8.68;39.76;3180.47;2074.68;-1105.78;0.00
0.26;10.54;39.56;3165.18;2098.73;-1066.45;0.00
0.26;11.26;44.55;3564.01;2121.89;-1442.12;0.00
0.22;10.38;35.83;2866.79;1848.52;-1018.28;0.00
0.22;7.77;40.09;3207.12;1714.79;-1492.33;0.00
0.23;10.74;41.56;3325.10;1937.15;-1387.96;0.00
0.26;13.46;51.53;4122.18;2246.54;-1875.64;0.00
0.24;11.27;45.25;3620.07;2016.45;-1603.62;0.00
0.22;11.09;45.21;3616.96;1897.23;-1719.73;0.00
0.24;8.73;42.01;3360.64;1853.17;-1507.47;0.00
0.26;8.25;36.32;2905.74;1962.30;-943.44;0.00
0.24;9.69;46.04;3683.30;1949.60;-1733.70;0.00
0.23;9.08;43.47;3477.51;1850.24;-1627.26;0.00
0.25;9.58;36.77;2941.96;1960.80;-981.16;0.00
0.26;10.82;43.72;3497.65;2128.53;-1369.12;0.00
0.25;8.96;44.61;3568.66;1929.85;-1638.81;0.00
0.21;10.03;36.02;2881.54;1747.47;-1134.07;0.00
0.22;10.49;36.77;2941.72;1857.06;-1084.66;0.00
0.27;9.35;41.73;3338.71;2052.52;-1286.18;0.00
0.26;11.98;45.50;3640.39;2190.95;-1449.44;0.00
0.22;9.22;41.64;3331.52;1790.82;-1540.71;0.00
0.24;10.48;47.35;3787.94;1956.71;-1831.22;0.00
0.23;11.29;37.52;3001.25;1970.02;-1031.23;0.00
0.26;11.03;33.91;2712.44;2126.94;-585.50;0.00
0.25;12.55;43.20;3455.87;2156.92;-1298.95;0.00
0.26;10.42;35.39;2831.53;2082.13;-749.40;0.00
0.26;11.38;40.93;3274.70;2109.95;-1164.75;0.00
0.25;11.10;44.11;3528.84;2056.80;-1472.04;0.00
0.25;10.73;42.86;3429.09;2057.38;-1371.71;0.00
0.29;11.57;37.51;3000.67;2294.70;-705.97;0.00
0.20;10.89;31.94;2555.08;1729.07;-826.01;0.00
0.26;11.06;42.40;3391.80;2097.11;-1294.68;0.00
0.29;10.64;42.31;3384.63;2268.43;-1116.20;0.00
0.25;11.14;42.76;3420.52;2034.11;-1386.41;0.00
0.29;11.78;39.51;3160.97;2326.41;-834.57;0.00
0.26;9.47;37.43;2994.16;2042.26;-951.89;0.00
0.26;12.05;46.47;3717.72;2177.99;-1539.73;0.00
0.24;11.39;37.38;2990.37;1990.23;-1000.15;0.00
0.25;11.92;39.70;3175.68;2124.44;-1051.25;0.00
0.22;8.37;43.83;3506.64;1727.88;-1778.76;0.00
0.22;11.99;32.30;2584.18;1953.09;-631.10;0.00
0.24;9.83;35.20;2816.01;1925.09;-890.92;0.00
0.24;10.91;44.70;3576.36;1985.98;-1590.37;0.00
0.30;9.25;38.70;3095.97;2245.54;-850.43;0.00
0.29;10.17;41.92;3353.51;2231.48;-1122.03;0.00
0.22;9.86;36.32;2905.32;1798.18;-1107.15;0.00
0.24;10.92;40.86;3269.17;1971.80;-1297.37;0.00
0.28;9.91;34.87;2789.58;2156.04;-633.54;0.00
0.24;9.60;37.14;2971.29;1939.44;-1031.85;0.00
0.26;11.46;37.88;3030.19;2111.24;-918.95;0.00
0.24;9.08;46.77;3741.42;1905.02;-1836.40;0.00
0.23;9.36;39.20;3136.01;1838.14;-1297.87;0.00
0.27;12.02;31.93;2554.75;2243.37;-311.38;0.00
0.25;10.62;47.60;3808.40;2006.89;-1801.51;0.00
0.29;9.06;37.69;3015.43;2204.53;-810.90;0.00
0.26;10.39;32.98;2638.05;2049.64;-588.41;0.00
0.25;9.33;35.39;2831.59;1959.09;-872.50;0.00
0.23;9.56;35.07;2805.72;1875.76;-929.96;0.00
0.25;9.40;37.87;3029.21;1982.31;-1046.91;0.00
0.26;9.85;41.77;3341.42;2038.22;-1303.20;0.00
0.24;10.15;37.91;3032.48;1962.67;-1069.81;0.00
0.19;8.48;41.37;3309.62;1537.52;-1772.09;0.00
0.23;10.13;40.09;3207.28;1877.11;-1330.17;0.00
0.23;7.65;34.59;2766.82;1731.12;-1035.69;0.00
0.24;10.44;47.95;3835.65;1947.67;-1887.98;0.00
0.25;9.89;41.91;3352.96;2005.45;-1347.52;0.00
0.26;10.14;43.74;3499.05;2066.95;-1432.10;0.00
0.21;9.61;38.44;3075.10;1767.78;-1307.33;0.00
0.23;9.64;32.66;2612.61;1842.38;-770.23;0.00
0.26;10.01;38.51;3081.06;2052.42;-1028.64;0.00
0.24;9.93;45.75;3659.78;1958.72;-1701.06;0.00
0.28;10.93;42.94;3435.37;2216.03;-1219.34;0.00
0.28;10.18;40.35;3228.18;2196.18;-1032.00;0.00
0.28;9.87;41.62;3329.91;2139.30;-1190.61;0.00
0.23;9.42;39.11;3128.69;1862.89;-1265.80;0.00
0.26;10.62;35.14;2811.00;2092.32;-718.68;0.00
0.29;8.92;41.47;3317.81;2154.74;-1163.08;0.00
0.24;10.99;38.36;3068.85;2005.59;-1063.27;0.00
0.23;10.36;38.45;3076.26;1884.73;-1191.53;0.00
0.22;12.16;41.81;3344.69;1931.78;-1412.92;0.00
0.25;11.35;40.94;3275.39;2044.39;-1231.00;0.00
0.25;11.95;40.90;3272.30;2102.10;-1170.20;0.00
0.27;9.69;33.89;2711.35;2106.36;-604.99;0.00
0.22;9.75;46.79;3743.43;1835.54;-1907.89;0.00
0.23;10.83;34.92;2793.70;1916.05;-877.65;0.00
0.25;10.38;33.60;2687.96;2006.76;-681.21;0.00
0.26;8.08;38.96;3116.77;1928.49;-1188.28;0.00
0.24;8.65;42.66;3412.76;1863.76;-1549.00;0.00
0.29;10.77;38.17;3053.54;2285.64;-767.90;0.00
0.20;10.64;31.05;2483.77;1720.75;-763.02;0.00
0.25;10.14;44.77;3581.51;1990.89;-1590.62;0.00
0.29;12.08;37.31;2984.62;2357.44;-627.18;0.00
0.20;12.24;36.01;2881.01;1839.39;-1041.62;0.00
0.29;8.85;38.28;3062.21;2155.93;-906.28;0.00
0.26;10.83;44.99;3599.25;2105.20;-1494.05;0.00
0.26;10.84;39.07;3125.90;2075.83;-1050.08;0.00
0.27;7.31;45.06;3604.48;1964.08;-1640.40;0.00
0.24;12.74;44.77;3581.85;2070.81;-1511.05;0.00
0.27;10.28;39.35;3147.73;2147.27;-1000.46;0.00
0.21;9.54;43.82;3505.86;1760.92;-1744.94;0.00
0.28;10.18;44.11;3528.80;2196.38;-1332.42;0.00
0.27;9.24;37.89;3031.19;2083.73;-947.45;0.00
0.26;10.26;42.49;3398.95;2084.32;-1314.64;0.00
0.26;10.95;39.61;3169.02;2120.73;-1048.29;0.00
0.26;11.26;38.76;3100.56;2100.19;-1000.37;0.00
0.24;11.69;41.31;3305.14;2048.91;-1256.23;0.00
0.24;10.09;37.47;2997.58;1929.21;-1068.37;0.00
0.27;7.63;42.99;3438.96;2005.63;-1433.33;0.00
0.25;11.49;44.76;3580.80;2079.37;-1501.43;0.00
0.23;8.75;46.42;3713.48;1802.17;-1911.31;0.00
0.28;9.46;41.57;3325.84;2172.55;-1153.29;0.00
0.23;10.86;45.81;3664.67;1912.48;-1752.19;0.00
0.29;9.76;37.65;3011.67;2239.06;-772.61;0.00
0.24;8.89;45.77;3661.88;1883.28;-1778.61;0.00
0.25;11.08;32.17;2573.22;2077.72;-495.50;0.00
0.28;11.21;49.03;3922.27;2228.11;-1694.16;0.00
0.27;9.82;47.38;3790.19;2119.33;-1670.86;0.00
0.24;9.94;31.54;2522.94;1960.77;-562.17;0.00
0.21;10.60;34.98;2798.03;1803.92;-994.11;0.00
0.27;8.00;38.41;3072.53;2033.77;-1038.76;0.00
0.29;7.90;41.88;3350.75;2105.65;-1245.10;0.00
0.27;10.43;36.17;2893.54;2137.26;-756.28;0.00
0.25;10.01;41.34;3307.09;1979.48;-1327.60;0.00
0.25;7.50;42.31;3384.57;1868.72;-1515.85;0.00
0.27;9.65;37.29;2983.33;2096.78;-886.55;0.00
0.23;9.08;41.38;3310.01;1824.63;-1485.37;0.00
0.25;10.92;37.86;3028.97;2053.70;-975.27;0.00
0.24;8.59;42.28;3382.37;1836.47;-1545.90;0.00
0.25;10.36;33.89;2711.55;2001.55;-709.99;0.00
0.23;10.63;42.04;3363.40;1917.66;-1445.74;0.00
0.25;9.97;25.72;2057.45;1976.96;-80.49;0.00
0.29;8.60;42.24;3379.44;2140.17;-1239.28;0.00
0.27;10.66;37.78;3022.53;2149.58;-872.96;0.00
0.28;10.50;47.21;3776.78;2201.17;-1575.61;0.00
0.22;10.31;38.52;3081.78;1819.56;-1262.22;0.00
0.26;10.41;43.82;3505.45;2106.72;-1398.74;0.00
0.26;11.38;42.80;3423.79;2107.16;-1316.62;0.00
0.25;10.19;43.58;3486.04;1999.68;-1486.36;0.00
0.23;8.69;34.99;2798.81;1829.91;-968.91;0.00
0.22;12.08;39.00;3120.37;1926.92;-1193.45;0.00
0.24;9.66;36.45;2916.03;1911.18;-1004.85;0.00
0.24;9.71;37.03;2962.22;1913.02;-1049.20;0.00
0.28;10.07;44.46;3556.40;2184.09;-1372.31;0.00
0.27;10.93;34.85;2787.65;2189.16;-598.49;0.00
0.23;10.79;41.26;3300.92;1901.41;-1399.52;0.00
0.20;11.33;33.51;2680.87;1787.35;-893.52;0.00
0.23;9.12;43.41;3473.19;1830.29;-1642.90;0.00
0.23;11.32;43.19;3455.20;1946.02;-1509.18;0.00
0.25;10.08;37.63;3010.42;1997.27;-1013.15;0.00
0.24;11.25;42.14;3371.37;2020.75;-1350.61;0.00
0.20;9.15;34.38;2750.65;1663.37;-1087.28;0.00
0.22;8.66;40.77;3261.97;1749.24;-1512.73;0.00
0.27;12.78;36.98;2958.79;2291.68;-667.10;0.00
0.30;11.76;40.40;3232.15;2408.81;-823.34;0.00
0.27;9.81;44.63;3570.60;2087.73;-1482.86;0.00
0.25;11.69;43.16;3452.75;2101.62;-1351.13;0.00
0.28;10.67;34.97;2797.74;2236.62;-561.11;0.00
0.25;10.13;50.19;4015.01;1980.29;-2034.72;0.00
0.27;10.83;44.98;3598.34;2155.04;-1443.30;0.00
0.23;10.95;45.65;3652.33;1915.81;-1736.52;0.00
0.24;9.92;28.17;2253.45;1963.25;-290.19;0.00
0.23;9.82;42.94;3435.40;1850.83;-1584.57;0.00
0.26;11.02;45.49;3638.85;2125.42;-1513.43;0.00
0.24;11.51;31.32;2505.58;2018.85;-486.73;0.00
0.20;11.80;40.10;3208.12;1828.36;-1379.76;0.00
0.24;9.42;43.29;3462.97;1904.63;-1558.35;0.00
0.26;9.79;37.95;3035.70;2036.24;-999.46;0.00
0.26;10.69;39.87;3189.79;2084.84;-1104.95;0.00
0.29;10.62;36.94;2955.05;2237.77;-717.29;0.00
0.25;11.90;45.55;3644.20;2090.20;-1554.00;0.00
0.26;8.45;40.40;3231.66;1997.66;-1233.99;0.00
0.21;8.48;32.16;2573.12;1690.82;-882.30;0.00
0.18;9.54;39.78;3182.61;1568.90;-1613.71;0.00
0.27;9.28;38.35;3067.88;2060.50;-1007.39;0.00
0.27;10.08;43.91;3512.92;2090.81;-1422.11;0.00
0.25;12.92;35.84;2867.60;2170.72;-696.88;0.00
0.21;9.49;43.46;3476.79;1745.14;-1731.66;0.00
0.27;9.79;41.04;3283.17;2100.11;-1183.06;0.00
0.29;10.32;37.02;2961.57;2246.82;-714.76;0.00
0.21;9.67;38.65;3091.62;1743.90;-1347.72;0.00
0.29;11.08;38.45;3076.27;2296.62;-779.65;0.00
0.25;11.09;49.80;3984.32;2067.64;-1916.68;0.00
0.23;9.43;36.30;2904.38;1850.38;-1054.01;0.00
0.26;9.36;41.84;3347.03;2007.64;-1339.39;0.00
0.29;9.50;47.92;3833.92;2227.14;-1606.78;0.00
0.26;9.74;41.53;3322.34;2014.16;-1308.18;0.00
0.22;11.39;46.51;3720.78;1926.63;-1794.15;0.00
0.21;10.24;40.91;3273.01;1806.27;-1466.74;0.00
0.31;11.07;39.82;3185.51;2408.01;-777.50;0.00
0.21;8.87;34.65;2772.24;1682.04;-1090.20;0.00
0.28;12.29;33.80;2704.04;2280.79;-423.25;0.00
0.26;10.71;37.89;3031.09;2098.12;-932.97;0.00
0.22;10.47;41.24;3299.11;1874.11;-1425.00;0.00
0.26;11.09;34.24;2739.10;2129.99;-609.12;0.00
0.29;6.77;43.49;3478.95;2066.65;-1412.30;0.00
0.22;9.74;30.05;2403.90;1822.78;-581.12;0.00
0.23;10.10;36.54;2923.32;1910.06;-1013.25;0.00
0.23;11.24;43.47;3477.48;1944.22;-1533.27;0.00
0.26;11.74;43.75;3499.86;2147.84;-1352.02;0.00
0.27;11.64;37.88;3030.11;2187.21;-842.90;0.00
0.25;9.56;41.26;3300.85;1970.01;-1330.83;0.00
0.26;9.71;38.89;3111.07;2029.23;-1081.83;0.00
0.28;9.98;35.53;2842.27;2159.84;-682.43;0.00
0.25;9.15;36.08;2886.59;1925.11;-961.48;0.00
0.26;9.53;45.27;3621.26;2054.29;-1566.97;0.00
0.28;9.95;40.48;3238.17;2198.00;-1040.17;0.00
0.25;8.95;38.82;3105.73;1956.13;-1149.60;0.00
0.24;8.88;40.26;3220.70;1908.20;-1312.50;0.00
0.25;11.88;44.64;3571.02;2111.20;-1459.83;0.00
0.23;12.81;40.80;3264.11;2030.50;-1233.61;0.00
0.21;9.35;44.67;3574.00;1701.79;-1872.20;0.00
0.23;9.39;38.73;3098.70;1844.49;-1254.20;0.00
0.23;10.88;39.32;3145.80;1914.30;-1231.50;0.00
0.28;8.60;47.84;3827.34;2102.45;-1724.89;0.00
0.26;9.39;44.60;3567.96;2021.94;-1546.01;0.00
0.23;9.39;56.41;4513.01;1842.32;-2670.69;0.00
0.29;9.67;41.44;3314.85;2215.07;-1099.78;0.00
0.24;10.43;37.73;3018.21;1980.33;-1037.89;0.00
0.25;9.42;41.72;3337.75;1942.28;-1395.47;0.00
0.23;11.16;42.02;3361.24;1922.50;-1438.73;0.00
0.23;9.64;39.84;3186.81;1887.57;-1299.24;0.00
0.29;8.93;46.94;3755.35;2162.50;-1592.85;0.00
0.20;12.70;37.73;3018.22;1835.59;-1182.63;0.00
0.23;8.61;43.41;3472.85;1824.46;-1648.39;0.00
0.26;9.62;38.51;3080.99;2008.30;-1072.69;0.00
0.29;11.05;33.91;2712.52;2272.28;-440.23;0.00
0.20;8.12;40.11;3208.42;1629.25;-1579.18;0.00
0.27;10.05;41.25;3300.39;2128.28;-1172.11;0.00
0.23;10.36;33.05;2643.95;1901.15;-742.80;0.00
0.29;9.99;35.73;2858.64;2229.37;-629.27;0.00
0.27;10.60;42.55;3404.06;2134.06;-1270.00;0.00
0.29;11.94;44.99;3598.96;2309.90;-1289.06;0.00
0.24;9.34;37.13;2970.17;1877.33;-1092.84;0.00
0.26;10.76;42.45;3396.20;2110.35;-1285.85;0.00
0.27;11.09;39.55;3164.16;2146.09;-1018.06;0.00
0.26;10.33;29.83;2386.29;2050.36;-335.93;0.00
0.26;10.69;40.41;3233.08;2095.45;-1137.63;0.00
0.27;10.03;45.48;3638.30;2105.78;-1532.52;0.00
0.26;10.57;49.34;3947.26;2103.20;-1844.06;0.00
0.25;7.49;43.45;3476.37;1876.30;-1600.07;0.00
0.30;9.07;31.21;2497.16;2215.06;-282.10;0.00
0.26;10.31;45.34;3626.97;2081.48;-1545.49;0.00
0.26;10.75;47.59;3807.13;2103.99;-1703.14;0.00
0.24;9.90;40.58;3246.01;1960.58;-1285.43;0.00
0.25;11.63;40.49;3239.26;2058.03;-1181.23;0.00
0.26;11.59;41.02;3281.73;2139.92;-1141.81;0.00
0.25;11.27;35.62;2849.57;2093.08;-756.50;0.00
0.22;10.61;35.99;2879.24;1881.65;-997.59;0.00
0.27;10.11;45.14;3611.30;2129.83;-1481.48;0.00
0.25;11.47;46.41;3712.86;2058.39;-1654.47;0.00
0.25;9.76;41.56;3324.66;2003.29;-1321.36;0.00
0.25;9.41;35.35;2827.64;1948.76;-878.88;0.00
0.25;10.89;39.66;3172.51;2026.95;-1145.55;0.00
0.23;11.53;41.63;3330.37;1940.35;-1390.02;0.00
0.22;9.82;46.42;3713.65;1817.85;-1895.81;0.00
0.21;9.33;31.57;2525.83;1707.14;-818.69;0.00
0.31;9.78;37.73;3018.31;2308.12;-710.19;0.00
0.21;9.23;34.56;2764.68;1720.27;-1044.41;0.00
0.26;10.13;40.42;3233.80;2035.40;-1198.40;0.00
0.24;10.15;40.99;3278.93;1972.23;-1306.69;0.00
0.25;9.38;45.49;3639.35;1951.89;-1687.46;0.00
0.25;9.51;39.71;3176.43;1978.95;-1197.48;0.00
0.26;11.51;32.66;2612.46;2128.27;-484.19;0.00
0.22;10.64;44.61;3568.69;1840.55;-1728.14;0.00
0.25;11.16;38.10;3048.39;2049.64;-998.75;0.00
0.25;10.81;41.41;3313.10;2022.19;-1290.91;0.00
0.26;13.33;42.76;3420.66;2254.58;-1166.07;0.00
0.22;9.61;39.63;3170.16;1798.40;-1371.77;0.00
0.25;9.07;39.17;3133.92;1958.27;-1175.65;0.00
0.26;9.66;34.44;2754.88;2018.07;-736.80;0.00
0.26;9.75;34.51;2760.82;2034.31;-726.52;0.00
0.26;10.81;34.09;2727.31;2097.72;-629.59;0.00
0.25;10.31;31.74;2539.27;1991.47;-547.81;0.00
0.27;9.96;44.85;3587.98;2089.38;-1498.60;0.00
0.23;9.05;46.31;3704.64;1805.00;-1899.64;0.00
0.24;9.87;43.48;3478.52;1960.33;-1518.19;0.00
0.27;11.06;38.40;3072.04;2165.38;-906.66;0.00
0.18;9.58;41.41;3312.49;1551.45;-1761.04;0.00
0.24;8.57;39.29;3143.54;1855.89;-1287.65;0.00
0.27;9.28;37.47;2997.89;2093.00;-904.90;0.00
0.24;10.78;40.20;3215.72;2009.01;-1206.71;0.00
0.23;9.69;40.33;3226.42;1874.73;-1351.69;0.00
0.23;8.31;42.96;3436.50;1806.68;-1629.82;0.00
0.31;11.08;39.94;3195.17;2402.43;-792.74;0.00
0.23;11.21;38.97;3117.97;1942.93;-1175.04;0.00
0.25;9.48;41.69;3334.92;1971.41;-1363.51;0.00
0.27;9.64;50.24;4019.58;2089.99;-1929.58;0.00
0.25;9.55;39.68;3174.09;1966.66;-1207.44;0.00
0.24;10.97;39.13;3130.03;1986.83;-1143.20;0.00
0.23;10.30;42.87;3429.24;1871.96;-1557.29;0.00
0.28;11.74;34.33;2746.57;2269.81;-476.75;0.00
0.21;9.36;42.41;3392.71;1737.17;-1655.54;0.00
0.23;11.55;40.81;3264.73;1976.04;-1288.69;0.00
0.28;8.45;48.90;3912.28;2089.07;-1823.21;0.00
0.29;10.88;48.15;3852.03;2279.78;-1572.26;0.00
0.27;9.90;31.17;2493.82;2094.05;-399.78;0.00
0.24;10.52;39.61;3168.98;1958.43;-1210.55;0.00
0.27;10.36;40.52;3241.51;2127.46;-1114.06;0.00
0.29;12.73;54.36;4348.73;2389.58;-1959.15;0.00
0.28;8.73;38.37;3069.47;2087.45;-982.03;0.00
0.26;12.60;41.67;3333.36;2217.05;-1116.31;0.00
0.25;10.98;46.28;3702.65;2073.11;-1629.53;0.00
0.26;11.51;38.03;3042.57;2135.21;-907.36;0.00
0.22;9.71;34.31;2745.18;1783.96;-961.22;0.00
0.25;12.20;43.36;3468.85;2138.06;-1330.80;0.00
0.24;10.77;43.65;3491.76;1957.15;-1534.61;0.00
0.21;8.84;35.07;2805.70;1687.78;-1117.92;0.00
0.23;10.05;36.95;2956.37;1872.33;-1084.04;0.00
0.28;9.95;39.59;3167.05;2147.29;-1019.76;0.00
0.22;9.61;34.03;2722.24;1805.37;-916.88;0.00
0.24;10.05;50.53;4042.30;1919.37;-2122.93;0.00
0.24;11.26;46.13;3690.01;1997.03;-1692.98;0.00
0.28;11.70;44.79;3583.58;2282.50;-1301.08;0.00
0.29;10.44;49.23;3938.13;2250.01;-1688.12;0.00
0.26;10.79;46.35;3707.82;2114.88;-1592.94;0.00
0.25;9.59;40.76;3260.67;1969.35;-1291.32;0.00
0.24;10.23;33.96;2716.83;1980.09;-736.74;0.00
0.24;9.09;47.00;3759.62;1909.20;-1850.42;0.00
0.22;10.24;36.50;2920.20;1858.16;-1062.04;0.00
0.21;10.46;32.56;2604.88;1765.99;-838.89;0.00
0.20;10.59;36.08;2886.37;1766.13;-1120.23;0.00
0.22;10.31;37.56;3004.45;1861.31;-1143.15;0.00
0.25;10.47;40.28;3222.09;2006.02;-1216.07;0.00
0.30;9.82;41.14;3291.48;2272.42;-1019.06;0.00
0.29;10.46;37.26;2980.97;2270.77;-710.20;0.00
0.24;11.40;42.02;3361.23;1994.17;-1367.05;0.00
0.22;9.45;40.94;3275.57;1768.37;-1507.20;0.00
0.26;11.54;41.82;3345.77;2149.48;-1196.29;0.00
0.27;8.11;40.50;3239.80;2001.05;-1238.75;0.00
0.25;10.08;34.86;2788.73;2006.96;-781.77;0.00
0.26;11.26;41.55;3323.63;2107.89;-1215.74;0.00
0.27;11.05;42.49;3399.35;2196.98;-1202.37;0.00
0.27;9.49;42.99;3438.87;2096.53;-1342.34;0.00
0.25;8.78;36.34;2907.09;1906.74;-1000.34;0.00
0.23;8.49;38.22;3057.88;1803.30;-1254.58;0.00
0.25;10.56;36.03;2882.73;2008.43;-874.30;0.00
0.23;9.87;44.79;3583.59;1896.33;-1687.26;0.00
0.25;9.13;40.88;3270.01;1946.57;-1323.44;0.00
0.28;12.13;43.14;3451.38;2266.19;-1185.20;0.00
0.26;9.78;49.41;3953.10;2058.51;-1894.59;0.00
0.24;9.08;44.62;3569.93;1864.88;-1705.06;0.00
0.22;9.30;44.44;3554.99;1779.80;-1775.19;0.00
0.25;10.48;43.03;3442.40;2014.09;-1428.31;0.00
0.24;10.07;36.74;2938.85;1936.80;-1002.06;0.00
0.25;11.38;47.26;3780.58;2068.32;-1712.26;0.00
0.25;10.37;32.22;2577.87;1990.59;-587.28;0.00
0.27;8.87;43.61;3488.97;2026.98;-1461.99;0.00
0.25;11.60;39.61;3169.03;2065.15;-1103.87;0.00
0.27;9.28;33.18;2654.61;2055.75;-598.86;0.00
0.27;10.04;32.84;2627.18;2131.93;-495.25;0.00
0.20;11.78;35.65;2851.62;1789.86;-1061.76;0.00
0.26;10.40;39.47;3157.41;2052.15;-1105.25;0.00
0.26;9.61;47.04;3763.44;2025.22;-1738.21;0.00
0.22;10.23;31.59;2527.23;1836.02;-691.21;0.00
0.23;9.66;38.66;3092.78;1887.80;-1204.98;0.00
0.26;8.89;41.55;3323.61;2002.36;-1321.25;0.00
0.28;8.75;33.99;2719.47;2084.44;-635.02;0.00
0.21;13.36;37.06;2964.96;1966.13;-998.83;0.00
0.22;10.10;35.10;2808.32;1848.08;-960.24;0.00
0.27;11.23;35.87;2869.64;2160.59;-709.05;0.00
0.26;10.36;33.85;2708.20;2049.69;-658.51;0.00
0.27;10.63;40.66;3252.59;2150.49;-1102.10;0.00
0.27;10.07;40.46;3236.72;2092.98;-1143.74;0.00
0.30;9.40;35.46;2837.03;2243.41;-593.61;0.00
0.27;8.78;36.13;2890.04;2026.52;-863.52;0.00
0.21;9.98;45.92;3673.91;1775.05;-1898.86;0.00
0.22;9.06;38.69;3094.90;1756.39;-1338.51;0.00
0.26;8.96;34.41;2752.94;1986.12;-766.83;0.00
0.21;11.34;50.95;4076.30;1842.45;-2233.86;0.00
0.22;10.21;44.61;3568.87;1809.67;-1759.21;0.00
0.26;9.57;42.54;3403.32;2018.26;-1385.06;0.00
0.23;10.84;34.29;2743.03;1926.77;-816.26;0.00
0.25;9.11;41.71;3336.56;1925.22;-1411.34;0.00
0.24;10.41;45.17;3613.40;1957.57;-1655.83;0.00
0.24;10.42;40.05;3203.88;1935.15;-1268.73;0.00
0.25;10.04;43.86;3508.59;2016.59;-1491.99;0.00
0.28;9.44;35.35;2827.61;2116.30;-711.30;0.00
0.25;10.06;39.49;3158.99;1976.88;-1182.11;0.00
0.26;10.30;30.87;2469.50;2088.68;-380.82;0.00
0.25;7.70;42.37;3389.34;1901.59;-1487.76;0.00
0.28;10.90;35.69;2855.50;2208.92;-646.58;0.00
0.23;12.44;46.93;3754.24;1986.07;-1768.17;0.00
0.22;10.25;36.68;2934.61;1863.05;-1071.56;0.00
0.28;9.98;31.29;2503.21;2154.95;-348.26;0.00
0.24;11.63;40.82;3265.82;2020.46;-1245.36;0.00
0.24;12.26;43.27;3461.39;2083.44;-1377.95;0.00
0.25;11.27;40.77;3261.76;2044.45;-1217.31;0.00
0.28;9.12;42.24;3379.17;2151.50;-1227.67;0.00
0.22;10.43;36.58;2926.61;1859.37;-1067.24;0.00
0.25;11.43;48.40;3871.96;2085.56;-1786.40;0.00
0.27;10.54;33.41;2672.45;2152.14;-520.31;0.00
0.21;11.38;43.88;3510.09;1860.26;-1649.83;0.00
0.28;8.33;39.30;3143.80;2104.20;-1039.60;0.00
0.22;9.91;43.71;3496.81;1832.37;-1664.44;0.00
0.22;9.96;35.18;2814.05;1823.94;-990.11;0.00
0.20;10.81;36.87;2949.89;1772.92;-1176.97;0.00
0.25;10.11;44.60;3568.09;1990.31;-1577.78;0.00
0.26;11.34;41.61;3328.96;2120.54;-1208.42;0.00
0.29;11.81;33.90;2711.70;2324.55;-387.15;0.00
0.25;11.81;44.24;3539.35;2112.08;-1427.27;0.00
0.28;10.53;37.03;2962.05;2182.07;-779.98;0.00
0.24;10.41;41.56;3325.16;1965.69;-1359.47;0.00
0.20;8.93;40.00;3199.74;1648.95;-1550.79;0.00
0.26;11.04;39.84;3187.55;2118.95;-1068.61;0.00
0.22;10.31;37.45;2996.02;1823.83;-1172.19;0.00
0.24;9.92;39.68;3174.63;1930.22;-1244.41;0.00
0.26;12.37;40.23;3218.08;2155.81;-1062.26;0.00
0.27;10.73;37.73;3018.66;2165.28;-853.38;0.00
0.24;10.17;48.43;3874.47;1970.23;-1904.24;0.00
0.23;8.73;34.12;2729.83;1834.92;-894.91;0.00
0.29;9.81;39.53;3162.07;2214.19;-947.88;0.00
0.29;9.49;43.84;3507.33;2230.69;-1276.64;0.00
0.26;11.11;42.38;3390.66;2130.72;-1259.94;0.00
0.24;10.48;54.75;4380.37;1983.19;-2397.17;0.00
0.21;10.05;42.03;3362.07;1792.74;-1569.33;0.00
0.28;8.18;41.65;3331.67;2057.63;-1274.03;0.00
0.23;8.88;29.29;2343.15;1804.81;-538.34;0.00
0.26;10.39;42.18;3374.18;2101.98;-1272.21;0.00
0.27;9.53;33.74;2699.47;2116.98;-582.50;0.00
0.28;9.59;45.54;3643.58;2131.63;-1511.94;0.00
0.26;9.77;34.84;2787.43;2025.87;-761.56;0.00
0.24;10.08;43.26;3461.19;1960.23;-1500.97;0.00
0.23;9.50;35.21;2817.10;1845.69;-971.40;0.00
0.20;10.30;36.46;2917.16;1740.89;-1176.26;0.00
0.27;10.87;41.34;3307.53;2157.98;-1149.54;0.00
0.24;10.76;43.17;3453.51;1992.56;-1460.95;0.00
0.24;10.04;49.47;3957.81;1923.23;-2034.57;0.00
0.23;10.62;41.86;3348.52;1920.83;-1427.69;0.00
0.20;11.22;46.18;3694.80;1796.48;-1898.32;0.00
0.26;11.30;34.72;2777.91;2104.39;-673.52;0.00
0.23;10.95;39.48;3158.67;1940.65;-1218.02;0.00
0.25;10.77;40.33;3226.63;2041.50;-1185.13;0.00
0.24;12.35;47.46;3796.93;2062.58;-1734.35;0.00
0.23;9.59;43.10;3448.15;1860.37;-1587.78;0.00
0.24;9.25;44.09;3527.23;1875.38;-1651.85;0.00
0.25;10.86;35.45;2836.13;2048.35;-787.78;0.00
0.30;9.43;39.89;3191.14;2247.56;-943.59;0.00
0.24;10.50;39.19;3135.12;1986.15;-1148.98;0.00
0.29;9.05;33.08;2646.30;2157.70;-488.60;0.00
0.21;10.35;29.59;2367.28;1765.80;-601.48;0.00
0.22;8.85;38.84;3107.19;1748.98;-1358.21;0.00
0.27;10.51;42.85;3427.96;2167.38;-1260.58;0.00
0.21;10.03;37.67;3013.61;1742.10;-1271.51;0.00
0.21;10.99;41.59;3327.38;1841.62;-1485.76;0.00
0.26;11.65;34.94;2794.89;2167.21;-627.68;0.00
0.25;9.07;38.53;3082.74;1968.71;-1114.03;0.00
0.28;10.07;45.41;3632.41;2153.07;-1479.33;0.00
0.24;11.27;45.15;3611.75;1990.61;-1621.14;0.00
0.25;10.35;37.40;2992.39;2008.47;-983.91;0.00
0.23;9.55;43.91;3512.43;1883.14;-1629.30;0.00
0.28;10.91;38.61;3089.02;2208.26;-880.76;0.00
0.24;11.12;37.63;3010.62;1971.41;-1039.21;0.00
0.23;10.68;36.45;2915.72;1899.90;-1015.82;0.00
0.23;10.72;46.25;3700.22;1904.94;-1795.28;0.00
0.25;11.10;37.50;2999.91;2029.21;-970.70;0.00
0.21;11.36;41.89;3351.27;1854.60;-1496.68;0.00
0.23;9.82;33.04;2643.58;1850.31;-793.27;0.00
0.24;12.02;40.23;3218.00;2031.17;-1186.83;0.00
0.22;10.21;36.33;2906.66;1827.84;-1078.83;0.00
0.29;10.96;44.52;3561.55;2272.54;-1289.01;0.00
0.28;9.96;33.40;2672.34;2144.05;-528.29;0.00
0.27;9.86;36.71;2937.06;2098.27;-838.79;0.00
0.23;9.05;36.14;2891.25;1816.63;-1074.62;0.00
0.22;9.88;40.72;3257.97;1815.25;-1442.72;0.00
0.28;11.48;36.36;2908.97;2280.72;-628.26;0.00
0.23;10.13;39.80;3184.18;1882.68;-1301.50;0.00
0.26;10.28;32.48;2598.73;2093.99;-504.73;0.00
0.27;9.06;43.09;3447.23;2055.84;-1391.40;0.00
0.23;11.11;36.65;2932.02;1955.79;-976.23;0.00
0.22;9.62;34.48;2758.68;1829.39;-929.30;0.00
0.20;11.66;37.32;2985.66;1819.15;-1166.52;0.00
0.28;10.18;47.07;3765.47;2174.17;-1591.30;0.00
0.23;9.43;45.55;3643.60;1829.77;-1813.83;0.00
0.25;9.66;33.29;2662.81;2007.10;-655.70;0.00
0.25;9.12;42.08;3366.72;1964.30;-1402.42;0.00
0.23;12.33;35.09;2807.57;2017.46;-790.11;0.00
0.31;9.78;35.76;2861.10;2311.13;-549.96;0.00
0.24;9.42;46.45;3715.65;1930.36;-1785.30;0.00
0.24;10.17;40.82;3265.74;1920.18;-1345.56;0.00
0.23;9.43;43.75;3499.78;1868.39;-1631.40;0.00
0.28;10.52;32.99;2639.25;2225.25;-414.01;0.00
0.26;10.92;43.85;3508.04;2078.32;-1429.73;0.00
0.30;10.26;40.45;3235.67;2278.77;-956.90;0.00
0.26;10.44;39.41;3152.68;2084.79;-1067.89;0.00
0.28;9.05;42.30;3383.99;2092.78;-1291.21;0.00
0.26;10.87;38.95;3115.76;2089.71;-1026.05;0.00
0.21;12.28;31.99;2558.89;1877.82;-681.07;0.00
0.24;10.19;41.90;3351.91;1929.72;-1422.18;0.00
0.26;8.27;35.80;2864.30;1969.38;-894.92;0.00
0.26;10.45;45.42;3633.77;2075.89;-1557.87;0.00
0.25;10.47;40.94;3275.46;2046.82;-1228.64;0.00
0.20;9.22;49.52;3961.91;1677.85;-2284.07;0.00
0.27;10.29;44.18;3534.59;2109.51;-1425.08;0.00
0.23;8.32;33.57;2685.99;1813.46;-872.53;0.00
0.23;8.92;40.56;3244.51;1845.45;-1399.06;0.00
0.27;8.50;36.15;2892.00;2057.97;-834.03;0.00
0.28;11.54;41.42;3313.20;2230.90;-1082.31;0.00
0.27;9.69;35.45;2835.79;2109.04;-726.75;0.00
0.25;9.81;42.19;3375.18;1965.07;-1410.11;0.00
0.23;9.68;46.44;3715.24;1842.76;-1872.48;0.00
0.23;11.47;37.51;3000.43;1986.86;-1013.57;0.00
0.27;11.22;41.38;3310.28;2155.30;-1154.98;0.00
0.24;10.56;46.90;3752.19;1970.89;-1781.31;0.00
0.25;10.90;42.70;3415.88;2063.07;-1352.81;0.00
0.31;10.19;36.55;2923.71;2331.62;-592.10;0.00
0.28;10.75;47.71;3817.06;2198.53;-1618.53;0.00
0.23;11.32;42.51;3400.44;1974.39;-1426.06;0.00
0.23;12.01;38.39;3070.94;1964.53;-1106.42;0.00
0.27;8.42;41.08;3286.30;2055.16;-1231.14;0.00
0.22;9.34;50.90;4071.85;1787.39;-2284.46;0.00
0.28;11.56;36.93;2954.46;2235.27;-719.19;0.00
0.29;9.99;41.83;3346.65;2254.47;-1092.18;0.00
0.22;9.16;39.88;3190.70;1794.39;-1396.31;0.00
0.29;8.26;44.81;3584.46;2122.77;-1461.69;0.00
0.30;11.49;47.32;3785.69;2397.81;-1387.88;0.00
0.25;9.53;37.28;2982.53;1967.45;-1015.08;0.00
0.26;9.62;40.68;3254.51;2014.52;-1239.99;0.00
0.24;10.47;37.89;3030.89;1946.25;-1084.65;0.00
0.24;8.20;46.98;3758.44;1824.58;-1933.86;0.00
0.27;10.62;39.42;3153.22;2140.30;-1012.92;0.00
0.25;9.35;37.76;3020.55;1983.63;-1036.92;0.00
0.27;10.87;41.55;3323.78;2186.04;-1137.74;0.00
0.20;9.93;41.02;3281.68;1718.13;-1563.55;0.00
0.24;8.61;46.89;3750.99;1890.47;-1860.52;0.00
0.24;10.91;48.47;3877.50;1984.98;-1892.52;0.00
0.26;6.87;44.95;3596.27;1892.42;-1703.85;0.00
0.25;12.41;40.07;3205.56;2145.23;-1060.33;0.00
0.22;9.31;37.93;3034.21;1770.37;-1263.84;0.00
0.23;11.32;40.95;3276.36;1958.77;-1317.59;0.00
0.26;10.58;42.05;3364.34;2063.68;-1300.65;0.00
0.22;9.28;43.66;3492.57;1800.43;-1692.14;0.00
0.22;11.57;36.77;2941.39;1906.38;-1035.01;0.00
0.26;9.25;40.23;3218.35;1988.15;-1230.20;0.00
0.25;10.48;37.46;2996.56;2020.98;-975.58;0.00
0.25;10.56;44.72;3577.23;2018.64;-1558.59;0.00
0.27;8.91;39.08;3126.54;2055.91;-1070.63;0.00
0.27;10.93;37.49;2999.14;2179.99;-819.15;0.00
0.29;11.41;44.79;3583.24;2282.57;-1300.67;0.00
0.27;10.40;38.60;3088.39;2141.35;-947.03;0.00
0.30;11.87;44.56;3564.68;2394.22;-1170.47;0.00
0.20;10.66;40.26;3220.84;1765.65;-1455.18;0.00
0.25;9.31;39.64;3170.80;1982.46;-1188.34;0.00
0.26;11.12;42.31;3384.83;2105.32;-1279.51;0.00
0.24;11.00;46.28;3702.51;1975.69;-1726.82;0.00
0.28;10.69;40.58;3246.24;2193.98;-1052.26;0.00
0.28;10.67;39.21;3137.09;2207.91;-929.18;0.00
0.21;9.08;50.52;4041.63;1728.96;-2312.68;0.00
0.26;10.25;52.13;4170.61;2065.53;-2105.08;0.00
0.22;11.93;44.99;3599.47;1909.42;-1690.05;0.00
0.26;10.63;43.99;3519.36;2097.63;-1421.73;0.00
0.25;6.66;38.01;3040.68;1809.15;-1231.53;0.00
0.23;10.57;36.43;2914.08;1931.27;-982.81;0.00
0.27;9.91;33.97;2717.24;2095.09;-622.15;0.00
0.30;10.64;46.63;3730.06;2295.80;-1434.26;0.00
0.27;9.99;38.11;3048.88;2090.07;-958.81;0.00
0.24;9.44;34.80;2784.32;1899.68;-884.65;0.00
0.23;9.97;37.95;3035.94;1892.74;-1143.20;0.00
0.24;8.91;30.32;2425.61;1868.39;-557.22;0.00
0.28;12.76;44.13;3530.77;2296.69;-1234.09;0.00
0.21;10.01;38.79;3103.14;1761.73;-1341.41;0.00
0.28;10.26;39.67;3173.50;2187.03;-986.47;0.00
0.28;9.91;42.20;3376.29;2140.98;-1235.31;0.00
0.29;10.77;36.70;2935.75;2277.93;-657.81;0.00
0.21;10.35;38.14;3051.18;1754.88;-1296.30;0.00
0.21;11.17;43.89;3510.92;1808.72;-1702.21;0.00
0.23;9.60;37.50;3000.25;1834.81;-1165.45;0.00
0.28;11.28;44.28;3542.35;2228.24;-1314.12;0.00
0.29;9.40;41.86;3349.17;2174.72;-1174.44;0.00
0.25;7.45;35.81;2864.50;1870.10;-994.40;0.00
0.26;11.02;33.59;2686.87;2099.90;-586.97;0.00
0.19;10.87;42.57;3405.75;1723.71;-1682.04;0.00
0.25;9.48;36.48;2918.46;1957.41;-961.05;0.00
0.24;12.86;36.50;2920.08;2116.56;-803.52;0.00
0.28;8.74;42.01;3360.66;2119.75;-1240.91;0.00
0.22;10.47;40.47;3237.74;1873.05;-1364.68;0.00
0.25;9.07;45.45;3636.21;1945.25;-1690.95;0.00
0.22;12.04;49.21;3936.71;1959.98;-1976.73;0.00
0.21;9.42;39.35;3147.88;1740.87;-1407.01;0.00
0.24;11.59;46.44;3714.94;2008.77;-1706.17;0.00
0.25;9.25;40.74;3259.27;1941.64;-1317.62;0.00
0.26;9.39;38.46;3076.61;2019.47;-1057.14;0.00
0.26;9.03;43.43;3474.63;1995.14;-1479.49;0.00
0.26;10.54;38.35;3068.13;2071.13;-997.00;0.00
0.26;9.36;38.61;3089.09;2037.39;-1051.70;0.00
0.27;9.37;43.56;3484.99;2103.99;-1381.00;0.00
0.24;10.10;41.84;3346.84;1938.80;-1408.04;0.00
0.24;8.81;34.55;2764.15;1863.46;-900.69;0.00
0.24;8.95;37.30;2983.79;1886.88;-1096.90;0.00
0.23;11.87;40.22;3217.81;1979.33;-1238.48;0.00
0.26;9.95;35.32;2825.49;2057.40;-768.09;0.00
0.23;10.20;51.43;4114.06;1896.11;-2217.96;0.00
0.22;8.51;45.12;3609.61;1751.20;-1858.41;0.00
0.24;12.71;43.72;3497.66;2091.63;-1406.03;0.00
0.27;11.40;36.37;2909.80;2202.96;-706.84;0.00
0.26;6.26;44.64;3571.28;1868.48;-1702.81;0.00
0.27;8.45;41.46;3317.14;2020.02;-1297.12;0.00
0.26;10.15;42.07;3365.39;2059.69;-1305.70;0.00
0.27;10.15;35.36;2829.01;2108.88;-720.13;0.00
0.25;9.37;42.99;3439.36;1955.72;-1483.64;0.00
0.25;8.01;48.78;3902.07;1872.33;-2029.73;0.00
0.23;11.27;37.80;3024.21;1959.51;-1064.71;0.00
0.19;9.93;40.06;3205.02;1629.75;-1575.27;0.00
0.29;11.95;39.59;3167.22;2319.03;-848.19;0.00
0.28;9.61;45.58;3646.67;2164.99;-1481.68;0.00
0.24;9.71;48.07;3845.32;1951.03;-1894.29;0.00
0.24;10.37;40.90;3271.67;1948.43;-1323.23;0.00
0.31;10.55;48.56;3884.88;2358.12;-1526.76;0.00
0.28;10.60;33.25;2660.09;2200.37;-459.72;0.00
0.26;10.97;27.55;2203.74;2096.90;-106.85;0.00
0.25;9.26;46.00;3680.19;1960.37;-1719.82;0.00
0.24;10.44;37.72;3017.83;1967.34;-1050.49;0.00
0.19;9.74;41.44;3315.32;1659.45;-1655.87;0.00
0.24;12.61;44.69;3575.11;2093.05;-1482.06;0.00
0.22;7.97;40.63;3250.74;1704.02;-1546.72;0.00
0.22;9.40;39.93;3194.75;1791.75;-1402.99;0.00
0.27;9.17;44.24;3539.28;2064.13;-1475.15;0.00
0.23;9.90;42.89;3430.93;1849.27;-1581.67;0.00
0.28;8.70;38.53;3082.38;2084.87;-997.51;0.00
0.24;9.15;43.30;3463.89;1920.62;-1543.26;0.00
0.27;11.23;29.37;2349.62;2190.26;-159.36;0.00
0.25;10.00;37.93;3034.77;1983.56;-1051.21;0.00
0.23;9.76;44.49;3559.38;1874.02;-1685.35;0.00
0.27;10.19;49.50;3960.04;2142.19;-1817.85;0.00
0.30;9.35;40.67;3253.85;2272.24;-981.61;0.00
0.28;9.29;31.85;2547.95;2106.68;-441.27;0.00
0.24;10.91;40.22;3217.76;1985.50;-1232.26;0.00
0.21;10.43;40.23;3218.72;1816.67;-1402.05;0.00
0.23;10.63;34.99;2799.08;1889.15;-909.93;0.00
0.27;8.87;37.89;3031.36;2078.43;-952.93;0.00
0.20;10.36;43.69;3495.06;1743.34;-1751.72;0.00
0.20;9.86;42.14;3371.11;1722.34;-1648.77;0.00
0.27;9.82;39.28;3142.36;2092.98;-1049.38;0.00
0.25;10.52;37.66;3012.89;2016.71;-996.18;0.00
0.26;12.87;50.09;4007.24;2204.95;-1802.28;0.00
0.23;9.25;37.95;3036.23;1840.74;-1195.48;0.00
0.24;11.17;30.63;2450.24;1994.25;-455.99;0.00
0.24;10.25;39.38;3150.34;1976.91;-1173.44;0.00
0.26;11.83;38.13;3050.58;2134.32;-916.26;0.00
0.24;11.07;47.82;3825.36;1979.94;-1845.42;0.00
0.25;8.87;47.69;3815.28;1934.45;-1880.83;0.00
0.25;12.16;45.54;3642.99;2122.28;-1520.71;0.00
0.24;10.11;44.79;3583.54;1943.23;-1640.31;0.00
0.24;11.18;40.40;3231.65;2000.10;-1231.55;0.00
0.22;10.45;32.42;2593.52;1871.77;-721.75;0.00
0.28;10.32;42.66;3412.75;2192.30;-1220.45;0.00
0.23;10.80;37.70;3016.26;1920.81;-1095.45;0.00
0.22;10.19;32.67;2613.55;1826.78;-786.77;0.00
0.26;9.04;35.67;2853.65;1996.92;-856.74;0.00
0.25;9.35;36.63;2930.15;1962.96;-967.20;0.00
0.27;10.47;41.00;3279.97;2148.33;-1131.64;0.00
0.24;9.56;44.20;3536.05;1887.08;-1648.97;0.00
0.23;10.35;47.79;3822.92;1917.51;-1905.41;0.00
0.24;10.92;40.64;3251.17;1969.62;-1281.55;0.00
0.25;9.71;39.46;3156.93;1996.59;-1160.34;0.00
0.26;10.42;40.22;3217.60;2085.33;-1132.27;0.00
0.24;10.83;38.16;3052.64;1965.18;-1087.46;0.00
0.25;10.76;39.57;3165.82;2034.97;-1130.85;0.00
0.24;9.00;36.99;2958.94;1866.07;-1092.87;0.00
0.23;10.86;28.25;2260.17;1917.00;-343.16;0.00
0.23;9.12;48.93;3914.57;1820.82;-2093.75;0.00
0.19;11.86;43.63;3490.66;1760.76;-1729.90;0.00
0.24;10.34;39.93;3194.60;1956.92;-1237.68;0.00
0.25;9.30;36.39;2910.82;1981.54;-929.27;0.00
0.25;10.99;37.49;2999.18;2080.27;-918.91;0.00
0.25;10.48;46.24;3698.95;2044.19;-1654.76;0.00
0.25;9.29;38.56;3084.44;1969.80;-1114.64;0.00
0.21;10.45;41.02;3281.70;1813.43;-1468.28;0.00
0.28;11.25;40.68;3254.11;2220.04;-1034.07;0.00
0.28;8.80;40.35;3228.29;2084.31;-1143.98;0.00
0.25;7.75;49.51;3960.96;1861.88;-2099.08;0.00
0.23;13.01;38.47;3077.59;2027.96;-1049.63;0.00
0.22;10.98;37.32;2985.38;1858.10;-1127.28;0.00
0.27;11.80;44.67;3573.74;2225.21;-1348.53;0.00
0.24;10.50;44.41;3552.56;1982.57;-1569.99;0.00
0.26;10.26;43.50;3480.12;2047.27;-1432.84;0.00
0.24;10.78;49.70;3975.88;1967.41;-2008.46;0.00
0.22;10.16;42.03;3362.53;1811.73;-1550.81;0.00
0.24;9.95;37.51;3000.53;1940.20;-1060.33;0.00
0.25;9.43;34.02;2721.21;1948.96;-772.25;0.00
0.26;11.48;37.29;2983.30;2148.71;-834.59;0.00
0.25;10.55;38.47;3077.74;2006.25;-1071.49;0.00
0.23;10.17;34.72;2777.87;1906.25;-871.62;0.00
0.28;9.84;42.32;3385.78;2191.10;-1194.68;0.00
0.21;10.70;39.96;3196.89;1810.30;-1386.59;0.00
0.22;9.83;39.20;3135.67;1818.37;-1317.30;0.00
0.27;9.22;42.33;3386.68;2089.58;-1297.10;0.00
0.27;8.96;36.79;2943.49;2070.50;-872.99;0.00
0.25;9.33;39.55;3164.21;1983.39;-1180.82;0.00
0.25;11.00;39.88;3190.08;2072.81;-1117.27;0.00
0.31;11.10;42.11;3369.06;2421.39;-947.67;0.00
0.23;10.56;37.74;3019.06;1926.49;-1092.57;0.00
0.30;9.60;36.67;2933.93;2253.07;-680.85;0.00
0.25;8.36;34.31;2744.90;1903.52;-841.38;0.00
0.28;10.83;44.95;3596.06;2214.50;-1381.56;0.00
0.23;10.11;36.64;2930.91;1881.35;-1049.56;0.00
0.26;8.31;46.02;3681.31;1960.46;-1720.86;0.00
0.22;9.63;35.84;2867.34;1828.07;-1039.27;0.00
0.24;11.05;44.83;3586.65;1987.59;-1599.06;0.00
0.25;9.60;43.81;3504.69;1992.80;-1511.89;0.00
0.25;11.45;42.06;3364.83;2056.57;-1308.26;0.00
0.28;9.95;42.67;3413.70;2170.06;-1243.64;0.00
0.28;11.00;46.27;3701.43;2247.65;-1453.78;0.00
0.26;10.15;35.35;2827.77;2054.63;-773.14;0.00
0.26;9.45;43.78;3502.29;2002.42;-1499.86;0.00
0.23;10.04;41.60;3328.04;1889.60;-1438.45;0.00
0.26;10.84;43.89;3511.25;2076.01;-1435.24;0.00
0.24;10.47;48.89;3911.51;1943.86;-1967.64;0.00
0.22;9.86;35.95;2876.27;1813.04;-1063.24;0.00
0.22;8.76;42.95;3436.08;1755.03;-1681.05;0.00
0.27;8.43;36.64;2931.21;2009.75;-921.46;0.00
0.23;8.34;40.55;3243.61;1814.19;-1429.42;0.00
0.23;8.60;42.51;3400.87;1831.50;-1569.37;0.00
0.21;8.99;43.13;3450.41;1711.34;-1739.07;0.00
0.22;10.44;36.65;2932.25;1858.01;-1074.24;0.00
0.20;11.06;34.94;2794.93;1771.80;-1023.13;0.00
0.22;9.53;34.71;2777.15;1802.45;-974.70;0.00
0.22;12.07;41.28;3302.00;1908.16;-1393.85;0.00
0.21;9.28;36.38;2910.01;1731.85;-1178.16;0.00
0.29;9.84;39.56;3164.90;2233.32;-931.58;0.00
0.27;10.77;42.88;3430.62;2135.11;-1295.52;0.00
0.26;10.46;41.83;3346.12;2060.19;-1285.92;0.00
0.26;9.26;37.60;3008.15;2043.07;-965.08;0.00
0.28;11.58;32.63;2610.34;2233.14;-377.20;0.00
0.23;11.35;41.96;3356.86;1971.25;-1385.62;0.00
0.29;10.53;28.66;2292.77;2283.49;-9.28;0.00
0.25;9.11;39.60;3168.33;1928.20;-1240.13;0.00
0.26;9.75;48.15;3851.72;2019.25;-1832.47;0.00
0.27;10.43;43.26;3460.65;2140.84;-1319.81;0.00
0.22;11.44;41.85;3348.12;1881.01;-1467.11;0.00
0.23;10.27;39.48;3158.21;1894.99;-1263.21;0.00
0.23;10.50;37.64;3011.34;1908.71;-1102.63;0.00
0.27;11.47;42.25;3380.01;2219.10;-1160.92;0.00
0.24;9.53;40.95;3275.65;1935.84;-1339.80;0.00
0.21;11.80;43.57;3485.80;1867.54;-1618.26;0.00
0.25;9.81;48.39;3870.86;1985.51;-1885.34;0.00
0.24;9.35;45.53;3642.26;1893.49;-1748.77;0.00
0.24;9.33;40.90;3272.05;1908.80;-1363.26;0.00
0.27;10.07;37.77;3021.71;2121.13;-900.58;0.00
0.23;10.21;35.28;2822.71;1911.99;-910.72;0.00
0.24;10.48;35.61;2848.75;1940.32;-908.43;0.00
0.24;9.75;38.91;3113.05;1923.48;-1189.57;0.00
0.25;11.46;43.42;3473.52;2062.76;-1410.76;0.00
0.24;9.97;37.96;3037.07;1926.70;-1110.36;0.00
0.20;10.41;38.94;3115.09;1730.11;-1384.99;0.00
0.29;9.69;35.80;2864.15;2203.85;-660.30;0.00
0.20;9.04;49.26;3940.90;1666.24;-2274.67;0.00
0.22;8.93;38.08;3046.58;1761.59;-1284.99;0.00
0.24;9.91;43.07;3445.88;1924.50;-1521.37;0.00
0.29;8.49;40.31;3224.76;2155.33;-1069.43;0.00
0.27;10.38;43.10;3448.06;2160.26;-1287.80;0.00
0.25;10.57;30.15;2412.11;2021.52;-390.59;0.00
0.23;9.76;42.50;3399.87;1845.74;-1554.12;0.00
0.27;11.54;36.91;2952.86;2177.18;-775.68;0.00
0.22;9.02;46.31;3704.42;1788.35;-1916.07;0.00
0.25;9.32;38.12;3049.78;1989.35;-1060.43;0.00
0.29;10.87;39.69;3174.82;2287.17;-887.65;0.00
0.26;8.98;41.71;3336.67;2004.37;-1332.30;0.00
0.24;10.62;43.44;3475.43;2000.98;-1474.45;0.00
0.22;8.37;34.63;2770.42;1746.47;-1023.95;0.00
0.26;11.01;39.38;3150.68;2093.87;-1056.81;0.00
0.26;11.17;39.78;3182.65;2129.64;-1053.01;0.00
0.24;10.27;36.30;2904.17;1955.20;-948.98;0.00
0.18;11.02;41.74;3339.08;1647.38;-1691.70;0.00
0.22;9.89;40.60;3247.81;1814.44;-1433.37;0.00
0.28;10.65;41.47;3317.77;2193.75;-1124.02;0.00
0.23;11.55;41.72;3337.28;1943.93;-1393.36;0.00
0.29;9.30;37.34;2987.34;2193.83;-793.51;0.00
0.26;10.60;37.61;3009.04;2099.35;-909.70;0.00
0.30;10.03;39.38;3150.55;2283.50;-867.04;0.00
0.26;9.96;36.60;2927.69;2062.79;-864.89;0.00
0.22;10.15;45.95;3675.95;1846.56;-1829.38;0.00
0.26;10.13;37.95;3036.24;2044.96;-991.29;0.00
0.26;11.91;40.04;3203.49;2158.58;-1044.91;0.00
0.21;9.87;34.61;2768.93;1753.28;-1015.65;0.00
0.25;10.81;39.64;3171.13;2062.87;-1108.26;0.00
0.21;10.76;40.86;3268.43;1790.05;-1478.38;0.00
0.27;11.35;37.75;3019.92;2216.96;-802.96;0.00
0.26;12.46;41.98;3358.38;2175.88;-1182.50;0.00
0.31;9.86;35.32;2825.45;2335.43;-490.01;0.00
0.29;10.40;46.70;3735.99;2275.40;-1460.59;0.00
0.24;9.21;45.19;3614.83;1899.06;-1715.76;0.00
0.26;11.83;41.14;3291.06;2149.41;-1141.65;0.00
0.20;12.19;40.12;3209.21;1816.94;-1392.26;0.00
0.30;10.19;44.42;3553.55;2285.22;-1268.33;0.00
0.23;11.36;44.81;3584.67;1982.26;-1602.41;0.00
0.27;10.88;45.49;3638.99;2158.91;-1480.08;0.00
0.27;11.45;49.08;3926.06;2215.36;-1710.71;0.00
0.25;9.68;37.10;2967.71;1960.44;-1007.27;0.00
0.27;10.95;28.37;2269.25;2145.52;-123.73;0.00
0.24;9.60;30.11;2409.12;1912.02;-497.10;0.00
0.24;10.00;39.69;3174.91;1912.82;-1262.09;0.00
0.24;9.25;33.87;2709.56;1915.50;-794.06;0.00
0.21;9.61;45.44;3635.40;1724.51;-1910.89;0.00
0.25;11.67;41.42;3313.40;2090.18;-1223.22;0.00
0.26;9.74;42.35;3387.73;2051.40;-1336.34;0.00
0.21;11.07;33.51;2681.07;1828.34;-852.74;0.00
0.25;9.64;36.67;2933.96;1994.67;-939.29;0.00
0.19;12.15;38.48;3078.25;1791.67;-1286.58;0.00
0.24;11.22;42.51;3400.65;2004.64;-1396.01;0.00
0.27;8.18;46.29;3703.50;1989.73;-1713.78;0.00
0.24;10.84;43.11;3448.86;1991.62;-1457.25;0.00
0.26;9.56;36.70;2936.10;2003.65;-932.46;0.00
0.24;11.31;40.68;3254.35;2032.20;-1222.15;0.00
0.24;7.80;32.56;2605.09;1807.98;-797.11;0.00
0.22;11.05;42.51;3401.19;1886.86;-1514.33;0.00
0.21;10.28;41.26;3300.65;1787.85;-1512.81;0.00
0.20;7.52;37.83;3026.11;1573.98;-1452.14;0.00
0.24;12.96;49.11;3928.56;2075.48;-1853.07;0.00
0.21;9.54;36.29;2903.01;1750.64;-1152.37;0.00
0.25;10.56;34.87;2789.23;2035.59;-753.64;0.00
0.23;9.98;34.40;2752.19;1896.10;-856.09;0.00
0.23;9.81;43.21;3456.93;1858.79;-1598.14;0.00
0.22;9.95;39.17;3133.64;1841.93;-1291.71;0.00
0.24;9.59;38.38;3070.09;1934.03;-1136.06;0.00
0.24;10.00;37.76;3021.19;1955.91;-1065.28;0.00
0.28;9.85;45.98;3678.07;2143.43;-1534.64;0.00
0.25;11.08;42.19;3375.50;2085.37;-1290.13;0.00
0.30;9.31;38.16;3053.15;2228.13;-825.02;0.00
0.27;10.03;38.59;3086.97;2112.78;-974.20;0.00
0.23;7.03;42.73;3418.45;1718.62;-1699.83;0.00
0.26;8.03;40.63;3250.50;1935.19;-1315.31;0.00
0.22;14.27;44.93;3594.37;2042.34;-1552.03;0.00
0.27;8.84;44.20;3536.37;2080.31;-1456.06;0.00
0.24;11.46;38.18;3054.42;2021.68;-1032.74;0.00
0.26;10.72;31.77;2541.98;2067.18;-474.80;0.00
0.30;10.12;36.14;2891.33;2284.28;-607.05;0.00
0.26;8.89;50.53;4042.42;2023.82;-2018.60;0.00
0.25;9.45;40.12;3209.70;1989.21;-1220.49;0.00
0.26;11.89;39.21;3136.83;2158.28;-978.55;0.00
0.26;11.13;42.78;3422.11;2133.23;-1288.88;0.00
0.24;7.59;42.60;3407.96;1836.96;-1571.00;0.00
0.27;12.30;36.82;2945.99;2233.35;-712.64;0.00
0.27;11.00;44.71;3576.61;2157.20;-1419.41;0.00
0.24;11.52;48.62;3889.78;2042.19;-1847.59;0.00
0.21;10.19;41.60;3328.24;1792.42;-1535.81;0.00
0.25;11.03;45.26;3620.58;2060.19;-1560.39;0.00
0.26;10.57;33.36;2668.85;2093.78;-575.07;0.00
0.24;8.25;47.85;3828.03;1825.40;-2002.63;0.00
0.24;7.89;42.34;3387.02;1852.24;-1534.77;0.00
0.25;10.18;45.01;3600.63;1992.22;-1608.41;0.00
0.22;11.79;49.35;3947.70;1914.20;-2033.50;0.00
0.22;9.98;42.41;3393.15;1836.82;-1556.33;0.00
0.26;11.16;43.45;3475.66;2098.20;-1377.46;0.00
0.30;12.48;34.23;2738.56;2427.51;-311.05;0.00
0.25;12.08;32.77;2621.44;2110.58;-510.86;0.00
0.30;10.43;37.19;2975.21;2307.04;-668.17;0.00
0.29;9.78;41.40;3312.17;2244.58;-1067.59;0.00
0.25;11.92;44.23;3538.05;2093.89;-1444.16;0.00
0.19;11.38;42.20;3375.84;1712.93;-1662.91;0.00
0.24;11.79;43.42;3473.92;2053.08;-1420.84;0.00
0.25;11.88;43.92;3513.39;2099.98;-1413.42;0.00
0.24;10.47;43.66;3492.59;1959.00;-1533.59;0.00
0.25;12.07;44.69;3575.12;2083.51;-1491.61;0.00
0.26;9.35;33.49;2678.88;2013.12;-665.76;0.00
0.26;11.05;33.16;2652.59;2121.35;-531.24;0.00
0.28;9.80;47.93;3834.08;2163.03;-1671.05;0.00
0.26;9.66;41.46;3316.73;2022.13;-1294.60;0.00
0.24;10.11;37.76;3020.56;1921.53;-1099.03;0.00
0.19;11.50;48.33;3866.15;1748.30;-2117.85;0.00
0.26;11.64;41.54;3323.29;2137.74;-1185.55;0.00
0.31;11.27;34.27;2741.80;2393.52;-348.29;0.00
0.21;8.81;48.22;3857.89;1691.19;-2166.71;0.00
0.24;11.17;41.07;3285.77;2016.90;-1268.87;0.00
0.22;11.56;42.61;3408.57;1905.37;-1503.20;0.00
0.24;8.45;40.42;3233.70;1881.47;-1352.23;0.00
0.27;9.81;38.59;3087.40;2115.78;-971.62;0.00
0.23;10.26;31.07;2485.56;1911.05;-574.51;0.00
0.25;9.83;36.78;2942.03;2009.04;-932.99;0.00
0.22;10.28;35.90;2872.31;1816.13;-1056.18;0.00
0.26;9.94;37.70;3016.25;2078.30;-937.95;0.00
0.27;12.92;40.53;3242.22;2264.84;-977.39;0.00
0.26;10.48;39.10;3127.94;2089.87;-1038.07;0.00
0.26;10.83;44.57;3565.41;2127.00;-1438.41;0.00
0.24;9.69;41.56;3324.77;1942.07;-1382.71;0.00
0.26;10.97;38.84;3107.05;2128.74;-978.31;0.00
0.26;10.87;45.70;3656.30;2101.46;-1554.84;0.00
0.26;12.48;38.34;3067.39;2217.91;-849.48;0.00
0.26;11.00;40.21;3216.46;2110.89;-1105.57;0.00
0.27;9.71;39.82;3185.57;2078.91;-1106.66;0.00
0.28;7.22;45.07;3605.51;2028.31;-1577.19;0.00
0.24;11.65;45.44;3635.53;2021.24;-1614.29;0.00
0.23;9.71;32.86;2628.48;1856.39;-772.10;0.00
0.25;10.95;40.26;3221.01;2029.33;-1191.69;0.00
0.22;12.43;40.63;3250.15;1953.86;-1296.29;0.00
0.28;10.03;41.87;3349.56;2185.50;-1164.06;0.00
0.23;9.80;46.57;3725.25;1861.66;-1863.59;0.00
0.20;10.60;39.16;3132.84;1739.60;-1393.24;0.00
0.25;9.97;36.85;2948.21;2007.86;-940.35;0.00
0.28;10.28;33.64;2691.25;2168.46;-522.79;0.00
0.21;10.04;44.04;3523.19;1772.57;-1750.62;0.00
0.20;9.90;43.69;3495.07;1701.95;-1793.12;0.00
0.24;12.74;41.83;3346.58;2080.76;-1265.81;0.00
0.26;10.93;39.85;3187.69;2115.15;-1072.55;0.00
0.23;12.47;40.83;3266.10;1992.71;-1273.39;0.00
0.23;11.12;45.17;3613.62;1925.31;-1688.32;0.00
0.29;11.09;38.21;3056.69;2286.23;-770.46;0.00
0.29;10.34;44.51;3560.71;2228.61;-1332.10;0.00
0.25;8.64;43.95;3516.08;1930.04;-1586.03;0.00
0.28;9.13;36.97;2957.50;2149.64;-807.85;0.00
0.25;11.02;38.97;3117.66;2070.88;-1046.78;0.00
0.28;9.65;38.33;3066.49;2148.55;-917.94;0.00
0.22;10.20;40.71;3256.47;1805.58;-1450.89;0.00
0.25;11.70;35.75;2860.20;2113.77;-746.43;0.00
0.28;11.44;45.88;3670.61;2236.17;-1434.44;0.00
0.22;8.99;43.89;3511.30;1767.47;-1743.82;0.00
0.27;10.53;38.92;3113.72;2155.29;-958.43;0.00
0.26;9.61;41.74;3339.39;2034.04;-1305.36;0.00
0.17;9.94;41.32;3305.42;1547.79;-1757.63;0.00
0.27;8.03;36.57;2925.91;1996.21;-929.70;0.00
0.28;9.80;38.62;3089.85;2136.03;-953.82;0.00
0.22;9.06;43.45;3475.78;1793.76;-1682.02;0.00
0.28;8.58;45.04;3603.01;2111.68;-1491.33;0.00
0.26;11.51;37.30;2984.39;2145.30;-839.09;0.00
0.26;11.41;40.88;3270.12;2118.98;-1151.14;0.00
0.27;9.37;46.81;3744.43;2058.40;-1686.03;0.00
0.23;10.17;38.20;3055.72;1908.17;-1147.55;0.00
0.22;10.63;29.03;2322.32;1852.90;-469.42;0.00
0.24;10.10;43.88;3510.27;1920.44;-1589.83;0.00
0.22;10.22;39.17;3133.87;1849.33;-1284.54;0.00
0.26;11.46;43.68;3494.25;2163.85;-1330.41;0.00
0.25;11.12;40.61;3249.09;2059.68;-1189.41;0.00
0.25;10.65;45.57;3645.23;2045.96;-1599.27;0.00
0.27;10.04;43.39;3471.36;2136.92;-1334.44;0.00
0.31;9.77;47.45;3796.25;2348.94;-1447.31;0.00
0.25;10.49;37.39;2990.90;2006.70;-984.20;0.00
0.24;9.74;43.64;3490.95;1946.48;-1544.47;0.00
0.19;10.72;37.18;2974.48;1661.28;-1313.20;0.00
0.24;10.07;37.00;2959.75;1968.33;-991.42;0.00
0.25;10.36;41.95;3356.34;2045.21;-1311.14;0.00
0.26;9.53;41.64;3331.31;2026.87;-1304.44;0.00
0.24;10.38;34.22;2737.86;1989.02;-748.85;0.00
0.23;9.16;47.23;3778.49;1819.09;-1959.41;0.00
0.23;10.33;42.33;3386.29;1911.35;-1474.94;0.00
0.25;9.01;41.60;3327.84;1951.60;-1376.25;0.00
0.28;7.21;43.92;3513.74;1998.23;-1515.51;0.00
0.27;9.73;38.00;3040.04;2110.24;-929.80;0.00
0.20;9.63;35.69;2855.41;1711.45;-1143.95;0.00
0.23;10.62;36.79;2943.52;1926.63;-1016.89;0.00
0.23;10.30;36.05;2883.63;1893.48;-990.14;0.00
0.24;10.49;39.32;3145.87;1960.34;-1185.53;0.00
0.26;10.75;40.71;3256.53;2085.24;-1171.28;0.00
0.28;10.84;30.39;2431.39;2232.94;-198.45;0.00
0.27;9.37;33.24;2658.82;2066.33;-592.49;0.00
0.28;10.25;38.67;3093.33;2162.97;-930.35;0.00
0.25;11.49;36.62;2929.92;2084.20;-845.72;0.00
0.24;12.34;40.18;3214.30;2066.31;-1147.99;0.00
0.26;9.27;42.14;3370.83;2012.98;-1357.85;0.00
0.24;9.08;40.35;3227.88;1879.48;-1348.40;0.00
0.22;9.26;42.32;3385.92;1781.69;-1604.23;0.00
0.23;11.11;45.89;3671.29;1919.91;-1751.38;0.00
0.28;11.66;44.74;3579.49;2253.14;-1326.35;0.00
0.27;11.47;37.23;2978.09;2218.02;-760.07;0.00
0.28;8.76;39.08;3126.37;2093.25;-1033.11;0.00
0.23;12.84;37.21;2977.07;2017.04;-960.02;0.00
0.24;9.73;39.07;3125.34;1948.95;-1176.39;0.00
0.25;10.94;43.56;3484.78;2051.39;-1433.39;0.00
0.22;10.91;41.55;3324.39;1882.98;-1441.41;0.00
0.24;10.19;38.12;3049.49;1954.64;-1094.85;0.00
0.25;11.90;45.51;3640.47;2087.21;-1553.26;0.00
0.22;8.87;35.85;2867.74;1753.44;-1114.30;0.00
0.27;9.61;36.00;2880.06;2075.90;-804.16;0.00
0.24;8.56;46.50;3719.83;1835.73;-1884.10;0.00
0.26;10.74;35.99;2878.93;2093.52;-785.41;0.00
0.24;10.15;45.02;3601.88;1925.19;-1676.69;0.00
0.28;10.42;42.41;3392.80;2187.56;-1205.24;0.00
0.29;9.45;35.61;2848.88;2196.22;-652.66;0.00
0.22;9.08;46.57;3725.67;1755.61;-1970.06;0.00
0.30;10.85;39.53;3162.21;2309.70;-852.51;0.00
0.22;9.79;41.12;3289.58;1805.22;-1484.36;0.00
0.23;10.23;44.30;3544.30;1899.88;-1644.42;0.00
0.27;9.52;43.44;3475.58;2061.29;-1414.29;0.00
0.26;9.78;38.57;3085.25;2057.91;-1027.33;0.00
0.22;10.91;37.97;3037.44;1884.41;-1153.03;0.00
0.25;11.12;34.16;2732.89;2062.56;-670.33;0.00
0.22;9.54;47.15;3772.17;1776.58;-1995.59;0.00
0.23;9.41;36.19;2894.90;1848.30;-1046.60;0.00
0.23;10.05;47.11;3768.54;1901.20;-1867.34;0.00
0.26;11.08;38.57;3085.94;2105.11;-980.83;0.00
0.27;10.83;46.47;3717.70;2140.59;-1577.11;0.00
0.23;9.40;37.80;3023.82;1862.55;-1161.27;0.00
0.26;10.01;43.12;3449.87;2035.72;-1414.15;0.00
0.30;8.92;35.08;2806.46;2223.64;-582.82;0.00
0.26;9.83;37.50;3000.36;2047.10;-953.25;0.00
0.25;10.52;40.14;3210.82;2015.54;-1195.28;0.00
0.25;10.49;40.83;3266.73;2007.48;-1259.25;0.00
0.21;10.66;37.18;2974.32;1805.78;-1168.54;0.00
0.25;10.92;38.50;3079.61;2066.19;-1013.42;0.00
0.25;10.76;45.30;3624.12;2051.68;-1572.44;0.00
0.20;9.12;33.38;2670.66;1663.52;-1007.14;0.00
0.30;10.88;45.09;3607.28;2336.30;-1270.98;0.00
0.19;9.39;45.53;3642.50;1607.20;-2035.30;0.00
0.26;10.11;31.59;2526.85;2079.04;-447.81;0.00
0.20;11.40;34.79;2783.39;1809.87;-973.51;0.00
0.23;9.52;37.50;2999.76;1882.26;-1117.50;0.00
0.26;9.65;43.36;3468.92;2052.03;-1416.88;0.00
0.25;10.11;39.35;3147.91;1977.70;-1170.21;0.00
0.28;11.95;29.28;2342.35;2285.82;-56.53;0.00
0.25;9.40;39.90;3192.07;1970.46;-1221.61;0.00
0.27;10.38;37.62;3009.41;2107.55;-901.87;0.00
0.22;9.29;44.88;3590.53;1791.91;-1798.62;0.00
0.23;13.27;36.42;2913.82;2047.52;-866.30;0.00
0.30;9.95;36.29;2903.30;2293.38;-609.91;0.00
0.26;10.13;41.98;3358.59;2047.48;-1311.12;0.00
0.25;9.16;37.05;2964.25;1970.41;-993.84;0.00
0.20;9.03;38.02;3041.66;1660.09;-1381.56;0.00
0.26;7.71;46.17;3693.87;1936.54;-1757.34;0.00
0.25;9.79;44.07;3525.26;1975.84;-1549.42;0.00
0.25;9.75;41.06;3285.18;1965.10;-1320.08;0.00
0.28;10.13;40.91;3272.73;2166.37;-1106.35;0.00
0.24;10.46;45.13;3610.46;1952.48;-1657.98;0.00
0.26;9.29;36.03;2882.66;1991.84;-890.81;0.00
0.30;9.79;40.19;3215.56;2291.66;-923.90;0.00
0.26;9.70;38.22;3057.32;2060.53;-996.79;0.00
0.27;11.70;45.19;3615.27;2189.62;-1425.65;0.00
0.29;9.79;41.14;3290.91;2211.88;-1079.03;0.00
0.26;12.02;49.32;3945.21;2163.74;-1781.46;0.00
0.24;11.26;33.88;2710.14;2036.99;-673.15;0.00
0.28;9.53;46.00;3680.17;2123.63;-1556.55;0.00
0.22;11.83;43.61;3488.63;1899.81;-1588.82;0.00
0.28;12.21;38.94;3115.45;2273.15;-842.30;0.00
0.21;11.19;43.76;3500.44;1857.13;-1643.31;0.00
0.25;10.23;45.73;3658.07;2037.47;-1620.59;0.00
0.31;9.78;42.61;3408.96;2316.52;-1092.44;0.00
0.30;11.01;44.33;3546.15;2335.20;-1210.95;0.00
0.19;8.69;36.00;2880.06;1601.81;-1278.25;0.00
0.27;10.25;49.34;3947.26;2131.56;-1815.71;0.00
0.24;9.47;45.47;3637.34;1912.58;-1724.77;0.00
0.22;12.53;40.36;3229.18;1982.68;-1246.50;0.00
0.31;11.00;36.38;2910.51;2382.30;-528.21;0.00
0.25;10.26;40.28;3222.38;2015.33;-1207.05;0.00
0.26;11.05;37.34;2987.04;2098.42;-888.63;0.00
0.23;9.53;33.44;2675.00;1868.24;-806.75;0.00
0.26;10.21;35.00;2799.96;2048.94;-751.02;0.00
0.26;10.62;42.48;3398.20;2073.80;-1324.40;0.00
0.25;11.48;43.21;3456.43;2094.64;-1361.79;0.00
0.24;9.96;39.64;3170.85;1939.73;-1231.12;0.00
0.31;11.89;47.72;3817.49;2424.50;-1392.99;0.00
0.25;9.76;50.68;4054.42;1966.91;-2087.51;0.00
0.22;9.45;40.17;3213.20;1764.92;-1448.29;0.00
0.27;9.18;42.48;3398.07;2071.82;-1326.24;0.00
0.21;9.97;45.42;3633.89;1789.90;-1843.99;0.00
0.27;10.80;45.01;3601.04;2158.84;-1442.20;0.00
0.24;8.36;34.08;2726.04;1872.62;-853.42;0.00
0.23;10.65;37.86;3028.53;1942.72;-1085.81;0.00
0.24;9.81;37.36;2988.98;1922.67;-1066.30;0.00
0.23;9.28;42.16;3372.64;1838.37;-1534.28;0.00
0.23;9.83;41.51;3320.77;1863.47;-1457.30;0.00
0.27;10.04;39.53;3162.06;2087.57;-1074.50;0.00
0.28;9.58;42.87;3429.65;2157.64;-1272.01;0.00
0.26;10.94;44.01;3520.82;2123.77;-1397.05;0.00
0.23;11.35;43.31;3464.64;1944.53;-1520.11;0.00
0.27;11.16;44.01;3520.89;2195.38;-1325.51;0.00
0.30;10.67;41.94;3355.07;2338.09;-1016.98;0.00
0.27;9.55;36.62;2929.98;2069.51;-860.47;0.00
0.27;9.43;41.39;3310.87;2092.37;-1218.50;0.00
0.25;9.48;37.56;3004.60;1979.27;-1025.32;0.00
0.30;11.00;37.93;3034.33;2335.49;-698.84;0.00
0.25;10.46;51.60;4128.39;2045.52;-2082.87;0.00
0.22;10.66;39.65;3171.77;1869.48;-1302.29;0.00
0.20;10.81;45.21;3616.50;1735.28;-1881.21;0.00
0.24;9.60;36.65;2932.30;1907.00;-1025.29;0.00
0.23;10.37;38.31;3064.96;1920.96;-1144.00;0.00
0.28;8.88;45.00;3600.03;2101.06;-1498.97;0.00
0.25;12.01;41.90;3351.81;2103.21;-1248.60;0.00
0.25;9.59;43.54;3483.14;1970.02;-1513.12;0.00
0.25;11.28;37.60;3007.72;2083.32;-924.40;0.00
0.22;8.86;44.15;3531.89;1757.81;-1774.07;0.00
0.27;9.65;44.42;3553.65;2078.97;-1474.68;0.00
0.26;10.45;36.16;2892.57;2059.34;-833.23;0.00
0.22;9.02;42.29;3382.98;1780.11;-1602.88;0.00
0.28;8.38;31.76;2541.15;2093.95;-447.20;0.00
0.25;10.98;39.76;3180.55;2041.26;-1139.29;0.00
0.26;10.25;44.69;3575.27;2093.87;-1481.40;0.00
0.25;9.13;38.24;3059.58;1938.15;-1121.42;0.00
0.24;10.66;35.99;2879.48;1969.89;-909.59;0.00
0.24;8.76;41.75;3339.90;1864.83;-1475.07;0.00
0.24;11.46;44.45;3555.78;1991.07;-1564.71;0.00
0.25;9.04;40.31;3224.79;1918.13;-1306.66;0.00
0.22;10.14;41.43;3314.18;1844.66;-1469.52;0.00
0.24;10.07;41.71;3336.86;1920.00;-1416.87;0.00
0.24;9.55;31.49;2518.84;1913.75;-605.09;0.00
0.26;10.53;38.46;3077.06;2066.47;-1010.59;0.00
0.26;10.20;43.27;3461.89;2042.58;-1419.31;0.00
0.28;8.14;39.76;3180.75;2078.35;-1102.41;0.00
0.22;11.18;42.04;3363.25;1897.13;-1466.12;0.00
0.23;10.33;34.23;2738.12;1924.88;-813.24;0.00
0.24;9.59;37.42;2993.50;1928.85;-1064.64;0.00
0.24;9.93;35.94;2875.25;1943.98;-931.27;0.00
0.25;9.50;39.22;3137.76;1983.87;-1153.89;0.00
0.20;7.83;37.49;2998.99;1562.53;-1436.46;0.00
0.26;9.67;40.74;3259.10;2051.14;-1207.95;0.00
0.21;10.62;46.50;3720.20;1795.22;-1924.97;0.00
0.25;9.76;55.40;4432.17;1956.47;-2475.70;0.00
0.26;9.44;41.06;3284.97;2023.16;-1261.80;0.00
0.24;10.75;30.45;2435.62;1965.50;-470.12;0.00
0.27;11.28;29.96;2396.85;2155.83;-241.02;0.00
0.23;8.92;41.88;3350.07;1801.15;-1548.91;0.00
0.26;8.63;38.24;3059.12;2005.12;-1054.00;0.00
0.22;11.00;40.67;3253.62;1861.59;-1392.04;0.00
0.25;11.80;43.21;3456.65;2102.35;-1354.30;0.00
0.21;9.98;38.40;3072.11;1738.93;-1333.18;0.00
0.28;10.46;29.90;2392.04;2205.62;-186.43;0.00
0.29;10.24;41.80;3343.97;2220.91;-1123.06;0.00
0.27;10.47;37.53;3002.59;2158.57;-844.02;0.00
0.25;10.90;35.71;2856.90;2032.07;-824.83;0.00
0.26;11.39;50.18;4014.37;2151.97;-1862.40;0.00
0.23;11.85;42.22;3377.74;2004.26;-1373.48;0.00
0.26;11.59;39.68;3174.70;2153.07;-1021.63;0.00
0.24;9.98;31.15;2492.11;1953.11;-539.01;0.00
0.24;9.68;36.96;2956.62;1923.56;-1033.06;0.00
0.25;9.10;29.47;2357.35;1963.22;-394.14;0.00
0.26;13.25;44.38;3550.74;2237.00;-1313.74;0.00
0.25;9.28;40.40;3232.15;1934.31;-1297.84;0.00
0.24;10.76;37.21;2977.15;1992.21;-984.95;0.00
0.27;10.52;41.65;3331.84;2164.28;-1167.57;0.00
0.24;14.29;41.51;3320.42;2170.48;-1149.93;0.00
0.27;10.36;41.98;3358.77;2134.93;-1223.84;0.00
0.27;10.51;51.86;4148.67;2121.65;-2027.03;0.00
0.21;9.57;41.66;3332.79;1759.17;-1573.62;0.00
0.27;11.89;45.24;3619.56;2230.99;-1388.57;0.00
0.26;9.13;44.10;3527.80;2019.84;-1507.96;0.00
0.23;8.49;34.04;2723.22;1815.95;-907.27;0.00
0.25;8.33;37.99;3039.47;1911.85;-1127.62;0.00
0.28;9.82;37.75;3020.38;2135.77;-884.61;0.00
0.25;9.29;32.62;2609.84;1966.37;-643.47;0.00
0.21;10.82;50.12;4009.86;1824.56;-2185.30;0.00
0.25;9.48;43.99;3519.49;1952.83;-1566.67;0.00
0.27;10.54;38.85;3107.96;2149.27;-958.68;0.00
0.24;8.52;49.68;3974.62;1874.19;-2100.43;0.00
0.22;8.62;40.97;3277.27;1763.92;-1513.35;0.00
0.28;9.41;42.38;3390.44;2158.95;-1231.49;0.00
0.26;10.93;49.84;3987.58;2083.82;-1903.76;0.00
0.26;11.27;42.44;3395.14;2147.08;-1248.07;0.00
0.24;12.22;41.20;3296.26;2081.45;-1214.81;0.00
0.21;8.93;43.96;3516.54;1734.25;-1782.29;0.00
0.24;10.90;46.20;3695.67;1960.12;-1735.55;0.00
0.22;9.97;35.01;2800.47;1797.69;-1002.77;0.00
0.20;9.39;45.93;3674.25;1666.40;-2007.84;0.00
0.23;9.32;44.62;3569.86;1839.28;-1730.58;0.00
0.27;10.61;45.50;3639.69;2137.36;-1502.33;0.00
0.25;8.94;29.93;2394.20;1969.42;-424.78;0.00
0.29;9.23;35.07;2805.42;2207.82;-597.60;0.00
0.27;10.56;36.44;2915.10;2125.62;-789.48;0.00
0.25;10.66;42.79;3423.15;2052.39;-1370.76;0.00
0.23;10.11;46.48;3718.67;1883.15;-1835.52;0.00
0.24;10.55;44.00;3520.27;1984.36;-1535.91;0.00
0.23;9.93;35.23;2818.51;1855.98;-962.53;0.00
0.29;9.20;40.89;3271.36;2166.97;-1104.40;0.00
0.29;8.69;42.60;3407.98;2145.84;-1262.14;0.00
0.28;12.41;37.99;3039.08;2310.58;-728.50;0.00
0.24;11.74;40.69;3254.93;2061.41;-1193.52;0.00
0.24;11.17;38.91;3112.85;1976.97;-1135.89;0.00
0.22;7.32;41.79;3343.57;1681.43;-1662.14;0.00
0.26;8.59;42.61;3408.68;2000.81;-1407.87;0.00
0.27;9.50;43.90;3511.63;2067.93;-1443.70;0.00
0.23;8.38;40.06;3204.89;1792.18;-1412.72;0.00
0.29;10.64;37.84;3027.50;2243.06;-784.44;0.00
0.26;11.56;38.58;3086.20;2139.05;-947.15;0.00
0.28;10.89;43.93;3514.27;2206.68;-1307.59;0.00
0.24;8.92;45.31;3624.58;1890.82;-1733.76;0.00
0.29;10.61;35.20;2815.72;2238.31;-577.41;0.00
0.23;12.10;45.47;3637.21;1968.13;-1669.08;0.00
0.24;11.57;31.97;2557.92;2032.40;-525.52;0.00
0.24;10.27;45.12;3609.38;1953.04;-1656.34;0.00
0.26;10.82;42.40;3392.39;2111.63;-1280.75;0.00
0.28;10.99;40.41;3233.06;2235.54;-997.52;0.00
0.30;10.02;39.29;3143.41;2261.85;-881.56;0.00
0.31;12.61;45.10;3607.84;2490.59;-1117.26;0.00
0.28;10.29;41.22;3297.95;2193.57;-1104.38;0.00
0.30;9.47;46.55;3723.67;2248.58;-1475.09;0.00
0.20;10.08;49.83;3986.51;1692.07;-2294.44;0.00
0.24;11.69;41.31;3304.57;2043.74;-1260.83;0.00
0.27;11.17;35.21;2816.79;2190.95;-625.83;0.00
0.24;11.45;36.30;2903.61;2021.73;-881.88;0.00
0.20;9.52;35.94;2875.30;1702.64;-1172.66;0.00
0.27;10.03;35.87;2869.91;2121.23;-748.67;0.00
0.25;11.88;44.05;3523.83;2108.38;-1415.45;0.00
0.22;11.65;31.98;2558.08;1918.97;-639.11;0.00
0.25;8.86;30.78;2462.73;1965.58;-497.15;0.00
0.25;10.49;44.16;3532.85;2027.12;-1505.74;0.00
0.34;9.14;46.62;3729.67;2467.15;-1262.53;0.00
0.21;10.63;48.36;3868.57;1775.94;-2092.63;0.00
0.24;11.50;39.38;3150.43;2008.88;-1141.55;0.00
0.24;9.39;45.08;3606.04;1887.38;-1718.66;0.00
0.25;8.47;36.85;2947.94;1893.99;-1053.95;0.00
0.25;10.45;43.53;3482.23;2016.28;-1465.95;0.00
0.26;10.35;34.50;2760.33;2088.89;-671.44;0.00
0.26;10.54;41.10;3288.14;2084.88;-1203.26;0.00
0.24;10.33;40.36;3228.72;1963.33;-1265.39;0.00
0.26;12.00;40.32;3225.96;2138.75;-1087.22;0.00
0.29;11.45;40.00;3199.77;2286.90;-912.86;0.00
0.28;11.09;33.21;2657.08;2206.62;-450.46;0.00
0.27;11.04;41.52;3321.42;2171.75;-1149.67;0.00
0.25;10.58;39.57;3165.20;2031.85;-1133.35;0.00
0.23;11.41;44.30;3543.68;1965.86;-1577.82;0.00
0.23;11.52;38.90;3111.93;1943.46;-1168.47;0.00
0.20;8.70;35.45;2835.77;1634.19;-1201.57;0.00
0.25;7.45;36.36;2908.71;1887.78;-1020.93;0.00
0.26;9.12;46.53;3722.13;2020.12;-1702.02;0.00
0.27;11.23;44.51;3561.13;2158.24;-1402.89;0.00
0.24;7.40;31.71;2536.61;1821.82;-714.79;0.00
0.24;10.01;38.65;3091.82;1945.86;-1145.96;0.00
0.28;11.43;33.94;2715.09;2276.09;-439.00;0.00
0.29;10.30;41.36;3308.94;2251.04;-1057.90;0.00
0.26;10.20;42.75;3420.05;2042.87;-1377.18;0.00
0.24;11.27;40.50;3240.07;2011.34;-1228.74;0.00
0.27;9.49;38.26;3060.43;2059.76;-1000.67;0.00
0.25;10.11;41.45;3315.82;2009.10;-1306.72;0.00
0.21;7.56;42.62;3409.45;1627.71;-1781.73;0.00
0.24;9.38;38.71;3096.47;1914.56;-1181.91;0.00
0.21;11.91;39.92;3193.65;1868.40;-1325.25;0.00
0.26;8.15;37.27;2981.57;1982.00;-999.57;0.00
0.26;10.65;33.16;2652.47;2098.66;-553.81;0.00
0.22;11.02;37.53;3002.76;1853.10;-1149.66;0.00
0.25;11.26;35.31;2824.46;2047.27;-777.19;0.00
0.25;10.53;37.30;2984.19;2007.63;-976.57;0.00
0.23;9.85;38.76;3100.55;1864.21;-1236.34;0.00
0.26;10.82;37.80;3023.87;2092.20;-931.67;0.00
0.23;11.99;37.03;2962.22;2000.61;-961.61;0.00
0.26;12.09;41.99;3359.41;2186.41;-1173.00;0.00
0.26;10.51;42.25;3380.18;2075.80;-1304.38;0.00
0.21;9.04;41.78;3342.38;1699.45;-1642.92;0.00
0.24;9.14;34.73;2778.37;1884.48;-893.89;0.00
0.24;9.54;35.51;2841.10;1942.96;-898.13;0.00
0.26;11.80;37.26;2980.59;2158.00;-822.59;0.00
0.22;10.47;39.10;3127.65;1858.37;-1269.28;0.00
0.26;9.65;44.31;3545.17;2065.06;-1480.11;0.00
0.26;10.67;40.36;3228.50;2069.66;-1158.84;0.00
0.21;12.94;38.61;3088.98;1911.22;-1177.76;0.00
0.28;9.55;41.01;3280.48;2166.34;-1114.13;0.00
0.28;10.33;43.35;3467.66;2188.38;-1279.28;0.00
0.26;12.80;46.27;3701.45;2227.33;-1474.13;0.00
0.23;9.45;43.38;3470.68;1833.88;-1636.80;0.00
0.26;10.36;51.15;4091.77;2098.15;-1993.62;0.00
0.27;11.90;39.57;3165.70;2189.88;-975.82;0.00
0.25;10.68;46.85;3748.39;2034.27;-1714.11;0.00
0.23;8.54;39.53;3162.21;1818.03;-1344.19;0.00
0.26;9.73;36.69;2935.04;2062.24;-872.80;0.00
0.22;9.84;40.23;3218.60;1836.24;-1382.35;0.00
0.30;9.89;45.55;3643.94;2285.41;-1358.53;0.00
0.27;8.92;42.77;3421.67;2082.34;-1339.33;0.00
0.23;12.14;38.01;3040.58;1996.09;-1044.49;0.00
0.25;9.20;39.66;3172.62;1965.76;-1206.86;0.00
0.24;11.59;34.81;2784.89;2012.64;-772.24;0.00
0.24;10.36;40.27;3221.76;1984.51;-1237.24;0.00
0.31;8.38;34.11;2728.88;2259.91;-468.97;0.00
0.27;9.49;40.12;3209.53;2084.42;-1125.10;0.00
0.25;10.40;44.32;3545.40;2014.10;-1531.30;0.00
0.19;9.84;39.11;3128.80;1662.19;-1466.62;0.00
0.25;9.09;40.07;3205.38;1947.74;-1257.64;0.00
0.22;10.64;37.91;3032.43;1859.73;-1172.71;0.00
0.29;9.41;53.65;4292.08;2201.11;-2090.96;0.00
0.26;11.24;33.63;2690.40;2134.08;-556.32;0.00
0.27;8.33;40.69;3255.29;2030.96;-1224.34;0.00
0.26;10.88;35.53;2842.59;2129.43;-713.16;0.00
0.28;12.30;42.97;3437.24;2304.88;-1132.36;0.00
0.25;11.98;34.91;2792.59;2081.05;-711.54;0.00
0.27;9.96;43.82;3505.73;2132.59;-1373.14;0.00
0.24;10.46;45.53;3642.73;1967.59;-1675.15;0.00
0.26;10.23;43.44;3475.28;2056.85;-1418.43;0.00
0.29;8.60;45.25;3619.77;2142.61;-1477.16;0.00
0.25;10.32;48.13;3850.32;2041.71;-1808.61;0.00
0.29;10.67;41.01;3280.51;2239.88;-1040.63;0.00
0.23;10.12;37.45;2996.34;1905.23;-1091.11;0.00
0.23;11.24;41.72;3337.66;1960.45;-1377.21;0.00
0.27;10.75;38.26;3060.41;2131.20;-929.21;0.00
0.25;9.22;34.43;2754.25;1942.61;-811.64;0.00
0.24;10.60;38.39;3071.25;1953.37;-1117.88;0.00
0.28;7.82;34.21;2736.82;2049.74;-687.08;0.00
0.26;11.00;44.77;3581.44;2114.39;-1467.04;0.00
0.26;9.15;36.32;2905.89;2033.27;-872.62;0.00
0.25;10.81;35.16;2813.18;2063.83;-749.35;0.00
0.22;11.05;32.64;2611.53;1906.45;-705.07;0.00
0.28;10.11;39.76;3181.01;2199.19;-981.82;0.00
0.24;8.82;42.37;3389.82;1873.77;-1516.05;0.00
0.17;8.13;41.84;3346.92;1435.86;-1911.06;0.00
0.23;11.29;43.68;3494.09;1952.70;-1541.39;0.00
0.24;10.17;36.32;2905.47;1977.84;-927.63;0.00
0.27;10.75;41.53;3322.02;2148.44;-1173.57;0.00
0.25;10.22;38.45;3076.25;2029.28;-1046.97;0.00
0.27;9.16;44.29;3542.86;2056.12;-1486.73;0.00
0.21;11.33;44.71;3577.12;1863.43;-1713.69;0.00
0.20;10.86;42.97;3437.34;1757.41;-1679.93;0.00
0.22;12.23;40.23;3218.20;1952.23;-1265.97;0.00
0.20;10.64;40.88;3270.25;1712.07;-1558.18;0.00
0.26;11.57;38.63;3090.01;2133.97;-956.04;0.00
0.29;10.38;37.20;2976.17;2234.39;-741.77;0.00
0.27;10.07;33.71;2696.78;2115.38;-581.40;0.00
0.28;9.85;40.94;3275.38;2186.65;-1088.73;0.00
0.23;12.34;35.78;2862.47;1994.82;-867.66;0.00
0.24;11.90;33.00;2640.11;2020.98;-619.13;0.00
0.29;10.25;48.24;3858.94;2239.67;-1619.28;0.00
0.26;11.00;31.84;2546.86;2136.00;-410.86;0.00
0.22;11.82;46.51;3720.92;1937.97;-1782.95;0.00
0.21;11.22;49.14;3931.46;1804.82;-2126.64;0.00
0.27;9.72;46.02;3681.47;2111.41;-1570.07;0.00
0.24;10.07;38.84;3107.10;1942.78;-1164.32;0.00
0.24;8.78;44.57;3565.76;1885.91;-1679.86;0.00
0.25;10.77;44.58;3566.52;2053.30;-1513.22;0.00
0.24;10.07;42.17;3373.69;1951.18;-1422.51;0.00
0.25;10.25;42.79;3423.41;1989.02;-1434.39;0.00
0.26;9.28;44.78;3582.47;2007.89;-1574.57;0.00
0.25;8.60;40.58;3246.31;1937.33;-1308.98;0.00
0.28;8.55;36.37;2909.62;2099.84;-809.78;0.00
0.25;12.70;35.92;2873.43;2145.62;-727.81;0.00
0.27;10.71;35.61;2848.69;2164.96;-683.72;0.00
0.26;11.57;47.23;3778.33;2113.63;-1664.70;0.00
0.28;10.03;37.95;3035.89;2181.90;-853.99;0.00
0.25;10.39;40.85;3267.86;2032.12;-1235.74;0.00
0.24;10.55;38.16;3052.73;1995.23;-1057.50;0.00
0.27;11.56;41.89;3351.47;2215.42;-1136.05;0.00
0.24;12.36;39.90;3191.80;2046.78;-1145.02;0.00
0.21;10.52;39.74;3179.04;1772.79;-1406.25;0.00
0.25;11.49;39.27;3141.87;2096.76;-1045.11;0.00
0.27;9.44;40.15;3212.02;2080.38;-1131.64;0.00
0.25;10.36;33.92;2713.71;2021.22;-692.49;0.00
0.25;9.90;29.24;2339.04;2005.80;-333.25;0.00
0.25;9.79;35.20;2815.96;1959.77;-856.19;0.00
0.26;10.60;35.42;2833.78;2063.42;-770.35;0.00
0.23;11.78;40.67;3253.60;2004.35;-1249.25;0.00
0.29;11.19;40.19;3215.41;2311.79;-903.61;0.00
0.25;10.54;38.40;3071.73;2014.10;-1057.63;0.00
0.29;9.33;41.67;3333.54;2223.83;-1109.70;0.00
0.25;10.17;38.17;3053.37;2016.54;-1036.83;0.00
0.29;10.09;43.59;3487.06;2220.75;-1266.31;0.00
0.31;10.08;36.06;2885.01;2353.38;-531.64;0.00
0.25;10.91;43.36;3468.66;2052.80;-1415.86;0.00
0.22;8.95;39.28;3142.19;1772.45;-1369.74;0.00
0.27;9.30;35.86;2869.01;2061.34;-807.67;0.00
0.27;9.04;44.39;3551.31;2061.72;-1489.59;0.00
0.26;8.36;34.91;2793.08;1961.03;-832.04;0.00
0.28;11.88;46.93;3754.17;2287.53;-1466.64;0.00
0.24;7.03;37.61;3008.42;1770.05;-1238.37;0.00
0.21;10.82;44.64;3570.85;1786.65;-1784.20;0.00
0.26;10.87;40.58;3246.06;2120.93;-1125.13;0.00
0.26;10.01;39.16;3133.03;2028.96;-1104.07;0.00
0.26;11.69;34.13;2730.59;2134.07;-596.52;0.00
0.25;11.67;38.34;3067.07;2112.24;-954.83;0.00
0.27;8.64;38.57;3085.73;2064.86;-1020.87;0.00
0.25;10.09;42.99;3438.80;2000.91;-1437.90;0.00
0.26;11.02;46.57;3725.33;2096.31;-1629.02;0.00
0.21;11.09;46.72;3737.22;1813.79;-1923.43;0.00
0.25;9.46;39.55;3164.19;1960.11;-1204.08;0.00
0.22;9.64;39.79;3183.51;1830.38;-1353.13;0.00
0.25;10.43;43.26;3461.06;2001.92;-1459.14;0.00
0.24;11.10;44.89;3591.11;2026.00;-1565.11;0.00
0.29;10.91;36.74;2939.36;2281.74;-657.62;0.00
0.27;9.95;41.37;3309.96;2095.89;-1214.07;0.00
0.20;11.79;33.74;2699.14;1804.05;-895.09;0.00
0.22;10.29;38.07;3045.40;1826.44;-1218.96;0.00
0.24;10.06;45.91;3672.58;1959.47;-1713.11;0.00
0.28;11.63;34.06;2725.01;2280.20;-444.81;0.00
0.30;8.74;30.79;2463.32;2208.07;-255.25;0.00
0.23;9.21;38.93;3114.29;1836.10;-1278.19;0.00
0.29;8.94;49.33;3946.05;2153.11;-1792.94;0.00
0.24;9.11;42.05;3364.26;1878.40;-1485.86;0.00
0.25;9.12;39.60;3167.91;1941.89;-1226.02;0.00
0.26;8.29;41.79;3343.10;1943.85;-1399.25;0.00
0.26;10.79;29.92;2393.94;2103.08;-290.86;0.00
0.26;9.16;42.62;3409.61;2034.76;-1374.85;0.00
0.27;9.26;37.31;2984.63;2055.54;-929.09;0.00
0.19;10.18;41.20;3296.24;1652.53;-1643.71;0.00
0.27;10.60;37.11;2969.08;2172.40;-796.68;0.00
0.22;6.99;35.95;2875.85;1675.49;-1200.36;0.00
0.24;11.05;45.69;3654.87;1972.43;-1682.44;0.00
0.30;10.41;34.76;2780.75;2289.68;-491.07;0.00
0.24;9.90;30.63;2450.30;1932.25;-518.05;0.00
0.24;10.87;38.54;3083.35;2011.13;-1072.22;0.00
0.26;9.96;44.59;3567.54;2035.28;-1532.26;0.00
0.25;10.08;38.35;3067.96;2028.16;-1039.80;0.00
0.26;8.57;39.66;3173.04;1989.10;-1183.95;0.00
0.27;8.10;40.29;3222.80;2020.50;-1202.30;0.00
0.22;10.66;42.19;3375.42;1887.11;-1488.31;0.00
0.27;10.29;41.58;3326.67;2152.97;-1173.71;0.00
0.27;8.57;37.36;2988.71;2046.22;-942.49;0.00
0.27;11.85;41.17;3293.57;2227.93;-1065.65;0.00
0.23;9.91;38.13;3050.17;1859.14;-1191.03;0.00
0.26;8.80;33.78;2702.23;1964.62;-737.61;0.00
0.26;9.48;39.83;3186.40;2053.62;-1132.77;0.00
0.23;11.80;41.46;3316.94;1960.89;-1356.05;0.00
0.19;11.96;40.36;3229.07;1766.38;-1462.69;0.00
0.27;10.50;37.01;2960.80;2163.01;-797.79;0.00
0.25;11.45;42.31;3384.49;2097.99;-1286.50;0.00
0.24;11.38;39.77;3181.88;2025.01;-1156.87;0.00
0.23;10.20;37.55;3003.84;1913.57;-1090.27;0.00
0.19;8.74;36.81;2945.20;1604.02;-1341.17;0.00
0.27;10.61;36.50;2919.72;2158.85;-760.86;0.00
0.26;9.31;40.69;3254.93;2008.41;-1246.52;0.00
0.24;9.86;43.69;3495.34;1936.97;-1558.37;0.00
0.29;11.13;44.25;3539.67;2317.87;-1221.80;0.00
0.27;10.92;30.17;2413.88;2167.73;-246.16;0.00
0.24;9.29;41.20;3295.82;1883.72;-1412.10;0.00
0.28;10.10;36.08;2886.27;2190.81;-695.46;0.00
0.26;9.84;37.94;3035.40;2030.52;-1004.87;0.00
0.24;10.27;37.97;3037.62;1954.51;-1083.11;0.00
0.28;9.52;37.05;2963.90;2154.18;-809.72;0.00
0.27;9.89;42.48;3398.70;2133.99;-1264.71;0.00
0.24;12.17;41.98;3358.31;2039.61;-1318.70;0.00
0.27;11.30;36.10;2887.71;2185.72;-701.99;0.00
0.31;10.67;41.20;3295.67;2376.65;-919.02;0.00
0.23;11.60;43.65;3491.64;1959.94;-1531.70;0.00
0.27;11.65;46.64;3730.86;2211.26;-1519.60;0.00
0.26;11.29;35.82;2865.59;2139.81;-725.78;0.00
0.26;10.58;47.84;3827.59;2097.29;-1730.31;0.00
0.24;9.60;38.60;3087.90;1893.59;-1194.31;0.00
0.23;10.99;37.91;3032.76;1928.48;-1104.28;0.00
0.28;11.38;41.83;3346.20;2227.47;-1118.73;0.00
0.23;11.13;44.98;3598.17;1933.88;-1664.29;0.00
0.28;9.12;42.23;3378.40;2121.07;-1257.33;0.00
0.26;8.72;43.12;3449.26;1977.13;-1472.13;0.00
0.26;10.63;42.26;3380.85;2089.84;-1291.01;0.00
0.24;9.29;37.44;2995.06;1914.60;-1080.46;0.00
0.23;11.56;46.06;3684.91;1970.16;-1714.75;0.00
0.26;10.05;38.29;3062.87;2052.91;-1009.96;0.00
0.24;10.99;46.67;3733.80;1984.09;-1749.71;0.00
0.24;9.69;38.59;3087.05;1938.05;-1148.99;0.00
0.24;9.03;28.68;2294.69;1901.76;-392.93;0.00
0.29;10.10;39.56;3164.55;2227.94;-936.61;0.00
0.23;9.44;41.78;3342.04;1834.00;-1508.04;0.00
0.28;12.22;37.63;3010.74;2283.35;-727.39;0.00
0.23;10.90;34.97;2797.46;1946.57;-850.89;0.00
0.26;9.89;36.75;2939.89;2046.07;-893.82;0.00
0.23;10.19;34.57;2765.37;1906.75;-858.61;0.00
0.27;10.50;47.36;3788.50;2142.10;-1646.40;0.00
0.27;9.94;40.74;3259.07;2088.06;-1171.02;0.00
0.27;9.37;40.96;3276.41;2051.58;-1224.83;0.00
0.24;9.63;44.37;3549.80;1902.23;-1647.57;0.00
0.25;9.67;33.88;2710.06;1964.64;-745.42;0.00
0.24;8.91;49.49;3959.01;1898.07;-2060.94;0.00
0.21;9.99;33.81;2705.02;1744.51;-960.51;0.00
0.26;10.95;42.87;3429.76;2078.82;-1350.94;0.00
0.22;12.70;35.35;2827.76;1983.55;-844.20;0.00
0.25;9.71;37.26;2981.08;2003.50;-977.58;0.00
0.26;9.77;36.80;2943.99;2048.22;-895.77;0.00
0.28;10.24;36.47;2917.62;2158.63;-758.99;0.00
0.23;11.44;42.84;3427.44;1987.44;-1440.00;0.00
0.21;10.98;32.00;2559.72;1829.23;-730.49;0.00
0.28;10.25;43.32;3465.96;2181.36;-1284.60;0.00
0.20;9.62;40.74;3259.14;1691.82;-1567.32;0.00
0.26;9.33;41.57;3325.83;1999.73;-1326.09;0.00
0.24;9.61;43.28;3462.78;1918.79;-1543.99;0.00
0.23;8.47;36.89;2951.31;1822.95;-1128.36;0.00
0.23;10.31;35.83;2866.18;1909.36;-956.82;0.00
0.26;12.29;34.29;2742.97;2174.01;-568.96;0.00
0.27;9.30;43.95;3515.77;2047.87;-1467.90;0.00
0.29;11.24;44.44;3554.92;2319.66;-1235.27;0.00
0.26;7.01;44.31;3544.69;1889.21;-1655.48;0.00
0.24;10.52;36.43;2914.65;1967.58;-947.07;0.00
0.25;10.76;40.54;3243.29;2036.54;-1206.75;0.00
0.24;8.23;40.21;3216.49;1838.27;-1378.22;0.00
0.25;10.35;32.36;2588.47;2036.10;-552.37;0.00
0.25;7.66;44.39;3551.33;1843.14;-1708.20;0.00
0.26;10.57;33.81;2704.73;2112.80;-591.93;0.00
0.24;11.00;40.45;3236.02;2001.67;-1234.35;0.00
0.28;12.10;37.02;2961.78;2288.55;-673.23;0.00
0.25;8.47;39.04;3123.57;1898.06;-1225.51;0.00
0.22;9.84;40.04;3203.23;1834.57;-1368.67;0.00
0.25;11.13;37.70;3015.75;2070.09;-945.65;0.00
0.24;9.85;39.55;3164.07;1918.28;-1245.80;0.00
0.28;11.36;37.26;2981.05;2226.99;-754.06;0.00
0.24;10.54;32.55;2604.40;1953.67;-650.72;0.00
0.22;10.70;45.74;3658.81;1888.79;-1770.03;0.00
0.25;10.27;37.55;3004.16;1993.59;-1010.57;0.00
0.21;9.61;40.65;3252.15;1758.19;-1493.97;0.00
0.25;10.32;42.06;3365.11;1994.50;-1370.61;0.00
0.22;10.29;39.42;3153.74;1834.91;-1318.83;0.00
0.22;11.42;35.97;2877.52;1915.88;-961.64;0.00
0.25;9.89;34.44;2755.44;1978.08;-777.36;0.00
0.24;7.97;43.14;3451.49;1855.26;-1596.23;0.00
0.24;10.08;38.43;3074.69;1946.09;-1128.60;0.00
0.24;10.44;36.11;2888.67;1977.02;-911.64;0.00
0.24;12.08;40.88;3270.38;2077.53;-1192.85;0.00
0.29;10.54;47.36;3788.57;2259.15;-1529.42;0.00
0.24;9.84;37.93;3034.47;1944.38;-1090.09;0.00
0.30;9.63;39.54;3163.26;2244.32;-918.94;0.00
0.25;10.98;37.45;2995.62;2044.32;-951.29;0.00
0.24;11.35;38.24;3059.11;2017.98;-1041.13;0.00
0.25;9.70;40.55;3243.70;1965.33;-1278.37;0.00
0.27;10.66;30.41;2432.53;2154.97;-277.56;0.00
0.31;11.41;39.85;3188.20;2431.31;-756.89;0.00
0.21;10.71;42.52;3401.73;1809.85;-1591.88;0.00
0.24;9.36;45.69;3655.16;1928.81;-1726.35;0.00
0.26;9.08;39.73;3178.16;1999.06;-1179.10;0.00
0.30;12.10;40.34;3227.18;2400.62;-826.56;0.00
0.25;10.44;38.87;3109.86;2001.85;-1108.01;0.00
0.24;10.43;45.09;3607.55;1949.58;-1657.96;0.00
0.26;9.81;48.37;3869.28;2059.65;-1809.63;0.00
0.24;10.53;49.95;3996.24;1970.72;-2025.52;0.00
0.20;10.88;48.59;3887.33;1744.00;-2143.34;0.00
0.23;10.81;37.56;3004.52;1930.66;-1073.87;0.00
0.23;9.16;34.22;2737.44;1820.11;-917.33;0.00
0.22;6.66;41.31;3305.00;1670.70;-1634.30;0.00
0.21;9.97;33.52;2681.70;1738.54;-943.16;0.00
0.23;9.40;40.08;3206.05;1831.18;-1374.87;0.00
0.25;10.59;43.24;3459.59;2013.57;-1446.02;0.00
0.28;9.75;29.68;2374.22;2145.61;-228.61;0.00
0.23;8.92;24.20;1935.89;1803.41;-132.48;0.00
0.26;9.87;36.88;2950.35;2046.17;-904.17;0.00
0.25;11.01;46.72;3737.98;2029.49;-1708.49;0.00
0.26;10.17;46.54;3723.36;2083.21;-1640.15;0.00
0.23;9.86;39.93;3194.70;1847.75;-1346.95;0.00
0.27;11.62;43.75;3499.99;2229.27;-1270.72;0.00
0.25;10.04;39.93;3194.33;2018.01;-1176.31;0.00
0.25;11.55;32.93;2634.65;2084.05;-550.60;0.00
0.26;7.66;36.29;2903.05;1905.52;-997.53;0.00
0.25;9.33;37.17;2973.42;1962.99;-1010.43;0.00
0.27;10.76;41.63;3330.59;2157.04;-1173.56;0.00
0.24;9.24;40.53;3242.20;1871.10;-1371.10;0.00
0.24;11.08;44.84;3586.99;2020.12;-1566.87;0.00
0.23;10.55;28.93;2314.15;1932.46;-381.69;0.00
0.26;12.01;55.74;4459.49;2157.58;-2301.91;0.00
0.26;11.69;44.08;3526.15;2173.15;-1353.00;0.00
0.26;8.15;32.99;2639.09;1978.21;-660.88;0.00
0.27;10.63;43.87;3509.30;2150.02;-1359.28;0.00
0.27;9.84;50.04;4002.92;2081.19;-1921.73;0.00
0.25;9.27;42.99;3439.30;1937.66;-1501.64;0.00
0.26;9.25;31.20;2496.20;2014.99;-481.21;0.00
0.28;10.04;37.80;3024.04;2155.68;-868.36;0.00
0.24;10.07;36.56;2924.73;1956.31;-968.41;0.00
0.22;9.49;40.13;3210.41;1824.15;-1386.26;0.00
0.28;10.29;38.58;3086.76;2188.09;-898.67;0.00
0.24;10.13;32.74;2619.25;1939.65;-679.60;0.00
0.28;8.93;44.56;3565.08;2099.60;-1465.48;0.00
0.27;7.40;37.68;3014.43;1946.13;-1068.30;0.00
0.25;10.71;44.75;3579.99;2055.06;-1524.93;0.00
0.23;9.56;43.03;3442.59;1876.92;-1565.67;0.00
0.21;10.23;43.00;3439.68;1794.15;-1645.53;0.00
0.22;9.14;39.52;3161.60;1805.44;-1356.16;0.00
0.23;11.98;44.82;3585.43;1984.89;-1600.54;0.00
0.22;10.28;44.91;3592.46;1849.38;-1743.09;0.00
0.24;11.74;40.53;3242.29;2023.78;-1218.51;0.00
0.25;9.51;29.31;2344.83;1979.33;-365.50;0.00
0.22;9.69;41.47;3317.30;1834.65;-1482.65;0.00
0.20;10.48;43.31;3464.62;1712.98;-1751.64;0.00
0.26;10.38;38.31;3064.48;2053.72;-1010.76;0.00
0.21;10.53;39.00;3119.96;1774.02;-1345.94;0.00
0.26;10.45;43.40;3472.18;2059.72;-1412.47;0.00
0.27;9.49;41.70;3336.35;2101.27;-1235.09;0.00
0.27;9.06;41.76;3341.18;2085.48;-1255.70;0.00
0.25;9.50;41.85;3348.17;1987.96;-1360.21;0.00
0.22;9.62;49.90;3991.97;1818.21;-2173.76;0.00
0.21;11.05;43.02;3441.76;1825.40;-1616.36;0.00
0.26;10.01;33.43;2674.41;2044.97;-629.44;0.00
0.23;8.14;41.50;3319.98;1799.29;-1520.69;0.00
0.22;10.06;39.48;3158.20;1843.08;-1315.12;0.00
0.29;9.81;41.57;3325.40;2243.73;-1081.67;0.00
0.27;10.93;44.89;3591.60;2141.82;-1449.78;0.00
0.25;9.84;41.91;3352.59;1995.15;-1357.44;0.00
0.23;9.89;32.47;2597.87;1898.42;-699.45;0.00
0.24;10.58;40.86;3268.73;1964.46;-1304.27;0.00
0.21;11.27;42.05;3364.20;1813.25;-1550.95;0.00
0.28;9.27;44.47;3557.32;2162.47;-1394.85;0.00
0.24;10.93;44.99;3599.11;2001.52;-1597.59;0.00
0.24;12.11;35.55;2843.72;2056.69;-787.03;0.00
0.28;10.20;41.18;3294.45;2157.39;-1137.07;0.00
0.28;9.49;41.69;3334.95;2154.79;-1180.16;0.00
0.27;9.34;39.33;3146.76;2077.50;-1069.26;0.00
0.25;9.98;43.77;3501.36;1985.47;-1515.89;0.00
0.25;10.19;47.05;3764.04;1979.78;-1784.26;0.00
0.25;10.23;44.58;3566.47;2029.54;-1536.93;0.00
0.29;10.87;39.49;3159.25;2258.94;-900.31;0.00
0.27;10.25;39.92;3193.75;2127.63;-1066.12;0.00
0.30;8.37;45.92;3673.67;2186.45;-1487.22;0.00
0.23;11.91;37.35;2988.19;2004.58;-983.62;0.00
0.27;8.52;38.86;3108.79;2040.95;-1067.83;0.00
0.24;9.90;34.00;2720.16;1955.05;-765.12;0.00
0.24;11.36;38.33;3066.03;2007.01;-1059.02;0.00
0.26;9.84;33.97;2717.51;2028.78;-688.73;0.00
0.29;10.82;41.73;3338.68;2283.06;-1055.62;0.00
0.25;7.78;39.46;3156.61;1892.99;-1263.63;0.00
0.29;8.20;35.50;2839.81;2112.48;-727.33;0.00
0.27;8.14;39.87;3189.33;2016.75;-1172.57;0.00
0.22;9.23;37.87;3029.93;1799.75;-1230.17;0.00
0.29;9.57;45.73;3658.68;2195.86;-1462.83;0.00
0.25;9.03;40.94;3275.25;1920.33;-1354.92;0.00
0.18;11.20;45.83;3666.41;1673.87;-1992.54;0.00
0.25;12.41;40.76;3260.42;2136.79;-1123.63;0.00
0.27;9.84;45.59;3646.92;2111.61;-1535.32;0.00
0.28;10.49;35.63;2850.04;2220.19;-629.85;0.00
0.29;10.17;44.27;3541.67;2211.46;-1330.21;0.00
0.30;11.58;39.53;3162.37;2370.31;-792.06;0.00
0.23;8.05;34.60;2768.03;1790.79;-977.24;0.00
0.24;10.75;38.89;3111.27;1956.32;-1154.95;0.00
0.24;9.66;32.14;2571.48;1939.23;-632.25;0.00
0.24;10.79;38.80;3103.91;1996.19;-1107.72;0.00
0.21;10.66;40.14;3211.17;1811.40;-1399.77;0.00
0.25;9.48;37.08;2966.29;1963.03;-1003.26;0.00
0.23;10.08;33.37;2669.61;1876.93;-792.68;0.00
0.21;11.92;43.56;3485.00;1865.96;-1619.04;0.00
0.26;9.38;40.14;3211.21;2042.78;-1168.43;0.00
0.27;11.26;42.98;3438.67;2208.90;-1229.76;0.00
0.27;12.11;41.05;3283.65;2220.76;-1062.89;0.00
0.21;10.14;39.07;3125.34;1797.33;-1328.01;0.00
0.22;9.87;36.90;2952.03;1822.84;-1129.19;0.00
0.27;11.34;33.93;2714.59;2215.41;-499.18;0.00
0.24;9.92;48.53;3882.04;1915.71;-1966.33;0.00
0.25;9.93;31.51;2520.50;2009.21;-511.29;0.00
0.22;9.50;36.11;2888.40;1771.79;-1116.61;0.00
0.27;8.53;40.50;3239.87;2058.23;-1181.64;0.00
0.24;8.68;34.92;2793.52;1889.81;-903.71;0.00
0.21;8.67;37.88;3030.07;1677.47;-1352.60;0.00
0.30;9.88;35.06;2805.09;2290.81;-514.29;0.00
0.25;9.78;47.16;3772.93;2001.88;-1771.05;0.00
0.23;10.52;42.60;3408.14;1888.65;-1519.48;0.00
0.21;10.40;42.29;3383.03;1758.49;-1624.53;0.00
0.27;11.97;40.18;3214.23;2242.95;-971.28;0.00
0.21;11.32;33.90;2711.91;1808.45;-903.46;0.00
0.26;12.06;38.16;3052.41;2166.60;-885.82;0.00
0.25;9.13;40.23;3218.60;1924.51;-1294.08;0.00
0.24;12.36;34.71;2777.12;2091.20;-685.92;0.00
0.21;9.61;38.64;3090.83;1749.43;-1341.40;0.00
0.29;11.32;39.01;3120.74;2274.53;-846.22;0.00
0.23;8.06;45.87;3669.48;1756.05;-1913.43;0.00
0.24;12.00;41.97;3357.38;2021.11;-1336.27;0.00
0.27;9.36;43.39;3471.09;2053.02;-1418.07;0.00
0.24;11.06;36.22;2897.97;1985.90;-912.07;0.00
0.26;10.38;44.17;3533.99;2098.54;-1435.46;0.00
0.27;9.91;42.37;3389.29;2127.94;-1261.34;0.00
0.28;9.08;42.50;3399.97;2116.89;-1283.09;0.00
0.28;9.80;35.68;2854.35;2150.02;-704.33;0.00
0.28;8.02;42.92;3433.30;2053.77;-1379.53;0.00
0.26;10.81;45.64;3650.96;2096.49;-1554.46;0.00
0.24;11.16;45.41;3632.78;1984.79;-1647.99;0.00
0.21;10.47;39.95;3196.35;1786.93;-1409.42;0.00
0.27;11.17;41.72;3337.71;2160.08;-1177.63;0.00
0.31;10.58;41.34;3307.11;2380.19;-926.92;0.00
0.22;9.89;32.45;2595.87;1823.33;-772.54;0.00
0.25;10.10;40.02;3201.68;1982.32;-1219.36;0.00
0.24;10.03;43.59;3487.17;1930.36;-1556.81;0.00
0.29;9.62;40.60;3248.11;2193.24;-1054.88;0.00
0.19;9.87;44.59;3567.13;1668.40;-1898.72;0.00
0.26;9.54;42.94;3434.99;2059.41;-1375.58;0.00
0.27;10.05;44.83;3586.23;2090.59;-1495.64;0.00
0.22;11.53;37.76;3020.81;1928.50;-1092.32;0.00
0.24;11.08;43.07;3445.44;1972.17;-1473.27;0.00
0.22;11.00;34.01;2721.00;1903.52;-817.48;0.00
0.31;11.04;43.97;3517.72;2390.81;-1126.92;0.00
0.28;9.76;41.86;3348.81;2168.32;-1180.49;0.00
0.27;10.80;41.56;3324.44;2146.92;-1177.53;0.00
0.29;9.75;40.76;3260.72;2228.97;-1031.75;0.00
0.24;9.94;41.01;3280.58;1940.20;-1340.38;0.00
0.25;9.93;36.92;2953.86;2007.96;-945.90;0.00
0.27;10.96;33.09;2647.31;2160.43;-486.88;0.00
0.26;10.01;37.00;2959.89;2063.68;-896.21;0.00
0.24;10.27;37.87;3029.59;1957.64;-1071.96;0.00
0.26;10.10;42.49;3399.10;2047.58;-1351.51;0.00
0.24;10.01;46.18;3694.62;1945.43;-1749.19;0.00
0.25;8.87;43.83;3506.11;1929.70;-1576.41;0.00
0.25;10.51;45.85;3667.77;2035.85;-1631.92;0.00
0.25;10.95;48.63;3890.55;2022.18;-1868.36;0.00
0.23;9.59;34.53;2762.46;1886.97;-875.48;0.00
0.24;10.51;47.99;3838.98;1964.91;-1874.07;0.00
0.22;10.69;38.98;3118.09;1878.79;-1239.31;0.00
0.28;9.52;38.68;3094.48;2166.21;-928.27;0.00
0.24;8.12;40.98;3278.65;1817.24;-1461.41;0.00
0.28;11.00;42.26;3380.72;2240.53;-1140.19;0.00
0.28;8.22;42.67;3413.25;2063.29;-1349.95;0.00
0.24;11.06;44.35;3548.03;2018.82;-1529.21;0.00
0.23;11.47;32.92;2633.89;1935.01;-698.88;0.00
0.29;10.66;38.29;3063.31;2290.78;-772.53;0.00
0.22;10.58;49.50;3960.17;1839.64;-2120.53;0.00
0.22;12.95;44.61;3568.47;1983.04;-1585.43;0.00
0.26;9.40;39.91;3192.93;2028.20;-1164.74;0.00
0.27;9.98;45.02;3601.78;2142.95;-1458.83;0.00
0.20;10.38;43.23;3458.60;1740.87;-1717.72;0.00
0.27;10.48;45.79;3663.10;2140.37;-1522.73;0.00
0.26;9.61;37.53;3002.76;2040.47;-962.29;0.00
0.19;7.64;40.73;3258.03;1538.57;-1719.46;0.00
0.26;9.91;47.83;3826.05;2031.65;-1794.40;0.00
0.24;11.32;40.73;3258.62;2015.86;-1242.76;0.00
0.23;9.08;43.38;3470.46;1811.33;-1659.13;0.00
0.23;10.11;44.65;3572.25;1868.12;-1704.13;0.00
0.19;10.25;46.42;3713.77;1665.20;-2048.57;0.00
0.29;9.30;48.14;3851.43;2198.81;-1652.62;0.00
0.19;10.44;38.27;3061.47;1681.34;-1380.13;0.00
0.23;11.87;40.86;3268.63;1971.49;-1297.14;0.00
0.24;11.04;43.17;3453.85;1967.13;-1486.72;0.00
0.28;10.43;39.79;3183.15;2170.60;-1012.55;0.00
0.22;11.36;37.71;3017.00;1884.81;-1132.18;0.00
0.25;11.50;39.14;3131.06;2098.92;-1032.14;0.00
0.28;10.67;48.05;3844.29;2223.38;-1620.91;0.00
0.29;10.03;43.73;3498.78;2247.02;-1251.76;0.00
0.27;9.61;37.96;3036.49;2089.55;-946.94;0.00
0.24;8.88;41.06;3284.87;1893.94;-1390.93;0.00
0.23;10.13;42.01;3360.40;1891.76;-1468.64;0.00
0.23;8.80;33.07;2645.76;1833.26;-812.50;0.00
0.22;10.55;38.46;3076.81;1872.51;-1204.30;0.00
0.23;11.90;44.03;3522.44;1980.18;-1542.25;0.00
0.23;10.93;32.59;2606.93;1908.87;-698.06;0.00
0.22;13.03;47.38;3790.46;2013.18;-1777.27;0.00
0.20;10.04;40.88;3270.79;1703.12;-1567.67;0.00
0.21;8.99;31.81;2544.50;1725.81;-818.69;0.00
0.23;10.23;40.71;3256.96;1875.63;-1381.33;0.00
0.28;12.37;33.18;2654.79;2301.50;-353.30;0.00
0.27;9.63;34.78;2782.13;2094.35;-687.78;0.00
0.23;9.94;30.92;2473.31;1906.72;-566.59;0.00
0.24;9.96;36.68;2934.20;1954.18;-980.02;0.00
0.26;10.25;41.98;3358.39;2075.91;-1282.47;0.00
0.26;9.99;35.44;2835.12;2028.03;-807.09;0.00
0.25;10.71;36.84;2947.32;2046.63;-900.69;0.00
0.26;10.32;36.43;2914.23;2067.86;-846.38;0.00
0.25;11.43;45.64;3651.54;2057.29;-1594.25;0.00
0.24;8.90;40.24;3219.45;1902.51;-1316.94;0.00
0.27;10.39;38.96;3117.04;2149.57;-967.47;0.00
0.24;8.08;38.88;3110.50;1831.13;-1279.37;0.00
0.30;9.36;43.37;3469.42;2232.32;-1237.10;0.00
0.27;9.15;39.83;3186.35;2090.06;-1096.28;0.00
0.29;10.49;38.83;3106.61;2254.80;-851.81;0.00
0.29;9.85;35.16;2812.99;2222.81;-590.18;0.00
0.25;11.49;36.73;2938.41;2088.82;-849.59;0.00
0.28;10.51;45.17;3613.74;2223.93;-1389.81;0.00
0.24;11.22;48.29;3863.35;2033.89;-1829.46;0.00
0.29;7.74;37.49;2999.03;2095.39;-903.64;0.00
0.31;7.26;46.67;3733.68;2178.17;-1555.51;0.00
0.24;9.08;43.20;3455.84;1870.49;-1585.35;0.00
0.27;10.35;45.05;3603.71;2144.88;-1458.84;0.00
0.26;10.67;42.27;3381.49;2099.57;-1281.92;0.00
0.29;11.56;37.18;2974.41;2333.36;-641.04;0.00
0.26;10.18;32.93;2634.66;2074.56;-560.11;0.00
0.23;8.75;44.93;3594.14;1811.58;-1782.56;0.00
0.26;9.61;37.85;3027.88;2010.35;-1017.53;0.00
0.24;8.92;38.07;3046.00;1853.40;-1192.60;0.00
0.25;9.60;43.79;3503.35;1997.02;-1506.33;0.00
0.23;10.04;47.30;3783.67;1891.48;-1892.19;0.00
