# X_0;X_1;X_2;R_0;R_1;S_0;S_1;G_0;G_1;I_0;I_1
532;1054;2;2;3;2;2;0;0;0;0
437;817;2;2;2;2;2;0;0;0;0
581;926;3;3;4;2;2;-1;-1;0;0
393;1079;2;2;3;1;2;0;-1;0;0
568;971;2;2;2;2;2;0;0;0;0
478;1039;3;3;3;2;2;0;-1;0;0
417;1086;2;2;3;2;2;0;0;0;0
493;1077;2;2;3;2;2;0;0;0;0
636;873;2;2;3;2;2;0;0;0;0
528;942;3;3;3;2;2;0;0;0;0
456;1049;3;3;3;2;2;-1;-1;0;0
499;943;2;2;2;2;2;0;0;0;0
522;1055;3;3;3;2;2;0;0;0;0
527;1022;2;2;3;2;2;0;0;0;0
454;1117;3;3;3;2;2;-1;-1;0;0
710;1016;3;3;3;3;3;0;0;1;0
525;932;2;2;3;2;2;0;0;0;0
389;982;3;3;3;1;2;-1;-1;0;0
455;1040;2;2;3;2;2;0;0;0;0
586;925;2;2;3;2;2;0;0;0;0
310;943;3;3;3;1;1;-1;-1;0;0
611;879;3;3;3;2;2;0;-1;0;0
561;910;2;2;3;2;2;0;0;0;0
478;935;2;2;2;2;2;0;0;0;0
435;1037;2;2;3;2;2;0;0;0;0
383;879;2;2;3;1;1;-1;-1;0;0
642;999;3;3;3;2;3;0;0;0;0
431;948;3;3;3;2;2;-1;-1;0;0
372;1058;2;2;2;1;1;0;0;0;0
417;922;2;2;3;1;2;0;-1;0;0
627;1082;3;3;3;2;2;0;0;0;0
544;1045;2;2;3;2;2;0;0;0;0
570;1072;3;3;3;2;2;0;0;0;0
619;1207;3;3;3;2;3;0;0;0;0
393;823;3;3;3;1;1;-1;-1;0;0
561;1047;3;3;3;2;2;0;-1;0;0
664;998;2;2;3;2;3;0;0;1;0
447;1038;3;3;3;2;2;-1;-1;0;0
448;1026;2;2;3;2;2;0;-1;0;0
395;978;3;3;3;1;2;-1;-1;0;0
381;940;2;2;3;1;1;0;-1;0;0
583;1057;2;2;3;2;2;0;0;0;0
418;1064;3;3;4;2;2;-1;-1;0;0
369;991;2;2;2;1;1;0;-1;0;0
575;1036;3;3;3;2;2;0;0;0;0
530;855;2;2;3;2;2;0;0;0;0
562;923;3;3;3;2;2;0;0;0;0
512;968;2;2;3;2;2;0;0;0;0
386;1205;3;3;3;2;2;-1;-1;0;0
513;979;2;2;3;2;2;0;0;0;0
399;1054;3;3;3;1;2;-1;-1;0;0
498;1062;2;2;2;2;2;0;0;0;0
505;1028;2;2;2;2;2;0;0;0;0
629;939;2;2;3;2;2;0;0;0;0
467;929;3;3;3;2;2;0;-1;0;0
682;987;3;3;3;3;3;0;0;0;0
538;959;2;2;3;2;2;0;0;0;0
450;1103;3;3;3;2;2;0;-1;0;0
650;992;2;2;2;2;3;0;0;1;1
434;997;2;2;3;2;2;0;0;0;0
546;1051;2;2;3;2;2;0;0;0;0
628;820;3;3;3;2;2;0;0;0;0
474;1079;2;2;2;2;2;0;0;0;0
643;782;2;2;3;2;2;0;0;0;0
525;1215;3;3;3;2;2;0;0;0;0
621;961;3;3;3;2;2;0;0;0;0
548;1020;3;3;3;2;2;0;-1;0;0
383;829;3;3;3;1;1;-1;-1;0;0
763;884;3;3;3;3;3;0;0;1;1
474;856;2;2;3;2;2;0;0;0;0
584;979;2;2;3;2;2;0;0;0;0
610;1154;2;2;3;2;2;0;0;0;0
511;1006;2;2;2;2;2;0;0;0;0
461;882;3;3;3;2;2;-1;-1;0;0
386;879;3;3;3;1;1;-1;-1;0;0
510;1093;3;3;3;2;2;0;0;0;0
549;998;3;3;3;2;2;0;-1;0;0
441;1024;3;3;3;2;2;-1;-1;0;0
515;1002;3;3;3;2;2;0;0;0;0
645;1084;3;3;3;2;3;0;0;0;0
517;918;3;3;4;2;2;-1;-1;0;0
464;891;2;2;3;2;2;0;0;0;0
718;995;2;2;3;3;3;0;0;1;1
440;987;3;3;3;2;2;-1;-1;0;0
569;1001;2;2;3;2;2;0;0;0;0
500;1020;2;2;2;2;2;0;0;0;0
305;1075;3;3;3;1;1;-1;-1;0;0
497;987;2;2;2;2;2;0;0;0;0
537;1063;3;3;3;2;2;0;0;0;0
629;1044;3;3;3;2;2;0;0;0;0
593;1078;3;3;3;2;2;0;0;0;0
473;1020;2;2;2;2;2;0;0;0;0
452;895;2;2;2;2;2;0;0;0;0
495;1074;2;2;2;2;2;0;0;0;0
494;922;3;3;3;2;2;0;-1;0;0
442;1075;2;2;3;2;2;0;-1;0;0
502;917;2;2;3;2;2;0;0;0;0
506;1128;3;3;3;2;2;0;0;0;0
573;923;2;2;3;2;2;0;0;0;0
578;1103;2;2;3;2;2;0;0;0;0
493;1051;2;2;2;2;2;0;0;0;0
530;906;2;2;2;2;2;0;0;0;0
435;905;3;3;3;2;2;-1;-1;0;0
400;1015;3;3;3;1;2;-1;-1;0;0
478;1004;2;2;3;2;2;0;0;0;0
567;1023;2;2;2;2;2;0;0;0;0
394;842;2;2;3;1;1;0;-1;0;0
405;1004;3;3;3;1;2;-1;-1;0;0
520;972;3;3;3;2;2;0;0;0;0
579;924;3;3;3;2;2;0;0;0;0
464;913;3;3;3;2;2;0;-1;0;0
489;976;3;3;3;2;2;0;-1;0;0
516;1019;2;2;2;2;2;0;0;0;0
683;954;3;3;3;3;3;0;0;0;0
508;1012;2;2;3;2;2;0;0;0;0
318;943;3;3;3;1;1;-1;-1;0;0
486;825;2;2;2;2;2;0;0;0;0
472;1031;3;3;3;2;2;0;-1;0;0
308;939;2;2;2;1;1;-1;-1;0;0
496;1167;3;3;3;2;2;0;-1;0;0
277;1079;3;3;3;1;1;-1;-1;0;0
479;1003;2;2;3;2;2;0;0;0;0
552;885;2;2;3;2;2;0;0;0;0
428;976;2;2;3;2;2;0;-1;0;0
394;1033;2;2;3;1;2;0;-1;0;0
496;995;2;2;3;2;2;0;0;0;0
657;1034;3;3;3;2;3;0;0;0;0
309;960;3;3;3;1;1;-1;-1;0;0
328;869;2;2;3;1;1;-1;-1;0;0
490;1054;3;3;3;2;2;0;-1;0;0
541;1033;3;3;3;2;2;0;0;0;0
519;1076;3;3;3;2;2;0;0;0;0
465;1041;2;2;3;2;2;0;0;0;0
516;883;2;2;2;2;2;0;0;0;0
614;1071;3;3;3;2;2;0;0;0;0
300;792;2;2;3;1;1;-1;-1;0;0
522;866;3;3;3;2;2;0;-1;0;0
464;1072;3;3;3;2;2;0;0;0;0
467;1058;3;3;3;2;2;-1;-1;0;0
416;889;3;3;3;1;2;-1;-1;0;0
778;851;2;2;3;3;3;0;0;1;1
495;844;2;2;2;2;2;0;0;0;0
546;1010;3;3;3;2;2;0;-1;0;0
495;1153;3;3;3;2;2;0;-1;0;0
446;795;3;3;3;2;2;-1;-1;0;0
479;950;2;2;3;2;2;0;0;0;0
551;1006;3;3;3;2;2;0;0;0;0
468;948;3;3;3;2;2;0;-1;0;0
571;988;2;2;3;2;2;0;0;0;0
568;971;3;3;3;2;2;0;0;0;0
539;977;3;3;3;2;2;0;0;0;0
443;1191;2;2;3;2;2;0;0;0;0
694;965;2;2;2;3;3;0;0;1;1
590;1037;3;3;3;2;2;0;0;0;0
465;1138;2;2;3;2;2;0;0;0;0
438;897;2;2;2;2;2;0;0;0;0
511;939;2;2;3;2;2;0;0;0;0
625;1073;2;2;3;2;2;0;0;0;0
530;935;2;2;3;2;2;0;0;0;0
578;1027;2;2;3;2;2;0;0;0;0
317;1020;3;3;3;1;1;-1;-1;0;0
516;896;2;2;3;2;2;0;0;0;0
548;952;2;2;2;2;2;0;0;0;0
395;858;2;2;3;1;1;0;-1;0;0
263;1056;2;2;3;1;1;-1;-1;0;0
618;1066;3;3;3;2;2;0;0;0;0
715;1109;3;3;3;3;3;0;0;0;0
611;1027;2;2;2;2;2;0;0;1;1
376;1106;2;2;3;1;2;0;-1;0;0
447;1044;2;2;3;2;2;0;0;0;0
556;1088;3;3;3;2;2;0;0;0;0
442;938;3;3;3;2;2;-1;-1;0;0
671;1034;2;2;3;2;3;0;0;1;1
498;1110;3;3;3;2;2;0;0;0;0
430;1076;2;2;2;2;2;0;0;0;0
492;1099;3;3;3;2;2;0;-1;0;0
358;959;2;2;2;1;1;0;0;0;0
582;1223;2;2;2;2;2;0;0;1;1
362;831;2;2;3;1;1;-1;-1;0;0
533;1045;3;3;3;2;2;0;0;0;0
537;1171;2;2;3;2;2;0;0;0;0
502;957;2;2;3;2;2;0;0;0;0
506;1038;2;2;3;2;2;0;0;0;0
546;969;3;3;3;2;2;0;-1;0;0
442;1004;2;2;3;2;2;0;0;0;0
413;1049;3;3;3;2;2;-1;-1;0;0
498;1068;2;2;2;2;2;0;0;0;0
548;986;3;3;3;2;2;0;0;0;0
506;1113;3;3;3;2;2;0;0;0;0
424;862;2;2;2;1;2;0;0;0;0
513;1196;2;2;2;2;2;0;0;0;0
254;1146;2;2;3;1;1;-1;-1;0;0
425;917;3;3;3;2;2;-1;-1;0;0
373;901;3;3;3;1;1;-1;-1;0;0
458;1049;2;2;2;2;2;0;0;0;0
360;1048;3;3;3;1;1;-1;-1;0;0
539;1035;3;3;3;2;2;0;-1;0;0
570;1059;3;3;3;2;2;0;0;0;0
347;1115;2;2;3;1;1;-1;-1;0;0
546;757;3;3;3;2;2;0;0;0;0
417;1024;3;3;3;2;2;-1;-1;0;0
604;831;3;3;3;2;2;0;-1;0;0
500;1188;2;2;3;2;2;0;0;0;0
549;999;2;2;3;2;2;0;0;0;0
450;997;3;3;3;2;2;0;-1;0;0
562;986;2;2;3;2;2;0;0;0;0
414;942;3;3;3;1;2;-1;-1;0;0
403;1080;2;2;3;2;2;0;0;0;0
624;908;2;2;2;2;2;0;0;1;1
651;876;2;2;3;2;3;0;0;1;0
590;924;3;3;3;2;2;0;0;0;0
548;1200;3;3;3;2;2;0;0;0;0
565;1222;2;2;2;2;2;0;0;1;0
484;881;3;3;3;2;2;-1;-1;0;0
497;1021;2;2;2;2;2;0;0;0;0
410;1060;3;3;4;2;2;-1;-2;0;0
469;1222;3;3;3;2;2;0;-1;0;0
343;1068;2;2;2;1;1;0;-1;0;0
541;959;3;3;3;2;2;0;0;0;0
576;917;2;2;2;2;2;0;0;1;1
488;979;3;3;4;2;2;-1;-1;0;0
401;1055;3;3;3;2;2;-1;-1;0;0
533;922;2;2;3;2;2;0;0;0;0
487;1088;3;3;3;2;2;0;-1;0;0
658;989;2;2;3;2;3;0;0;0;0
436;1082;2;2;3;2;2;0;-1;0;0
448;971;3;3;3;2;2;0;-1;0;0
470;961;3;3;3;2;2;0;-1;0;0
444;979;2;2;3;2;2;0;0;0;0
647;828;2;2;3;2;2;0;0;0;0
527;995;2;2;3;2;2;0;0;0;0
524;1207;3;3;3;2;2;0;0;0;0
506;946;3;3;3;2;2;0;-1;0;0
487;1209;2;2;2;2;2;0;0;0;0
543;919;2;2;3;2;2;0;0;0;0
453;1334;2;2;2;2;2;0;0;0;0
389;1008;3;3;3;1;2;-1;-1;0;0
468;1031;2;2;3;2;2;0;0;0;0
537;735;2;2;3;2;2;0;0;0;0
428;867;2;2;3;2;2;0;-1;0;0
402;1166;2;2;2;2;2;0;0;0;0
275;986;2;2;2;1;1;-1;-1;0;0
498;1059;2;2;2;2;2;0;0;0;0
243;983;3;3;3;1;1;-1;-2;0;0
387;947;3;3;3;1;1;-1;-1;0;0
630;990;3;3;3;2;2;0;0;0;0
520;1031;2;2;3;2;2;0;0;0;0
402;1076;3;3;3;2;2;-1;-1;0;0
401;1014;3;3;3;1;2;-1;-1;0;0
542;1064;3;3;3;2;2;0;0;0;0
458;1043;3;3;3;2;2;-1;-1;0;0
459;986;2;2;3;2;2;0;0;0;0
545;1010;2;2;2;2;2;0;0;0;0
459;975;3;3;3;2;2;0;-1;0;0
568;1106;3;3;3;2;2;0;0;0;0
543;884;2;2;3;2;2;0;0;0;0
511;1034;2;2;3;2;2;0;0;0;0
388;1126;2;2;3;1;2;0;0;0;0
653;1025;3;3;3;2;3;0;0;0;0
458;987;3;3;3;2;2;0;-1;0;0
564;1013;2;2;2;2;2;0;0;1;0
308;989;2;2;2;1;1;0;-1;0;0
486;1052;2;2;2;2;2;0;0;0;0
401;1077;2;2;2;2;2;0;0;0;0
383;1173;2;2;3;2;2;0;-1;0;0
651;906;2;2;2;2;3;0;0;1;1
414;1036;2;2;3;2;2;0;0;0;0
230;779;3;3;3;1;1;-1;-2;0;0
485;946;2;2;3;2;2;0;0;0;0
489;980;3;3;3;2;2;-1;-1;0;0
708;997;2;2;3;3;3;0;0;1;1
490;868;3;3;3;2;2;-1;-1;0;0
397;950;3;3;3;1;2;-1;-1;0;0
567;1013;3;3;3;2;2;-1;-1;0;0
443;1127;3;3;3;2;2;-1;-1;0;0
659;943;3;3;3;2;3;0;0;0;0
612;1031;2;2;3;2;2;0;0;0;0
432;1041;3;3;3;2;2;-1;-1;0;0
581;1072;3;3;3;2;2;0;0;0;0
314;1189;2;2;3;1;1;-1;-1;0;0
588;956;4;4;4;2;2;-1;-1;0;0
335;945;3;3;3;1;1;-1;-2;0;0
574;1186;3;3;3;2;2;0;0;0;0
428;1106;2;2;3;2;2;0;0;0;0
489;916;2;2;3;2;2;0;0;0;0
529;904;2;2;3;2;2;0;0;0;0
512;1170;2;2;3;2;2;0;0;0;0
487;1096;2;2;3;2;2;0;0;0;0
455;845;3;3;3;2;2;0;-1;0;0
376;1065;2;2;2;1;2;0;0;0;0
606;976;2;2;3;2;2;0;0;0;0
475;1061;2;2;3;2;2;0;0;0;0
587;925;3;3;3;2;2;0;-1;0;0
413;1007;2;2;3;2;2;0;-1;0;0
459;1185;3;3;3;2;2;0;-1;0;0
651;1143;2;2;3;2;3;0;0;0;0
623;998;2;2;3;2;2;0;0;0;0
682;990;2;2;3;3;3;0;0;1;1
288;806;3;3;3;1;1;-1;-1;0;0
453;1027;2;2;3;2;2;0;0;0;0
529;943;3;3;3;2;2;0;0;0;0
634;945;3;3;3;2;2;0;0;0;0
588;889;2;2;2;2;2;0;0;0;0
593;928;2;2;3;2;2;0;0;0;0
296;832;2;2;2;1;1;-1;-1;0;0
618;990;2;2;2;2;2;0;0;1;1
368;1166;2;2;3;1;2;0;-1;0;0
271;860;2;2;3;1;1;-1;-1;0;0
333;907;3;3;3;1;1;-1;-1;0;0
503;1145;3;3;3;2;2;-1;-1;0;0
590;900;3;3;3;2;2;0;0;0;0
536;1155;3;3;3;2;2;0;0;0;0
387;1216;2;2;3;2;2;0;0;0;0
447;1002;3;3;3;2;2;-1;-1;0;0
598;1102;3;3;3;2;2;0;0;0;0
629;888;3;3;3;2;2;0;0;0;0
500;1135;2;2;3;2;2;0;0;0;0
377;1108;2;2;2;1;2;0;0;0;0
458;1027;2;2;2;2;2;0;0;0;0
354;992;2;2;3;1;1;-1;-1;0;0
481;1089;3;3;3;2;2;0;0;0;0
456;1001;2;2;2;2;2;0;0;0;0
381;1066;3;3;3;1;2;-1;-1;0;0
553;948;2;2;2;2;2;0;0;0;0
525;911;2;2;3;2;2;0;0;0;0
451;973;2;2;2;2;2;0;0;0;0
435;934;3;3;4;2;2;-1;-1;0;0
446;1008;3;3;3;2;2;0;-1;0;0
581;835;2;2;3;2;2;0;0;0;0
710;983;2;2;3;3;3;0;0;1;1
549;992;2;2;3;2;2;0;0;0;0
572;963;2;2;3;2;2;0;0;0;0
587;1100;3;3;3;2;2;0;0;0;0
335;1010;2;2;3;1;1;-1;-1;0;0
446;941;2;2;2;2;2;0;0;0;0
550;1168;3;3;3;2;2;0;-1;0;0
568;1172;2;2;3;2;2;0;0;0;0
468;1019;3;3;3;2;2;-1;-1;0;0
459;1049;2;2;2;2;2;0;0;0;0
445;1036;3;3;3;2;2;-1;-1;0;0
445;1045;3;3;3;2;2;-1;-1;0;0
677;1057;3;3;3;3;3;0;0;0;0
566;1028;2;2;3;2;2;0;0;0;0
517;1100;2;2;2;2;2;0;0;0;0
623;1017;3;3;3;2;2;0;0;0;0
485;795;3;3;3;2;2;-1;-1;0;0
476;1044;2;2;3;2;2;0;0;0;0
589;960;3;3;3;2;2;0;0;0;0
607;1048;3;3;3;2;2;0;0;0;0
477;981;2;2;2;2;2;0;0;0;0
492;1273;3;3;3;2;2;0;-1;0;0
591;1063;3;3;3;2;2;0;-1;0;0
447;837;3;3;3;2;2;-1;-1;0;0
687;942;2;2;3;3;3;0;0;1;1
697;1075;2;2;2;3;3;0;0;1;1
482;735;2;2;2;2;2;0;0;0;0
418;939;3;3;3;1;2;-1;-1;0;0
526;1028;3;3;3;2;2;0;0;0;0
201;1155;2;2;3;1;1;-1;-1;0;0
645;1086;2;2;3;2;3;0;0;1;1
433;902;3;3;3;2;2;-1;-1;0;0
469;1021;2;2;3;2;2;0;0;0;0
493;1103;2;2;3;2;2;0;0;0;0
396;1186;2;2;3;2;2;0;0;0;0
501;1052;2;2;2;2;2;0;0;0;0
471;1086;3;3;3;2;2;0;-1;0;0
352;945;3;3;3;1;1;-1;-1;0;0
361;988;3;3;3;1;1;-1;-1;0;0
492;1040;3;3;3;2;2;-1;-1;0;0
522;922;2;2;3;2;2;0;0;0;0
402;1188;2;2;3;2;2;0;0;0;0
506;1119;2;2;2;2;2;0;0;0;0
524;877;3;3;3;2;2;0;-1;0;0
426;940;2;2;3;2;2;0;-1;0;0
210;1021;2;2;2;1;1;-1;-1;0;0
446;994;3;3;3;2;2;-1;-1;0;0
441;1093;2;2;3;2;2;0;0;0;0
617;1065;3;3;3;2;2;0;0;0;0
518;849;2;2;2;2;2;0;0;0;0
578;977;3;3;3;2;2;0;0;0;0
550;1137;3;3;3;2;2;0;0;0;0
516;954;2;2;3;2;2;0;0;0;0
436;979;2;2;2;2;2;0;0;0;0
547;988;2;2;2;2;2;0;0;0;0
560;958;3;3;3;2;2;0;0;0;0
516;1335;2;2;2;2;2;0;0;0;0
667;889;2;2;3;2;3;0;0;1;1
472;1015;3;3;3;2;2;0;-1;0;0
479;947;2;2;3;2;2;0;0;0;0
503;940;2;2;3;2;2;0;0;0;0
713;913;3;3;3;3;3;0;0;1;0
384;987;2;2;2;1;2;0;0;0;0
538;1170;2;2;3;2;2;0;0;0;0
478;1013;2;2;2;2;2;0;0;0;0
601;925;3;3;3;2;2;0;0;0;0
484;1150;2;2;2;2;2;0;0;0;0
375;888;2;2;3;1;1;-1;-1;0;0
630;917;3;3;3;2;2;0;0;0;0
407;1007;2;2;3;1;2;0;-1;0;0
565;986;2;2;3;2;2;0;0;0;0
487;1066;3;3;3;2;2;-1;-1;0;0
516;1090;2;2;3;2;2;0;0;0;0
484;904;3;3;3;2;2;0;-1;0;0
449;1032;2;2;2;2;2;0;0;0;0
570;803;3;3;3;2;2;0;0;0;0
608;1016;3;3;3;2;2;0;0;0;0
437;618;2;2;2;1;2;0;0;0;0
394;938;3;3;3;1;2;-1;-1;0;0
398;1085;2;2;3;2;2;0;-1;0;0
580;930;2;2;2;2;2;0;0;1;1
467;1105;2;2;3;2;2;0;0;0;0
351;1004;3;3;3;1;1;-1;-1;0;0
595;978;2;2;2;2;2;0;0;0;0
638;986;3;3;3;2;2;0;0;0;0
555;969;3;3;3;2;2;0;0;0;0
424;876;3;3;3;1;2;-1;-1;0;0
321;1158;2;2;2;1;1;0;-1;0;0
545;1200;2;2;2;2;2;0;0;1;0
523;1119;2;2;3;2;2;0;0;0;0
433;894;3;3;3;2;2;-1;-1;0;0
785;979;3;3;3;3;3;0;0;1;1
631;949;3;3;3;2;2;0;0;0;0
577;893;3;3;3;2;2;0;0;0;0
615;1059;3;3;4;2;2;0;-1;0;0
575;1014;3;3;4;2;2;-1;-1;0;0
623;1119;2;2;3;2;2;0;0;1;0
545;1004;3;3;3;2;2;0;0;0;0
182;1171;3;3;3;1;1;-1;-1;0;0
565;1065;3;3;3;2;2;0;0;0;0
481;1023;3;3;3;2;2;0;-1;0;0
372;1076;3;3;3;1;2;-1;-1;0;0
379;1026;3;3;3;1;2;-1;-1;0;0
758;1127;2;2;2;3;3;0;0;1;1
687;1086;3;3;3;3;3;0;0;0;0
577;822;2;2;3;2;2;0;0;0;0
639;1058;3;3;3;2;3;0;0;0;0
563;799;2;2;3;2;2;0;0;0;0
653;1051;2;2;3;2;3;0;0;0;0
564;891;2;2;2;2;2;0;0;1;1
615;995;2;2;3;2;2;0;0;0;0
626;984;3;3;3;2;2;0;0;0;0
405;991;2;2;2;1;2;0;0;0;0
579;1089;3;3;3;2;2;0;0;0;0
474;1105;3;3;3;2;2;0;0;0;0
463;1008;3;3;3;2;2;0;-1;0;0
505;1126;3;3;4;2;2;-1;-1;0;0
406;981;2;2;3;1;2;0;0;0;0
535;1038;3;3;3;2;2;0;-1;0;0
214;995;2;2;3;1;1;-1;-1;0;0
461;1100;2;2;3;2;2;0;0;0;0
384;979;3;3;3;1;1;-1;-1;0;0
380;1026;3;3;3;1;2;-1;-1;0;0
440;900;2;2;3;2;2;0;-1;0;0
461;978;3;3;4;2;2;-1;-1;0;0
542;1014;3;3;3;2;2;0;0;0;0
399;826;3;3;3;1;1;-1;-1;0;0
560;1078;3;3;3;2;2;0;0;0;0
390;1054;3;3;3;1;2;-1;-1;0;0
458;885;2;2;2;2;2;0;0;0;0
514;854;2;2;3;2;2;0;0;0;0
570;1176;3;3;3;2;2;0;0;0;0
539;1142;3;3;3;2;2;0;-1;0;0
565;902;2;2;3;2;2;0;0;0;0
474;1058;2;2;3;2;2;0;0;0;0
635;890;3;3;3;2;2;0;0;0;0
560;982;2;2;2;2;2;0;0;0;0
618;852;3;3;3;2;2;0;0;0;0
552;952;2;2;3;2;2;0;0;0;0
499;1119;3;3;3;2;2;0;0;0;0
568;974;2;2;2;2;2;0;0;1;1
375;1033;2;2;3;1;1;0;-1;0;0
324;993;3;3;4;1;1;-1;-2;0;0
464;931;2;2;2;2;2;0;0;0;0
582;1036;3;3;3;2;2;0;0;0;0
460;840;2;2;3;2;2;0;0;0;0
517;1092;3;3;3;2;2;-1;-1;0;0
630;938;3;3;3;2;2;0;0;0;0
593;934;3;3;4;2;2;-1;-1;0;0
555;923;2;2;3;2;2;0;0;0;0
557;1027;3;3;3;2;2;0;0;0;0
402;985;2;2;2;1;2;0;0;0;0
434;1146;3;3;3;2;2;0;-1;0;0
496;1181;2;2;2;2;2;0;0;1;0
543;743;3;3;3;2;2;0;-1;0;0
476;999;3;3;4;2;2;-1;-1;0;0
391;968;2;2;3;1;2;0;-1;0;0
413;868;3;3;3;1;2;-1;-1;0;0
388;1322;3;3;3;2;2;-1;-1;0;0
592;893;3;3;3;2;2;0;0;0;0
423;1210;3;3;3;2;2;0;-1;0;0
447;1017;3;3;3;2;2;0;-1;0;0
430;852;2;2;3;2;2;0;0;0;0
486;910;2;2;2;2;2;0;0;0;0
470;1093;3;3;3;2;2;0;-1;0;0
690;931;3;3;3;3;3;0;0;0;0
399;939;2;2;3;1;2;0;-1;0;0
473;1185;2;2;3;2;2;0;0;0;0
338;924;3;3;3;1;1;-1;-2;0;0
639;862;3;3;3;2;2;0;0;0;0
452;1091;2;2;3;2;2;0;0;0;0
467;1129;3;3;3;2;2;0;0;0;0
665;956;2;2;2;2;3;0;0;1;1
408;980;3;3;3;1;2;-1;-1;0;0
551;906;2;2;3;2;2;0;0;0;0
638;1109;2;2;3;2;3;0;0;1;0
529;967;2;2;3;2;2;0;0;0;0
370;1217;3;3;3;1;2;-1;-1;0;0
524;985;2;2;2;2;2;0;0;0;0
623;1112;2;2;2;2;2;0;0;1;1
436;1168;2;2;2;2;2;0;0;0;0
579;1079;2;2;3;2;2;0;0;0;0
482;1154;3;3;3;2;2;-1;-1;0;0
510;1066;3;3;3;2;2;0;-1;0;0
587;954;2;2;3;2;2;0;0;0;0
476;917;2;2;2;2;2;0;0;0;0
670;1030;2;2;3;2;3;0;0;1;1
675;1002;2;2;3;3;3;0;0;1;1
511;965;3;3;3;2;2;0;0;0;0
473;905;3;3;3;2;2;0;-1;0;0
347;1095;2;2;3;1;1;-1;-1;0;0
542;917;3;3;3;2;2;-1;-1;0;0
516;1089;3;3;3;2;2;0;-1;0;0
364;1015;2;2;2;1;1;0;-1;0;0
439;934;2;2;2;2;2;0;0;0;0
394;960;3;3;3;1;2;-1;-1;0;0
519;1098;2;2;3;2;2;0;0;0;0
596;975;3;3;3;2;2;0;0;0;0
409;1057;2;2;2;2;2;0;0;0;0
537;983;2;2;3;2;2;0;0;0;0
587;1014;3;3;3;2;2;0;0;0;0
464;1136;3;3;3;2;2;0;0;0;0
554;912;2;2;3;2;2;0;0;0;0
496;1018;3;3;3;2;2;0;0;0;0
533;926;2;2;3;2;2;0;0;0;0
546;855;2;2;2;2;2;0;0;1;0
488;1015;2;2;2;2;2;0;0;0;0
448;1179;2;2;3;2;2;0;0;0;0
501;953;2;2;3;2;2;0;0;0;0
550;988;2;2;3;2;2;0;0;0;0
549;1066;2;2;3;2;2;0;0;0;0
654;982;2;2;2;2;3;0;0;1;1
356;954;3;3;3;1;1;-1;-1;0;0
664;915;2;2;3;2;3;0;0;1;1
482;908;3;3;3;2;2;0;-1;0;0
456;1063;3;3;3;2;2;0;-1;0;0
539;1080;2;2;2;2;2;0;0;0;0
456;825;2;2;2;2;2;0;0;0;0
742;1035;3;3;3;3;3;0;0;1;0
526;997;3;3;3;2;2;0;-1;0;0
585;987;2;2;3;2;2;0;0;0;0
327;910;3;3;3;1;1;-1;-1;0;0
333;911;2;2;3;1;1;-1;-1;0;0
409;781;3;3;3;1;1;-1;-1;0;0
601;990;3;3;3;2;2;0;0;0;0
396;876;3;3;3;1;1;-1;-1;0;0
420;1145;2;2;3;2;2;0;0;0;0
672;1116;3;3;3;3;3;0;0;0;0
396;1027;2;2;3;1;2;0;-1;0;0
548;1053;2;2;3;2;2;0;0;0;0
526;1117;3;3;3;2;2;0;0;0;0
401;1072;2;2;3;2;2;0;-1;0;0
580;958;3;3;3;2;2;0;0;0;0
595;878;3;3;3;2;2;0;0;0;0
580;1088;2;2;2;2;2;0;0;0;0
555;1048;2;2;2;2;2;0;0;0;0
557;989;2;2;2;2;2;0;0;1;0
560;1031;3;3;3;2;2;0;-1;0;0
542;898;2;2;3;2;2;0;0;0;0
593;1235;3;3;3;2;2;0;0;0;0
427;828;2;2;2;1;2;0;0;0;0
596;1070;3;3;3;2;2;0;0;0;0
486;1007;2;2;2;2;2;0;0;0;0
548;993;3;3;3;2;2;0;0;0;0
485;1017;2;2;3;2;2;0;0;0;0
635;973;3;3;3;2;2;0;0;0;0
465;1045;2;2;2;2;2;0;0;0;0
513;977;2;2;3;2;2;0;0;0;0
459;1144;3;3;3;2;2;0;-1;0;0
417;881;3;3;3;1;2;-1;-1;0;0
605;901;2;2;3;2;2;0;0;0;0
373;920;2;2;3;1;1;-1;-1;0;0
191;1199;2;2;3;1;1;-1;-1;0;0
504;1203;2;2;3;2;2;0;0;0;0
452;1012;3;3;3;2;2;-1;-1;0;0
685;798;3;3;3;2;3;0;0;0;0
485;1078;3;3;3;2;2;0;0;0;0
439;1066;3;3;3;2;2;0;-1;0;0
440;956;2;2;3;2;2;0;0;0;0
560;821;3;3;3;2;2;0;0;0;0
523;1089;2;2;2;2;2;0;0;0;0
472;838;3;3;3;2;2;0;-1;0;0
458;1027;3;3;3;2;2;0;-1;0;0
567;993;3;3;3;2;2;0;0;0;0
574;859;2;2;2;2;2;0;0;0;0
532;839;2;2;3;2;2;0;0;0;0
482;970;3;3;3;2;2;0;-1;0;0
485;866;2;2;2;2;2;0;0;0;0
411;1123;2;2;2;2;2;0;0;0;0
285;1105;2;2;2;1;1;0;-1;0;0
465;1062;3;3;4;2;2;-1;-1;0;0
522;1091;3;3;3;2;2;0;0;0;0
570;1185;2;2;3;2;2;0;0;0;0
445;845;3;3;3;2;2;-1;-1;0;0
509;1014;2;2;3;2;2;0;0;0;0
512;961;2;2;3;2;2;0;0;0;0
448;974;3;3;3;2;2;-1;-1;0;0
332;844;3;3;3;1;1;-1;-2;0;0
584;902;3;3;3;2;2;0;0;0;0
630;1030;2;2;3;2;2;0;0;1;0
406;974;2;2;2;1;2;0;0;0;0
543;882;3;3;3;2;2;0;0;0;0
452;916;3;3;3;2;2;-1;-1;0;0
523;919;3;3;3;2;2;0;0;0;0
612;933;2;2;3;2;2;0;0;0;0
473;1140;3;3;3;2;2;0;-1;0;0
408;943;3;3;3;1;2;-1;-1;0;0
434;1128;3;3;3;2;2;0;-1;0;0
313;1047;3;3;3;1;1;-1;-2;0;0
486;1053;3;3;3;2;2;0;-1;0;0
441;973;3;3;3;2;2;0;-1;0;0
383;1196;2;2;2;2;2;0;0;0;0
611;966;3;3;3;2;2;0;0;0;0
478;798;3;3;3;2;2;-1;-1;0;0
457;895;3;3;3;2;2;0;-1;0;0
486;868;2;2;2;2;2;0;0;1;0
338;1122;3;3;3;1;1;-1;-1;0;0
529;1020;2;2;3;2;2;0;0;0;0
454;1188;3;3;3;2;2;-1;-1;0;0
459;1071;3;3;3;2;2;-1;-1;0;0
519;898;3;3;3;2;2;0;-1;0;0
651;1011;3;3;3;2;3;0;0;0;0
438;1033;3;3;3;2;2;-1;-1;0;0
492;995;2;2;2;2;2;0;0;0;0
412;982;3;3;3;1;2;-1;-1;0;0
478;1008;3;3;3;2;2;-1;-1;0;0
515;959;3;3;3;2;2;0;-1;0;0
395;995;3;3;3;1;2;-1;-1;0;0
494;905;3;3;3;2;2;-1;-1;0;0
521;995;3;3;3;2;2;-1;-1;0;0
432;1010;3;3;3;2;2;-1;-1;0;0
397;1089;2;2;3;2;2;0;-1;0;0
537;844;2;2;3;2;2;0;0;0;0
499;1051;3;3;3;2;2;-1;-1;0;0
476;1056;3;3;3;2;2;0;-1;0;0
542;956;2;2;3;2;2;0;0;0;0
534;939;3;3;3;2;2;0;0;0;0
511;1127;2;2;3;2;2;0;0;0;0
582;1014;2;2;2;2;2;0;0;0;0
546;1063;2;2;2;2;2;0;0;0;0
467;1051;2;2;3;2;2;0;0;0;0
425;915;3;3;3;2;2;-1;-1;0;0
620;983;2;2;2;2;2;0;0;1;1
528;1044;2;2;2;2;2;0;0;0;0
565;926;2;2;3;2;2;0;0;0;0
463;1036;3;3;3;2;2;-1;-1;0;0
434;898;2;2;2;2;2;0;0;0;0
500;938;3;3;3;2;2;0;0;0;0
398;1004;2;2;3;1;2;0;-1;0;0
499;1185;3;3;3;2;2;0;-1;0;0
500;989;3;3;3;2;2;-1;-1;0;0
447;898;2;2;3;2;2;0;0;0;0
548;1046;2;2;3;2;2;0;0;0;0
461;1053;2;2;2;2;2;0;0;0;0
332;1054;2;2;2;1;1;0;-1;0;0
420;1067;2;2;3;2;2;0;0;0;0
601;965;2;2;3;2;2;0;0;0;0
654;897;3;3;3;2;3;0;0;0;0
491;1030;3;3;3;2;2;0;-1;0;0
497;1078;3;3;3;2;2;0;0;0;0
661;1089;2;2;3;2;3;0;0;0;0
542;937;3;3;4;2;2;-1;-1;0;0
601;937;3;3;3;2;2;0;0;0;0
554;964;2;2;2;2;2;0;0;0;0
238;890;2;2;2;1;1;-1;-1;0;0
317;1066;3;3;3;1;1;-1;-1;0;0
595;889;2;2;3;2;2;0;0;0;0
537;1067;3;3;3;2;2;0;0;0;0
464;1191;3;3;3;2;2;0;-1;0;0
482;853;2;2;2;2;2;0;0;0;0
745;984;3;3;3;3;3;0;0;0;0
413;830;2;2;3;1;2;0;0;0;0
483;1036;2;2;2;2;2;0;0;0;0
270;818;3;3;3;1;1;-1;-1;0;0
550;868;2;2;3;2;2;0;0;0;0
636;1105;3;3;3;2;3;0;0;0;0
500;1196;3;3;3;2;2;0;0;0;0
516;919;3;3;3;2;2;0;-1;0;0
571;1171;3;3;3;2;2;0;0;0;0
589;1033;3;3;3;2;2;0;0;0;0
451;1025;2;2;2;2;2;0;0;0;0
486;1048;2;2;3;2;2;0;0;0;0
588;1093;3;3;3;2;2;0;0;0;0
400;944;3;3;4;1;2;-1;-2;0;0
453;904;2;2;3;2;2;0;0;0;0
499;818;3;3;3;2;2;0;-1;0;0
400;936;2;2;2;1;2;0;0;0;0
374;934;3;3;3;1;1;-1;-1;0;0
476;936;2;2;3;2;2;0;0;0;0
562;960;3;3;3;2;2;0;0;0;0
442;1147;2;2;3;2;2;0;0;0;0
668;1066;3;3;3;2;3;0;0;0;0
409;928;2;2;3;1;2;0;0;0;0
460;1116;2;2;3;2;2;0;0;0;0
492;1094;2;2;3;2;2;0;0;0;0
510;805;2;2;2;2;2;0;0;0;0
524;916;3;3;3;2;2;-1;-1;0;0
185;1098;2;2;2;1;1;-1;-1;0;0
444;1047;3;3;3;2;2;0;-1;0;0
525;1015;2;2;3;2;2;0;0;0;0
602;802;2;2;2;2;2;0;0;1;0
452;984;2;2;2;2;2;0;0;0;0
468;786;3;3;3;2;2;-1;-1;0;0
325;1115;2;2;3;1;1;-1;-1;0;0
397;1081;3;3;3;2;2;-1;-1;0;0
560;956;2;2;3;2;2;0;0;0;0
500;1023;2;2;3;2;2;0;0;0;0
456;1083;2;2;3;2;2;0;0;0;0
480;877;2;2;2;2;2;0;0;0;0
517;1068;2;2;3;2;2;0;0;0;0
559;1224;2;2;3;2;2;0;0;0;0
494;1053;3;3;3;2;2;0;-1;0;0
584;1012;2;2;3;2;2;0;0;0;0
538;1006;3;3;3;2;2;0;0;0;0
585;1033;3;3;4;2;2;0;-1;0;0
478;1056;2;2;3;2;2;0;0;0;0
630;1110;3;3;3;2;3;0;0;0;0
655;992;3;3;3;2;3;0;0;0;0
482;918;2;2;2;2;2;0;0;0;0
457;1047;2;2;3;2;2;0;0;0;0
514;1110;2;2;3;2;2;0;0;0;0
270;992;3;3;3;1;1;-1;-1;0;0
720;1146;3;3;3;3;3;0;0;1;0
516;885;2;2;3;2;2;0;0;0;0
653;1169;2;2;3;2;3;0;0;1;0
692;1041;3;3;3;3;3;0;0;0;0
555;1016;2;2;2;2;2;0;0;1;1
550;1029;2;2;3;2;2;0;0;0;0
469;1174;3;3;3;2;2;0;-1;0;0
556;1064;2;2;3;2;2;0;0;0;0
438;972;3;3;3;2;2;-1;-1;0;0
502;920;2;2;3;2;2;0;0;0;0
524;915;3;3;3;2;2;0;0;0;0
466;1034;3;3;3;2;2;0;0;0;0
357;836;3;3;3;1;1;-1;-1;0;0
415;940;2;2;3;1;2;0;-1;0;0
427;946;3;3;3;2;2;-1;-1;0;0
482;896;3;3;3;2;2;-1;-1;0;0
416;982;3;3;3;2;2;-1;-1;0;0
711;939;3;3;3;3;3;0;0;0;0
668;1182;3;3;3;3;3;0;0;0;0
465;920;2;2;2;2;2;0;0;0;0
504;1001;3;3;4;2;2;-1;-1;0;0
662;1014;2;2;3;2;3;0;0;1;0
541;1144;2;2;2;2;2;0;0;1;0
531;1086;3;3;3;2;2;0;0;0;0
546;966;3;3;3;2;2;0;0;0;0
555;995;2;2;3;2;2;0;0;0;0
370;1042;3;3;3;1;1;-1;-1;0;0
610;1030;2;2;3;2;2;0;0;0;0
462;954;3;3;3;2;2;-1;-1;0;0
538;984;3;3;4;2;2;-1;-1;0;0
492;949;2;2;3;2;2;0;0;0;0
733;950;2;2;3;3;3;0;0;1;1
472;1141;3;3;3;2;2;0;-1;0;0
667;981;3;3;3;2;3;0;0;0;0
512;1212;3;3;3;2;2;0;0;0;0
348;1049;3;3;3;1;1;-1;-1;0;0
579;1050;3;3;3;2;2;0;0;0;0
632;948;2;2;3;2;2;0;0;0;0
457;868;3;3;3;2;2;-1;-1;0;0
646;1115;3;3;3;2;3;0;0;0;0
458;973;2;2;2;2;2;0;0;0;0
509;964;2;2;3;2;2;0;0;0;0
576;908;3;3;3;2;2;0;0;0;0
573;1053;2;2;3;2;2;0;0;0;0
302;811;3;3;3;1;1;-1;-2;0;0
377;1074;3;3;3;1;2;-1;-1;0;0
577;1017;3;3;3;2;2;0;0;0;0
439;982;3;3;3;2;2;0;-1;0;0
583;970;3;3;3;2;2;0;0;0;0
593;1054;2;2;2;2;2;0;0;1;1
586;1116;3;3;3;2;2;0;0;0;0
546;1048;2;2;2;2;2;0;0;0;0
403;952;2;2;3;1;2;0;-1;0;0
412;1210;3;3;3;2;2;-1;-1;0;0
497;1060;2;2;3;2;2;0;0;0;0
505;861;3;3;3;2;2;-1;-1;0;0
526;1170;3;3;4;2;2;-1;-1;0;0
470;1077;3;3;3;2;2;0;-1;0;0
649;887;2;2;3;2;3;0;0;0;0
734;940;2;2;2;3;3;0;0;1;1
574;1031;3;3;3;2;2;0;0;0;0
371;794;3;3;3;1;1;-1;-1;0;0
512;919;2;2;3;2;2;0;0;0;0
226;905;3;3;3;1;1;-1;-2;0;0
431;1137;3;3;3;2;2;-1;-1;0;0
552;952;2;2;2;2;2;0;0;0;0
543;939;3;3;3;2;2;0;0;0;0
625;1066;3;3;3;2;2;0;0;0;0
363;1008;3;3;4;1;1;-2;-2;0;0
357;981;2;2;3;1;1;-1;-1;0;0
578;1040;2;2;3;2;2;0;0;0;0
543;1023;3;3;3;2;2;0;0;0;0
586;916;3;3;3;2;2;0;0;0;0
548;1111;2;2;2;2;2;0;0;0;0
795;1152;3;3;3;3;3;0;0;1;1
401;857;3;3;3;1;1;-1;-1;0;0
543;1004;3;3;3;2;2;0;0;0;0
588;924;2;2;3;2;2;0;0;0;0
591;971;3;3;3;2;2;0;0;0;0
603;1024;3;3;3;2;2;0;0;0;0
453;1035;3;3;3;2;2;0;-1;0;0
677;1106;3;3;3;3;3;0;0;0;0
204;903;2;2;3;1;1;-1;-1;0;0
637;1020;2;2;3;2;3;0;0;0;0
425;1041;3;3;3;2;2;-1;-1;0;0
550;935;3;3;3;2;2;0;0;0;0
513;763;3;3;3;2;2;-1;-1;0;0
561;925;3;3;3;2;2;-1;-1;0;0
516;1163;3;3;3;2;2;0;0;0;0
703;901;2;2;2;3;3;0;0;1;1
507;1132;3;3;3;2;2;-1;-1;0;0
577;977;3;3;3;2;2;0;0;0;0
532;984;2;2;3;2;2;0;0;0;0
465;1206;2;2;2;2;2;0;0;0;0
649;937;3;3;3;2;3;0;0;0;0
399;859;2;2;3;1;1;0;-1;0;0
526;962;3;3;3;2;2;0;-1;0;0
503;897;3;3;3;2;2;0;-1;0;0
263;1051;2;2;3;1;1;-1;-1;0;0
540;929;3;3;3;2;2;0;0;0;0
351;1069;2;2;3;1;1;0;-1;0;0
562;958;3;3;3;2;2;0;0;0;0
596;948;3;3;3;2;2;0;0;0;0
375;1012;2;2;3;1;1;-1;-1;0;0
485;1055;3;3;4;2;2;-1;-1;0;0
556;943;2;2;3;2;2;0;0;0;0
559;1100;3;3;3;2;2;0;0;0;0
469;963;3;3;3;2;2;-1;-1;0;0
351;902;3;3;4;1;1;-2;-2;0;0
622;1002;2;2;3;2;2;0;0;0;0
577;851;2;2;3;2;2;0;0;0;0
549;1081;2;2;3;2;2;0;0;0;0
503;988;2;2;3;2;2;0;0;0;0
355;1113;2;2;3;1;1;0;-1;0;0
324;1026;3;3;3;1;1;-1;-1;0;0
650;929;3;3;3;2;3;0;0;0;0
628;932;2;2;3;2;2;0;0;0;0
524;1066;3;3;3;2;2;0;-1;0;0
615;1003;3;3;3;2;2;0;0;0;0
514;1047;2;2;2;2;2;0;0;0;0
513;1076;2;2;3;2;2;0;0;0;0
351;1006;3;3;3;1;1;-1;-1;0;0
427;1175;3;3;3;2;2;-1;-1;0;0
553;1038;2;2;3;2;2;0;0;0;0
538;872;3;3;3;2;2;0;0;0;0
572;877;3;3;3;2;2;0;0;0;0
506;1085;2;2;2;2;2;0;0;0;0
510;766;3;3;3;2;2;0;0;0;0
332;1022;3;3;3;1;1;-1;-1;0;0
459;1136;2;2;2;2;2;0;0;0;0
563;1021;3;3;3;2;2;0;0;0;0
399;1047;2;2;3;1;2;0;-1;0;0
462;911;2;2;3;2;2;0;0;0;0
478;942;2;2;3;2;2;0;0;0;0
424;1108;3;3;3;2;2;-1;-1;0;0
360;1130;2;2;2;1;2;0;0;0;0
547;1087;3;3;3;2;2;0;0;0;0
561;1084;3;3;3;2;2;0;0;0;0
581;1085;2;2;2;2;2;0;0;1;0
468;814;2;2;3;2;2;0;0;0;0
562;1198;3;3;3;2;2;0;0;0;0
585;1073;3;3;3;2;2;0;0;0;0
680;930;3;3;3;2;3;0;0;0;0
507;1093;3;3;3;2;2;0;-1;0;0
664;1173;2;2;2;3;3;0;0;1;1
655;976;3;3;3;2;3;0;0;0;0
510;1072;3;3;3;2;2;0;0;0;0
503;1131;3;3;3;2;2;0;0;0;0
404;979;3;3;3;1;2;-1;-1;0;0
409;1015;3;3;3;2;2;-1;-1;0;0
375;1071;2;2;3;1;2;-1;-1;0;0
314;907;2;2;3;1;1;-1;-1;0;0
430;1022;3;3;3;2;2;-1;-1;0;0
498;866;3;3;3;2;2;0;-1;0;0
455;792;2;2;3;2;2;0;-1;0;0
595;1148;2;2;3;2;2;0;0;0;0
561;1073;2;2;2;2;2;0;0;0;0
466;1003;3;3;3;2;2;0;-1;0;0
308;948;3;3;4;1;1;-2;-2;0;0
370;1005;3;3;3;1;1;-1;-1;0;0
408;1069;2;2;3;2;2;0;-1;0;0
464;818;2;2;3;2;2;0;0;0;0
762;1197;2;2;3;3;3;0;0;1;1
533;1002;3;3;3;2;2;0;-1;0;0
298;1022;2;2;3;1;1;-1;-1;0;0
507;993;3;3;3;2;2;0;0;0;0
443;906;3;3;4;2;2;-1;-1;0;0
407;710;3;3;3;1;1;-1;-1;0;0
537;1005;3;3;3;2;2;0;0;0;0
548;935;2;2;2;2;2;0;0;0;0
517;975;3;3;3;2;2;0;-1;0;0
385;1039;2;2;2;1;2;0;0;0;0
556;1029;2;2;3;2;2;0;0;0;0
454;841;2;2;3;2;2;0;0;0;0
625;874;2;2;2;2;2;0;0;1;1
417;984;2;2;3;2;2;0;-1;0;0
664;1055;3;3;3;2;3;0;0;0;0
564;824;3;3;3;2;2;0;-1;0;0
435;984;2;2;3;2;2;0;0;0;0
585;853;3;3;3;2;2;0;-1;0;0
451;907;2;2;3;2;2;0;0;0;0
576;1053;3;3;3;2;2;0;-1;0;0
551;730;2;2;2;2;2;0;0;0;0
545;1086;3;3;3;2;2;0;0;0;0
681;995;2;2;2;3;3;0;0;1;1
540;1122;3;3;4;2;2;-1;-1;0;0
499;985;2;2;3;2;2;0;0;0;0
585;985;3;3;3;2;2;0;0;0;0
538;990;2;2;2;2;2;0;0;0;0
337;835;3;3;3;1;1;-1;-1;0;0
503;920;3;3;3;2;2;0;-1;0;0
440;856;3;3;3;2;2;-1;-1;0;0
366;1055;2;2;2;1;1;0;0;0;0
385;921;3;3;3;1;1;-1;-1;0;0
497;1142;3;3;3;2;2;0;-1;0;0
516;1037;2;2;3;2;2;0;0;0;0
652;932;3;3;3;2;3;0;0;0;0
440;1152;3;3;3;2;2;-1;-1;0;0
419;1037;2;2;3;2;2;0;0;0;0
631;871;2;2;3;2;2;0;0;0;0
504;1108;2;2;2;2;2;0;0;0;0
456;1122;3;3;3;2;2;0;-1;0;0
547;813;3;3;3;2;2;0;-1;0;0
620;990;2;2;2;2;2;0;0;1;1
543;975;2;2;3;2;2;0;0;0;0
589;975;3;3;4;2;2;0;-1;0;0
582;1028;3;3;3;2;2;0;0;0;0
407;944;2;2;3;1;2;-1;-1;0;0
603;954;2;2;3;2;2;0;0;0;0
688;785;3;3;3;2;3;0;0;0;0
435;1144;2;2;3;2;2;0;0;0;0
377;1082;3;3;3;1;2;-1;-1;0;0
499;770;3;3;3;2;2;0;-1;0;0
532;974;3;3;3;2;2;0;0;0;0
681;1047;2;2;3;3;3;0;0;1;0
441;890;3;3;4;2;2;-1;-2;0;0
584;1084;2;2;3;2;2;0;0;0;0
390;1047;2;2;3;1;2;0;-1;0;0
542;743;3;3;3;2;2;0;-1;0;0
555;970;2;2;3;2;2;0;0;0;0
608;1125;3;3;3;2;2;0;0;0;0
437;905;3;3;3;2;2;-1;-1;0;0
499;1258;3;3;3;2;2;0;0;0;0
635;1038;3;3;3;2;3;0;0;0;0
491;1129;2;2;2;2;2;0;0;0;0
393;910;2;2;2;1;1;0;0;0;0
340;802;3;3;3;1;1;-1;-1;0;0
549;1080;2;2;3;2;2;0;0;0;0
667;1082;2;2;2;3;3;0;0;1;1
514;1032;2;2;3;2;2;0;0;0;0
573;904;3;3;3;2;2;0;0;0;0
458;992;2;2;2;2;2;0;0;0;0
563;1144;3;3;3;2;2;0;0;0;0
464;971;3;3;3;2;2;-1;-1;0;0
424;1083;3;3;3;2;2;-1;-1;0;0
583;1037;3;3;3;2;2;0;0;0;0
535;892;3;3;3;2;2;0;0;0;0
367;972;2;2;3;1;1;-1;-1;0;0
575;978;2;2;3;2;2;0;0;0;0
655;997;3;3;3;2;3;0;0;0;0
427;1090;3;3;3;2;2;-1;-1;0;0
355;910;3;3;3;1;1;-1;-1;0;0
662;1062;3;3;3;2;3;0;0;0;0
428;1099;2;2;3;2;2;0;0;0;0
492;1073;3;3;3;2;2;0;0;0;0
487;1201;2;2;3;2;2;0;0;0;0
539;1027;2;2;3;2;2;0;0;0;0
524;1233;2;2;3;2;2;0;0;0;0
526;1081;2;2;2;2;2;0;0;0;0
586;810;3;3;3;2;2;0;0;0;0
369;1113;2;2;3;1;2;-1;-1;0;0
461;996;3;3;3;2;2;-1;-1;0;0
519;993;2;2;3;2;2;0;0;0;0
438;978;3;3;3;2;2;-1;-1;0;0
514;1022;2;2;3;2;2;0;0;0;0
440;992;2;2;3;2;2;0;0;0;0
430;934;2;2;2;2;2;0;0;0;0
535;1098;3;3;3;2;2;0;0;0;0
488;996;2;2;3;2;2;0;0;0;0
748;936;3;3;3;3;3;0;0;0;0
607;1065;3;3;3;2;2;0;0;0;0
580;1062;3;3;3;2;2;0;0;0;0
536;934;3;3;3;2;2;0;-1;0;0
539;985;3;3;3;2;2;0;0;0;0
373;1067;3;3;3;1;2;-1;-1;0;0
381;1087;2;2;2;1;2;0;0;0;0
540;954;3;3;3;2;2;0;0;0;0
442;1003;3;3;3;2;2;-1;-1;0;0
432;963;2;2;3;2;2;0;0;0;0
