# X_0;X_1;X_2;R_0;S_0;G_0;I_0
0.21;9.26;38.26;3060.96;1702.30;-1358.65;0.00
0.27;10.46;45.97;3677.70;2132.29;-1545.41;0.00
0.28;9.68;36.39;2910.80;2137.50;-773.30;0.00
0.29;8.25;39.29;3143.55;2133.99;-1009.56;0.00
0.23;11.33;44.00;3519.81;1958.86;-1560.95;0.00
0.26;9.99;49.38;3950.10;2056.30;-1893.79;0.00
0.29;11.12;44.11;3528.49;2268.83;-1259.65;0.00
0.24;8.04;40.76;3261.05;1839.64;-1421.41;0.00
0.22;10.29;40.82;3265.79;1845.44;-1420.36;0.00
0.22;11.00;39.46;3156.88;1866.55;-1290.32;0.00
0.24;10.39;36.83;2946.45;1983.33;-963.11;0.00
0.27;10.62;41.80;3344.37;2122.05;-1222.32;0.00
0.27;9.47;48.58;3886.05;2095.60;-1790.45;0.00
0.24;11.48;42.31;3384.55;2003.48;-1381.07;0.00
0.21;10.52;37.90;3031.85;1789.08;-1242.76;0.00
0.29;10.42;41.64;3331.35;2247.69;-1083.65;0.00
0.22;10.63;38.12;3049.31;1863.27;-1186.04;0.00
0.24;12.60;38.54;3083.50;2090.57;-992.93;0.00
0.27;11.19;35.45;2835.95;2167.26;-668.69;0.00
0.27;10.59;47.64;3810.98;2132.28;-1678.70;0.00
0.24;10.88;37.85;3027.94;2001.20;-1026.74;0.00
0.26;11.04;42.70;3416.33;2091.20;-1325.13;0.00
0.20;7.89;40.44;3234.89;1600.66;-1634.23;0.00
0.25;10.55;41.03;3282.44;2001.21;-1281.23;0.00
0.27;10.92;42.35;3388.32;2186.34;-1201.99;0.00
0.25;10.07;35.20;2815.69;2012.45;-803.24;0.00
0.19;10.99;32.68;2614.74;1718.66;-896.08;0.00
0.26;9.46;47.89;3831.01;2012.75;-1818.26;0.00
0.23;10.37;39.23;3138.10;1914.15;-1223.95;0.00
0.25;10.65;38.44;3075.17;2060.22;-1014.95;0.00
0.23;9.16;35.17;2813.81;1819.35;-994.45;0.00
0.26;8.36;45.67;3653.62;1965.71;-1687.91;0.00
0.26;8.27;40.65;3252.05;1978.60;-1273.44;0.00
0.19;9.65;39.28;3142.08;1623.71;-1518.37;0.00
0.23;9.98;43.75;3500.23;1895.71;-1604.52;0.00
0.26;9.92;40.70;3255.71;2043.76;-1211.94;0.00
0.28;10.68;42.25;3379.83;2192.63;-1187.20;0.00
0.27;10.43;41.71;3336.46;2132.32;-1204.14;0.00
0.22;11.09;44.46;3557.16;1910.12;-1647.05;0.00
0.23;12.21;37.62;3009.20;2012.19;-997.01;0.00
0.26;9.86;37.35;2988.14;2022.98;-965.16;0.00
0.21;10.58;40.27;3221.66;1820.93;-1400.73;0.00
0.29;11.00;38.81;3104.83;2257.69;-847.14;0.00
0.26;11.77;38.55;3084.11;2141.87;-942.24;0.00
0.25;10.18;41.54;3323.25;2035.27;-1287.98;0.00
0.25;9.76;41.61;3329.00;1978.23;-1350.77;0.00
0.21;10.69;37.09;2967.05;1811.15;-1155.90;0.00
0.24;9.48;41.06;3284.43;1925.86;-1358.57;0.00
0.27;11.23;55.39;4431.10;2177.99;-2253.11;0.00
0.23;11.00;40.66;3252.87;1951.94;-1300.93;0.00
0.25;12.19;39.87;3189.42;2113.22;-1076.20;0.00
0.23;9.42;34.40;2751.85;1834.82;-917.03;0.00
0.27;10.25;34.03;2722.30;2100.91;-621.40;0.00
0.23;11.31;39.56;3164.93;1975.14;-1189.79;0.00
0.23;9.82;40.58;3246.05;1861.56;-1384.49;0.00
0.25;11.23;44.22;3537.79;2073.04;-1464.76;0.00
0.27;11.77;37.99;3039.25;2230.60;-808.65;0.00
0.28;8.18;36.15;2891.91;2086.04;-805.87;0.00
0.24;8.69;41.67;3333.34;1877.25;-1456.10;0.00
0.28;8.55;45.55;3643.85;2104.06;-1539.79;0.00
0.25;12.11;33.12;2649.73;2122.26;-527.47;0.00
0.22;9.21;35.68;2854.23;1792.08;-1062.15;0.00
0.28;11.81;29.66;2372.49;2257.72;-114.77;0.00
0.25;11.32;39.82;3185.47;2066.65;-1118.82;0.00
0.29;9.60;45.30;3624.12;2230.68;-1393.44;0.00
0.28;11.69;37.58;3006.30;2243.80;-762.50;0.00
0.25;8.97;31.11;2489.14;1925.21;-563.93;0.00
0.29;10.73;40.18;3214.65;2262.67;-951.98;0.00
0.20;8.98;39.84;3187.29;1633.81;-1553.48;0.00
0.26;9.77;35.96;2876.88;2031.53;-845.36;0.00
0.28;9.09;48.62;3889.69;2119.05;-1770.64;0.00
0.26;12.00;47.90;3832.03;2171.00;-1661.03;0.00
0.28;11.04;35.97;2877.22;2204.73;-672.50;0.00
0.30;9.57;45.74;3659.52;2291.17;-1368.35;0.00
0.22;11.32;45.06;3604.98;1869.52;-1735.46;0.00
0.25;10.57;43.44;3475.22;2016.03;-1459.19;0.00
0.24;9.44;46.55;3723.94;1921.68;-1802.26;0.00
0.23;9.79;45.43;3634.12;1898.31;-1735.81;0.00
0.26;10.07;45.39;3631.45;2079.79;-1551.66;0.00
0.23;9.13;37.64;3010.80;1845.58;-1165.22;0.00
0.24;11.53;35.91;2872.92;2050.72;-822.20;0.00
0.26;9.78;41.54;3323.17;2060.16;-1263.01;0.00
0.22;9.39;33.70;2695.90;1767.21;-928.69;0.00
0.28;12.21;40.38;3230.33;2269.43;-960.91;0.00
0.23;8.60;36.91;2953.10;1786.38;-1166.72;0.00
0.25;10.00;44.70;3576.15;2015.00;-1561.16;0.00
0.28;10.55;38.21;3056.60;2190.32;-866.29;0.00
0.25;11.13;36.05;2883.78;2064.56;-819.22;0.00
0.25;9.85;39.03;3122.10;2016.08;-1106.03;0.00
0.22;10.68;36.75;2939.68;1840.00;-1099.68;0.00
0.18;8.10;42.40;3391.81;1476.17;-1915.64;0.00
0.27;9.33;38.19;3055.53;2050.44;-1005.09;0.00
0.25;11.11;43.57;3485.94;2076.02;-1409.92;0.00
0.21;8.85;37.56;3005.09;1708.85;-1296.24;0.00
0.24;10.09;44.50;3559.70;1929.60;-1630.10;0.00
0.25;6.99;40.44;3235.20;1817.10;-1418.10;0.00
0.23;9.43;42.21;3376.48;1866.96;-1509.53;0.00
0.24;9.39;41.94;3355.48;1923.93;-1431.55;0.00
0.26;10.37;40.45;3235.68;2056.96;-1178.72;0.00
0.27;10.61;52.23;4178.63;2153.97;-2024.65;0.00
0.22;9.39;38.28;3062.79;1796.96;-1265.83;0.00
0.25;9.99;48.87;3909.89;1968.86;-1941.03;0.00
0.25;9.08;42.42;3393.93;1944.00;-1449.93;0.00
0.25;9.95;45.06;3604.97;2005.71;-1599.26;0.00
0.22;9.18;40.23;3218.55;1790.09;-1428.46;0.00
0.27;8.76;37.46;2997.20;2074.92;-922.27;0.00
0.24;10.61;44.34;3547.13;1987.52;-1559.61;0.00
0.26;10.90;34.43;2754.19;2084.87;-669.32;0.00
0.22;8.59;38.45;3076.14;1735.65;-1340.49;0.00
0.25;8.62;44.88;3590.58;1920.62;-1669.96;0.00
0.23;11.19;32.14;2570.97;1957.15;-613.82;0.00
0.26;10.83;50.83;4066.43;2100.95;-1965.48;0.00
0.26;12.19;37.97;3037.69;2162.95;-874.74;0.00
0.27;9.84;44.24;3538.87;2107.60;-1431.27;0.00
0.28;8.27;35.94;2875.59;2053.13;-822.46;0.00
0.25;9.82;50.05;4004.22;2005.42;-1998.81;0.00
0.26;9.11;34.98;2798.02;1988.37;-809.66;0.00
0.26;10.96;43.93;3514.35;2130.02;-1384.34;0.00
0.24;9.05;38.05;3043.69;1904.61;-1139.08;0.00
0.25;9.96;40.12;3209.38;1972.46;-1236.93;0.00
0.24;11.25;39.99;3199.20;1979.76;-1219.44;0.00
0.26;10.65;35.45;2835.88;2063.72;-772.16;0.00
0.27;7.43;37.46;2996.44;1985.96;-1010.49;0.00
0.25;10.34;41.50;3320.24;2008.12;-1312.12;0.00
0.24;10.12;43.12;3449.96;1935.69;-1514.27;0.00
0.20;9.49;39.90;3191.87;1705.35;-1486.52;0.00
0.24;12.02;41.51;3320.57;2030.45;-1290.12;0.00
0.22;10.17;40.08;3206.69;1847.15;-1359.54;0.00
0.25;10.19;43.75;3499.80;1992.57;-1507.23;0.00
0.26;9.45;37.46;2996.81;2041.64;-955.17;0.00
0.28;9.71;36.91;2952.51;2151.14;-801.38;0.00
0.23;9.28;38.32;3065.28;1865.25;-1200.03;0.00
0.23;12.10;37.58;3006.27;2019.69;-986.58;0.00
0.23;8.24;35.50;2840.35;1772.91;-1067.45;0.00
0.20;11.03;41.82;3345.81;1774.97;-1570.84;0.00
0.29;11.13;42.59;3407.53;2277.97;-1129.56;0.00
0.23;7.93;42.73;3418.29;1782.19;-1636.10;0.00
0.24;10.54;32.54;2603.28;1978.82;-624.46;0.00
0.22;9.55;41.41;3313.08;1798.78;-1514.30;0.00
0.24;9.94;39.38;3150.66;1937.23;-1213.43;0.00
0.23;10.26;39.94;3194.98;1895.93;-1299.06;0.00
0.31;10.31;34.12;2729.36;2389.02;-340.33;0.00
0.26;10.15;41.47;3317.44;2048.24;-1269.20;0.00
0.22;8.84;40.31;3224.53;1745.77;-1478.76;0.00
0.28;8.86;38.12;3049.66;2093.09;-956.57;0.00
0.24;10.87;40.56;3244.75;1972.62;-1272.13;0.00
0.22;11.40;46.83;3746.36;1920.22;-1826.14;0.00
0.30;10.80;38.46;3077.12;2304.69;-772.44;0.00
0.25;9.45;46.91;3753.12;1961.60;-1791.52;0.00
0.26;11.37;48.36;3868.59;2158.58;-1710.01;0.00
0.24;11.03;39.34;3147.04;2011.92;-1135.12;0.00
0.27;12.38;49.78;3982.21;2228.55;-1753.66;0.00
0.29;9.93;39.87;3189.54;2239.19;-950.35;0.00
0.27;10.15;44.23;3538.07;2130.61;-1407.46;0.00
0.26;10.47;45.66;3652.89;2091.08;-1561.81;0.00
0.23;7.83;49.99;3999.15;1738.17;-2260.98;0.00
0.23;9.12;41.53;3322.16;1859.68;-1462.49;0.00
0.25;11.14;40.96;3277.08;2059.87;-1217.21;0.00
0.28;10.37;42.63;3410.24;2177.19;-1233.05;0.00
0.28;9.17;34.25;2739.97;2149.82;-590.15;0.00
0.23;10.52;41.71;3336.73;1926.97;-1409.76;0.00
0.30;8.66;45.78;3662.10;2221.24;-1440.85;0.00
0.27;9.29;45.33;3626.10;2082.89;-1543.21;0.00
0.25;9.63;31.14;2491.36;1972.04;-519.32;0.00
0.24;10.85;48.38;3870.65;1997.70;-1872.95;0.00
0.22;10.11;45.37;3629.53;1825.32;-1804.21;0.00
0.27;11.86;44.21;3536.82;2213.33;-1323.49;0.00
0.21;10.13;41.11;3289.00;1786.98;-1502.01;0.00
0.25;10.67;44.51;3560.48;2026.35;-1534.12;0.00
0.24;10.31;37.04;2963.44;1942.91;-1020.52;0.00
0.27;10.30;44.84;3587.29;2112.54;-1474.76;0.00
0.23;11.58;28.79;2303.60;1945.77;-357.82;0.00
0.24;12.15;44.49;3558.93;2052.35;-1506.59;0.00
0.22;12.21;43.91;3512.41;1955.76;-1556.65;0.00
0.23;11.23;37.02;2961.28;1965.44;-995.84;0.00
0.30;12.67;36.96;2956.69;2421.94;-534.75;0.00
0.26;11.47;44.68;3574.42;2143.20;-1431.22;0.00
0.26;9.91;48.14;3850.90;2065.58;-1785.32;0.00
0.22;8.43;46.27;3701.30;1756.08;-1945.22;0.00
0.24;11.51;39.58;3166.14;1998.12;-1168.02;0.00
0.27;9.48;36.24;2899.18;2082.44;-816.74;0.00
0.23;7.61;44.07;3525.25;1729.97;-1795.28;0.00
0.26;11.45;40.80;3264.27;2162.67;-1101.60;0.00
0.28;9.67;34.76;2781.08;2146.90;-634.19;0.00
0.23;10.41;42.55;3404.21;1911.09;-1493.12;0.00
0.22;11.78;37.92;3033.32;1911.96;-1121.35;0.00
0.29;10.92;38.19;3055.05;2278.51;-776.54;0.00
0.27;8.82;45.26;3620.48;2035.08;-1585.39;0.00
0.30;10.62;41.16;3292.77;2322.39;-970.39;0.00
0.28;10.09;36.36;2908.44;2187.65;-720.79;0.00
0.22;9.43;43.27;3461.44;1774.18;-1687.26;0.00
0.28;10.78;37.80;3023.95;2220.08;-803.87;0.00
0.28;10.64;35.94;2875.39;2217.51;-657.88;0.00
0.28;12.10;41.71;3336.90;2273.56;-1063.34;0.00
0.27;9.60;45.39;3630.83;2084.20;-1546.63;0.00
0.26;12.65;43.54;3483.23;2171.91;-1311.32;0.00
0.24;9.18;44.03;3522.68;1915.97;-1606.71;0.00
0.26;10.53;35.74;2859.52;2057.59;-801.93;0.00
0.23;10.61;41.80;3344.19;1916.65;-1427.54;0.00
0.30;9.98;36.26;2900.64;2260.01;-640.63;0.00
0.23;11.03;32.53;2602.46;1946.86;-655.60;0.00
0.26;9.76;44.87;3589.69;2022.55;-1567.14;0.00
0.27;11.57;36.43;2914.39;2209.40;-704.98;0.00
0.26;8.61;34.27;2741.21;1995.29;-745.92;0.00
0.27;9.11;40.20;3216.38;2072.99;-1143.38;0.00
0.29;8.62;46.00;3679.98;2171.03;-1508.95;0.00
0.21;11.55;46.91;3752.64;1871.00;-1881.64;0.00
0.27;8.99;41.42;3313.96;2067.79;-1246.17;0.00
0.24;9.93;40.80;3263.63;1924.57;-1339.05;0.00
0.27;10.88;42.53;3402.40;2186.66;-1215.75;0.00
0.25;8.76;42.17;3373.70;1935.98;-1437.72;0.00
0.28;10.70;36.53;2922.14;2205.80;-716.34;0.00
0.27;11.79;42.14;3370.99;2189.02;-1181.97;0.00
0.23;8.77;32.54;2602.93;1819.79;-783.14;0.00
0.22;9.28;34.48;2758.16;1777.75;-980.42;0.00
0.20;10.03;39.75;3179.71;1709.89;-1469.82;0.00
0.24;9.10;42.09;3367.55;1884.45;-1483.10;0.00
0.28;9.95;37.29;2983.10;2171.53;-811.58;0.00
0.25;9.06;44.04;3522.87;1967.77;-1555.10;0.00
0.23;9.49;45.53;3642.77;1834.66;-1808.10;0.00
0.27;9.51;40.09;3207.42;2090.94;-1116.48;0.00
0.24;10.64;37.08;2966.08;1946.19;-1019.89;0.00
0.24;13.18;43.98;3518.44;2133.63;-1384.81;0.00
0.24;10.10;47.80;3823.88;1963.37;-1860.51;0.00
0.22;8.36;36.53;2922.17;1754.92;-1167.24;0.00
0.26;9.42;40.42;3233.56;2035.61;-1197.95;0.00
0.24;10.73;50.05;4003.67;1985.86;-2017.81;0.00
0.29;8.79;42.88;3430.29;2166.55;-1263.74;0.00
0.23;10.69;37.22;2977.31;1912.77;-1064.54;0.00
0.27;11.23;46.28;3702.56;2208.12;-1494.45;0.00
0.26;10.10;38.26;3060.60;2058.48;-1002.12;0.00
0.24;10.73;40.00;3200.28;1975.58;-1224.70;0.00
0.22;8.49;41.37;3310.00;1712.24;-1597.76;0.00
0.25;10.47;33.10;2647.95;2032.07;-615.88;0.00
0.29;10.75;39.70;3175.62;2294.39;-881.22;0.00
0.23;9.59;43.47;3477.69;1846.66;-1631.04;0.00
0.26;10.48;29.98;2398.64;2085.24;-313.40;0.00
0.25;10.43;35.15;2812.28;2024.00;-788.28;0.00
0.26;10.38;44.04;3523.16;2083.50;-1439.66;0.00
0.22;9.01;40.08;3206.55;1775.06;-1431.48;0.00
0.23;10.51;39.18;3134.44;1899.27;-1235.17;0.00
0.25;12.93;40.30;3223.82;2148.40;-1075.41;0.00
0.27;10.34;37.25;2979.64;2109.65;-869.99;0.00
0.21;9.50;44.28;3542.10;1718.74;-1823.37;0.00
0.24;9.52;41.75;3340.12;1926.17;-1413.95;0.00
0.27;10.20;38.46;3077.16;2153.04;-924.12;0.00
0.28;9.60;43.53;3482.20;2151.63;-1330.57;0.00
0.28;9.12;37.13;2970.15;2096.82;-873.34;0.00
0.26;11.24;32.93;2634.13;2100.90;-533.23;0.00
0.25;10.72;34.63;2770.54;2012.88;-757.66;0.00
0.26;12.50;33.34;2666.98;2170.19;-496.79;0.00
0.25;10.58;40.46;3237.04;2039.81;-1197.23;0.00
0.27;9.45;35.46;2836.42;2074.32;-762.10;0.00
0.25;10.60;40.28;3222.20;2052.79;-1169.41;0.00
0.26;9.96;39.59;3166.96;2059.02;-1107.94;0.00
0.22;10.55;27.18;2174.51;1857.69;-316.81;0.00
0.23;10.27;42.28;3382.07;1907.45;-1474.62;0.00
0.27;10.33;40.65;3251.88;2146.02;-1105.86;0.00
0.27;10.41;44.84;3587.11;2114.01;-1473.10;0.00
0.25;9.88;42.03;3362.19;1995.33;-1366.86;0.00
0.26;8.30;46.46;3717.01;1965.65;-1751.36;0.00
0.24;11.24;40.62;3249.26;2007.08;-1242.18;0.00
0.25;7.66;41.93;3354.30;1891.40;-1462.91;0.00
0.24;10.90;43.05;3444.10;2016.89;-1427.21;0.00
0.28;11.52;28.96;2316.58;2229.33;-87.25;0.00
0.21;11.13;42.21;3377.08;1848.04;-1529.04;0.00
0.23;10.10;42.52;3401.55;1866.99;-1534.55;0.00
0.28;10.33;40.39;3231.01;2189.78;-1041.23;0.00
0.30;9.53;48.15;3851.67;2260.41;-1591.26;0.00
0.24;10.26;39.70;3176.29;1952.41;-1223.88;0.00
0.25;10.34;39.73;3178.25;1993.40;-1184.84;0.00
0.19;10.88;44.53;3562.79;1703.87;-1858.92;0.00
0.21;9.95;44.03;3522.17;1772.77;-1749.41;0.00
0.25;11.61;38.80;3103.94;2095.04;-1008.90;0.00
0.22;10.29;39.94;3195.52;1811.86;-1383.66;0.00
0.24;9.67;39.59;3167.13;1895.86;-1271.27;0.00
0.23;10.98;44.37;3549.95;1918.01;-1631.94;0.00
0.23;11.04;41.40;3312.00;1931.49;-1380.51;0.00
0.29;8.99;35.43;2834.07;2152.45;-681.63;0.00
0.23;10.67;43.09;3447.01;1917.31;-1529.70;0.00
0.27;10.60;44.84;3586.84;2137.99;-1448.85;0.00
0.21;12.68;36.28;2902.37;1917.32;-985.05;0.00
0.25;9.73;37.56;3004.67;1961.15;-1043.52;0.00
0.25;11.31;37.10;2968.32;2095.41;-872.91;0.00
0.21;8.92;39.78;3182.62;1691.10;-1491.52;0.00
0.28;8.87;41.11;3289.03;2109.85;-1179.19;0.00
0.24;12.11;38.77;3101.87;2069.75;-1032.13;0.00
0.26;9.48;46.40;3711.72;2000.22;-1711.50;0.00
0.24;10.24;44.53;3562.58;1938.74;-1623.84;0.00
0.26;9.54;38.30;3063.65;2035.28;-1028.36;0.00
0.28;11.94;44.64;3570.81;2271.97;-1298.84;0.00
0.21;9.17;38.61;3088.89;1710.34;-1378.55;0.00
0.26;9.67;38.78;3102.59;2015.76;-1086.83;0.00
0.26;10.78;37.23;2978.57;2096.59;-881.97;0.00
0.23;9.35;41.55;3324.20;1840.00;-1484.20;0.00
0.29;11.18;39.55;3164.39;2315.02;-849.37;0.00
0.22;11.44;33.21;2657.09;1904.63;-752.45;0.00
0.24;9.66;29.99;2398.94;1929.30;-469.64;0.00
0.28;10.29;36.85;2948.22;2160.70;-787.52;0.00
0.24;8.63;46.89;3751.49;1861.44;-1890.05;0.00
0.29;10.57;42.18;3374.44;2233.65;-1140.79;0.00
0.27;7.89;42.44;3394.86;1990.68;-1404.18;0.00
0.25;11.78;36.34;2906.96;2073.77;-833.19;0.00
0.25;10.74;34.29;2743.49;2016.08;-727.41;0.00
0.27;11.62;35.03;2802.18;2213.84;-588.34;0.00
0.25;12.32;37.76;3020.51;2123.76;-896.75;0.00
0.25;9.81;40.71;3256.99;1970.36;-1286.63;0.00
0.27;8.68;37.26;2980.85;2048.78;-932.07;0.00
0.24;10.10;44.33;3546.35;1922.56;-1623.78;0.00
0.22;10.14;40.13;3210.43;1836.00;-1374.43;0.00
0.26;10.88;39.97;3197.22;2113.83;-1083.39;0.00
0.21;10.33;39.87;3189.40;1787.48;-1401.92;0.00
0.29;8.62;40.85;3267.62;2179.37;-1088.25;0.00
0.26;11.13;44.01;3520.71;2102.16;-1418.54;0.00
0.26;10.48;42.62;3409.75;2101.23;-1308.52;0.00
0.29;8.85;47.51;3800.87;2191.46;-1609.41;0.00
0.24;11.30;51.83;4146.46;2034.71;-2111.75;0.00
0.22;9.15;46.04;3683.21;1772.43;-1910.78;0.00
0.28;9.39;40.59;3247.34;2111.25;-1136.10;0.00
0.29;10.07;27.78;2222.63;2247.91;25.28;1.00
0.27;10.13;39.50;3160.11;2093.31;-1066.80;0.00
0.27;7.88;36.39;2911.55;1981.94;-929.61;0.00
0.22;9.46;42.57;3405.42;1806.79;-1598.62;0.00
0.27;11.11;35.71;2857.14;2149.93;-707.21;0.00
0.24;13.65;44.12;3529.29;2125.43;-1403.87;0.00
0.30;9.48;40.40;3232.24;2243.55;-988.69;0.00
0.28;9.95;44.50;3559.94;2162.65;-1397.29;0.00
0.27;9.91;35.83;2866.50;2102.28;-764.22;0.00
0.29;8.54;42.25;3379.63;2177.54;-1202.09;0.00
0.23;11.03;32.04;2563.07;1942.91;-620.16;0.00
0.28;11.40;45.94;3674.93;2254.92;-1420.01;0.00
0.26;12.13;36.33;2906.26;2177.16;-729.10;0.00
0.19;10.46;45.00;3600.00;1678.33;-1921.67;0.00
0.21;9.66;47.21;3776.64;1735.54;-2041.09;0.00
0.25;10.78;43.63;3490.12;2061.42;-1428.69;0.00
0.23;10.18;37.18;2974.77;1886.08;-1088.69;0.00
0.22;10.42;39.61;3168.97;1822.58;-1346.39;0.00
0.29;9.88;43.87;3509.37;2217.52;-1291.85;0.00
0.24;11.24;43.57;3485.65;2012.78;-1472.87;0.00
0.20;10.55;37.66;3012.73;1717.15;-1295.58;0.00
0.27;8.90;41.59;3326.83;2040.79;-1286.04;0.00
0.26;11.34;31.48;2518.77;2138.47;-380.30;0.00
0.27;9.87;34.26;2740.95;2135.74;-605.22;0.00
0.28;10.00;40.02;3201.59;2174.45;-1027.14;0.00
0.26;11.68;34.67;2773.34;2144.77;-628.58;0.00
0.30;9.46;46.54;3723.02;2253.43;-1469.59;0.00
0.26;10.47;42.67;3413.45;2060.87;-1352.58;0.00
0.28;10.96;50.84;4067.17;2207.34;-1859.83;0.00
0.23;8.56;34.46;2756.84;1798.73;-958.11;0.00
0.23;10.27;49.78;3982.64;1906.11;-2076.52;0.00
0.23;10.51;39.94;3195.52;1908.78;-1286.74;0.00
0.34;10.42;37.19;2975.34;2525.35;-449.99;0.00
0.22;10.75;48.19;3855.17;1888.30;-1966.87;0.00
0.22;10.55;45.90;3672.19;1841.23;-1830.96;0.00
0.25;10.31;43.97;3517.46;2001.48;-1515.98;0.00
0.26;10.90;37.34;2987.43;2122.15;-865.28;0.00
0.28;12.25;43.49;3479.43;2319.64;-1159.78;0.00
0.27;9.95;33.09;2647.47;2102.68;-544.79;0.00
0.27;10.99;53.00;4239.88;2161.77;-2078.10;0.00
0.29;10.50;34.00;2719.79;2274.37;-445.42;0.00
0.26;11.89;41.75;3340.30;2158.58;-1181.72;0.00
0.24;10.34;39.26;3140.41;1952.82;-1187.59;0.00
0.28;12.57;31.59;2526.91;2284.88;-242.04;0.00
0.27;10.94;40.58;3246.69;2177.38;-1069.31;0.00
0.24;11.13;43.10;3447.75;2020.67;-1427.09;0.00
0.30;11.36;30.54;2443.28;2357.17;-86.11;0.00
0.25;10.92;38.33;3066.35;2055.31;-1011.03;0.00
0.22;10.73;44.53;3562.60;1889.64;-1672.96;0.00
0.22;11.23;35.31;2824.83;1906.48;-918.36;0.00
0.30;9.60;41.55;3323.60;2260.64;-1062.96;0.00
0.26;9.34;42.72;3417.31;1995.29;-1422.02;0.00
0.29;11.73;36.79;2943.44;2317.02;-626.42;0.00
0.26;9.17;42.70;3415.66;2024.84;-1390.83;0.00
0.29;10.55;45.92;3673.81;2281.94;-1391.87;0.00
0.27;9.78;41.45;3315.68;2099.92;-1215.76;0.00
0.26;8.84;35.44;2835.12;1968.91;-866.21;0.00
0.17;10.80;33.60;2687.97;1599.23;-1088.74;0.00
0.24;8.31;40.00;3199.84;1870.89;-1328.94;0.00
0.25;10.92;37.14;2970.97;2050.36;-920.61;0.00
0.29;10.98;36.85;2947.84;2302.60;-645.24;0.00
0.28;10.60;30.12;2409.88;2194.65;-215.22;0.00
0.26;10.96;39.40;3152.20;2104.23;-1047.97;0.00
0.29;11.45;39.79;3183.52;2325.63;-857.89;0.00
0.25;10.89;34.65;2771.82;2066.69;-705.12;0.00
0.27;10.52;38.44;3074.93;2139.31;-935.62;0.00
0.23;11.08;50.97;4077.54;1958.11;-2119.44;0.00
0.27;10.82;41.22;3297.78;2146.03;-1151.75;0.00
0.26;9.14;50.07;4005.87;1986.22;-2019.65;0.00
0.24;13.12;44.48;3558.13;2090.49;-1467.65;0.00
0.24;9.51;42.00;3359.94;1903.43;-1456.52;0.00
0.26;9.66;39.36;3148.51;2031.67;-1116.84;0.00
0.26;10.70;43.26;3460.65;2115.04;-1345.60;0.00
0.28;9.53;38.54;3082.95;2132.94;-950.01;0.00
0.25;10.32;45.12;3609.91;2022.07;-1587.84;0.00
0.25;11.86;40.83;3266.49;2101.91;-1164.59;0.00
0.27;11.76;39.07;3125.50;2238.76;-886.74;0.00
0.27;12.41;42.40;3392.36;2226.69;-1165.67;0.00
0.26;9.80;39.33;3146.28;2049.03;-1097.25;0.00
0.28;9.01;39.79;3183.27;2103.33;-1079.95;0.00
0.29;11.16;43.05;3444.15;2266.09;-1178.05;0.00
0.28;8.63;39.09;3126.92;2072.00;-1054.92;0.00
0.17;11.11;46.84;3747.52;1600.31;-2147.20;0.00
0.24;9.48;32.70;2616.28;1909.22;-707.06;0.00
0.25;9.73;33.78;2702.67;1989.20;-713.47;0.00
0.24;10.52;45.06;3605.06;1941.48;-1663.58;0.00
0.26;9.26;38.22;3057.38;2036.72;-1020.66;0.00
0.23;9.91;45.40;3631.67;1875.76;-1755.91;0.00
0.22;9.90;43.58;3486.10;1834.10;-1652.00;0.00
0.23;9.75;41.34;3307.32;1877.16;-1430.16;0.00
0.24;9.18;46.98;3758.02;1891.72;-1866.30;0.00
0.27;12.04;47.89;3831.31;2204.29;-1627.02;0.00
0.26;10.38;39.07;3125.81;2062.88;-1062.92;0.00
0.25;12.90;45.91;3672.63;2166.03;-1506.60;0.00
0.25;9.73;40.55;3243.63;1987.45;-1256.19;0.00
0.30;10.34;34.89;2790.89;2311.40;-479.49;0.00
0.23;10.05;38.18;3054.60;1898.74;-1155.86;0.00
0.29;11.34;32.60;2607.82;2307.75;-300.07;0.00
0.21;13.68;52.20;4176.00;1944.29;-2231.70;0.00
0.24;11.00;39.99;3199.47;2009.11;-1190.36;0.00
0.25;9.30;47.05;3763.67;1952.46;-1811.22;0.00
0.25;9.29;32.57;2605.68;1957.43;-648.25;0.00
0.27;9.16;42.60;3407.95;2095.84;-1312.11;0.00
0.21;9.89;43.72;3497.80;1787.68;-1710.12;0.00
0.30;10.18;39.48;3158.34;2278.04;-880.30;0.00
0.23;10.54;41.73;3338.69;1922.91;-1415.78;0.00
0.25;10.91;34.21;2736.66;2061.16;-675.49;0.00
0.24;9.29;42.61;3408.43;1886.63;-1521.80;0.00
0.25;11.44;35.76;2860.94;2073.67;-787.27;0.00
0.24;8.96;38.77;3101.92;1898.00;-1203.92;0.00
0.18;7.62;30.51;2440.56;1441.70;-998.85;0.00
0.23;8.83;36.72;2937.30;1836.16;-1101.14;0.00
0.24;11.17;38.68;3094.63;1993.96;-1100.67;0.00
0.28;9.87;44.32;3545.50;2178.07;-1367.44;0.00
0.23;8.39;48.31;3864.45;1777.15;-2087.30;0.00
0.25;10.26;40.96;3276.44;2024.81;-1251.63;0.00
0.26;8.93;43.70;3495.86;2020.74;-1475.13;0.00
0.27;10.42;40.53;3242.17;2159.18;-1082.99;0.00
0.25;11.34;41.04;3282.82;2041.16;-1241.66;0.00
0.25;11.33;44.02;3521.79;2083.87;-1437.92;0.00
0.24;9.90;43.05;3443.66;1906.04;-1537.61;0.00
0.24;9.22;39.49;3159.30;1925.01;-1234.29;0.00
0.24;11.95;37.33;2986.47;2059.13;-927.34;0.00
0.25;10.38;44.08;3526.05;2017.38;-1508.67;0.00
0.31;11.89;41.63;3330.17;2422.91;-907.26;0.00
0.25;8.83;30.03;2402.45;1944.48;-457.97;0.00
0.25;9.48;40.73;3258.35;1975.83;-1282.52;0.00
0.32;10.13;39.27;3141.35;2397.76;-743.59;0.00
0.26;11.03;46.37;3709.97;2107.14;-1602.83;0.00
0.26;11.80;38.20;3056.39;2164.31;-892.08;0.00
0.27;11.87;42.56;3404.63;2203.99;-1200.64;0.00
0.21;11.96;42.29;3383.32;1878.04;-1505.28;0.00
0.26;10.83;39.99;3198.90;2091.31;-1107.59;0.00
0.23;11.05;45.48;3638.07;1944.90;-1693.18;0.00
0.25;9.65;43.72;3497.40;1966.15;-1531.25;0.00
0.24;8.80;35.63;2850.02;1893.05;-956.97;0.00
0.28;9.09;44.11;3528.93;2143.31;-1385.62;0.00
0.26;10.32;34.50;2760.27;2061.30;-698.97;0.00
0.28;10.39;40.21;3216.78;2188.45;-1028.32;0.00
0.31;9.90;29.20;2335.87;2321.48;-14.39;0.00
0.28;7.97;45.30;3624.10;2052.15;-1571.95;0.00
0.18;10.61;41.32;3305.83;1603.97;-1701.87;0.00
0.26;9.13;37.87;3029.73;2028.44;-1001.29;0.00
0.28;9.30;35.89;2871.27;2121.31;-749.96;0.00
0.25;10.70;29.86;2389.10;2054.74;-334.36;0.00
0.27;13.16;37.89;3030.81;2275.21;-755.60;0.00
0.21;7.50;42.99;3439.08;1607.99;-1831.09;0.00
0.31;10.38;49.23;3938.61;2371.70;-1566.91;0.00
0.26;11.16;48.92;3913.59;2099.74;-1813.85;0.00
0.26;9.79;37.59;3007.21;2065.37;-941.84;0.00
0.29;10.40;35.13;2810.35;2240.30;-570.05;0.00
0.26;7.80;41.30;3303.95;1938.71;-1365.24;0.00
0.21;11.76;36.70;2936.31;1845.56;-1090.74;0.00
0.22;9.11;42.19;3375.48;1787.74;-1587.73;0.00
0.24;11.40;42.39;3391.22;2029.01;-1362.21;0.00
0.23;9.97;42.96;3436.87;1882.80;-1554.06;0.00
0.28;9.33;35.33;2826.63;2138.42;-688.21;0.00
0.23;10.60;40.03;3202.78;1928.95;-1273.83;0.00
0.21;11.16;46.70;3736.02;1834.04;-1901.99;0.00
0.24;8.78;26.86;2148.71;1877.33;-271.37;0.00
0.18;8.46;41.40;3311.66;1506.44;-1805.22;0.00
0.20;11.29;31.75;2540.15;1748.02;-792.12;0.00
0.25;10.70;45.87;3669.90;2015.52;-1654.38;0.00
0.25;9.34;37.94;3035.37;1968.94;-1066.42;0.00
0.20;12.27;33.22;2657.89;1850.61;-807.28;0.00
0.27;8.35;30.10;2408.32;2050.61;-357.71;0.00
0.26;11.69;37.27;2981.54;2162.47;-819.08;0.00
0.27;9.52;38.93;3114.66;2087.72;-1026.94;0.00
0.27;11.41;44.36;3548.91;2169.90;-1379.01;0.00
0.21;11.07;37.41;2992.62;1830.41;-1162.21;0.00
0.26;9.45;44.30;3543.61;2027.06;-1516.55;0.00
0.23;11.11;27.41;2192.97;1955.56;-237.41;0.00
0.23;10.68;40.96;3276.64;1927.68;-1348.96;0.00
0.20;10.43;36.04;2883.42;1718.40;-1165.02;0.00
0.24;11.01;35.56;2844.69;1998.18;-846.50;0.00
0.29;10.85;46.80;3743.71;2249.27;-1494.44;0.00
0.27;11.17;37.80;3024.04;2195.52;-828.52;0.00
0.29;11.35;37.54;3003.01;2288.95;-714.06;0.00
0.26;12.44;36.61;2928.52;2166.53;-761.99;0.00
0.28;10.19;43.66;3492.61;2194.94;-1297.67;0.00
0.24;11.54;30.34;2427.53;2042.12;-385.41;0.00
0.26;9.17;42.25;3380.35;1992.28;-1388.07;0.00
0.25;10.33;39.77;3181.39;1996.57;-1184.82;0.00
0.26;11.45;40.55;3243.97;2126.26;-1117.71;0.00
0.22;9.68;37.69;3015.04;1830.97;-1184.07;0.00
0.20;10.61;40.42;3233.48;1730.90;-1502.58;0.00
0.27;10.23;46.56;3724.86;2120.46;-1604.39;0.00
0.23;9.64;38.93;3114.75;1871.71;-1243.04;0.00
0.25;9.04;45.24;3618.97;1970.34;-1648.64;0.00
0.27;8.08;34.85;2787.96;2029.15;-758.81;0.00
0.23;10.53;43.34;3466.99;1917.85;-1549.14;0.00
0.25;9.12;47.04;3763.00;1941.82;-1821.18;0.00
0.18;9.79;35.24;2818.98;1596.33;-1222.65;0.00
0.22;9.82;37.09;2967.05;1831.37;-1135.68;0.00
0.27;9.48;47.70;3815.67;2110.43;-1705.24;0.00
0.27;6.91;43.57;3485.55;1951.69;-1533.86;0.00
0.27;10.15;39.00;3120.23;2140.65;-979.59;0.00
0.19;13.00;35.45;2835.70;1814.34;-1021.36;0.00
0.23;10.23;35.57;2845.56;1871.14;-974.42;0.00
0.26;10.51;43.71;3496.60;2087.93;-1408.67;0.00
0.27;10.69;42.15;3372.17;2175.79;-1196.38;0.00
0.23;10.33;47.06;3764.68;1887.48;-1877.20;0.00
0.23;10.72;40.41;3232.93;1938.63;-1294.30;0.00
0.23;9.95;48.37;3869.33;1906.59;-1962.74;0.00
0.21;8.38;26.56;2125.04;1672.68;-452.36;0.00
0.23;8.27;43.60;3488.19;1787.69;-1700.50;0.00
0.23;11.68;43.67;3493.47;1989.63;-1503.84;0.00
0.25;9.28;42.46;3397.16;1978.52;-1418.64;0.00
0.25;9.54;42.59;3407.22;1969.37;-1437.85;0.00
0.27;12.09;39.00;3120.06;2215.40;-904.66;0.00
0.27;8.83;36.46;2916.98;2072.89;-844.09;0.00
0.23;10.52;36.86;2948.68;1913.76;-1034.92;0.00
0.25;8.77;29.11;2328.76;1914.98;-413.78;0.00
0.21;9.00;50.49;4039.16;1730.59;-2308.57;0.00
0.30;8.00;36.49;2919.30;2183.04;-736.26;0.00
0.25;9.54;41.05;3284.33;1992.21;-1292.12;0.00
0.22;7.54;41.76;3341.16;1687.79;-1653.37;0.00
0.28;9.62;42.45;3396.25;2137.87;-1258.38;0.00
0.23;10.68;43.49;3479.56;1943.51;-1536.04;0.00
0.24;9.21;35.82;2865.41;1877.08;-988.33;0.00
0.23;10.29;31.68;2534.61;1913.54;-621.07;0.00
0.26;9.93;35.46;2837.03;2026.26;-810.76;0.00
0.27;11.66;37.90;3031.61;2177.48;-854.13;0.00
0.27;10.20;41.49;3318.97;2126.27;-1192.70;0.00
0.25;9.64;34.58;2766.15;1990.95;-775.20;0.00
0.25;9.02;38.88;3110.46;1956.13;-1154.33;0.00
0.28;10.55;48.73;3898.58;2212.21;-1686.37;0.00
0.24;9.36;35.45;2836.29;1925.79;-910.50;0.00
0.25;10.70;37.09;2966.84;2014.39;-952.45;0.00
0.25;11.19;40.27;3221.67;2050.94;-1170.74;0.00
0.28;11.34;42.15;3372.09;2220.78;-1151.30;0.00
0.29;10.58;44.62;3569.61;2248.20;-1321.40;0.00
0.24;10.72;43.57;3485.34;1992.14;-1493.20;0.00
0.26;8.81;42.92;3433.82;1975.92;-1457.90;0.00
0.29;9.46;42.18;3374.43;2187.38;-1187.05;0.00
0.23;9.48;41.25;3299.71;1865.62;-1434.09;0.00
0.26;11.26;39.43;3154.70;2117.97;-1036.74;0.00
0.25;10.13;36.48;2918.37;1985.42;-932.94;0.00
0.23;10.12;41.57;3325.93;1885.51;-1440.43;0.00
0.22;10.60;37.42;2993.46;1874.54;-1118.92;0.00
0.25;9.85;35.16;2812.52;1993.99;-818.53;0.00
0.26;10.94;37.56;3004.76;2108.97;-895.79;0.00
0.24;12.11;39.59;3167.23;2054.81;-1112.42;0.00
0.23;9.62;39.23;3138.18;1873.40;-1264.78;0.00
0.25;11.87;42.72;3417.99;2104.91;-1313.08;0.00
0.24;9.78;39.51;3160.86;1931.39;-1229.47;0.00
0.23;9.83;35.39;2831.07;1896.93;-934.14;0.00
0.29;11.95;42.20;3375.88;2360.68;-1015.20;0.00
0.26;10.98;40.31;3225.11;2085.45;-1139.66;0.00
0.24;9.96;43.61;3489.02;1920.36;-1568.66;0.00
0.24;10.00;32.79;2623.02;1937.13;-685.89;0.00
0.27;11.54;38.14;3051.21;2186.34;-864.87;0.00
0.25;9.33;44.82;3585.34;1984.99;-1600.35;0.00
0.25;9.44;34.60;2767.65;1977.95;-789.70;0.00
0.24;10.37;36.96;2956.86;1947.78;-1009.08;0.00
0.25;10.04;41.93;3354.36;2006.19;-1348.17;0.00
0.21;10.34;40.69;3254.83;1775.97;-1478.87;0.00
0.25;8.48;47.13;3770.65;1921.79;-1848.87;0.00
0.18;10.57;48.78;3902.00;1633.84;-2268.16;0.00
0.25;12.97;43.56;3484.78;2187.28;-1297.50;0.00
0.26;11.42;36.57;2925.90;2131.61;-794.29;0.00
0.25;9.78;40.68;3254.08;2008.06;-1246.02;0.00
0.24;10.97;37.58;3006.74;1993.45;-1013.30;0.00
0.26;9.71;41.17;3293.53;2053.12;-1240.41;0.00
0.28;13.27;39.84;3187.23;2343.85;-843.38;0.00
0.22;11.87;37.32;2985.27;1933.16;-1052.11;0.00
0.26;6.81;33.90;2712.30;1860.67;-851.63;0.00
0.24;10.79;43.93;3514.61;1992.55;-1522.06;0.00
0.23;10.74;32.75;2619.76;1941.00;-678.77;0.00
0.27;10.43;37.41;2992.71;2156.76;-835.95;0.00
0.25;9.91;31.84;2547.41;2019.51;-527.90;0.00
0.27;10.28;41.17;3293.46;2124.05;-1169.41;0.00
0.25;9.68;36.93;2954.31;1967.96;-986.34;0.00
0.22;11.50;41.74;3338.89;1929.21;-1409.69;0.00
0.29;8.24;39.43;3154.30;2131.46;-1022.84;0.00
0.22;9.76;46.58;3726.64;1817.99;-1908.65;0.00
0.26;11.47;44.76;3580.71;2160.38;-1420.33;0.00
0.25;10.09;38.99;3119.42;2023.75;-1095.67;0.00
0.29;9.82;44.49;3559.50;2229.67;-1329.82;0.00
0.27;8.25;37.35;2987.96;2026.29;-961.68;0.00
0.26;9.50;38.97;3117.29;2045.04;-1072.25;0.00
0.26;9.84;41.01;3281.16;2022.41;-1258.76;0.00
0.26;10.53;45.86;3668.50;2086.46;-1582.04;0.00
0.24;10.46;41.36;3309.13;1959.35;-1349.77;0.00
0.27;13.37;33.83;2706.43;2308.86;-397.57;0.00
0.25;11.88;37.57;3005.38;2118.80;-886.58;0.00
0.23;9.39;47.11;3768.81;1847.56;-1921.26;0.00
0.23;9.07;36.95;2956.01;1830.36;-1125.66;0.00
0.26;10.97;40.15;3212.08;2116.92;-1095.15;0.00
0.24;9.58;41.65;3332.00;1943.07;-1388.93;0.00
0.24;9.85;39.63;3170.19;1912.40;-1257.79;0.00
0.24;9.87;39.39;3151.11;1946.73;-1204.38;0.00
0.24;9.62;36.23;2898.28;1915.90;-982.38;0.00
0.25;11.32;33.93;2714.23;2043.06;-671.17;0.00
0.28;8.38;46.97;3757.81;2062.64;-1695.16;0.00
0.27;11.89;35.56;2844.53;2240.78;-603.74;0.00
0.25;10.91;40.17;3213.74;2024.35;-1189.40;0.00
0.25;8.34;37.28;2982.26;1931.11;-1051.15;0.00
0.23;11.49;34.04;2723.41;1953.62;-769.79;0.00
0.25;9.41;32.24;2579.30;1964.67;-614.64;0.00
0.25;11.67;38.06;3045.09;2107.67;-937.42;0.00
0.24;9.39;35.68;2854.65;1905.48;-949.17;0.00
0.26;9.82;35.39;2831.53;2041.39;-790.15;0.00
0.26;9.45;36.90;2951.70;2050.59;-901.11;0.00
0.23;9.99;41.62;3329.60;1908.50;-1421.10;0.00
0.26;9.88;39.96;3197.19;2042.02;-1155.17;0.00
0.23;10.65;44.88;3590.58;1930.28;-1660.30;0.00
0.28;8.44;32.31;2584.67;2092.86;-491.81;0.00
0.26;13.87;41.33;3306.12;2288.32;-1017.80;0.00
0.24;12.27;34.37;2749.22;2073.10;-676.11;0.00
0.26;12.74;33.17;2653.51;2221.85;-431.66;0.00
0.24;9.77;45.81;3664.51;1912.10;-1752.41;0.00
0.23;9.46;40.86;3268.94;1835.11;-1433.83;0.00
0.27;9.90;40.15;3211.92;2091.79;-1120.13;0.00
0.26;11.03;37.30;2984.37;2110.03;-874.34;0.00
0.24;7.65;36.84;2947.10;1841.27;-1105.83;0.00
0.25;10.61;37.97;3037.36;2048.06;-989.30;0.00
0.25;11.63;33.72;2697.59;2067.43;-630.16;0.00
0.25;12.82;39.81;3184.87;2148.84;-1036.02;0.00
0.28;11.21;36.49;2919.24;2230.67;-688.57;0.00
0.27;9.84;47.64;3811.58;2095.20;-1716.38;0.00
0.25;11.40;38.63;3090.01;2090.88;-999.14;0.00
0.30;11.19;42.49;3399.57;2349.26;-1050.31;0.00
0.24;11.25;47.97;3837.65;2018.62;-1819.03;0.00
0.24;10.15;43.77;3501.54;1967.56;-1533.97;0.00
0.22;8.68;38.86;3108.83;1756.98;-1351.85;0.00
0.25;11.06;46.01;3681.18;2071.88;-1609.29;0.00
0.27;10.74;40.24;3219.59;2183.54;-1036.05;0.00
0.26;10.07;31.55;2523.72;2053.88;-469.84;0.00
0.27;9.59;40.59;3247.50;2082.40;-1165.10;0.00
0.25;10.90;42.77;3421.34;2055.24;-1366.10;0.00
0.24;10.75;41.83;3346.54;1990.81;-1355.72;0.00
0.26;10.50;41.40;3312.25;2088.25;-1224.00;0.00
0.26;8.70;33.56;2685.19;1960.58;-724.61;0.00
0.23;10.05;44.63;3570.01;1862.24;-1707.77;0.00
0.28;11.29;34.48;2758.78;2239.72;-519.06;0.00
0.24;8.81;43.06;3445.05;1898.24;-1546.81;0.00
0.22;8.79;47.26;3780.97;1747.89;-2033.08;0.00
0.24;10.24;41.81;3344.58;1971.33;-1373.25;0.00
0.23;11.80;36.17;2893.36;1991.11;-902.26;0.00
0.26;10.94;35.64;2850.99;2127.45;-723.53;0.00
0.28;10.10;43.30;3463.73;2170.03;-1293.70;0.00
0.26;8.20;48.13;3850.33;1943.93;-1906.40;0.00
0.22;10.81;46.59;3727.38;1851.09;-1876.29;0.00
0.22;8.86;43.37;3469.37;1772.93;-1696.44;0.00
0.24;11.23;43.64;3490.81;2012.39;-1478.42;0.00
0.25;11.26;36.92;2953.47;2092.25;-861.23;0.00
0.25;12.01;47.18;3774.54;2085.99;-1688.55;0.00
0.25;12.60;37.72;3017.98;2135.31;-882.67;0.00
0.26;12.35;36.80;2944.38;2179.83;-764.54;0.00
0.24;10.16;40.52;3241.84;1965.73;-1276.11;0.00
0.31;9.81;35.06;2804.69;2327.95;-476.75;0.00
0.21;9.53;45.73;3658.54;1755.36;-1903.19;0.00
0.24;8.99;36.82;2945.89;1886.66;-1059.23;0.00
0.22;9.22;39.22;3137.48;1757.02;-1380.46;0.00
0.28;9.61;40.46;3236.47;2153.05;-1083.42;0.00
0.28;10.08;35.12;2809.23;2203.24;-605.99;0.00
0.26;10.77;43.33;3466.57;2092.66;-1373.91;0.00
0.25;10.81;34.53;2762.39;2028.62;-733.76;0.00
0.24;8.12;38.25;3060.18;1824.96;-1235.23;0.00
0.22;10.70;47.66;3812.46;1857.21;-1955.24;0.00
0.22;10.33;41.62;3329.59;1860.64;-1468.94;0.00
0.25;13.29;39.69;3174.90;2162.84;-1012.06;0.00
0.28;9.05;42.41;3392.86;2114.19;-1278.66;0.00
0.21;10.80;41.13;3290.25;1815.38;-1474.87;0.00
0.26;9.14;36.07;2885.21;1987.88;-897.33;0.00
0.24;8.28;37.97;3037.86;1850.83;-1187.03;0.00
0.27;11.03;43.64;3491.49;2184.96;-1306.53;0.00
0.25;9.17;46.29;3703.15;1944.09;-1759.06;0.00
0.29;12.33;37.50;2999.67;2364.12;-635.55;0.00
0.19;10.14;42.76;3420.72;1645.34;-1775.38;0.00
0.25;11.08;46.62;3729.42;2039.36;-1690.07;0.00
0.27;11.33;39.13;3130.16;2202.52;-927.64;0.00
0.21;8.26;39.46;3156.67;1657.24;-1499.43;0.00
0.23;10.27;39.21;3137.14;1923.08;-1214.05;0.00
0.25;11.85;34.45;2756.28;2115.89;-640.40;0.00
0.25;9.52;35.92;2873.87;1981.25;-892.62;0.00
0.24;10.20;42.37;3389.46;1959.82;-1429.64;0.00
0.28;8.54;42.04;3362.84;2077.55;-1285.29;0.00
0.23;10.11;41.58;3326.01;1864.14;-1461.87;0.00
0.27;10.73;39.66;3172.70;2128.70;-1044.00;0.00
