# X_0;X_1;X_2;R_0;S_0;G_0;I_0
0.24;10.65;37.68;3014.37;1945.99;-1068.38;0.00
0.25;11.11;37.33;2986.61;2033.10;-953.52;0.00
0.27;9.00;40.17;3213.99;2051.02;-1162.97;0.00
0.23;10.12;40.99;3279.46;1897.66;-1381.80;0.00
0.25;11.19;44.35;3547.89;2034.43;-1513.46;0.00
0.24;10.90;45.35;3627.67;1984.18;-1643.49;0.00
0.18;11.74;40.88;3270.42;1682.91;-1587.51;0.00
0.28;10.40;33.25;2659.73;2214.60;-445.13;0.00
0.23;8.74;37.66;3013.17;1807.63;-1205.54;0.00
0.28;8.45;45.87;3669.81;2065.00;-1604.80;0.00
0.24;8.69;43.77;3501.85;1892.25;-1609.60;0.00
0.25;11.75;32.17;2573.65;2063.50;-510.16;0.00
0.21;10.88;37.50;2999.65;1792.94;-1206.71;0.00
0.28;11.87;38.78;3102.12;2246.03;-856.09;0.00
0.23;10.38;43.01;3440.46;1907.97;-1532.49;0.00
0.25;10.16;39.88;3190.48;2035.12;-1155.37;0.00
0.25;7.74;50.15;4012.29;1864.54;-2147.75;0.00
0.22;10.05;35.66;2852.97;1807.68;-1045.29;0.00
0.22;9.62;34.51;2760.98;1789.25;-971.73;0.00
0.26;12.14;32.07;2565.70;2178.99;-386.71;0.00
0.28;10.84;39.00;3120.40;2195.51;-924.89;0.00
0.21;10.39;39.53;3162.04;1782.27;-1379.76;0.00
0.29;10.75;49.40;3952.29;2289.11;-1663.17;0.00
0.22;9.20;33.12;2649.67;1791.83;-857.83;0.00
0.27;11.05;41.48;3318.69;2173.64;-1145.06;0.00
0.28;9.25;37.92;3033.28;2154.72;-878.56;0.00
0.25;10.21;32.42;2593.97;2031.41;-562.56;0.00
0.22;9.06;35.93;2874.43;1782.52;-1091.90;0.00
0.27;9.11;32.03;2562.72;2067.22;-495.50;0.00
0.25;8.94;46.89;3751.12;1944.97;-1806.15;0.00
0.23;7.82;40.25;3219.69;1774.35;-1445.34;0.00
0.27;10.16;43.78;3502.40;2120.25;-1382.15;0.00
0.23;10.59;47.09;3767.52;1936.19;-1831.33;0.00
0.25;12.32;36.88;2950.69;2134.16;-816.53;0.00
0.26;9.45;30.81;2464.78;2035.72;-429.06;0.00
0.20;9.19;34.74;2779.29;1666.98;-1112.31;0.00
0.24;10.49;38.65;3092.14;1982.42;-1109.72;0.00
0.21;11.09;35.86;2868.64;1820.06;-1048.58;0.00
0.25;12.21;35.73;2858.54;2091.94;-766.60;0.00
0.28;8.24;48.73;3898.42;2049.74;-1848.69;0.00
0.25;11.36;33.35;2668.04;2095.53;-572.51;0.00
0.24;11.25;40.87;3269.66;1983.89;-1285.77;0.00
0.27;9.81;38.81;3104.46;2084.01;-1020.45;0.00
0.28;12.26;36.87;2949.40;2323.62;-625.78;0.00
0.29;11.04;38.07;3045.35;2281.03;-764.32;0.00
0.23;11.06;42.10;3368.30;1963.33;-1404.97;0.00
0.24;10.20;43.53;3482.25;1945.81;-1536.43;0.00
0.21;10.16;38.17;3053.83;1749.58;-1304.25;0.00
0.26;10.68;41.71;3336.63;2116.96;-1219.67;0.00
0.22;10.76;36.55;2923.86;1862.22;-1061.64;0.00
0.24;10.61;33.22;2657.48;1947.91;-709.57;0.00
0.23;8.52;39.27;3141.44;1778.55;-1362.89;0.00
0.23;9.59;42.30;3384.31;1867.51;-1516.81;0.00
0.26;11.15;43.99;3519.31;2144.16;-1375.15;0.00
0.29;10.84;43.48;3478.44;2261.31;-1217.13;0.00
0.22;8.38;32.47;2597.81;1737.82;-859.99;0.00
0.27;9.08;39.50;3160.31;2058.50;-1101.80;0.00
0.29;10.41;34.31;2744.85;2230.50;-514.35;0.00
0.25;8.88;42.17;3373.68;1932.87;-1440.81;0.00
0.26;10.86;36.86;2948.54;2090.82;-857.72;0.00
0.26;10.28;40.44;3235.01;2073.47;-1161.54;0.00
0.22;9.99;44.16;3532.91;1815.77;-1717.14;0.00
0.27;9.19;51.01;4080.60;2088.13;-1992.47;0.00
0.25;9.29;35.06;2804.87;1983.92;-820.96;0.00
0.23;11.28;41.92;3353.86;1973.52;-1380.33;0.00
0.23;11.25;36.59;2927.29;1934.37;-992.92;0.00
0.27;10.57;38.93;3114.26;2165.64;-948.62;0.00
0.26;8.87;32.54;2602.99;1982.67;-620.32;0.00
0.27;10.58;40.06;3204.76;2128.37;-1076.39;0.00
0.29;10.25;44.51;3560.76;2239.22;-1321.54;0.00
0.22;8.84;41.45;3315.88;1766.27;-1549.61;0.00
0.24;10.52;41.16;3292.70;1953.31;-1339.39;0.00
0.25;11.87;41.75;3339.81;2101.32;-1238.49;0.00
0.25;10.07;36.56;2925.02;1991.09;-933.93;0.00
0.28;11.14;36.56;2925.06;2260.89;-664.17;0.00
0.27;8.26;35.39;2831.16;2018.49;-812.66;0.00
0.20;8.66;36.32;2905.99;1652.71;-1253.28;0.00
0.22;11.61;38.08;3046.49;1894.90;-1151.58;0.00
0.26;10.66;37.31;2984.54;2070.29;-914.25;0.00
0.23;9.81;46.41;3713.16;1883.14;-1830.02;0.00
0.25;11.21;40.69;3254.91;2034.16;-1220.76;0.00
0.27;10.38;42.83;3426.01;2137.44;-1288.57;0.00
0.22;8.22;37.84;3027.12;1748.24;-1278.88;0.00
0.27;11.08;39.79;3183.02;2153.49;-1029.54;0.00
0.23;10.25;40.47;3237.89;1876.95;-1360.94;0.00
0.23;11.46;39.89;3191.31;1984.63;-1206.68;0.00
0.23;10.18;31.94;2554.83;1876.11;-678.72;0.00
0.26;9.75;36.92;2953.55;2036.39;-917.16;0.00
0.26;11.89;43.09;3447.06;2181.18;-1265.88;0.00
0.28;9.67;38.40;3071.73;2154.47;-917.26;0.00
0.26;11.24;30.11;2408.69;2143.29;-265.40;0.00
0.22;8.83;36.13;2890.01;1765.85;-1124.16;0.00
0.25;9.49;32.05;2564.11;1968.62;-595.49;0.00
0.27;10.85;35.72;2857.69;2158.32;-699.37;0.00
0.29;11.61;37.58;3006.35;2304.89;-701.45;0.00
0.26;9.54;48.04;3842.87;2031.26;-1811.61;0.00
0.25;8.83;35.03;2802.45;1925.09;-877.35;0.00
0.30;12.30;39.81;3184.44;2419.69;-764.75;0.00
0.26;10.83;34.88;2790.74;2091.55;-699.19;0.00
0.23;10.46;34.69;2774.98;1931.85;-843.12;0.00
0.26;11.45;44.23;3538.40;2141.44;-1396.97;0.00
0.23;7.98;36.58;2926.78;1753.98;-1172.79;0.00
0.24;10.87;31.45;2516.10;1972.35;-543.74;0.00
0.26;11.11;37.58;3006.62;2130.23;-876.40;0.00
0.28;10.50;37.02;2961.26;2191.97;-769.30;0.00
0.25;9.60;39.56;3164.48;2005.26;-1159.22;0.00
0.26;10.58;38.82;3105.23;2059.16;-1046.07;0.00
0.27;9.89;40.25;3219.89;2098.21;-1121.68;0.00
0.28;9.88;36.55;2924.31;2147.21;-777.11;0.00
0.20;9.95;47.51;3800.46;1729.03;-2071.42;0.00
0.22;9.58;32.42;2593.97;1806.99;-786.98;0.00
0.29;9.41;37.44;2994.86;2191.50;-803.36;0.00
0.22;9.20;39.53;3162.20;1774.20;-1388.00;0.00
0.22;10.58;36.91;2953.16;1865.12;-1088.04;0.00
0.26;9.00;30.64;2450.87;2001.43;-449.44;0.00
0.24;11.93;41.67;3333.70;2071.51;-1262.19;0.00
0.22;9.23;41.46;3316.44;1793.03;-1523.41;0.00
0.26;9.67;40.64;3250.91;2046.56;-1204.35;0.00
0.25;9.53;26.85;2147.65;1966.56;-181.09;0.00
0.25;9.67;34.26;2740.78;1964.65;-776.13;0.00
0.25;9.39;34.83;2786.38;1991.85;-794.53;0.00
0.28;10.60;31.07;2485.73;2231.40;-254.33;0.00
0.30;10.14;36.87;2949.62;2293.42;-656.20;0.00
0.23;11.66;42.50;3399.66;1959.70;-1439.97;0.00
0.20;10.89;37.99;3039.08;1764.24;-1274.84;0.00
0.22;11.68;40.50;3239.66;1909.88;-1329.79;0.00
0.19;11.41;43.60;3488.15;1699.47;-1788.68;0.00
0.24;7.85;46.16;3692.69;1838.48;-1854.21;0.00
0.25;10.15;39.16;3132.73;2015.76;-1116.96;0.00
0.25;9.31;45.39;3631.17;1969.50;-1661.67;0.00
0.24;8.78;41.62;3329.37;1849.49;-1479.88;0.00
0.22;10.21;38.76;3100.74;1836.53;-1264.21;0.00
0.27;8.06;37.85;3028.23;1981.38;-1046.85;0.00
0.26;9.58;39.02;3121.52;2038.58;-1082.94;0.00
0.28;10.77;39.16;3132.63;2204.10;-928.53;0.00
0.25;9.98;38.73;3098.29;1995.59;-1102.69;0.00
0.27;10.14;36.88;2950.23;2092.90;-857.33;0.00
0.26;9.75;36.35;2907.91;2040.16;-867.75;0.00
0.25;9.45;45.22;3617.51;1962.69;-1654.82;0.00
0.26;10.47;38.95;3116.11;2106.36;-1009.75;0.00
0.28;11.63;45.09;3607.41;2266.65;-1340.76;0.00
0.27;11.30;37.51;3000.50;2176.06;-824.44;0.00
0.23;11.76;40.77;3261.91;1969.03;-1292.88;0.00
0.29;10.22;40.54;3243.22;2245.67;-997.55;0.00
0.26;9.87;39.05;3123.91;2060.81;-1063.09;0.00
0.25;9.78;37.45;2996.20;1966.86;-1029.34;0.00
0.28;11.33;40.62;3249.67;2220.58;-1029.09;0.00
0.23;10.00;36.95;2955.75;1904.78;-1050.97;0.00
0.24;7.39;42.81;3425.12;1811.01;-1614.10;0.00
0.21;11.45;32.06;2565.13;1858.01;-707.12;0.00
0.25;10.17;39.90;3191.61;1990.81;-1200.80;0.00
0.20;11.60;41.28;3302.19;1815.06;-1487.13;0.00
0.25;10.37;39.23;3138.22;1991.42;-1146.79;0.00
0.25;11.32;38.72;3097.69;2056.12;-1041.57;0.00
0.27;10.50;41.34;3307.16;2137.24;-1169.92;0.00
0.26;11.18;42.87;3429.88;2121.18;-1308.69;0.00
0.24;9.37;37.07;2965.44;1882.24;-1083.20;0.00
0.23;9.58;45.43;3634.70;1877.75;-1756.95;0.00
0.27;9.21;35.41;2833.07;2061.24;-771.83;0.00
0.21;9.08;41.87;3349.57;1686.85;-1662.72;0.00
0.28;12.50;42.82;3425.81;2297.10;-1128.71;0.00
0.23;10.02;40.60;3247.85;1899.40;-1348.46;0.00
0.24;9.64;43.74;3499.14;1940.14;-1559.00;0.00
0.25;11.72;45.67;3653.58;2115.71;-1537.87;0.00
0.26;9.46;37.10;2967.77;2054.77;-913.00;0.00
0.28;10.02;42.62;3409.34;2175.43;-1233.91;0.00
0.29;8.49;29.52;2361.97;2160.22;-201.75;0.00
0.27;9.43;36.32;2905.88;2105.99;-799.90;0.00
0.27;10.91;32.06;2565.11;2162.99;-402.11;0.00
0.28;12.05;44.66;3573.19;2265.86;-1307.33;0.00
0.25;7.64;43.57;3485.41;1889.22;-1596.19;0.00
0.25;10.87;40.69;3255.12;2050.88;-1204.24;0.00
0.24;13.84;40.76;3260.62;2172.03;-1088.59;0.00
0.22;9.97;37.77;3021.56;1831.96;-1189.60;0.00
0.21;11.11;34.96;2796.53;1804.96;-991.57;0.00
0.28;10.63;43.22;3457.24;2188.47;-1268.77;0.00
0.25;9.54;39.71;3176.47;1996.22;-1180.26;0.00
0.25;10.45;40.49;3238.82;2022.10;-1216.72;0.00
0.25;9.56;32.38;2590.61;1946.36;-644.25;0.00
0.28;10.19;34.94;2794.93;2189.47;-605.46;0.00
0.24;8.37;39.31;3145.19;1877.19;-1268.00;0.00
0.22;11.86;37.95;3036.16;1929.97;-1106.19;0.00
0.27;8.82;41.94;3355.49;2068.14;-1287.35;0.00
0.32;11.14;40.93;3274.36;2452.62;-821.74;0.00
0.24;12.64;44.61;3568.73;2107.86;-1460.86;0.00
0.21;9.87;36.06;2884.78;1784.95;-1099.84;0.00
0.25;10.06;50.58;4046.30;1999.70;-2046.60;0.00
0.28;8.07;43.85;3508.01;2064.25;-1443.76;0.00
0.25;12.29;46.95;3756.25;2141.25;-1615.00;0.00
0.27;10.02;43.35;3467.83;2129.32;-1338.51;0.00
0.24;8.67;44.38;3550.54;1865.74;-1684.80;0.00
0.28;11.55;49.90;3992.33;2227.81;-1764.52;0.00
0.25;9.83;38.43;3074.31;1998.63;-1075.68;0.00
0.25;11.19;41.59;3327.19;2089.60;-1237.59;0.00
0.26;9.68;38.56;3085.13;2028.31;-1056.82;0.00
0.24;10.33;37.83;3026.78;1954.01;-1072.77;0.00
0.27;10.22;45.66;3653.18;2103.96;-1549.22;0.00
0.26;10.68;34.86;2788.99;2093.20;-695.79;0.00
0.23;9.17;39.26;3140.50;1847.14;-1293.36;0.00
0.25;9.15;42.78;3422.68;1973.29;-1449.39;0.00
0.25;10.47;39.60;3167.74;1998.40;-1169.34;0.00
0.28;10.70;41.80;3343.68;2209.40;-1134.28;0.00
0.23;10.70;42.21;3376.69;1913.06;-1463.63;0.00
0.23;11.75;36.02;2881.32;1950.28;-931.04;0.00
0.26;11.79;44.99;3599.00;2168.01;-1430.99;0.00
0.25;8.45;41.77;3341.86;1914.72;-1427.14;0.00
0.24;11.62;45.98;3678.60;2021.10;-1657.50;0.00
0.25;9.77;29.81;2384.52;1996.96;-387.56;0.00
0.23;11.58;39.48;3158.47;1966.83;-1191.64;0.00
0.24;11.19;40.01;3200.62;2010.68;-1189.94;0.00
0.27;10.00;36.65;2931.77;2138.08;-793.69;0.00
0.24;10.15;37.38;2990.44;1959.33;-1031.11;0.00
0.25;9.45;35.93;2874.09;1945.61;-928.48;0.00
0.25;10.16;38.99;3119.28;1999.42;-1119.85;0.00
0.23;9.86;42.17;3373.95;1853.82;-1520.12;0.00
0.26;11.97;28.80;2304.34;2176.61;-127.73;0.00
0.25;10.48;37.05;2964.19;2052.50;-911.69;0.00
0.25;10.05;40.41;3232.51;1976.14;-1256.38;0.00
0.27;9.75;43.24;3459.05;2090.08;-1368.97;0.00
0.27;10.50;47.52;3801.49;2129.79;-1671.71;0.00
0.22;10.66;40.84;3267.25;1843.53;-1423.71;0.00
0.27;11.49;35.06;2805.10;2191.46;-613.64;0.00
0.25;12.02;38.36;3068.80;2100.62;-968.19;0.00
0.27;10.46;40.96;3276.80;2116.97;-1159.84;0.00
0.24;9.26;39.07;3125.20;1876.90;-1248.31;0.00
0.24;10.82;35.03;2802.69;1991.15;-811.54;0.00
0.24;8.81;43.18;3454.52;1871.14;-1583.38;0.00
0.27;9.96;46.90;3752.11;2099.19;-1652.92;0.00
0.28;9.27;42.71;3416.88;2156.63;-1260.25;0.00
0.23;10.71;44.60;3567.75;1906.86;-1660.89;0.00
0.27;11.78;37.69;3015.03;2213.99;-801.04;0.00
0.22;10.96;38.84;3107.51;1852.57;-1254.94;0.00
0.26;9.02;47.11;3768.69;2007.98;-1760.71;0.00
0.19;9.32;33.89;2711.46;1628.06;-1083.40;0.00
0.25;11.08;40.58;3246.05;2049.62;-1196.43;0.00
0.25;10.99;41.63;3330.50;2074.13;-1256.37;0.00
0.24;11.77;40.67;3253.93;2015.04;-1238.89;0.00
0.24;9.07;35.80;2864.09;1861.50;-1002.58;0.00
0.22;9.17;46.36;3708.82;1807.40;-1901.42;0.00
0.27;9.73;29.96;2397.14;2094.28;-302.85;0.00
0.26;11.39;34.96;2797.19;2119.49;-677.69;0.00
0.27;10.61;40.52;3241.61;2156.12;-1085.49;0.00
0.27;9.47;42.27;3381.98;2082.18;-1299.80;0.00
0.25;7.95;34.45;2755.84;1879.90;-875.94;0.00
0.23;9.83;37.12;2969.73;1863.96;-1105.77;0.00
0.24;11.53;42.32;3385.63;2026.91;-1358.71;0.00
0.28;11.24;51.14;4091.43;2234.22;-1857.21;0.00
0.23;9.75;40.89;3270.90;1874.17;-1396.73;0.00
0.24;10.59;33.61;2688.99;1950.81;-738.18;0.00
0.28;10.17;40.15;3212.23;2198.39;-1013.84;0.00
0.22;10.61;45.84;3667.46;1838.95;-1828.51;0.00
0.25;11.15;42.72;3417.32;2057.69;-1359.63;0.00
0.22;10.61;43.36;3469.08;1837.56;-1631.52;0.00
0.21;11.90;42.51;3400.87;1896.28;-1504.59;0.00
0.28;7.95;44.77;3581.83;2047.62;-1534.21;0.00
0.22;9.67;39.66;3172.55;1815.33;-1357.22;0.00
0.22;9.96;37.25;2979.88;1798.87;-1181.01;0.00
0.25;10.13;37.25;2980.40;1988.09;-992.31;0.00
0.29;9.70;36.63;2930.65;2210.68;-719.97;0.00
0.27;10.66;42.59;3407.33;2142.75;-1264.59;0.00
0.29;9.95;35.41;2832.57;2209.90;-622.66;0.00
0.28;10.32;43.45;3475.97;2205.45;-1270.52;0.00
0.24;10.33;43.90;3511.63;1940.48;-1571.16;0.00
0.25;10.73;38.22;3057.55;2051.64;-1005.91;0.00
0.26;8.35;38.63;3090.16;1941.80;-1148.37;0.00
0.25;8.43;41.44;3315.18;1886.20;-1428.99;0.00
0.22;12.56;43.88;3510.35;1984.66;-1525.70;0.00
0.23;7.67;40.08;3206.58;1730.33;-1476.25;0.00
0.24;9.70;35.46;2836.88;1929.17;-907.71;0.00
0.27;10.15;39.25;3139.92;2098.43;-1041.49;0.00
0.27;10.32;44.67;3573.43;2154.93;-1418.50;0.00
0.24;11.99;37.57;3005.57;2018.88;-986.69;0.00
0.23;10.91;43.44;3475.00;1935.07;-1539.93;0.00
0.25;9.18;43.65;3491.78;1950.63;-1541.15;0.00
0.24;10.38;33.21;2656.45;1972.65;-683.80;0.00
0.28;10.90;45.47;3637.24;2230.99;-1406.26;0.00
0.17;9.27;39.96;3196.74;1505.47;-1691.26;0.00
0.20;11.29;37.04;2963.04;1761.18;-1201.86;0.00
0.26;10.31;40.74;3259.02;2097.33;-1161.70;0.00
0.27;9.72;40.37;3229.87;2086.62;-1143.25;0.00
0.23;9.94;39.37;3149.83;1886.68;-1263.16;0.00
0.25;9.18;37.73;3018.27;1928.78;-1089.49;0.00
0.26;10.92;39.16;3132.47;2101.48;-1030.99;0.00
0.24;8.65;38.18;3054.53;1839.46;-1215.07;0.00
0.25;9.45;35.60;2847.65;1954.13;-893.52;0.00
0.30;12.42;42.65;3412.30;2410.14;-1002.16;0.00
0.22;9.02;37.73;3018.13;1797.27;-1220.85;0.00
0.24;10.76;44.06;3524.73;1966.63;-1558.11;0.00
0.26;10.27;38.68;3094.24;2098.21;-996.03;0.00
0.27;11.04;39.94;3195.56;2198.07;-997.49;0.00
0.23;10.86;36.38;2910.77;1953.44;-957.33;0.00
0.26;9.80;46.30;3703.94;2039.34;-1664.60;0.00
0.25;10.63;47.58;3806.31;2012.85;-1793.45;0.00
0.27;9.15;44.98;3598.12;2087.94;-1510.18;0.00
0.25;9.61;38.25;3059.93;1958.82;-1101.11;0.00
0.24;8.52;44.20;3535.65;1870.69;-1664.96;0.00
0.22;11.05;37.27;2981.47;1889.99;-1091.48;0.00
0.29;11.18;44.28;3542.10;2282.30;-1259.79;0.00
0.31;8.43;47.10;3767.70;2267.26;-1500.43;0.00
0.19;10.15;32.89;2631.34;1684.40;-946.93;0.00
0.24;9.77;40.64;3251.45;1913.95;-1337.50;0.00
0.25;10.23;35.07;2805.25;1995.75;-809.50;0.00
0.21;11.12;39.40;3151.74;1798.08;-1353.66;0.00
0.30;10.89;37.71;3017.05;2328.30;-688.75;0.00
0.24;10.12;46.47;3717.71;1973.99;-1743.72;0.00
0.26;9.23;41.41;3312.66;2013.33;-1299.32;0.00
0.25;11.75;41.71;3337.19;2103.92;-1233.27;0.00
0.29;11.39;38.66;3092.88;2300.77;-792.11;0.00
0.24;8.96;36.76;2940.57;1873.05;-1067.52;0.00
0.27;8.98;45.78;3662.54;2052.94;-1609.60;0.00
0.22;8.10;39.56;3165.15;1713.48;-1451.67;0.00
0.27;10.08;39.32;3145.47;2099.12;-1046.34;0.00
0.23;9.48;42.74;3419.02;1835.91;-1583.10;0.00
0.24;9.98;40.58;3246.40;1943.78;-1302.62;0.00
0.26;10.35;38.76;3100.73;2076.69;-1024.04;0.00
0.25;10.43;45.21;3616.42;2045.35;-1571.08;0.00
0.20;8.94;37.19;2975.28;1668.33;-1306.94;0.00
0.26;10.45;34.37;2749.93;2093.49;-656.44;0.00
0.20;10.66;29.18;2334.30;1732.78;-601.52;0.00
0.20;9.18;33.47;2677.91;1675.03;-1002.88;0.00
0.24;10.46;44.06;3525.11;1942.06;-1583.05;0.00
0.25;7.55;31.39;2511.47;1859.02;-652.45;0.00
0.31;9.79;39.53;3162.05;2308.62;-853.43;0.00
0.29;10.18;31.40;2511.62;2266.78;-244.84;0.00
0.20;10.83;39.68;3174.55;1738.92;-1435.62;0.00
0.25;11.30;36.99;2959.17;2071.68;-887.49;0.00
0.26;9.25;35.05;2803.89;2010.70;-793.18;0.00
0.25;11.25;40.21;3216.54;2043.61;-1172.93;0.00
0.28;9.00;48.77;3901.53;2120.28;-1781.25;0.00
0.23;10.39;46.26;3700.92;1880.59;-1820.33;0.00
0.21;8.47;35.24;2819.15;1701.62;-1117.53;0.00
0.24;9.77;35.11;2809.13;1923.22;-885.91;0.00
0.28;9.46;34.86;2789.12;2117.69;-671.44;0.00
0.23;10.24;41.26;3300.69;1874.36;-1426.33;0.00
0.22;9.31;41.21;3296.95;1811.17;-1485.78;0.00
0.28;10.39;40.52;3241.98;2174.75;-1067.23;0.00
0.24;11.63;39.50;3160.29;2046.91;-1113.37;0.00
0.28;10.48;45.95;3675.93;2196.54;-1479.38;0.00
0.24;10.24;45.84;3667.32;1980.19;-1687.14;0.00
0.24;10.22;44.38;3550.39;1974.14;-1576.25;0.00
0.26;8.88;37.41;2992.97;2020.04;-972.92;0.00
0.24;9.10;43.11;3448.48;1895.15;-1553.33;0.00
0.26;10.79;36.59;2927.54;2091.81;-835.72;0.00
0.21;10.69;36.32;2905.21;1806.74;-1098.47;0.00
0.26;10.17;38.35;3068.21;2038.41;-1029.80;0.00
0.25;10.15;38.15;3052.01;2015.41;-1036.60;0.00
0.23;10.13;46.36;3709.03;1892.34;-1816.70;0.00
0.28;9.59;36.38;2910.74;2157.61;-753.13;0.00
0.24;11.75;35.77;2861.64;2013.92;-847.72;0.00
0.25;10.41;40.83;3266.22;2021.30;-1244.92;0.00
0.21;9.82;42.00;3359.86;1759.39;-1600.48;0.00
0.26;10.45;44.79;3583.55;2107.52;-1476.03;0.00
0.23;12.88;46.62;3729.93;2054.10;-1675.83;0.00
0.25;10.96;46.95;3755.82;2032.82;-1723.00;0.00
0.24;12.35;38.26;3060.77;2044.65;-1016.12;0.00
0.24;8.88;35.75;2860.07;1878.97;-981.09;0.00
0.26;10.13;48.40;3872.34;2070.46;-1801.88;0.00
0.29;9.05;46.52;3721.90;2172.87;-1549.03;0.00
0.23;12.82;38.29;3063.06;2041.52;-1021.54;0.00
0.22;10.06;44.43;3554.13;1849.27;-1704.86;0.00
0.25;10.67;37.86;3028.63;2014.02;-1014.61;0.00
0.26;11.07;49.96;3996.66;2109.52;-1887.15;0.00
0.23;11.01;39.91;3192.52;1915.12;-1277.40;0.00
0.23;8.68;37.33;2986.80;1835.38;-1151.42;0.00
0.27;10.32;33.23;2658.25;2134.39;-523.86;0.00
0.24;9.70;37.15;2971.64;1949.97;-1021.66;0.00
0.24;10.80;40.60;3248.09;1986.73;-1261.35;0.00
0.22;9.87;42.69;3415.39;1839.10;-1576.28;0.00
0.30;12.71;36.43;2914.46;2442.88;-471.59;0.00
0.23;9.96;44.92;3593.92;1872.11;-1721.81;0.00
0.26;10.94;41.01;3280.47;2109.05;-1171.42;0.00
0.21;9.35;44.19;3535.26;1728.76;-1806.50;0.00
0.26;9.45;34.50;2760.21;2039.78;-720.44;0.00
0.24;10.47;49.74;3979.46;1939.98;-2039.48;0.00
0.26;10.12;42.92;3433.22;2079.58;-1353.64;0.00
0.24;10.82;33.14;2650.90;1992.70;-658.20;0.00
0.28;8.75;38.78;3102.36;2108.34;-994.01;0.00
0.29;11.83;40.16;3212.54;2313.60;-898.93;0.00
0.25;11.30;41.08;3286.33;2073.14;-1213.18;0.00
0.21;9.91;40.68;3254.49;1738.58;-1515.92;0.00
0.23;9.74;45.56;3644.80;1854.37;-1790.44;0.00
0.21;8.52;33.95;2716.27;1657.92;-1058.35;0.00
0.25;9.33;31.77;2542.00;1976.51;-565.48;0.00
0.27;10.26;32.89;2631.33;2106.92;-524.41;0.00
0.23;11.60;38.06;3044.65;1953.12;-1091.53;0.00
0.25;9.79;41.43;3314.22;2006.13;-1308.10;0.00
0.26;9.57;33.83;2706.68;2046.45;-660.23;0.00
0.27;11.12;38.86;3109.00;2201.65;-907.34;0.00
0.26;10.41;40.31;3225.06;2054.95;-1170.12;0.00
0.27;9.67;34.13;2730.59;2112.05;-618.54;0.00
0.23;8.88;42.72;3417.61;1803.56;-1614.05;0.00
0.23;11.36;46.96;3756.63;1928.95;-1827.68;0.00
0.26;10.27;44.53;3562.13;2048.15;-1513.98;0.00
0.29;7.94;33.13;2650.67;2098.45;-552.22;0.00
0.19;9.62;39.27;3141.70;1644.71;-1496.99;0.00
0.24;9.21;41.78;3342.25;1868.89;-1473.36;0.00
0.26;11.30;41.10;3287.76;2111.21;-1176.54;0.00
0.27;8.76;55.33;4426.49;2069.65;-2356.84;0.00
0.26;11.90;38.13;3050.33;2161.99;-888.34;0.00
0.31;10.96;41.91;3352.91;2423.58;-929.32;0.00
0.24;10.52;42.47;3397.28;1996.18;-1401.10;0.00
0.24;10.15;37.90;3031.70;1953.19;-1078.50;0.00
0.29;9.86;29.37;2349.66;2234.06;-115.60;0.00
0.25;9.86;48.04;3843.57;1971.79;-1871.78;0.00
0.26;10.34;39.65;3172.33;2049.86;-1122.47;0.00
0.28;10.68;43.26;3460.46;2197.40;-1263.06;0.00
0.29;9.20;43.27;3461.66;2208.87;-1252.79;0.00
0.24;11.49;43.04;3443.41;2020.85;-1422.56;0.00
0.25;8.85;43.07;3445.53;1928.39;-1517.13;0.00
0.24;9.35;41.31;3305.17;1900.46;-1404.71;0.00
0.27;10.45;39.17;3133.95;2160.40;-973.55;0.00
0.23;9.91;45.13;3610.02;1848.62;-1761.40;0.00
0.24;12.21;44.12;3529.45;2059.42;-1470.03;0.00
0.26;9.16;42.13;3370.73;1984.76;-1385.98;0.00
0.26;10.86;38.70;3095.73;2116.35;-979.38;0.00
0.26;11.93;45.38;3630.70;2176.00;-1454.70;0.00
0.25;10.10;38.39;3071.59;1980.75;-1090.85;0.00
0.25;8.54;43.12;3449.98;1939.37;-1510.62;0.00
0.26;10.08;47.98;3838.24;2083.69;-1754.56;0.00
0.25;10.12;44.21;3537.05;2033.24;-1503.81;0.00
0.25;10.62;35.63;2850.18;2031.78;-818.40;0.00
0.24;9.78;39.59;3167.58;1948.41;-1219.17;0.00
0.22;10.90;38.30;3063.83;1897.55;-1166.28;0.00
0.28;9.55;33.56;2685.11;2174.46;-510.65;0.00
0.31;9.36;30.75;2459.81;2284.87;-174.94;0.00
0.23;10.27;40.36;3229.03;1887.09;-1341.94;0.00
0.26;9.51;38.56;3084.72;2051.66;-1033.06;0.00
0.28;11.96;46.46;3716.73;2292.41;-1424.32;0.00
0.29;10.32;43.25;3459.64;2223.36;-1236.28;0.00
0.26;9.35;40.66;3253.11;2008.23;-1244.88;0.00
0.26;10.57;46.40;3711.89;2081.68;-1630.21;0.00
0.21;9.66;41.91;3352.90;1734.32;-1618.58;0.00
0.25;9.22;41.09;3286.83;1943.30;-1343.53;0.00
0.30;9.53;36.71;2937.01;2282.24;-654.78;0.00
0.26;12.04;41.17;3293.22;2191.19;-1102.03;0.00
0.27;12.06;39.49;3159.31;2226.52;-932.79;0.00
0.26;10.36;42.89;3431.46;2093.45;-1338.01;0.00
0.21;10.28;38.07;3045.79;1752.97;-1292.82;0.00
0.22;8.08;42.53;3402.67;1692.92;-1709.75;0.00
0.25;10.91;32.51;2600.59;2018.64;-581.95;0.00
0.25;11.86;38.65;3092.38;2079.14;-1013.23;0.00
0.27;8.46;44.85;3588.38;2020.45;-1567.93;0.00
0.23;11.00;38.81;3104.64;1950.15;-1154.49;0.00
0.23;8.74;40.59;3246.95;1834.27;-1412.67;0.00
0.26;10.88;33.60;2688.32;2094.59;-593.73;0.00
0.24;11.79;35.38;2830.69;2063.43;-767.27;0.00
0.25;9.64;41.83;3346.28;1972.76;-1373.53;0.00
0.27;9.91;39.32;3145.74;2113.94;-1031.80;0.00
0.20;11.39;40.41;3232.82;1796.09;-1436.73;0.00
0.26;8.47;39.83;3186.29;1952.85;-1233.44;0.00
0.23;9.03;41.02;3281.22;1826.34;-1454.88;0.00
0.24;9.67;46.05;3683.88;1937.36;-1746.52;0.00
0.26;9.94;39.87;3189.49;2076.72;-1112.77;0.00
0.26;9.52;39.82;3185.27;2029.05;-1156.22;0.00
0.25;10.07;50.19;4015.33;2015.32;-2000.01;0.00
0.27;10.96;43.77;3502.00;2172.94;-1329.06;0.00
0.24;10.34;47.73;3818.71;1959.15;-1859.56;0.00
0.28;8.64;33.00;2639.62;2105.81;-533.81;0.00
0.25;12.56;34.30;2744.30;2141.80;-602.50;0.00
0.30;8.46;44.08;3526.11;2184.18;-1341.93;0.00
0.24;10.09;37.09;2966.89;1924.23;-1042.67;0.00
0.24;11.37;45.34;3627.32;2015.76;-1611.57;0.00
0.24;9.67;41.50;3320.04;1907.54;-1412.49;0.00
0.23;11.77;44.47;3557.59;1990.66;-1566.93;0.00
0.24;10.82;39.52;3161.78;2003.56;-1158.22;0.00
0.27;9.86;37.19;2974.94;2110.88;-864.07;0.00
0.23;9.79;44.80;3583.60;1844.46;-1739.14;0.00
0.26;8.84;38.97;3117.63;1999.65;-1117.98;0.00
0.24;11.24;42.96;3436.64;2024.89;-1411.75;0.00
0.21;9.21;47.31;3785.06;1732.33;-2052.72;0.00
0.27;9.56;45.34;3626.90;2080.23;-1546.67;0.00
0.26;10.32;41.66;3332.75;2055.76;-1276.99;0.00
0.25;9.84;44.21;3536.55;2009.24;-1527.31;0.00
0.26;9.69;52.88;4230.60;2058.14;-2172.46;0.00
0.27;10.72;47.83;3826.57;2181.92;-1644.65;0.00
0.21;11.74;39.64;3170.99;1847.64;-1323.35;0.00
0.23;7.68;35.36;2828.62;1729.38;-1099.24;0.00
0.28;9.68;45.92;3673.56;2149.65;-1523.91;0.00
0.24;10.72;46.67;3733.34;1991.35;-1742.00;0.00
0.22;9.69;35.31;2825.18;1835.25;-989.93;0.00
0.30;11.55;44.97;3597.39;2371.36;-1226.03;0.00
0.26;12.43;40.24;3219.36;2171.34;-1048.02;0.00
0.26;9.70;48.28;3862.72;2062.42;-1800.30;0.00
0.25;9.72;36.37;2909.32;1994.18;-915.14;0.00
0.23;11.20;48.27;3861.27;1962.08;-1899.19;0.00
0.24;11.59;40.92;3273.41;2030.71;-1242.71;0.00
0.23;11.09;45.28;3622.44;1952.57;-1669.88;0.00
0.23;9.29;34.50;2759.90;1855.95;-903.95;0.00
0.28;9.17;40.57;3245.36;2156.18;-1089.18;0.00
0.26;10.51;39.14;3131.54;2100.35;-1031.18;0.00
0.21;12.60;38.14;3051.02;1912.51;-1138.51;0.00
0.25;9.81;43.82;3505.35;1963.48;-1541.87;0.00
0.24;11.01;34.79;2783.19;1993.15;-790.05;0.00
0.27;10.75;42.20;3375.73;2151.44;-1224.29;0.00
0.23;9.88;46.92;3753.48;1862.39;-1891.09;0.00
0.24;9.92;46.08;3686.69;1935.55;-1751.13;0.00
0.23;10.13;32.41;2592.49;1885.24;-707.25;0.00
0.25;11.34;46.58;3726.46;2075.01;-1651.45;0.00
0.28;9.22;40.55;3244.08;2127.19;-1116.88;0.00
0.25;10.70;32.39;2591.21;2045.32;-545.89;0.00
0.23;11.02;39.80;3184.05;1951.96;-1232.09;0.00
0.26;9.56;39.25;3139.65;2011.55;-1128.10;0.00
0.27;10.31;27.13;2170.19;2152.78;-17.41;0.00
0.29;11.82;45.22;3617.65;2313.86;-1303.79;0.00
0.26;10.65;37.00;2959.74;2088.00;-871.74;0.00
0.24;9.84;38.95;3116.25;1916.41;-1199.84;0.00
0.29;10.07;38.90;3111.96;2221.85;-890.11;0.00
0.23;10.97;39.84;3187.03;1928.29;-1258.74;0.00
0.27;10.59;38.27;3061.60;2128.10;-933.50;0.00
0.23;11.89;38.88;3110.41;1956.81;-1153.61;0.00
0.26;8.74;42.03;3362.38;2015.58;-1346.80;0.00
0.24;9.08;44.95;3596.21;1891.58;-1704.64;0.00
0.24;9.43;46.06;3684.59;1914.86;-1769.74;0.00
0.23;9.91;39.96;3196.58;1900.84;-1295.74;0.00
0.28;8.94;37.65;3011.79;2092.52;-919.27;0.00
0.26;11.06;32.29;2583.51;2094.15;-489.36;0.00
0.26;10.61;39.94;3195.01;2069.23;-1125.78;0.00
0.25;11.83;34.20;2735.66;2077.91;-657.75;0.00
0.27;9.07;33.43;2674.12;2092.21;-581.91;0.00
0.25;11.55;49.21;3936.47;2082.75;-1853.72;0.00
0.25;10.85;39.95;3195.74;2064.45;-1131.30;0.00
0.20;9.77;40.76;3260.53;1670.08;-1590.46;0.00
0.20;10.40;37.90;3031.95;1737.74;-1294.21;0.00
0.26;10.34;47.94;3834.95;2073.62;-1761.33;0.00
0.27;11.59;36.70;2935.72;2189.95;-745.77;0.00
0.25;7.48;42.33;3386.50;1863.94;-1522.56;0.00
0.26;8.72;45.26;3620.82;1982.11;-1638.72;0.00
0.24;11.57;34.78;2782.18;2049.28;-732.89;0.00
0.25;10.39;38.50;3079.68;2013.37;-1066.30;0.00
0.26;12.43;32.45;2596.35;2186.45;-409.90;0.00
0.28;8.58;38.87;3109.62;2098.71;-1010.91;0.00
0.23;8.32;35.73;2858.21;1777.28;-1080.93;0.00
0.24;10.12;39.53;3162.80;1938.31;-1224.49;0.00
0.24;11.37;39.53;3162.07;2009.73;-1152.34;0.00
0.22;9.89;36.82;2945.89;1832.45;-1113.43;0.00
0.23;10.03;39.87;3189.80;1876.26;-1313.54;0.00
0.28;8.93;41.12;3289.59;2124.71;-1164.88;0.00
0.27;11.00;41.42;3313.32;2141.08;-1172.24;0.00
0.25;9.24;40.21;3216.55;1933.04;-1283.51;0.00
0.26;9.72;43.85;3508.00;2061.08;-1446.92;0.00
0.23;8.33;36.42;2913.36;1808.80;-1104.56;0.00
0.22;7.74;37.88;3030.79;1692.21;-1338.57;0.00
0.24;10.74;32.94;2635.33;1987.10;-648.23;0.00
0.23;12.48;40.68;3254.26;1987.64;-1266.61;0.00
0.21;9.25;34.81;2785.19;1722.31;-1062.88;0.00
0.20;9.87;39.38;3150.18;1690.25;-1459.94;0.00
0.21;10.73;42.47;3397.48;1829.57;-1567.91;0.00
0.27;10.76;41.59;3327.13;2138.11;-1189.02;0.00
0.19;9.07;43.98;3518.70;1592.48;-1926.22;0.00
0.26;9.87;37.34;2987.43;2032.41;-955.02;0.00
0.22;10.01;47.62;3809.55;1830.51;-1979.04;0.00
0.27;9.31;35.99;2879.20;2094.61;-784.59;0.00
0.27;7.66;35.86;2868.41;2014.73;-853.67;0.00
0.23;10.45;34.64;2770.80;1892.83;-877.97;0.00
0.27;10.21;48.84;3907.59;2144.73;-1762.86;0.00
0.28;11.53;48.44;3875.12;2270.58;-1604.54;0.00
0.30;9.39;34.03;2722.16;2249.19;-472.97;0.00
0.23;9.07;30.70;2455.80;1853.89;-601.92;0.00
0.27;10.49;43.08;3446.69;2116.49;-1330.20;0.00
0.24;10.33;40.37;3229.56;1978.65;-1250.91;0.00
0.23;10.25;38.25;3060.39;1915.38;-1145.01;0.00
0.23;9.62;37.48;2998.50;1866.90;-1131.61;0.00
0.26;7.97;33.90;2711.94;1920.06;-791.88;0.00
0.29;9.22;46.18;3694.68;2168.97;-1525.71;0.00
0.26;9.98;45.45;3635.96;2048.16;-1587.80;0.00
0.27;9.48;42.92;3433.51;2063.69;-1369.82;0.00
0.22;6.68;41.85;3347.64;1645.23;-1702.42;0.00
0.26;9.36;39.20;3136.08;2015.61;-1120.47;0.00
0.26;8.25;41.38;3310.66;1969.84;-1340.82;0.00
0.23;10.85;40.57;3245.51;1906.02;-1339.48;0.00
0.29;12.37;36.41;2913.17;2385.31;-527.86;0.00
0.22;10.72;40.45;3235.65;1835.66;-1399.99;0.00
0.28;11.33;44.47;3557.33;2244.78;-1312.55;0.00
0.20;9.24;35.67;2853.52;1671.04;-1182.48;0.00
0.30;11.99;36.14;2891.21;2404.75;-486.46;0.00
0.26;11.15;40.31;3224.75;2146.36;-1078.38;0.00
0.22;9.70;39.56;3165.02;1791.93;-1373.09;0.00
0.26;11.69;42.86;3428.53;2139.21;-1289.32;0.00
0.25;10.53;40.86;3269.13;1997.55;-1271.58;0.00
0.24;9.53;40.80;3263.95;1929.53;-1334.43;0.00
0.32;9.78;43.74;3498.93;2379.99;-1118.95;0.00
0.26;8.99;50.86;4069.15;2013.54;-2055.61;0.00
0.24;10.45;37.48;2998.73;1955.25;-1043.48;0.00
0.26;9.13;29.33;2346.70;2019.98;-326.72;0.00
0.21;10.14;35.66;2853.07;1800.25;-1052.83;0.00
0.30;11.57;43.70;3496.08;2367.40;-1128.68;0.00
0.24;9.96;41.50;3319.81;1937.24;-1382.57;0.00
0.22;9.95;34.22;2737.39;1817.93;-919.47;0.00
0.26;9.94;41.90;3352.02;2030.46;-1321.56;0.00
0.29;11.60;41.52;3321.53;2305.12;-1016.40;0.00
0.25;10.57;47.70;3815.66;2002.39;-1813.27;0.00
0.28;10.06;37.41;2993.04;2151.85;-841.19;0.00
0.23;10.43;43.50;3480.12;1885.25;-1594.86;0.00
0.30;8.93;42.90;3432.19;2226.65;-1205.54;0.00
0.22;10.68;31.88;2550.09;1851.23;-698.86;0.00
0.26;10.14;49.40;3951.78;2053.26;-1898.52;0.00
0.24;10.69;41.14;3291.48;1984.21;-1307.27;0.00
0.24;7.99;43.69;3494.89;1820.09;-1674.80;0.00
0.26;11.85;33.89;2711.49;2136.95;-574.54;0.00
0.22;9.83;31.58;2526.07;1822.82;-703.25;0.00
0.22;9.42;43.26;3460.87;1796.26;-1664.60;0.00
0.24;11.29;44.00;3519.72;2003.87;-1515.85;0.00
0.22;10.29;37.39;2991.18;1838.12;-1153.05;0.00
0.26;9.99;52.47;4197.63;2032.25;-2165.37;0.00
0.29;12.03;42.27;3381.79;2319.26;-1062.53;0.00
0.26;9.58;39.55;3164.26;2018.53;-1145.73;0.00
0.26;9.70;40.76;3260.85;2029.11;-1231.75;0.00
0.22;9.14;41.49;3319.36;1805.83;-1513.53;0.00
0.22;8.61;47.05;3764.39;1757.68;-2006.71;0.00
0.27;10.08;42.14;3370.96;2146.44;-1224.52;0.00
0.30;10.90;33.61;2688.53;2319.81;-368.72;0.00
0.19;11.10;49.75;3980.33;1721.59;-2258.73;0.00
0.24;10.66;39.06;3124.55;1988.06;-1136.50;0.00
0.25;10.04;41.58;3326.41;1996.63;-1329.78;0.00
0.21;10.67;42.85;3428.09;1778.19;-1649.90;0.00
0.22;8.83;48.17;3853.95;1732.27;-2121.68;0.00
0.24;7.34;39.93;3194.15;1784.47;-1409.68;0.00
0.23;10.23;46.39;3711.08;1898.81;-1812.28;0.00
0.30;11.64;38.14;3051.17;2370.42;-680.75;0.00
0.27;10.98;41.11;3288.97;2167.24;-1121.73;0.00
0.22;9.41;39.02;3121.59;1762.35;-1359.23;0.00
0.25;10.89;31.39;2511.04;2025.11;-485.94;0.00
0.24;12.63;38.87;3109.75;2097.07;-1012.68;0.00
0.19;8.51;41.20;3296.38;1595.00;-1701.38;0.00
0.29;11.23;36.83;2946.29;2322.27;-624.01;0.00
0.30;12.51;43.69;3494.99;2418.53;-1076.46;0.00
0.26;9.06;44.07;3525.94;1987.66;-1538.28;0.00
0.24;11.22;45.13;3610.21;2025.00;-1585.22;0.00
0.23;9.19;38.12;3050.00;1824.56;-1225.44;0.00
0.26;10.84;36.64;2931.37;2086.01;-845.36;0.00
0.23;10.90;43.85;3508.01;1904.22;-1603.80;0.00
0.23;10.56;36.64;2930.98;1906.49;-1024.49;0.00
0.25;12.80;41.55;3323.73;2177.28;-1146.45;0.00
0.28;10.14;36.06;2885.12;2199.59;-685.53;0.00
0.27;7.88;34.33;2746.07;1989.33;-756.74;0.00
0.21;10.19;43.49;3479.13;1800.18;-1678.95;0.00
0.24;9.24;29.01;2320.96;1907.66;-413.30;0.00
0.22;9.87;41.01;3280.54;1829.04;-1451.51;0.00
0.22;9.17;46.04;3683.23;1776.83;-1906.39;0.00
0.27;9.23;47.69;3814.95;2099.89;-1715.06;0.00
0.24;9.83;32.16;2572.76;1942.65;-630.11;0.00
0.27;8.61;43.86;3508.44;2016.18;-1492.25;0.00
0.27;11.44;36.99;2959.09;2193.02;-766.07;0.00
0.25;9.04;40.51;3241.20;1921.64;-1319.56;0.00
0.22;10.76;39.96;3196.71;1889.45;-1307.25;0.00
0.20;9.99;43.91;3512.77;1704.16;-1808.60;0.00
0.23;10.62;47.63;3810.54;1920.54;-1890.00;0.00
0.27;9.83;43.26;3460.92;2093.41;-1367.50;0.00
0.24;8.06;40.92;3273.44;1814.24;-1459.20;0.00
0.24;9.92;38.03;3042.12;1941.86;-1100.26;0.00
0.26;10.32;41.81;3344.75;2070.02;-1274.73;0.00
0.26;8.34;34.60;2768.17;1981.90;-786.27;0.00
0.26;11.25;36.41;2912.88;2136.96;-775.93;0.00
0.24;10.72;50.33;4026.15;1959.61;-2066.54;0.00
0.23;10.58;37.96;3036.69;1931.92;-1104.78;0.00
0.30;9.70;46.22;3697.31;2272.39;-1424.92;0.00
0.23;9.47;47.74;3819.21;1854.64;-1964.57;0.00
0.21;9.99;46.70;3735.83;1785.14;-1950.69;0.00
0.25;10.36;45.53;3642.64;2038.81;-1603.83;0.00
0.25;10.75;29.64;2371.60;2038.96;-332.64;0.00
0.24;9.10;38.45;3075.82;1919.43;-1156.40;0.00
0.24;9.60;35.32;2825.85;1916.19;-909.66;0.00
0.24;11.63;38.44;3075.49;2020.22;-1055.27;0.00
0.25;10.05;41.59;3327.15;2010.80;-1316.35;0.00
0.24;9.09;36.26;2900.77;1874.75;-1026.02;0.00
0.29;11.33;41.04;3283.11;2304.67;-978.44;0.00
0.29;9.38;40.02;3201.41;2200.96;-1000.45;0.00
0.24;10.16;42.64;3411.06;1960.81;-1450.25;0.00
0.20;9.69;38.90;3111.76;1666.37;-1445.39;0.00
0.26;10.66;40.83;3266.02;2065.09;-1200.92;0.00
0.29;10.37;45.20;3615.91;2276.68;-1339.23;0.00
0.26;9.65;40.04;3203.35;2023.16;-1180.20;0.00
0.26;9.78;40.31;3224.52;2024.29;-1200.23;0.00
0.23;9.18;36.20;2896.15;1851.15;-1044.99;0.00
0.26;9.83;36.20;2895.92;2026.78;-869.14;0.00
0.25;11.70;39.54;3163.16;2084.79;-1078.36;0.00
0.22;8.93;39.29;3142.89;1750.19;-1392.70;0.00
0.23;9.06;46.53;3722.41;1830.83;-1891.58;0.00
0.27;9.70;42.76;3420.64;2088.79;-1331.85;0.00
0.26;11.82;42.11;3369.02;2183.80;-1185.22;0.00
0.25;9.31;38.08;3046.67;1962.94;-1083.73;0.00
0.23;11.30;38.49;3079.17;1936.74;-1142.43;0.00
0.27;8.20;36.07;2885.62;2015.51;-870.10;0.00
0.19;9.70;42.00;3360.39;1640.19;-1720.20;0.00
0.24;11.17;41.48;3318.48;1980.21;-1338.27;0.00
0.24;11.92;35.56;2845.04;2059.06;-785.98;0.00
0.22;8.35;40.22;3217.48;1749.89;-1467.59;0.00
0.29;8.70;44.40;3552.24;2145.58;-1406.66;0.00
0.26;10.07;35.83;2866.63;2080.57;-786.06;0.00
0.25;9.96;43.98;3518.67;2023.74;-1494.93;0.00
0.24;9.19;32.78;2622.50;1894.00;-728.50;0.00
0.26;9.51;33.77;2701.34;2024.23;-677.11;0.00
0.26;11.23;45.77;3661.89;2133.02;-1528.87;0.00
0.25;9.61;45.16;3612.41;1983.38;-1629.03;0.00
0.22;10.13;44.54;3563.57;1805.42;-1758.15;0.00
0.31;10.07;45.28;3622.39;2327.92;-1294.47;0.00
0.24;11.04;32.69;2615.56;2009.63;-605.93;0.00
0.28;9.14;40.29;3222.80;2130.38;-1092.42;0.00
0.25;11.25;40.74;3259.10;2088.13;-1170.98;0.00
0.28;12.20;38.84;3106.96;2314.31;-792.65;0.00
0.24;8.13;35.02;2801.75;1846.01;-955.74;0.00
0.31;10.35;39.71;3176.49;2382.68;-793.81;0.00
0.27;8.78;44.17;3533.70;2043.56;-1490.15;0.00
0.22;10.00;40.64;3251.27;1848.40;-1402.87;0.00
0.23;9.33;43.57;3485.23;1842.80;-1642.42;0.00
0.22;9.29;35.02;2801.23;1800.25;-1000.99;0.00
0.28;11.32;44.22;3537.84;2271.39;-1266.45;0.00
0.22;10.46;40.21;3216.94;1820.01;-1396.93;0.00
0.24;8.95;42.08;3366.15;1891.03;-1475.12;0.00
0.23;12.63;40.11;3208.68;2039.02;-1169.66;0.00
0.29;10.02;34.45;2756.13;2234.84;-521.29;0.00
0.25;9.25;43.35;3468.02;1961.66;-1506.36;0.00
0.25;11.23;33.19;2655.03;2088.78;-566.25;0.00
0.28;10.96;45.85;3668.18;2212.53;-1455.64;0.00
0.30;9.69;34.77;2781.53;2256.05;-525.48;0.00
0.27;8.16;43.79;3503.19;1995.75;-1507.44;0.00
0.29;11.32;37.22;2977.42;2303.70;-673.71;0.00
0.25;11.18;42.16;3372.46;2077.15;-1295.31;0.00
0.23;9.76;44.43;3554.79;1841.34;-1713.45;0.00
0.30;11.19;39.67;3173.49;2340.99;-832.50;0.00
0.23;11.22;42.29;3383.43;1970.43;-1413.00;0.00
0.26;10.39;44.88;3590.66;2086.11;-1504.55;0.00
0.26;11.75;30.45;2435.80;2151.77;-284.03;0.00
0.19;9.77;38.30;3064.26;1619.59;-1444.66;0.00
0.28;9.30;48.06;3844.45;2106.40;-1738.05;0.00
0.24;10.38;35.20;2816.39;1973.28;-843.11;0.00
0.29;10.91;36.56;2924.87;2270.22;-654.66;0.00
0.23;9.17;42.38;3390.12;1840.71;-1549.41;0.00
0.31;10.35;46.35;3707.88;2379.68;-1328.20;0.00
0.30;8.93;37.07;2965.79;2242.34;-723.45;0.00
0.26;11.47;39.20;3135.73;2145.48;-990.25;0.00
0.28;11.34;44.11;3528.98;2234.57;-1294.41;0.00
0.23;9.60;36.38;2910.60;1868.63;-1041.98;0.00
0.24;9.76;36.62;2929.36;1928.13;-1001.22;0.00
0.30;10.68;45.18;3614.09;2298.11;-1315.98;0.00
0.27;8.34;46.23;3698.03;2047.51;-1650.52;0.00
0.27;10.07;43.92;3513.30;2116.60;-1396.70;0.00
0.26;9.68;38.46;3076.64;2022.88;-1053.76;0.00
0.24;9.92;41.07;3285.57;1912.00;-1373.57;0.00
0.28;9.36;45.64;3651.07;2134.25;-1516.82;0.00
0.26;9.12;30.37;2429.89;1981.43;-448.46;0.00
0.23;10.92;44.16;3532.95;1947.74;-1585.21;0.00
0.28;11.45;32.60;2607.83;2223.89;-383.95;0.00
0.27;9.67;44.01;3520.42;2118.82;-1401.60;0.00
0.26;9.64;41.92;3353.89;2010.01;-1343.88;0.00
0.30;9.27;45.46;3636.44;2271.36;-1365.08;0.00
0.28;10.30;44.28;3542.22;2197.73;-1344.49;0.00
0.26;9.77;44.63;3570.37;2042.11;-1528.27;0.00
0.20;8.06;39.25;3140.07;1623.37;-1516.70;0.00
0.31;10.57;41.84;3347.57;2351.18;-996.39;0.00
0.22;11.43;42.26;3381.00;1887.63;-1493.36;0.00
0.24;10.59;41.68;3334.78;1950.73;-1384.05;0.00
0.25;10.70;36.60;2927.87;2051.98;-875.89;0.00
0.24;9.34;36.58;2926.64;1920.29;-1006.35;0.00
0.21;13.05;34.45;2756.21;1956.06;-800.15;0.00
0.24;10.51;35.45;2836.08;1954.63;-881.45;0.00
0.24;9.85;48.32;3865.53;1909.41;-1956.12;0.00
0.28;11.36;48.53;3882.48;2266.39;-1616.09;0.00
0.26;10.60;47.17;3773.63;2105.61;-1668.03;0.00
0.23;9.58;31.22;2497.41;1853.00;-644.41;0.00
0.23;11.71;39.68;3174.09;1991.89;-1182.20;0.00
0.22;12.01;39.18;3134.27;1922.74;-1211.53;0.00
0.21;10.15;40.12;3209.81;1799.07;-1410.73;0.00
0.24;10.13;36.86;2949.20;1966.74;-982.45;0.00
0.24;11.07;41.54;3323.50;1983.21;-1340.29;0.00
0.22;8.13;36.05;2883.99;1705.23;-1178.77;0.00
0.25;10.20;46.18;3694.27;2032.35;-1661.92;0.00
0.27;10.67;46.97;3757.65;2129.57;-1628.08;0.00
0.29;9.29;37.29;2982.80;2205.94;-776.86;0.00
0.26;8.95;41.68;3334.08;1981.53;-1352.55;0.00
0.26;9.60;32.85;2628.19;2048.72;-579.47;0.00
0.23;12.34;33.44;2675.41;1996.88;-678.53;0.00
0.26;10.95;42.51;3400.95;2109.98;-1290.97;0.00
0.25;9.04;40.50;3240.07;1942.70;-1297.38;0.00
0.29;10.78;45.88;3670.77;2297.89;-1372.88;0.00
0.24;10.43;39.01;3120.48;1984.17;-1136.31;0.00
0.28;11.07;40.08;3206.36;2205.14;-1001.22;0.00
0.17;10.17;38.58;3086.46;1564.92;-1521.54;0.00
0.26;9.81;37.76;3021.07;2065.12;-955.95;0.00
0.23;11.42;40.35;3228.22;1934.00;-1294.23;0.00
0.25;9.98;42.78;3422.07;1968.20;-1453.87;0.00
0.28;10.65;36.29;2903.27;2223.36;-679.92;0.00
0.28;9.14;40.48;3238.15;2114.67;-1123.48;0.00
0.22;7.74;41.73;3338.56;1675.86;-1662.70;0.00
0.26;9.65;45.39;3630.84;2023.27;-1607.57;0.00
0.27;9.27;37.84;3027.25;2080.74;-946.51;0.00
0.24;9.90;38.49;3078.94;1922.20;-1156.74;0.00
0.28;9.52;45.83;3666.25;2129.57;-1536.69;0.00
0.26;7.12;38.91;3112.55;1875.66;-1236.89;0.00
0.24;10.04;46.02;3681.99;1962.66;-1719.33;0.00
0.28;10.07;36.77;2941.27;2191.74;-749.54;0.00
0.23;9.63;46.24;3699.16;1868.56;-1830.60;0.00
0.26;10.17;36.55;2923.98;2040.57;-883.40;0.00
0.27;11.24;41.40;3312.07;2193.27;-1118.80;0.00
0.25;8.16;44.66;3573.16;1893.40;-1679.76;0.00
0.28;9.54;40.38;3230.25;2150.95;-1079.30;0.00
0.30;8.31;45.88;3670.03;2187.08;-1482.95;0.00
0.27;9.77;37.91;3032.63;2112.17;-920.46;0.00
0.26;10.80;37.12;2969.91;2087.55;-882.36;0.00
0.26;9.36;38.57;3085.59;2041.47;-1044.12;0.00
0.23;11.00;41.94;3355.52;1952.01;-1403.51;0.00
0.23;10.19;45.14;3611.30;1918.31;-1692.99;0.00
0.28;8.84;46.71;3736.58;2121.07;-1615.51;0.00
0.24;10.79;45.30;3623.76;1958.43;-1665.33;0.00
0.24;8.54;45.66;3652.51;1864.63;-1787.88;0.00
0.25;9.82;36.44;2915.02;1986.63;-928.39;0.00
0.27;10.01;42.06;3364.50;2122.90;-1241.60;0.00
0.26;9.87;38.79;3102.88;2035.19;-1067.69;0.00
0.21;9.60;44.35;3548.02;1714.67;-1833.35;0.00
0.25;10.24;30.51;2440.59;1999.10;-441.49;0.00
0.26;10.56;44.13;3530.01;2076.67;-1453.34;0.00
0.28;9.04;41.43;3314.37;2120.28;-1194.09;0.00
0.23;12.44;38.14;3051.36;2033.39;-1017.97;0.00
0.27;10.72;39.50;3159.76;2131.39;-1028.38;0.00
0.26;10.10;46.44;3715.19;2047.61;-1667.59;0.00
0.23;9.65;39.90;3191.60;1834.07;-1357.53;0.00
0.26;10.87;44.60;3568.38;2082.16;-1486.22;0.00
0.26;10.53;45.74;3659.51;2106.25;-1553.27;0.00
0.23;9.17;32.10;2567.73;1834.69;-733.04;0.00
0.27;10.98;35.00;2800.15;2146.79;-653.36;0.00
0.27;8.96;36.55;2924.07;2043.74;-880.33;0.00
0.29;11.03;38.62;3089.60;2282.36;-807.24;0.00
0.26;10.06;32.64;2611.33;2071.87;-539.47;0.00
0.24;9.75;38.03;3042.44;1926.68;-1115.75;0.00
0.27;11.31;45.18;3614.66;2160.76;-1453.90;0.00
0.25;9.63;42.59;3407.26;1973.72;-1433.53;0.00
0.27;10.99;47.49;3799.59;2169.84;-1629.75;0.00
0.24;12.02;32.81;2624.95;2027.68;-597.27;0.00
0.28;10.36;41.45;3316.10;2173.98;-1142.12;0.00
0.28;10.26;34.27;2741.22;2169.32;-571.90;0.00
0.25;7.36;43.33;3466.37;1863.53;-1602.84;0.00
0.27;9.44;43.45;3476.09;2096.00;-1380.09;0.00
0.27;9.32;42.93;3434.17;2089.14;-1345.03;0.00
0.22;11.07;45.66;3652.64;1879.89;-1772.75;0.00
0.27;10.84;35.89;2871.16;2141.01;-730.15;0.00
0.25;8.78;35.21;2816.94;1951.52;-865.42;0.00
0.24;11.51;35.45;2836.19;2024.90;-811.28;0.00
0.25;10.29;41.93;3354.56;2021.55;-1333.01;0.00
0.23;9.92;38.91;3112.54;1904.82;-1207.72;0.00
0.28;10.50;39.06;3125.09;2201.01;-924.07;0.00
0.26;9.95;31.45;2516.07;2042.80;-473.27;0.00
0.27;10.16;39.23;3138.12;2098.24;-1039.89;0.00
0.23;9.55;37.24;2979.46;1867.48;-1111.98;0.00
0.21;9.95;44.81;3584.83;1741.80;-1843.03;0.00
0.25;8.87;36.45;2916.24;1931.25;-984.98;0.00
0.20;10.10;39.01;3121.17;1723.92;-1397.25;0.00
0.28;8.45;41.20;3295.99;2107.03;-1188.96;0.00
0.28;9.72;39.38;3150.67;2164.81;-985.86;0.00
0.26;8.03;34.53;2762.67;1921.65;-841.03;0.00
0.26;11.85;37.57;3005.27;2145.60;-859.67;0.00
0.23;11.41;42.45;3395.96;1955.37;-1440.59;0.00
0.26;10.21;38.91;3113.09;2084.43;-1028.65;0.00
0.24;9.30;50.52;4041.64;1928.17;-2113.47;0.00
0.23;10.75;40.25;3220.18;1902.81;-1317.37;0.00
0.23;11.43;40.22;3217.29;1958.73;-1258.56;0.00
0.28;10.84;35.42;2833.45;2191.87;-641.59;0.00
0.21;10.79;38.05;3044.28;1832.23;-1212.05;0.00
0.25;9.11;39.28;3142.46;1931.19;-1211.27;0.00
0.22;9.04;41.72;3338.00;1775.03;-1562.97;0.00
0.24;9.16;37.23;2978.33;1881.13;-1097.20;0.00
0.25;9.87;36.61;2928.89;2006.18;-922.71;0.00
0.28;11.52;45.98;3678.32;2249.40;-1428.92;0.00
0.28;10.66;44.78;3582.01;2190.20;-1391.81;0.00
0.28;8.43;38.22;3057.53;2065.88;-991.65;0.00
0.23;11.56;40.54;3243.08;1956.12;-1286.96;0.00
0.20;9.77;41.44;3315.27;1706.90;-1608.36;0.00
0.23;9.66;41.80;3343.97;1855.71;-1488.26;0.00
0.27;9.06;34.90;2792.35;2074.86;-717.49;0.00
0.23;10.42;35.62;2849.68;1914.47;-935.21;0.00
0.24;9.17;40.59;3247.52;1891.57;-1355.96;0.00
0.17;10.38;41.49;3319.16;1579.86;-1739.30;0.00
0.26;9.97;32.73;2618.51;2060.07;-558.43;0.00
0.26;11.38;39.27;3141.87;2153.24;-988.63;0.00
0.24;11.54;44.96;3596.92;2048.11;-1548.81;0.00
0.29;9.58;41.36;3308.94;2214.31;-1094.63;0.00
0.20;9.78;49.62;3969.27;1674.87;-2294.41;0.00
0.24;9.30;32.71;2617.00;1906.85;-710.15;0.00
0.19;8.29;49.33;3946.09;1555.54;-2390.55;0.00
0.23;9.54;39.99;3199.24;1847.59;-1351.65;0.00
0.27;8.51;39.84;3187.06;2036.06;-1151.00;0.00
0.24;9.97;41.79;3343.59;1919.22;-1424.37;0.00
0.29;11.94;34.06;2724.41;2358.08;-366.33;0.00
0.29;9.38;44.58;3566.08;2218.05;-1348.02;0.00
0.20;10.73;37.75;3020.33;1768.96;-1251.37;0.00
0.24;11.84;35.09;2807.32;2058.75;-748.58;0.00
0.23;10.50;40.02;3201.70;1932.51;-1269.19;0.00
0.26;10.29;44.90;3591.85;2094.68;-1497.17;0.00
0.27;10.77;39.43;3154.23;2183.62;-970.61;0.00
0.22;9.70;44.05;3524.17;1797.38;-1726.79;0.00
0.24;11.10;38.16;3053.14;2008.35;-1044.79;0.00
0.23;10.09;30.72;2457.94;1875.19;-582.76;0.00
0.21;8.79;41.10;3287.75;1714.95;-1572.80;0.00
0.26;10.69;33.14;2651.36;2075.80;-575.55;0.00
0.22;9.71;40.84;3267.21;1805.04;-1462.17;0.00
0.21;11.64;37.28;2982.41;1855.27;-1127.13;0.00
0.26;9.20;45.45;3636.32;1993.63;-1642.69;0.00
0.21;9.85;42.09;3366.86;1776.73;-1590.14;0.00
0.29;9.95;42.13;3370.49;2243.05;-1127.45;0.00
0.25;10.62;41.83;3346.73;2009.01;-1337.72;0.00
0.25;10.33;35.78;2862.53;2008.75;-853.78;0.00
0.21;9.85;36.81;2944.66;1764.26;-1180.40;0.00
0.29;10.33;41.90;3351.61;2222.54;-1129.07;0.00
0.28;12.50;47.34;3787.34;2323.35;-1463.99;0.00
0.26;10.88;35.22;2817.71;2101.05;-716.66;0.00
0.29;11.11;37.25;2979.63;2281.94;-697.69;0.00
0.26;11.53;42.41;3393.00;2154.13;-1238.87;0.00
0.23;12.27;43.11;3448.40;1984.88;-1463.52;0.00
0.26;10.67;46.98;3758.15;2081.12;-1677.02;0.00
0.26;9.08;39.54;3163.19;1988.01;-1175.18;0.00
0.22;9.36;42.66;3412.61;1785.30;-1627.31;0.00
0.26;10.17;45.51;3641.18;2066.54;-1574.63;0.00
0.25;12.51;35.61;2848.55;2115.64;-732.91;0.00
0.26;9.55;41.24;3299.36;2040.85;-1258.51;0.00
0.28;10.25;41.58;3326.67;2184.47;-1142.20;0.00
0.28;9.81;45.74;3659.03;2177.78;-1481.25;0.00
0.21;10.31;44.39;3551.06;1771.74;-1779.32;0.00
0.23;9.59;34.56;2764.57;1852.42;-912.14;0.00
0.26;8.04;43.77;3501.42;1938.94;-1562.48;0.00
0.28;10.68;40.11;3209.09;2204.64;-1004.45;0.00
0.20;8.88;43.41;3472.49;1670.82;-1801.68;0.00
0.24;10.81;49.57;3965.68;2011.99;-1953.69;0.00
0.22;8.63;42.86;3428.53;1763.40;-1665.13;0.00
0.25;9.47;44.97;3597.37;1968.25;-1629.12;0.00
0.24;10.14;39.43;3154.53;1919.27;-1235.27;0.00
0.25;10.06;45.07;3605.86;1982.42;-1623.44;0.00
0.28;9.77;38.60;3087.96;2133.51;-954.45;0.00
0.25;11.36;39.83;3186.39;2051.59;-1134.79;0.00
0.25;11.43;42.65;3411.91;2089.01;-1322.90;0.00
0.23;9.70;44.30;3543.67;1890.74;-1652.92;0.00
0.23;8.64;29.73;2378.07;1814.47;-563.59;0.00
0.21;9.26;41.53;3322.69;1735.93;-1586.76;0.00
0.26;11.10;30.45;2436.37;2106.29;-330.08;0.00
0.23;9.78;42.37;3389.43;1852.20;-1537.23;0.00
0.28;10.67;48.62;3889.74;2188.13;-1701.61;0.00
0.28;10.76;41.60;3327.81;2228.92;-1098.89;0.00
0.23;8.91;47.27;3781.66;1844.59;-1937.06;0.00
0.29;9.47;51.52;4121.26;2224.50;-1896.76;0.00
0.24;12.30;40.61;3248.93;2053.34;-1195.60;0.00
0.25;10.94;42.94;3435.27;2038.53;-1396.74;0.00
0.25;10.96;44.13;3530.79;2050.49;-1480.30;0.00
0.25;11.49;36.48;2918.18;2053.19;-864.99;0.00
0.24;10.24;43.35;3468.16;1939.42;-1528.74;0.00
0.20;8.46;40.96;3277.03;1641.67;-1635.36;0.00
0.26;8.36;40.54;3243.60;1968.58;-1275.02;0.00
0.23;9.56;37.37;2989.31;1862.87;-1126.43;0.00
0.24;11.47;37.00;2960.34;2009.67;-950.67;0.00
0.25;10.54;37.95;3035.84;2052.45;-983.38;0.00
0.25;10.60;47.46;3796.57;2009.85;-1786.73;0.00
0.24;9.77;43.05;3443.70;1941.66;-1502.04;0.00
0.26;11.41;43.67;3493.71;2115.28;-1378.43;0.00
0.24;10.12;39.45;3155.98;1949.95;-1206.03;0.00
0.28;10.11;41.18;3294.47;2171.36;-1123.11;0.00
0.29;11.13;40.69;3255.50;2299.50;-956.00;0.00
0.27;11.13;43.37;3469.90;2198.80;-1271.10;0.00
0.28;10.49;38.50;3080.30;2202.29;-878.02;0.00
0.26;8.64;41.65;3332.25;1965.42;-1366.83;0.00
0.24;10.83;38.12;3049.98;1982.41;-1067.57;0.00
0.27;8.52;35.34;2827.40;2031.43;-795.96;0.00
0.25;9.78;42.91;3432.90;1957.01;-1475.88;0.00
0.30;8.74;42.17;3373.86;2200.25;-1173.61;0.00
0.28;8.64;42.49;3399.03;2080.61;-1318.42;0.00
0.26;9.95;35.75;2859.81;2068.90;-790.91;0.00
0.22;10.08;32.19;2575.09;1803.78;-771.31;0.00
0.26;9.60;29.22;2337.52;2015.63;-321.89;0.00
0.26;11.35;41.58;3326.14;2108.68;-1217.45;0.00
0.28;10.29;36.01;2880.69;2165.95;-714.74;0.00
0.22;11.71;42.38;3390.24;1897.23;-1493.01;0.00
0.23;8.15;40.04;3202.87;1778.71;-1424.17;0.00
0.28;9.53;35.74;2859.31;2134.60;-724.71;0.00
0.26;9.17;37.14;2971.50;2029.28;-942.22;0.00
0.29;11.22;39.25;3140.06;2306.84;-833.22;0.00
0.28;9.72;31.57;2525.85;2152.56;-373.29;0.00
0.25;9.10;44.19;3535.27;1934.79;-1600.47;0.00
0.29;10.21;40.93;3274.63;2260.42;-1014.21;0.00
0.22;10.37;47.82;3825.28;1857.51;-1967.77;0.00
0.26;9.11;41.64;3331.43;2028.19;-1303.24;0.00
0.26;12.34;44.99;3598.97;2183.93;-1415.04;0.00
0.28;11.45;36.71;2936.84;2272.67;-664.17;0.00
0.29;10.56;35.27;2821.45;2257.73;-563.72;0.00
0.29;9.98;40.04;3203.15;2215.55;-987.59;0.00
0.26;9.55;41.73;3338.04;2007.61;-1330.44;0.00
0.25;10.75;34.06;2724.51;2018.04;-706.46;0.00
0.24;11.60;46.72;3737.58;2007.86;-1729.72;0.00
0.20;9.83;36.65;2932.16;1694.62;-1237.55;0.00
0.30;8.39;32.00;2560.00;2210.16;-349.84;0.00
0.27;10.20;40.03;3202.80;2114.77;-1088.02;0.00
0.22;8.96;34.24;2738.96;1742.68;-996.28;0.00
0.23;10.18;33.18;2654.26;1910.65;-743.60;0.00
0.30;9.44;52.18;4174.75;2256.11;-1918.64;0.00
0.26;12.35;36.49;2919.27;2196.32;-722.95;0.00
0.24;9.32;36.61;2929.03;1918.97;-1010.06;0.00
0.25;11.33;43.23;3458.35;2095.77;-1362.58;0.00
0.22;8.60;38.90;3111.74;1775.09;-1336.65;0.00
0.26;10.67;35.79;2863.31;2095.71;-767.61;0.00
0.30;12.08;40.93;3274.46;2420.82;-853.64;0.00
0.27;8.55;38.84;3107.31;2053.31;-1054.00;0.00
0.23;11.53;39.47;3157.41;1952.41;-1205.00;0.00
0.28;10.37;38.32;3065.43;2192.94;-872.48;0.00
0.22;10.60;46.65;3732.23;1882.64;-1849.59;0.00
0.23;8.73;30.18;2414.40;1835.39;-579.00;0.00
0.26;8.02;41.17;3293.85;1959.33;-1334.52;0.00
0.25;9.38;40.22;3217.20;1981.17;-1236.03;0.00
0.24;8.81;38.41;3073.01;1860.78;-1212.22;0.00
0.23;12.25;43.00;3439.91;1983.48;-1456.43;0.00
0.27;10.94;47.59;3807.46;2161.16;-1646.31;0.00
0.26;9.84;36.87;2949.44;2057.39;-892.05;0.00
0.24;11.05;45.06;3604.81;2016.46;-1588.36;0.00
0.26;11.10;39.60;3167.83;2144.96;-1022.87;0.00
0.28;11.13;39.25;3140.17;2252.78;-887.39;0.00
0.23;11.26;35.33;2826.51;1965.11;-861.40;0.00
0.22;9.46;40.62;3249.35;1795.65;-1453.70;0.00
0.25;11.14;46.44;3715.31;2058.55;-1656.76;0.00
0.26;8.90;33.66;2692.99;2025.19;-667.80;0.00
0.26;11.00;39.38;3150.66;2108.10;-1042.56;0.00
0.31;8.80;44.59;3567.21;2270.47;-1296.74;0.00
0.24;9.55;40.14;3211.56;1926.67;-1284.89;0.00
0.24;11.07;42.50;3399.89;2010.10;-1389.79;0.00
0.28;8.85;40.96;3277.17;2137.03;-1140.14;0.00
0.25;9.40;42.81;3425.06;1987.34;-1437.72;0.00
0.27;8.20;38.89;3110.82;2024.62;-1086.21;0.00
0.24;10.00;37.00;2960.17;1912.99;-1047.18;0.00
0.25;9.33;38.59;3087.14;1973.83;-1113.31;0.00
0.28;9.14;36.48;2918.61;2145.36;-773.25;0.00
0.24;8.15;42.26;3381.02;1839.15;-1541.86;0.00
0.22;10.09;38.74;3099.09;1856.15;-1242.93;0.00
0.25;10.90;48.61;3889.13;2018.67;-1870.46;0.00
0.25;10.96;43.67;3493.58;2072.33;-1421.25;0.00
0.21;8.71;38.57;3085.60;1719.48;-1366.12;0.00
0.26;10.18;36.73;2938.18;2054.45;-883.73;0.00
0.26;9.88;45.19;3615.03;2031.99;-1583.04;0.00
0.29;9.88;43.49;3478.86;2224.98;-1253.89;0.00
0.26;9.46;40.92;3273.92;2009.87;-1264.05;0.00
0.30;9.26;45.83;3666.59;2247.70;-1418.88;0.00
0.24;11.65;32.57;2605.48;2037.74;-567.75;0.00
0.28;13.08;38.19;3055.11;2329.66;-725.45;0.00
0.25;10.46;31.52;2521.63;2047.70;-473.93;0.00
0.25;10.55;35.49;2839.55;2028.89;-810.66;0.00
0.24;9.35;45.98;3678.63;1929.43;-1749.19;0.00
0.25;10.70;36.71;2937.00;2011.80;-925.20;0.00
0.29;9.51;47.24;3779.22;2206.45;-1572.77;0.00
0.27;9.75;45.67;3653.75;2083.35;-1570.40;0.00
0.28;10.39;39.66;3172.56;2167.09;-1005.48;0.00
0.25;9.45;33.01;2641.13;1964.82;-676.31;0.00
0.26;9.87;42.56;3405.09;2054.51;-1350.58;0.00
0.18;10.01;47.13;3770.39;1614.05;-2156.34;0.00
0.27;10.24;41.33;3306.61;2121.47;-1185.14;0.00
0.26;8.60;36.29;2903.44;2003.91;-899.53;0.00
0.24;11.28;45.44;3635.04;2036.61;-1598.44;0.00
0.29;9.46;40.77;3261.90;2214.51;-1047.39;0.00
0.25;8.66;36.25;2899.87;1921.54;-978.33;0.00
0.25;10.45;41.41;3312.71;2036.62;-1276.09;0.00
0.23;11.57;35.94;2875.24;1985.71;-889.53;0.00
0.29;10.40;41.68;3334.39;2231.05;-1103.34;0.00
0.24;8.07;43.53;3482.07;1840.02;-1642.05;0.00
0.23;9.47;44.95;3596.10;1837.63;-1758.47;0.00
0.26;10.83;38.34;3067.44;2103.66;-963.78;0.00
0.22;10.73;48.41;3872.86;1870.20;-2002.67;0.00
0.27;9.84;42.83;3426.36;2097.56;-1328.79;0.00
0.25;9.31;44.79;3583.25;1967.22;-1616.03;0.00
0.24;10.59;44.25;3540.07;1947.82;-1592.25;0.00
0.22;8.75;37.40;2992.26;1749.68;-1242.58;0.00
0.29;12.69;38.64;3091.41;2355.57;-735.84;0.00
0.30;10.22;41.62;3329.91;2300.13;-1029.79;0.00
0.19;10.63;43.21;3456.86;1666.97;-1789.89;0.00
0.23;11.10;37.29;2983.34;1968.63;-1014.71;0.00
0.26;10.59;38.05;3043.85;2085.02;-958.83;0.00
0.24;10.66;39.09;3127.19;1986.80;-1140.39;0.00
0.25;12.06;40.09;3207.29;2082.80;-1124.48;0.00
0.26;10.54;39.54;3163.15;2082.69;-1080.46;0.00
0.25;11.95;36.33;2906.11;2105.86;-800.25;0.00
0.26;8.33;42.10;3368.25;1944.94;-1423.31;0.00
0.25;8.58;35.48;2838.72;1895.29;-943.44;0.00
0.26;9.59;41.31;3304.82;2009.32;-1295.50;0.00
0.25;10.87;45.33;3626.43;2023.71;-1602.72;0.00
0.28;9.96;33.09;2647.02;2180.96;-466.06;0.00
0.22;10.29;45.84;3667.54;1861.05;-1806.49;0.00
0.30;11.09;42.29;3383.54;2356.04;-1027.50;0.00
0.27;9.96;37.67;3013.44;2124.98;-888.46;0.00
0.26;9.58;34.42;2753.96;2027.31;-726.65;0.00
0.24;11.39;37.04;2962.95;2023.40;-939.55;0.00
0.22;11.15;38.29;3063.56;1887.61;-1175.95;0.00
0.21;11.77;41.51;3320.83;1846.35;-1474.47;0.00
0.25;10.42;43.56;3485.11;2026.34;-1458.77;0.00
0.25;10.13;31.11;2489.19;2004.49;-484.70;0.00
0.26;10.52;39.41;3152.62;2100.23;-1052.39;0.00
0.25;10.29;42.20;3376.02;2011.74;-1364.28;0.00
0.25;7.54;35.41;2832.63;1863.20;-969.43;0.00
0.26;9.85;40.27;3221.80;2048.02;-1173.78;0.00
0.24;9.40;45.73;3658.63;1888.76;-1769.87;0.00
0.28;9.71;35.99;2879.35;2174.05;-705.30;0.00
0.23;10.11;47.20;3775.62;1869.69;-1905.94;0.00
0.24;10.38;36.76;2940.81;1939.51;-1001.30;0.00
0.28;8.86;43.87;3509.82;2089.10;-1420.72;0.00
0.27;9.64;48.82;3905.27;2070.14;-1835.13;0.00
0.26;8.92;39.44;3155.24;1984.68;-1170.56;0.00
0.26;11.86;44.24;3539.39;2161.22;-1378.17;0.00
0.23;10.06;39.82;3185.67;1893.59;-1292.08;0.00
0.23;10.44;37.96;3036.65;1926.45;-1110.19;0.00
0.28;8.74;36.03;2882.34;2086.85;-795.49;0.00
0.26;11.38;37.67;3013.37;2123.44;-889.93;0.00
